0.9642364459154327
0.9642399181388605
0.9642433903622883
0.9642468625857161
0.964250334809144
0.9642538070325718
0.9642572792559997
0.9642607514794277
0.9642642237028554
0.9642676959262834
0.9642711681497113
0.964274640373139
0.9642781125965669
0.9642815848199947
0.9642850570434225
0.9642885292668504
0.9642920014902784
0.964295473713706
0.964298945937134
0.9643024181605617
0.9643058903839897
0.9643093626074176
0.9643128348308454
0.9643163070542734
0.9643197792777011
0.9643232515011291
0.9643267237245567
0.9643301959479847
0.9643336681714126
0.9643371403948404
0.9643406126182683
0.9643440848416961
0.964347557065124
0.9643510292885518
0.9643545015119798
0.9643579737354074
0.9643614459588354
0.9643649181822633
0.9643683904056911
0.964371862629119
0.9643753348525468
0.9643788070759747
0.9643822792994025
0.9643857515228305
0.9643892237462581
0.9643926959696861
0.9643961681931138
0.9643996404165418
0.9644031126399697
0.9644065848633975
0.9644100570868255
0.9644135293102531
0.9644170015336812
0.9644204737571088
0.9644239459805368
0.9644274182039647
0.9644308904273925
0.9644343626508204
0.9644378348742482
0.9644413070976761
0.9644447793211038
0.9644482515445318
0.9644517237679595
0.9644551959913875
0.9644586682148154
0.9644621404382432
0.9644656126616711
0.9644690848850989
0.9644725571085268
0.9644760293319545
0.9644795015553825
0.9644829737788102
0.9644864460022382
0.9644899182256659
0.9644933904490939
0.9644968626725218
0.9645003348959496
0.9645038071193777
0.9645072793428052
0.9645107515662333
0.9645142237896609
0.964517696013089
0.9645211682365168
0.9645246404599446
0.9645281126833725
0.9645315849068002
0.9645350571302284
0.9645385293536559
0.964542001577084
0.9645454738005116
0.9645489460239397
0.9645524182473675
0.9645558904707954
0.9645593626942232
0.964562834917651
0.9645663071410788
0.9645697793645066
0.9645732515879347
0.9645767238113623
0.9645801960347904
0.964583668258218
0.9645871404816461
0.9645906127050738
0.9645940849285017
0.9645975571519295
0.9646010293753574
0.9646045015987854
0.9646079738222131
0.9646114460456411
0.9646149182690686
0.9646183904924968
0.9646218627159245
0.9646253349393524
0.9646288071627804
0.9646322793862081
0.9646357516096361
0.9646392238330638
0.9646426960564918
0.9646461682799196
0.9646496405033474
0.9646531127267752
0.9646565849502031
0.9646600571736309
0.9646635293970588
0.9646670016204868
0.9646704738439145
0.9646739460673425
0.9646774182907702
0.9646808905141981
0.9646843627376259
0.9646878349610538
0.9646913071844816
0.9646947794079095
0.9646982516313375
0.9647017238547652
0.9647051960781932
0.9647086683016208
0.9647121405250488
0.9647156127484766
0.9647190849719045
0.9647225571953325
0.9647260294187602
0.9647295016421882
0.9647329738656159
0.9647364460890439
0.9647399183124716
0.9647433905358995
0.9647468627593273
0.9647503349827552
0.964753807206183
0.9647572794296109
0.9647607516530389
0.9647642238764665
0.9647676960998945
0.9647711683233223
0.9647746405467502
0.964778112770178
0.9647815849936059
0.9647850572170337
0.9647885294404616
0.9647920016638896
0.9647954738873172
0.9647989461107452
0.9648024183341729
0.9648058905576009
0.9648093627810287
0.9648128350044566
0.9648163072278846
0.9648197794513123
0.9648232516747403
0.9648267238981679
0.9648301961215959
0.9648336683450238
0.9648371405684516
0.9648406127918795
0.9648440850153073
0.9648475572387352
0.964851029462163
0.964854501685591
0.9648579739090186
0.9648614461324466
0.9648649183558745
0.9648683905793023
0.9648718628027302
0.964875335026158
0.9648788072495859
0.9648822794730136
0.9648857516964416
0.9648892239198693
0.9648926961432973
0.964896168366725
0.964899640590153
0.9649031128135809
0.9649065850370087
0.9649100572604367
0.9649135294838643
0.9649170017072923
0.96492047393072
0.964923946154148
0.9649274183775759
