0.471875163845543
0.47187863606897085
0.4718821082923987
0.4718855805158266
0.4718890527392544
0.47189252496268225
0.4718959971861101
0.47189946940953803
0.47190294163296587
0.4719064138563937
0.47190988607982154
0.4719133583032494
0.47191683052667727
0.4719203027501051
0.47192377497353294
0.4719272471969608
0.4719307194203887
0.47193419164381656
0.4719376638672444
0.47194113609067223
0.47194460831410007
0.47194808053752796
0.4719515527609558
0.47195502498438363
0.47195849720781147
0.4719619694312394
0.47196544165466725
0.4719689138780951
0.4719723861015229
0.47197585832495076
0.4719793305483787
0.47198280277180654
0.4719862749952344
0.4719897472186622
0.4719932194420901
0.47199669166551794
0.4720001638889458
0.4720036361123736
0.47200710833580145
0.4720105805592294
0.47201405278265723
0.47201752500608507
0.4720209972295129
0.4720244694529408
0.47202794167636863
0.47203141389979647
0.4720348861232243
0.47203835834665214
0.4720418305700801
0.4720453027935079
0.47204877501693576
0.4720522472403636
0.4720557194637915
0.4720591916872193
0.47206266391064716
0.472066136134075
0.47206960835750283
0.4720730805809308
0.4720765528043586
0.47208002502778645
0.4720834972512143
0.47208696947464224
0.47209044169807
0.47209391392149785
0.4720973861449257
0.4721008583683535
0.4721043305917815
0.4721078028152093
0.47211127503863715
0.472114747262065
0.47211821948549293
0.47212169170892077
0.4721251639323486
0.47212863615577644
0.4721321083792043
0.47213558060263217
0.47213905282606
0.47214252504948784
0.4721459972729157
0.4721494694963436
0.47215294171977146
0.4721564139431993
0.47215988616662713
0.47216335839005497
0.47216683061348286
0.4721703028369107
0.47217377506033853
0.47217724728376637
0.4721807195071943
0.47218419173062215
0.47218766395405
0.4721911361774778
0.47219460840090566
0.47219808062433355
0.4722015528477614
0.4722050250711892
0.47220849729461706
0.472211969518045
0.47221544174147284
0.4722189139649007
0.4722223861883285
0.47222585841175635
0.4722293306351843
0.4722328028586121
0.4722362750820399
0.47223974730546775
0.4722432195288957
0.47224669175232353
0.47225016397575137
0.4722536361991792
0.47225710842260704
0.472260580646035
0.4722640528694628
0.47226752509289066
0.4722709973163185
0.4722744695397464
0.4722779417631742
0.47228141398660206
0.4722848862100299
0.47228835843345773
0.4722918306568857
0.4722953028803135
0.47229877510374135
0.4723022473271692
0.4723057195505971
0.4723091917740249
0.47231266399745275
0.4723161362208806
0.4723196084443084
0.4723230806677364
0.4723265528911642
0.47233002511459204
0.4723334973380199
0.4723369695614478
0.4723404417848756
0.47234391400830344
0.4723473862317313
0.4723508584551591
0.47235433067858706
0.4723578029020149
0.47236127512544274
0.4723647473488706
0.4723682195722985
0.47237169179572636
0.47237516401915414
0.472378636242582
0.4723821084660098
0.47238558068943776
0.4723890529128656
0.47239252513629343
0.47239599735972126
0.4723994695831492
0.47240294180657705
0.4724064140300049
0.4724098862534327
0.47241335847686056
0.47241683070028845
0.4724203029237163
0.4724237751471441
0.47242724737057196
0.4724307195939999
0.47243419181742774
0.4724376640408556
0.4724411362642834
0.47244460848771125
0.47244808071113914
0.472451552934567
0.4724550251579948
0.47245849738142265
0.4724619696048506
0.47246544182827843
0.47246891405170627
0.4724723862751341
0.47247585849856194
0.47247933072198983
0.47248280294541767
0.4724862751688455
0.47248974739227334
0.4724932196157013
0.4724966918391291
0.47250016406255696
0.4725036362859848
0.47250710850941263
0.4725105807328406
0.4725140529562684
0.4725175251796962
0.47252099740312403
0.472524469626552
0.4725279418499798
0.47253141407340765
0.4725348862968355
0.4725383585202633
0.47254183074369127
0.4725453029671191
0.47254877519054694
0.4725522474139748
0.47255571963740267
0.4725591918608305
0.47256266408425834
0.4725661363076862
