0.4489584892216976
0.4489619614451255
0.44896543366855335
0.4489689058919812
0.448972378115409
0.44897585033883686
0.4489793225622648
0.44898279478569264
0.4489862670091205
0.4489897392325483
0.4489932114559762
0.44899668367940404
0.4490001559028319
0.4490036281262597
0.44900710034968755
0.4490105725731155
0.44901404479654333
0.44901751701997117
0.449020989243399
0.44902446146682695
0.4490279336902548
0.4490314059136826
0.44903487813711046
0.4490383503605383
0.4490418225839662
0.449045294807394
0.44904876703082186
0.4490522392542497
0.44905571147767764
0.4490591837011055
0.4490626559245333
0.44906612814796115
0.449069600371389
0.4490730725948169
0.4490765448182447
0.44908001704167255
0.4490834892651004
0.44908696148852834
0.44909043371195617
0.449093905935384
0.44909737815881184
0.4491008503822397
0.44910432260566757
0.4491077948290954
0.44911126705252324
0.4491147392759511
0.449118211499379
0.44912168372280686
0.4491251559462347
0.44912862816966254
0.44913210039309037
0.44913557261651826
0.4491390448399461
0.44914251706337394
0.4491459892868018
0.4491494615102297
0.44915293373365756
0.4491564059570854
0.44915987818051323
0.44916335040394106
0.449166822627369
0.44917029485079685
0.4491737670742247
0.4491772392976525
0.4491807115210804
0.44918418374450825
0.4491876559679361
0.4491911281913639
0.44919460041479176
0.4491980726382197
0.44920154486164754
0.4492050170850754
0.4492084893085032
0.4492119615319311
0.44921543375535894
0.4492189059787868
0.4492223782022146
0.44922585042564245
0.4492293226490704
0.44923279487249823
0.44923626709592607
0.4492397393193539
0.4492432115427818
0.44924668376620963
0.44925015598963747
0.4492536282130653
0.44925710043649314
0.4492605726599211
0.4492640448833489
0.44926751710677676
0.4492709893302046
0.44927446155363254
0.4492779337770603
0.44928140600048816
0.449284878223916
0.44928835044734383
0.4492918226707718
0.4492952948941996
0.44929876711762745
0.4493022393410553
0.44930571156448323
0.44930918378791107
0.4493126560113389
0.44931612823476674
0.4493196004581946
0.44932307268162247
0.4493265449050503
0.44933001712847814
0.449333489351906
0.4493369615753339
0.44934043379876176
0.4493439060221896
0.44934737824561743
0.44935085046904527
0.44935432269247316
0.449357794915901
0.44936126713932883
0.44936473936275667
0.4493682115861846
0.44937168380961245
0.4493751560330403
0.4493786282564681
0.44938210047989596
0.44938557270332385
0.4493890449267517
0.4493925171501795
0.44939598937360736
0.4493994615970353
0.44940293382046315
0.449406406043891
0.4494098782673188
0.44941335049074665
0.4494168227141746
0.4494202949376024
0.4494237671610302
0.44942723938445805
0.449430711607886
0.44943418383131384
0.4494376560547417
0.4494411282781695
0.44944460050159735
0.4494480727250253
0.44945154494845313
0.44945501717188097
0.4494584893953088
0.4494619616187367
0.44946543384216453
0.44946890606559237
0.4494723782890202
0.44947585051244804
0.449479322735876
0.4494827949593038
0.44948626718273166
0.4494897394061595
0.4494932116295874
0.4494966838530152
0.44950015607644306
0.4495036282998709
0.44950710052329873
0.4495105727467267
0.4495140449701545
0.44951751719358235
0.4495209894170102
0.4495244616404381
0.4495279338638659
0.44953140608729375
0.4495348783107216
0.4495383505341494
0.44954182275757737
0.4495452949810052
0.44954876720443304
0.4495522394278609
0.4495557116512888
0.44955918387471666
0.44956265609814444
0.4495661283215723
0.4495696005450001
0.44957307276842806
0.4495765449918559
0.44958001721528373
0.44958348943871157
0.4495869616621395
0.44959043388556735
0.4495939061089952
0.449597378332423
0.44960085055585086
0.44960432277927875
0.4496077950027066
0.4496112672261344
0.44961473944956226
0.4496182116729902
0.44962168389641805
0.4496251561198459
0.4496286283432737
0.44963210056670155
0.44963557279012945
0.4496390450135573
0.4496425172369851
0.44964598946041295
0.4496494616838409
