0.03645834599248122
0.036461818215909145
0.036465290439336884
0.03646876266276481
0.036472234886192646
0.03647570710962048
0.03647917933304832
0.036482651556476245
0.03648612377990408
0.03648959600333192
0.036493068226759746
0.03649654045018758
0.03650001267361551
0.036503484897043345
0.03650695712047118
0.03651042934389911
0.03651390156732685
0.03651737379075478
0.03652084601418261
0.036524318237610445
0.03652779046103837
0.03653126268446621
0.036534734907894044
0.03653820713132188
0.036541679354749716
0.03654515157817764
0.03654862380160548
0.03655209602503331
0.036555568248461144
0.03655904047188907
0.03656251269531691
0.03656598491874474
0.03656945714217258
0.03657292936560041
0.03657640158902834
0.03657987381245617
0.03658334603588401
0.03658681825931184
0.03659029048273968
0.036593762706167605
0.03659723492959544
0.03660070715302328
0.036604179376451204
0.03660765159987894
0.03661112382330687
0.036614596046734706
0.03661806827016254
0.03662154049359047
0.036625012717018304
0.03662848494044614
0.03663195716387397
0.036635429387301806
0.03663890161072973
0.03664237383415757
0.036645846057585404
0.03664931828101324
0.03665279050444117
0.036656262727869
0.03665973495129684
0.03666320717472467
0.036666679398152505
0.03667015162158043
0.03667362384500827
0.0366770960684361
0.03668056829186394
0.036684040515291776
0.0366875127387197
0.03669098496214754
0.03669445718557537
0.0366979294090033
0.03670140163243113
0.036704873855858966
0.0367083460792868
0.03671181830271464
0.036715290526142565
0.0367187627495704
0.03672223497299823
0.036725707196426066
0.0367291794198539
0.03673265164328183
0.036736123866709665
0.0367395960901375
0.03674306831356534
0.036746540536993264
0.0367500127604211
0.03675348498384893
0.036756957207276765
0.0367604294307046
0.03676390165413253
0.036767373877560364
0.0367708461009882
0.036774318324416126
0.036777790547843865
0.03678126277127179
0.03678473499469963
0.036788207218127464
0.03679167944155539
0.036795151664983226
0.03679862388841106
0.0368020961118389
0.03680556833526673
0.03680904055869466
0.03681251278212249
0.03681598500555033
0.03681945722897816
0.036822929452406
0.036826401675833835
0.03682987389926176
0.0368333461226896
0.03683681834611743
0.03684029056954536
0.0368437627929731
0.036847235016401025
0.03685070723982886
0.0368541794632567
0.036857651686684624
0.03686112391011246
0.03686459613354029
0.03686806835696822
0.03687154058039596
0.03687501280382389
0.036878485027251724
0.03688195725067956
0.03688542947410749
0.03688890169753532
0.03689237392096316
0.03689584614439099
0.036899318367818824
0.03690279059124666
0.03690626281467459
0.03690973503810242
0.03691320726153026
0.036916679484958186
0.036920151708385925
0.03692362393181385
0.03692709615524169
0.03693056837866952
0.03693404060209745
0.036937512825525286
0.03694098504895312
0.03694445727238096
0.03694792949580879
0.03695140171923672
0.03695487394266455
0.036958346166092386
0.03696181838952031
0.03696529061294806
0.036968762836375985
0.03697223505980382
0.03697570728323165
0.036979179506659486
0.03698265173008741
0.03698612395351525
0.036989596176943085
0.03699306840037092
0.03699654062379876
0.03700001284722668
0.03700348507065452
0.03700695729408235
0.03701042951751028
0.03701390174093802
0.03701737396436595
0.037020846187793784
0.03702431841122162
0.037027790634649546
0.03703126285807738
0.03703473508150522
0.037038207304933145
0.037041679528360884
0.03704515175178881
0.037048623975216646
0.03705209619864448
0.03705556842207232
0.037059040645500245
0.03706251286892808
0.03706598509235591
0.037069457315783746
0.03707292953921158
0.03707640176263951
0.037079873986067345
0.03708334620949518
0.03708681843292302
0.03709029065635085
0.03709376287977878
0.03709723510320661
0.037100707326634445
0.03710417955006237
0.03710765177349012
0.037111123996918044
0.03711459622034588
0.03711806844377371
0.03712154066720164
0.03712501289062947
0.03712848511405731
0.037131957337485144
0.03713542956091298
0.03713890178434091
0.03714237400776874
0.03714584623119658
0.03714931845462441
