0.10659725923515939
0.10660073145858727
0.10660420368201515
0.10660767590544298
0.10661114812887086
0.1066146203522987
0.10661809257572658
0.10662156479915447
0.10662503702258225
0.10662850924601013
0.10663198146943796
0.10663545369286585
0.10663892591629373
0.10664239813972157
0.10664587036314944
0.10664934258657724
0.10665281481000512
0.106656287033433
0.10665975925686083
0.10666323148028871
0.10666670370371654
0.10667017592714442
0.10667364815057222
0.1066771203740001
0.10668059259742797
0.10668406482085581
0.1066875370442837
0.10669100926771152
0.10669448149113936
0.10669795371456725
0.10670142593799507
0.10670489816142296
0.1067083703848508
0.10671184260827868
0.10671531483170656
0.10671878705513435
0.10672225927856223
0.10672573150199006
0.10672920372541794
0.10673267594884582
0.10673614817227366
0.10673962039570153
0.10674309261912933
0.1067465648425572
0.10675003706598504
0.10675350928941292
0.10675698151284081
0.10676045373626863
0.10676392595969653
0.1067673981831243
0.10677087040655218
0.10677434262998008
0.10677781485340791
0.10678128707683579
0.10678475930026363
0.1067882315236915
0.10679170374711934
0.10679517597054718
0.10679864819397505
0.10680212041740289
0.10680559264083077
0.1068090648642586
0.10681253708768648
0.10681600931111432
0.10681948153454215
0.10682295375797003
0.10682642598139787
0.10682989820482575
0.10683337042825364
0.10683684265168142
0.10684031487510931
0.10684378709853713
0.10684725932196502
0.1068507315453929
0.10685420376882074
0.10685767599224862
0.10686114821567641
0.10686462043910429
0.10686809266253217
0.10687156488596
0.10687503710938788
0.10687850933281572
0.1068819815562436
0.10688545377967139
0.10688892600309927
0.10689239822652714
0.10689587044995498
0.10689934267338287
0.1069028148968107
0.10690628712023859
0.10690975934366646
0.10691323156709424
0.10691670379052214
0.10692017601394997
0.10692364823737785
0.10692712046080573
0.10693059268423356
0.1069340649076614
0.10693753713108924
0.10694100935451711
0.10694448157794499
0.10694795380137283
0.1069514260248007
0.1069548982482285
0.10695837047165638
0.10696184269508421
0.10696531491851209
0.10696878714193998
0.1069722593653678
0.1069757315887957
0.10697920381222348
0.10698267603565137
0.10698614825907925
0.10698962048250708
0.10699309270593496
0.1069965649293628
0.10700003715279068
0.10700350937621855
0.10700698159964635
0.10701045382307423
0.10701392604650206
0.10701739826992994
0.10702087049335778
0.10702434271678565
0.10702781494021354
0.10703128716364133
0.1070347593870692
0.10703823161049704
0.10704170383392493
0.10704517605735281
0.10704864828078064
0.10705212050420848
0.1070555927276363
0.1070590649510642
0.10706253717449207
0.10706600939791991
0.10706948162134779
0.10707295384477562
0.10707642606820346
0.10707989829163134
0.10708337051505917
0.10708684273848705
0.10709031496191489
0.10709378718534276
0.10709725940877056
0.10710073163219844
0.10710420385562631
0.10710767607905415
0.10711114830248204
0.10711462052590986
0.10711809274933776
0.10712156497276563
0.10712503719619343
0.1071285094196213
0.10713198164304914
0.10713545386647702
0.1071389260899049
0.10714239831333273
0.10714587053676061
0.1071493427601884
0.10715281498361628
0.10715628720704416
0.107159759430472
0.10716323165389988
0.10716670387732771
0.1071701761007556
0.10717364832418338
0.10717712054761126
0.10718059277103915
0.10718406499446699
0.10718753721789487
0.1071910094413227
0.10719448166475054
0.10719795388817842
0.10720142611160625
0.10720489833503413
0.10720837055846197
0.10721184278188985
0.10721531500531772
0.10721878722874552
0.1072222594521734
0.10722573167560123
0.10722920389902911
0.10723267612245695
0.10723614834588482
0.10723962056931272
0.1072430927927405
0.10724656501616837
0.10725003723959621
0.1072535094630241
0.10725698168645198
0.10726045390987982
0.1072639261333077
0.10726739835673549
0.10727087058016337
0.10727434280359124
0.10727781502701908
0.10728128725044696
0.1072847594738748
0.10728823169730267
