0.7899308298370937
0.7899343020605215
0.7899377742839494
0.7899412465073772
0.7899447187308051
0.789948190954233
0.7899516631776609
0.7899551354010887
0.7899586076245165
0.7899620798479444
0.7899655520713722
0.7899690242948001
0.7899724965182279
0.7899759687416558
0.7899794409650837
0.7899829131885115
0.7899863854119393
0.7899898576353673
0.7899933298587951
0.789996802082223
0.7900002743056508
0.7900037465290786
0.7900072187525065
0.7900106909759342
0.7900141631993622
0.7900176354227901
0.790021107646218
0.7900245798696458
0.7900280520930737
0.7900315243165015
0.7900349965399294
0.7900384687633571
0.790041940986785
0.7900454132102129
0.7900488854336408
0.7900523576570686
0.7900558298804965
0.7900593021039244
0.7900627743273522
0.7900662465507801
0.7900697187742078
0.7900731909976357
0.7900766632210637
0.7900801354444914
0.7900836076679194
0.7900870798913472
0.7900905521147751
0.7900940243382029
0.7900974965616308
0.7901009687850586
0.7901044410084864
0.7901079132319143
0.7901113854553421
0.7901148576787701
0.7901183299021979
0.7901218021256258
0.7901252743490536
0.7901287465724814
0.7901322187959092
0.7901356910193372
0.790139163242765
0.7901426354661929
0.7901461076896207
0.7901495799130486
0.7901530521364765
0.7901565243599042
0.7901599965833321
0.7901634688067599
0.7901669410301879
0.7901704132536158
0.7901738854770436
0.7901773577004715
0.7901808299238993
0.7901843021473272
0.7901877743707549
0.7901912465941828
0.7901947188176107
0.7901981910410385
0.7902016632644664
0.7902051354878943
0.7902086077113222
0.79021207993475
0.7902155521581778
0.7902190243816056
0.7902224966050335
0.7902259688284613
0.7902294410518893
0.7902329132753171
0.7902363854987451
0.7902398577221729
0.7902433299456006
0.7902468021690285
0.7902502743924563
0.7902537466158842
0.790257218839312
0.79026069106274
0.7902641632861678
0.7902676355095957
0.7902711077330236
0.7902745799564515
0.7902780521798792
0.7902815244033071
0.7902849966267349
0.7902884688501628
0.7902919410735906
0.7902954132970185
0.7902988855204464
0.7903023577438743
0.7903058299673021
0.7903093021907299
0.7903127744141578
0.7903162466375856
0.7903197188610135
0.7903231910844414
0.7903266633078692
0.7903301355312972
0.7903336077547249
0.7903370799781528
0.7903405522015806
0.7903440244250085
0.7903474966484363
0.7903509688718642
0.7903544410952921
0.7903579133187199
0.7903613855421479
0.7903648577655756
0.7903683299890035
0.7903718022124313
0.7903752744358592
0.790378746659287
0.7903822188827149
0.7903856911061427
0.7903891633295705
0.7903926355529984
0.7903961077764263
0.7903995799998542
0.790403052223282
0.7904065244467099
0.7904099966701377
0.7904134688935656
0.7904169411169933
0.7904204133404213
0.7904238855638492
0.790427357787277
0.7904308300107049
0.7904343022341327
0.7904377744575606
0.7904412466809884
0.7904447189044163
0.7904481911278441
0.790451663351272
0.7904551355746999
0.7904586077981277
0.7904620800215556
0.7904655522449834
0.7904690244684113
0.790472496691839
0.790475968915267
0.7904794411386948
0.7904829133621227
0.7904863855855505
0.7904898578089784
0.7904933300324063
0.7904968022558341
0.790500274479262
0.7905037467026897
0.7905072189261176
0.7905106911495454
0.7905141633729734
0.7905176355964013
0.7905211078198292
0.790524580043257
0.7905280522666848
0.7905315244901127
0.7905349967135404
0.7905384689369683
0.7905419411603962
0.7905454133838241
0.790548885607252
0.7905523578306798
0.7905558300541077
0.7905593022775356
0.7905627745009634
0.7905662467243912
0.790569718947819
0.7905731911712469
0.7905766633946749
0.7905801356181026
0.7905836078415306
0.7905870800649584
0.7905905522883863
0.790594024511814
0.7905974967352419
0.7906009689586698
0.7906044411820976
0.7906079134055255
0.7906113856289533
0.7906148578523813
0.7906183300758091
0.790621802299237
