0.2072917386429648
0.20729521086639266
0.2072986830898205
0.2073021553132484
0.20730562753667617
0.20730909976010406
0.20731257198353192
0.20731604420695976
0.20731951643038765
0.2073229886538155
0.20732646087724338
0.20732993310067124
0.20733340532409902
0.20733687754752692
0.20734034977095475
0.20734382199438264
0.20734729421781048
0.20735076644123834
0.20735423866466618
0.20735771088809402
0.2073611831115219
0.20736465533494974
0.2073681275583776
0.2073715997818055
0.20737507200523328
0.20737854422866117
0.207382016452089
0.20738548867551687
0.20738896089894476
0.2073924331223726
0.2073959053458005
0.20739937756922827
0.20740284979265614
0.20740632201608397
0.20740979423951186
0.20741326646293975
0.2074167386863676
0.20742021090979545
0.20742368313322324
0.20742715535665113
0.20743062758007902
0.20743409980350686
0.20743757202693472
0.20744104425036256
0.20744451647379045
0.2074479886972183
0.20745146092064612
0.20745493314407398
0.20745840536750182
0.2074618775909297
0.2074653498143576
0.20746882203778544
0.20747229426121325
0.20747576648464108
0.20747923870806897
0.2074827109314968
0.2074861831549247
0.20748965537835257
0.2074931276017804
0.20749659982520824
0.20750007204863608
0.20750354427206397
0.20750701649549183
0.20751048871891967
0.20751396094234756
0.20751743316577534
0.20752090538920323
0.2075243776126311
0.20752784983605893
0.20753132205948682
0.20753479428291466
0.20753826650634255
0.20754173872977041
0.2075452109531982
0.2075486831766261
0.20755215540005392
0.20755562762348181
0.20755909984690965
0.20756257207033751
0.2075660442937654
0.2075695165171932
0.20757298874062108
0.20757646096404891
0.20757993318747678
0.20758340541090467
0.2075868776343325
0.20759034985776037
0.20759382208118818
0.20759729430461604
0.20760076652804393
0.20760423875147177
0.20760771097489966
0.2076111831983275
0.2076146554217553
0.20761812764518314
0.20762159986861103
0.20762507209203893
0.20762854431546676
0.20763201653889463
0.20763548876232246
0.2076389609857503
0.2076424332091782
0.20764590543260603
0.2076493776560339
0.20765284987946173
0.20765632210288962
0.2076597943263175
0.2076632665497453
0.20766673877317315
0.207670210996601
0.20767368322002888
0.20767715544345677
0.2076806276668846
0.20768409989031247
0.20768757211374025
0.20769104433716815
0.20769451656059598
0.20769798878402387
0.20770146100745174
0.20770493323087957
0.20770840545430747
0.20771187767773525
0.20771534990116314
0.207718822124591
0.20772229434801884
0.20772576657144673
0.20772923879487457
0.20773271101830243
0.20773618324173027
0.2077396554651581
0.207743127688586
0.20774659991201383
0.20775007213544172
0.20775354435886959
0.20775701658229737
0.20776048880572526
0.2077639610291531
0.20776743325258099
0.20777090547600882
0.20777437769943669
0.20777784992286458
0.20778132214629236
0.20778479436972025
0.20778826659314809
0.20779173881657595
0.20779521104000384
0.20779868326343168
0.20780215548685957
0.20780562771028735
0.2078090999337152
0.2078125721571431
0.20781604438057094
0.20781951660399883
0.20782298882742667
0.20782646105085453
0.2078299332742823
0.2078334054977102
0.2078368777211381
0.20784034994456593
0.2078438221679938
0.20784729439142163
0.20785076661484952
0.20785423883827736
0.2078577110617052
0.20786118328513306
0.2078646555085609
0.2078681277319888
0.20787159995541668
0.20787507217884446
0.20787854440227232
0.20788201662570016
0.20788548884912805
0.20788896107255594
0.20789243329598378
0.20789590551941164
0.20789937774283943
0.20790284996626732
0.20790632218969515
0.20790979441312304
0.2079132666365509
0.20791673885997874
0.20792021108340664
0.20792368330683442
0.2079271555302623
0.20793062775369017
0.207934099977118
0.2079375722005459
0.20794104442397374
0.20794451664740163
0.2079479888708295
0.20795146109425727
0.20795493331768516
0.207958405541113
0.2079618777645409
0.20796534998796876
0.2079688222113966
0.20797229443482448
0.20797576665825226
0.20797923888168016
0.207982711105108
