0.26701398160207696
0.2670174538255048
0.2670209260489326
0.2670243982723605
0.26702787049578836
0.2670313427192162
0.267034814942644
0.2670382871660719
0.26704175938949976
0.2670452316129276
0.2670487038363555
0.2670521760597834
0.2670556482832112
0.26705912050663905
0.26706259273006694
0.2670660649534948
0.2670695371769226
0.26707300940035045
0.26707648162377834
0.2670799538472062
0.267083426070634
0.2670868982940619
0.26709037051748974
0.26709384274091763
0.26709731496434547
0.2671007871877733
0.26710425941120114
0.26710773163462903
0.26711120385805687
0.2671146760814847
0.2671181483049126
0.26712162052834043
0.2671250927517683
0.26712856497519616
0.26713203719862405
0.2671355094220519
0.2671389816454797
0.26714245386890756
0.26714592609233545
0.2671493983157633
0.2671528705391911
0.267156342762619
0.26715981498604685
0.26716328720947474
0.2671667594329026
0.2671702316563304
0.26717370387975825
0.2671771761031861
0.267180648326614
0.26718412055004187
0.2671875927734697
0.26719106499689754
0.26719453722032543
0.26719800944375327
0.26720148166718116
0.267204953890609
0.26720842611403683
0.26721189833746467
0.2672153705608925
0.2672188427843204
0.26722231500774823
0.2672257872311761
0.26722925945460396
0.2672327316780318
0.2672362039014597
0.2672396761248875
0.26724314834831536
0.2672466205717432
0.2672500927951711
0.2672535650185989
0.26725703724202676
0.26726050946545465
0.26726398168888255
0.2672674539123104
0.2672709261357382
0.2672743983591661
0.26727787058259395
0.2672813428060218
0.2672848150294496
0.2672882872528775
0.26729175947630535
0.2672952316997332
0.2672987039231611
0.26730217614658897
0.2673056483700168
0.26730912059344464
0.2673125928168725
0.2673160650403003
0.2673195372637282
0.26732300948715604
0.26732648171058393
0.26732995393401177
0.2673334261574396
0.2673368983808675
0.26734037060429533
0.2673438428277232
0.26734731505115106
0.2673507872745789
0.26735425949800673
0.2673577317214346
0.26736120394486246
0.2673646761682903
0.2673681483917182
0.267371620615146
0.2673750928385739
0.26737856506200175
0.2673820372854296
0.2673855095088574
0.26738898173228526
0.26739245395571315
0.26739592617914104
0.2673993984025689
0.2674028706259967
0.2674063428494246
0.26740981507285244
0.26741328729628033
0.26741675951970817
0.267420231743136
0.26742370396656384
0.2674271761899917
0.26743064841341957
0.26743412063684746
0.2674375928602753
0.26744106508370313
0.267444537307131
0.26744800953055886
0.2674514817539867
0.26745495397741453
0.2674584262008424
0.26746189842427026
0.2674653706476981
0.267468842871126
0.2674723150945538
0.2674757873179817
0.26747925954140955
0.2674827317648374
0.2674862039882653
0.2674896762116931
0.26749314843512095
0.2674966206585488
0.2675000928819767
0.2675035651054045
0.26750703732883235
0.26751050955226024
0.26751398177568814
0.267517453999116
0.2675209262225438
0.26752439844597165
0.2675278706693995
0.2675313428928274
0.2675348151162552
0.2675382873396831
0.26754175956311094
0.2675452317865388
0.26754870400996666
0.26755217623339456
0.2675556484568224
0.26755912068025023
0.26756259290367806
0.2675660651271059
0.2675695373505338
0.26757300957396163
0.2675764817973895
0.26757995402081736
0.2675834262442452
0.2675868984676731
0.2675903706911009
0.26759384291452876
0.2675973151379566
0.26760078736138443
0.2676042595848123
0.2676077318082402
0.26761120403166805
0.2676146762550959
0.2676181484785238
0.2676216207019516
0.2676250929253795
0.26762856514880734
0.2676320373722352
0.267635509595663
0.26763898181909085
0.26764245404251874
0.26764592626594663
0.26764939848937447
0.2676528707128023
0.2676563429362302
0.26765981515965803
0.2676632873830859
0.2676667596065137
0.2676702318299416
0.26767370405336943
0.26767717627679727
0.26768064850022516
0.26768412072365305
0.2676875929470809
0.2676910651705087
0.2676945373939366
0.26769800961736445
0.2677014818407923
0.2677049540642201
