0.6954863525994279
0.6954898248228559
0.6954932970462837
0.6954967692697116
0.6955002414931394
0.6955037137165673
0.695507185939995
0.695510658163423
0.6955141303868508
0.6955176026102786
0.6955210748337066
0.6955245470571344
0.6955280192805623
0.6955314915039901
0.695534963727418
0.6955384359508457
0.6955419081742736
0.6955453803977015
0.6955488526211293
0.6955523248445573
0.6955557970679851
0.695559269291413
0.6955627415148408
0.6955662137382687
0.6955696859616965
0.6955731581851244
0.6955766304085522
0.69558010263198
0.6955835748554079
0.6955870470788358
0.6955905193022637
0.6955939915256915
0.6955974637491193
0.6956009359725471
0.695604408195975
0.6956078804194029
0.6956113526428308
0.6956148248662587
0.6956182970896865
0.6956217693131144
0.6956252415365421
0.69562871375997
0.6956321859833978
0.6956356582068258
0.6956391304302536
0.6956426026536815
0.6956460748771094
0.6956495471005372
0.6956530193239651
0.6956564915473928
0.6956599637708207
0.6956634359942486
0.6956669082176765
0.6956703804411043
0.6956738526645322
0.69567732488796
0.6956807971113879
0.6956842693348158
0.6956877415582435
0.6956912137816714
0.6956946860050992
0.6956981582285272
0.695701630451955
0.6957051026753829
0.6957085748988108
0.6957120471222387
0.6957155193456664
0.6957189915690942
0.6957224637925221
0.6957259360159499
0.6957294082393779
0.6957328804628057
0.6957363526862336
0.6957398249096615
0.6957432971330894
0.6957467693565171
0.695750241579945
0.6957537138033728
0.6957571860268007
0.6957606582502286
0.6957641304736564
0.6957676026970843
0.6957710749205122
0.69577454714394
0.6957780193673678
0.6957814915907957
0.6957849638142235
0.6957884360376514
0.6957919082610793
0.6957953804845071
0.695798852707935
0.6958023249313628
0.6958057971547907
0.6958092693782185
0.6958127416016464
0.6958162138250742
0.6958196860485021
0.69582315827193
0.6958266304953578
0.6958301027187856
0.6958335749422134
0.6958370471656414
0.6958405193890692
0.6958439916124971
0.6958474638359249
0.6958509360593528
0.6958544082827806
0.6958578805062086
0.6958613527296363
0.6958648249530642
0.6958682971764921
0.6958717693999199
0.6958752416233478
0.6958787138467756
0.6958821860702035
0.6958856582936314
0.6958891305170593
0.695892602740487
0.6958960749639149
0.6958995471873428
0.6959030194107706
0.6959064916341985
0.6959099638576263
0.6959134360810543
0.695916908304482
0.6959203805279099
0.6959238527513377
0.6959273249747656
0.6959307971981935
0.6959342694216213
0.6959377416450492
0.695941213868477
0.6959446860919049
0.6959481583153327
0.6959516305387606
0.6959551027621884
0.6959585749856163
0.6959620472090442
0.695965519432472
0.6959689916558999
0.6959724638793277
0.6959759361027555
0.6959794083261834
0.6959828805496113
0.6959863527730391
0.6959898249964671
0.6959932972198949
0.6959967694433228
0.6960002416667506
0.6960037138901783
0.6960071861136062
0.6960106583370341
0.696014130560462
0.6960176027838898
0.6960210750073178
0.6960245472307456
0.6960280194541735
0.6960314916776013
0.6960349639010291
0.6960384361244569
0.6960419083478848
0.6960453805713127
0.6960488527947405
0.6960523250181685
0.6960557972415963
0.6960592694650242
0.696062741688452
0.6960662139118798
0.6960696861353077
0.6960731583587355
0.6960766305821634
0.6960801028055912
0.6960835750290191
0.696087047252447
0.6960905194758749
0.6960939916993026
0.6960974639227305
0.6961009361461583
0.6961044083695862
0.6961078805930141
0.6961113528164419
0.6961148250398699
0.6961182972632977
0.6961217694867256
0.6961252417101533
0.6961287139335812
0.696132186157009
0.696135658380437
0.6961391306038648
0.6961426028272927
0.6961460750507206
0.6961495472741484
0.6961530194975762
0.696156491721004
0.6961599639444319
0.6961634361678598
0.6961669083912877
0.6961703806147155
0.6961738528381434
0.6961773250615712
