0.607986322217473
0.6079897944409008
0.6079932666643287
0.6079967388877565
0.6080002111111844
0.6080036833346122
0.6080071555580401
0.608010627781468
0.6080141000048959
0.6080175722283236
0.6080210444517516
0.6080245166751794
0.6080279888986073
0.6080314611220351
0.6080349333454629
0.6080384055688908
0.6080418777923187
0.6080453500157466
0.6080488222391743
0.6080522944626023
0.6080557666860301
0.608059238909458
0.6080627111328858
0.6080661833563137
0.6080696555797415
0.6080731278031694
0.6080766000265972
0.608080072250025
0.6080835444734529
0.6080870166968808
0.6080904889203087
0.6080939611437365
0.6080974333671644
0.6081009055905922
0.60810437781402
0.6081078500374479
0.6081113222608757
0.6081147944843036
0.6081182667077315
0.6081217389311594
0.6081252111545872
0.6081286833780151
0.6081321556014428
0.6081356278248707
0.6081391000482986
0.6081425722717264
0.6081460444951544
0.6081495167185822
0.6081529889420101
0.6081564611654379
0.6081599333888658
0.6081634056122935
0.6081668778357215
0.6081703500591493
0.6081738222825771
0.6081772945060051
0.6081807667294329
0.6081842389528608
0.6081877111762886
0.6081911833997165
0.6081946556231442
0.6081981278465722
0.60820160007
0.6082050722934279
0.6082085445168557
0.6082120167402836
0.6082154889637115
0.6082189611871393
0.6082224334105671
0.6082259056339949
0.6082293778574229
0.6082328500808507
0.6082363223042786
0.6082397945277064
0.6082432667511343
0.6082467389745622
0.6082502111979899
0.6082536834214178
0.6082571556448456
0.6082606278682736
0.6082641000917014
0.6082675723151293
0.6082710445385572
0.608274516761985
0.6082779889854129
0.6082814612088406
0.6082849334322685
0.6082884056556963
0.6082918778791243
0.6082953501025521
0.60829882232598
0.6083022945494079
0.6083057667728358
0.6083092389962635
0.6083127112196914
0.6083161834431192
0.608319655666547
0.608323127889975
0.6083266001134028
0.6083300723368307
0.6083335445602585
0.6083370167836865
0.6083404890071142
0.6083439612305421
0.6083474334539699
0.6083509056773978
0.6083543779008257
0.6083578501242535
0.6083613223476814
0.6083647945711091
0.6083682667945371
0.6083717390179649
0.6083752112413928
0.6083786834648206
0.6083821556882485
0.6083856279116764
0.6083891001351042
0.6083925723585321
0.60839604458196
0.6083995168053878
0.6084029890288156
0.6084064612522435
0.6084099334756713
0.6084134056990992
0.6084168779225271
0.6084203501459549
0.6084238223693827
0.6084272945928106
0.6084307668162385
0.6084342390396663
0.6084377112630942
0.608441183486522
0.6084446557099499
0.6084481279333778
0.6084516001568057
0.6084550723802334
0.6084585446036612
0.6084620168270892
0.608465489050517
0.6084689612739449
0.6084724334973727
0.6084759057208006
0.6084793779442285
0.6084828501676564
0.6084863223910841
0.608489794614512
0.6084932668379399
0.6084967390613677
0.6085002112847956
0.6085036835082234
0.6085071557316513
0.6085106279550792
0.608514100178507
0.6085175724019348
0.6085210446253627
0.6085245168487906
0.6085279890722184
0.6085314612956463
0.6085349335190741
0.608538405742502
0.6085418779659298
0.6085453501893577
0.6085488224127855
0.6085522946362135
0.6085557668596413
0.6085592390830691
0.608562711306497
0.6085661835299248
0.6085696557533526
0.6085731279767805
0.6085766002002084
0.6085800724236362
0.6085835446470642
0.608587016870492
0.6085904890939199
0.6085939613173477
0.6085974335407756
0.6086009057642033
0.6086043779876312
0.6086078502110591
0.6086113224344869
0.6086147946579148
0.6086182668813427
0.6086217391047706
0.6086252113281984
0.6086286835516262
0.608632155775054
0.6086356279984819
0.6086391002219098
0.6086425724453376
0.6086460446687656
0.6086495168921934
0.6086529891156213
0.608656461339049
0.6086599335624769
0.6086634057859047
0.6086668780093326
0.6086703502327605
0.6086738224561883
0.6086772946796163
