0.9128475391831733
0.9128510114066011
0.9128544836300292
0.912857955853457
0.9128614280768849
0.9128649003003126
0.9128683725237405
0.9128718447471683
0.9128753169705962
0.912878789194024
0.9128822614174518
0.9128857336408797
0.9128892058643074
0.9128926780877356
0.9128961503111633
0.9128996225345912
0.912903094758019
0.9129065669814469
0.9129100392048747
0.9129135114283026
0.9129169836517306
0.9129204558751582
0.9129239280985862
0.912927400322014
0.9129308725454419
0.9129343447688697
0.9129378169922976
0.9129412892157254
0.9129447614391533
0.9129482336625813
0.9129517058860089
0.9129551781094369
0.9129586503328647
0.9129621225562926
0.9129655947797204
0.9129690670031483
0.9129725392265761
0.912976011450004
0.912979483673432
0.9129829558968596
0.9129864281202876
0.9129899003437154
0.9129933725671433
0.9129968447905711
0.913000317013999
0.9130037892374268
0.9130072614608546
0.9130107336842826
0.9130142059077103
0.9130176781311383
0.9130211503545661
0.913024622577994
0.9130280948014218
0.9130315670248497
0.9130350392482774
0.9130385114717053
0.9130419836951333
0.913045455918561
0.913048928141989
0.9130524003654168
0.9130558725888447
0.9130593448122725
0.9130628170357004
0.9130662892591281
0.913069761482556
0.913073233705984
0.9130767059294118
0.9130801781528397
0.9130836503762675
0.9130871225996954
0.9130905948231232
0.913094067046551
0.9130975392699788
0.9131010114934067
0.9131044837168345
0.9131079559402624
0.9131114281636904
0.9131149003871182
0.9131183726105461
0.9131218448339739
0.9131253170574017
0.9131287892808295
0.9131322615042574
0.9131357337276854
0.9131392059511131
0.9131426781745411
0.913146150397969
0.9131496226213968
0.9131530948448247
0.9131565670682524
0.9131600392916803
0.9131635115151081
0.9131669837385361
0.913170455961964
0.9131739281853918
0.9131774004088197
0.9131808726322475
0.9131843448556753
0.9131878170791031
0.913191289302531
0.9131947615259588
0.9131982337493867
0.9132017059728145
0.9132051781962425
0.9132086504196704
0.9132121226430981
0.913215594866526
0.9132190670899538
0.9132225393133817
0.9132260115368095
0.9132294837602375
0.9132329559836652
0.9132364282070932
0.9132399004305211
0.9132433726539488
0.9132468448773767
0.9132503171008045
0.9132537893242324
0.9132572615476602
0.9132607337710882
0.9132642059945161
0.9132676782179439
0.9132711504413717
0.9132746226647995
0.9132780948882274
0.9132815671116552
0.9132850393350831
0.9132885115585109
0.9132919837819388
0.9132954560053665
0.9132989282287945
0.9133024004522224
0.9133058726756502
0.9133093448990781
0.9133128171225059
0.9133162893459338
0.9133197615693616
0.9133232337927896
0.9133267060162172
0.9133301782396452
0.9133336504630731
0.9133371226865009
0.9133405949099288
0.9133440671333566
0.9133475393567845
0.9133510115802123
0.9133544838036403
0.9133579560270682
0.9133614282504959
0.9133649004739238
0.9133683726973516
0.9133718449207795
0.9133753171442073
0.9133787893676352
0.913382261591063
0.9133857338144908
0.9133892060379186
0.9133926782613467
0.9133961504847745
0.9133996227082023
0.9134030949316302
0.913406567155058
0.9134100393784859
0.9134135116019136
0.9134169838253418
0.9134204560487693
0.9134239282721974
0.9134274004956252
0.9134308727190531
0.9134343449424809
0.9134378171659088
0.9134412893893366
0.9134447616127643
0.9134482338361924
0.91345170605962
0.9134551782830481
0.9134586505064759
0.9134621227299038
0.9134655949533316
0.9134690671767595
0.9134725394001872
0.9134760116236151
0.9134794838470431
0.9134829560704708
0.9134864282938988
0.9134899005173266
0.9134933727407545
0.9134968449641823
0.9135003171876102
0.9135037894110379
0.9135072616344658
0.9135107338578938
0.9135142060813215
0.9135176783047495
0.9135211505281773
0.9135246227516052
0.913528094975033
0.9135315671984608
0.9135350394218886
0.9135385116453165
