0.12048615294658083
0.1204896251700087
0.12049309739343658
0.12049656961686442
0.1205000418402923
0.12050351406372013
0.12050698628714802
0.1205104585105759
0.12051393073400368
0.12051740295743157
0.12052087518085941
0.12052434740428729
0.12052781962771512
0.120531291851143
0.12053476407457084
0.12053823629799867
0.12054170852142655
0.12054518074485439
0.12054865296828227
0.12055212519171014
0.12055559741513794
0.12055906963856582
0.12056254186199365
0.12056601408542153
0.12056948630884942
0.12057295853227724
0.12057643075570514
0.12057990297913292
0.1205833752025608
0.12058684742598869
0.12059031964941652
0.1205937918728444
0.12059726409627224
0.12060073631970011
0.12060420854312791
0.12060768076655579
0.12061115298998366
0.1206146252134115
0.12061809743683938
0.12062156966026721
0.12062504188369509
0.12062851410712298
0.12063198633055076
0.12063545855397864
0.12063893077740648
0.12064240300083436
0.12064587522426225
0.12064934744769008
0.12065281967111796
0.12065629189454574
0.12065976411797363
0.12066323634140147
0.12066670856482935
0.12067018078825723
0.12067365301168506
0.1206771252351129
0.12068059745854073
0.12068406968196861
0.12068754190539649
0.12069101412882433
0.1206944863522522
0.12069795857568
0.12070143079910788
0.12070490302253575
0.12070837524596359
0.12071184746939148
0.1207153196928193
0.1207187919162472
0.12072226413967507
0.12072573636310285
0.12072920858653075
0.12073268080995858
0.12073615303338646
0.1207396252568143
0.12074309748024217
0.12074656970367005
0.12075004192709785
0.12075351415052572
0.12075698637395356
0.12076045859738144
0.12076393082080931
0.12076740304423715
0.12077087526766504
0.12077434749109282
0.1207778197145207
0.12078129193794859
0.12078476416137642
0.1207882363848043
0.12079170860823214
0.12079518083165998
0.12079865305508786
0.12080212527851569
0.12080559750194357
0.1208090697253714
0.12081254194879928
0.12081601417222712
0.12081948639565496
0.12082295861908283
0.12082643084251067
0.12082990306593855
0.12083337528936638
0.12083684751279426
0.12084031973622215
0.12084379195964993
0.12084726418307781
0.12085073640650565
0.12085420862993354
0.12085768085336142
0.12086115307678925
0.12086462530021713
0.12086809752364491
0.1208715697470728
0.12087504197050064
0.12087851419392852
0.1208819864173564
0.12088545864078423
0.12088893086421211
0.1208924030876399
0.12089587531106778
0.12089934753449566
0.1209028197579235
0.12090629198135137
0.12090976420477921
0.1209132364282071
0.12091670865163492
0.12092018087506276
0.12092365309849065
0.12092712532191847
0.12093059754534637
0.12093406976877424
0.12093754199220204
0.12094101421562992
0.12094448643905775
0.12094795866248563
0.12095143088591347
0.12095490310934134
0.12095837533276922
0.12096184755619702
0.1209653197796249
0.12096879200305273
0.12097226422648061
0.12097573644990849
0.12097920867333632
0.12098268089676421
0.120986153120192
0.12098962534361987
0.12099309756704776
0.1209965697904756
0.12100004201390348
0.12100351423733131
0.12100698646075919
0.12101045868418707
0.12101393090761486
0.12101740313104274
0.12102087535447058
0.12102434757789846
0.12102781980132629
0.12103129202475417
0.121034764248182
0.12103823647160984
0.12104170869503772
0.12104518091846556
0.12104865314189343
0.12105212536532133
0.12105559758874916
0.12105906981217698
0.12106254203560482
0.12106601425903271
0.12106948648246059
0.12107295870588843
0.1210764309293163
0.1210799031527441
0.12108337537617198
0.12108684759959981
0.12109031982302769
0.12109379204645557
0.1210972642698834
0.12110073649331128
0.12110420871673908
0.12110768094016695
0.12111115316359483
0.12111462538702267
0.12111809761045055
0.12112156983387838
0.12112504205730627
0.12112851428073415
0.12113198650416193
0.12113545872758982
0.12113893095101766
0.12114240317444554
0.12114587539787341
0.12114934762130125
0.12115281984472913
0.12115629206815692
0.1211597642915848
0.12116323651501264
0.12116670873844052
0.12117018096186839
0.12117365318529623
0.12117712540872407
