0.5413196324026501
0.541323104626078
0.5413265768495058
0.5413300490729337
0.5413335212963615
0.5413369935197895
0.5413404657432173
0.5413439379666452
0.5413474101900729
0.5413508824135008
0.5413543546369287
0.5413578268603565
0.5413612990837844
0.5413647713072122
0.5413682435306402
0.541371715754068
0.5413751879774958
0.5413786602009236
0.5413821324243515
0.5413856046477794
0.5413890768712073
0.5413925490946351
0.541396021318063
0.5413994935414909
0.5414029657649186
0.5414064379883465
0.5414099102117743
0.5414133824352022
0.5414168546586301
0.541420326882058
0.5414237991054858
0.5414272713289137
0.5414307435523416
0.5414342157757693
0.5414376879991972
0.541441160222625
0.5414446324460529
0.5414481046694808
0.5414515768929087
0.5414550491163365
0.5414585213397644
0.5414619935631922
0.54146546578662
0.5414689380100479
0.5414724102334757
0.5414758824569036
0.5414793546803315
0.5414828269037594
0.5414862991271872
0.541489771350615
0.5414932435740429
0.5414967157974707
0.5415001880208986
0.5415036602443264
0.5415071324677543
0.5415106046911822
0.5415140769146101
0.5415175491380378
0.5415210213614657
0.5415244935848936
0.5415279658083215
0.5415314380317493
0.5415349102551772
0.541538382478605
0.5415418547020329
0.5415453269254608
0.5415487991488885
0.5415522713723164
0.5415557435957443
0.5415592158191722
0.5415626880426
0.5415661602660279
0.5415696324894557
0.5415731047128836
0.5415765769363114
0.5415800491597392
0.5415835213831671
0.541586993606595
0.5415904658300229
0.5415939380534507
0.5415974102768786
0.5416008825003064
0.5416043547237342
0.5416078269471621
0.5416112991705899
0.5416147713940178
0.5416182436174457
0.5416217158408736
0.5416251880643014
0.5416286602877293
0.541632132511157
0.541635604734585
0.5416390769580128
0.5416425491814406
0.5416460214048685
0.5416494936282964
0.5416529658517243
0.5416564380751521
0.54165991029858
0.5416633825220077
0.5416668547454357
0.5416703269688635
0.5416737991922914
0.5416772714157192
0.5416807436391471
0.541684215862575
0.5416876880860028
0.5416911603094307
0.5416946325328584
0.5416981047562864
0.5417015769797142
0.5417050492031421
0.5417085214265699
0.5417119936499978
0.5417154658734257
0.5417189380968535
0.5417224103202813
0.5417258825437091
0.5417293547671371
0.5417328269905649
0.5417362992139928
0.5417397714374206
0.5417432436608485
0.5417467158842764
0.5417501881077041
0.541753660331132
0.5417571325545598
0.5417606047779878
0.5417640770014156
0.5417675492248435
0.5417710214482713
0.5417744936716993
0.5417779658951271
0.5417814381185548
0.5417849103419827
0.5417883825654105
0.5417918547888385
0.5417953270122663
0.5417987992356942
0.541802271459122
0.54180574368255
0.5418092159059777
0.5418126881294056
0.5418161603528334
0.5418196325762613
0.5418231047996892
0.541826577023117
0.5418300492465449
0.5418335214699727
0.5418369936934007
0.5418404659168284
0.5418439381402563
0.5418474103636841
0.541850882587112
0.5418543548105399
0.5418578270339677
0.5418612992573956
0.5418647714808233
0.5418682437042514
0.5418717159276791
0.541875188151107
0.5418786603745348
0.5418821325979627
0.5418856048213906
0.5418890770448184
0.5418925492682463
0.541896021491674
0.541899493715102
0.5419029659385298
0.5419064381619577
0.5419099103853855
0.5419133826088134
0.5419168548322413
0.5419203270556692
0.541923799279097
0.5419272715025247
0.5419307437259527
0.5419342159493805
0.5419376881728084
0.5419411603962362
0.5419446326196641
0.541948104843092
0.5419515770665199
0.5419550492899476
0.5419585215133755
0.5419619937368034
0.5419654659602312
0.5419689381836591
0.5419724104070869
0.5419758826305148
0.5419793548539427
0.5419828270773706
0.5419862993007983
0.5419897715242262
0.5419932437476541
0.5419967159710819
0.5420001881945098
0.5420036604179376
0.5420071326413655
0.5420106048647934
