0.5996529859906201
0.599656458214048
0.5996599304374758
0.5996634026609037
0.5996668748843316
0.5996703471077595
0.5996738193311872
0.5996772915546151
0.599680763778043
0.5996842360014708
0.5996877082248987
0.5996911804483265
0.5996946526717544
0.5996981248951823
0.5997015971186102
0.5997050693420379
0.5997085415654658
0.5997120137888937
0.5997154860123215
0.5997189582357494
0.5997224304591772
0.5997259026826051
0.599729374906033
0.5997328471294608
0.5997363193528886
0.5997397915763165
0.5997432637997444
0.5997467360231722
0.5997502082466001
0.5997536804700279
0.5997571526934558
0.5997606249168836
0.5997640971403115
0.5997675693637393
0.5997710415871672
0.5997745138105951
0.599777986034023
0.5997814582574508
0.5997849304808786
0.5997884027043064
0.5997918749277343
0.5997953471511622
0.59979881937459
0.5998022915980179
0.5998057638214458
0.5998092360448737
0.5998127082683015
0.5998161804917294
0.5998196527151571
0.599823124938585
0.5998265971620129
0.5998300693854407
0.5998335416088687
0.5998370138322965
0.5998404860557244
0.5998439582791522
0.59984743050258
0.5998509027260078
0.5998543749494357
0.5998578471728636
0.5998613193962914
0.5998647916197193
0.5998682638431472
0.5998717360665751
0.5998752082900028
0.5998786805134307
0.5998821527368585
0.5998856249602864
0.5998890971837143
0.5998925694071421
0.59989604163057
0.5998995138539979
0.5999029860774258
0.5999064583008535
0.5999099305242814
0.5999134027477092
0.5999168749711372
0.599920347194565
0.5999238194179928
0.5999272916414207
0.5999307638648486
0.5999342360882765
0.5999377083117042
0.5999411805351321
0.5999446527585599
0.5999481249819879
0.5999515972054157
0.5999550694288436
0.5999585416522715
0.5999620138756993
0.5999654860991271
0.5999689583225549
0.5999724305459828
0.5999759027694106
0.5999793749928386
0.5999828472162664
0.5999863194396943
0.599989791663122
0.5999932638865499
0.5999967361099778
0.6000002083334056
0.6000036805568335
0.6000071527802613
0.6000106250036893
0.6000140972271171
0.600017569450545
0.6000210416739727
0.6000245138974006
0.6000279861208285
0.6000314583442563
0.6000349305676842
0.600038402791112
0.60004187501454
0.6000453472379678
0.6000488194613957
0.6000522916848234
0.6000557639082514
0.6000592361316792
0.6000627083551071
0.6000661805785349
0.6000696528019627
0.6000731250253907
0.6000765972488185
0.6000800694722463
0.6000835416956742
0.6000870139191021
0.6000904861425299
0.6000939583659578
0.6000974305893856
0.6001009028128135
0.6001043750362414
0.6001078472596691
0.600111319483097
0.6001147917065248
0.6001182639299528
0.6001217361533806
0.6001252083768085
0.6001286806002363
0.6001321528236642
0.6001356250470921
0.6001390972705198
0.6001425694939477
0.6001460417173755
0.6001495139408035
0.6001529861642313
0.6001564583876592
0.600159930611087
0.6001634028345149
0.6001668750579428
0.6001703472813705
0.6001738195047984
0.6001772917282262
0.6001807639516542
0.600184236175082
0.6001877083985099
0.6001911806219377
0.6001946528453656
0.6001981250687934
0.6002015972922213
0.6002050695156491
0.600208541739077
0.6002120139625049
0.6002154861859327
0.6002189584093606
0.6002224306327884
0.6002259028562162
0.6002293750796441
0.600232847303072
0.6002363195264998
0.6002397917499277
0.6002432639733556
0.6002467361967834
0.6002502084202113
0.600253680643639
0.6002571528670669
0.6002606250904948
0.6002640973139227
0.6002675695373505
0.6002710417607784
0.6002745139842063
0.6002779862076341
0.600281458431062
0.6002849306544897
0.6002884028779176
0.6002918751013455
0.6002953473247734
0.6002988195482012
0.6003022917716291
0.600305763995057
0.6003092362184848
0.6003127084419126
0.6003161806653404
0.6003196528887683
0.6003231251121962
0.6003265973356241
0.6003300695590519
0.6003335417824799
0.6003370140059077
0.6003404862293356
0.6003439584527633
