0.5565974154852137
0.5566008877086415
0.5566043599320695
0.5566078321554973
0.5566113043789251
0.5566147766023529
0.5566182488257809
0.5566217210492087
0.5566251932726365
0.5566286654960644
0.5566321377194922
0.5566356099429202
0.5566390821663479
0.5566425543897758
0.5566460266132036
0.5566494988366316
0.5566529710600594
0.5566564432834873
0.5566599155069151
0.556663387730343
0.5566668599537709
0.5566703321771986
0.5566738044006265
0.5566772766240543
0.5566807488474823
0.5566842210709101
0.556687693294338
0.5566911655177658
0.5566946377411937
0.5566981099646215
0.5567015821880493
0.5567050544114772
0.556708526634905
0.556711998858333
0.5567154710817608
0.5567189433051887
0.5567224155286165
0.5567258877520443
0.5567293599754722
0.5567328321989
0.5567363044223279
0.5567397766457557
0.5567432488691837
0.5567467210926115
0.5567501933160394
0.5567536655394671
0.556757137762895
0.5567606099863229
0.5567640822097508
0.5567675544331786
0.5567710266566064
0.5567744988800344
0.5567779711034622
0.5567814433268901
0.5567849155503178
0.5567883877737457
0.5567918599971736
0.5567953322206015
0.5567988044440293
0.5568022766674572
0.5568057488908851
0.5568092211143129
0.5568126933377407
0.5568161655611685
0.5568196377845964
0.5568231100080243
0.5568265822314522
0.55683005445488
0.5568335266783079
0.5568369989017358
0.5568404711251635
0.5568439433485914
0.5568474155720192
0.5568508877954471
0.556854360018875
0.5568578322423029
0.5568613044657307
0.5568647766891586
0.5568682489125865
0.5568717211360142
0.5568751933594421
0.5568786655828699
0.5568821378062978
0.5568856100297257
0.5568890822531536
0.5568925544765814
0.5568960267000093
0.5568994989234372
0.556902971146865
0.5569064433702928
0.5569099155937206
0.5569133878171485
0.5569168600405764
0.5569203322640043
0.5569238044874321
0.55692727671086
0.5569307489342878
0.5569342211577157
0.5569376933811435
0.5569411656045714
0.5569446378279992
0.5569481100514271
0.556951582274855
0.5569550544982828
0.5569585267217106
0.5569619989451385
0.5569654711685664
0.5569689433919942
0.5569724156154221
0.5569758878388499
0.5569793600622778
0.5569828322857057
0.5569863045091334
0.5569897767325613
0.5569932489559892
0.5569967211794171
0.5570001934028449
0.5570036656262728
0.5570071378497006
0.5570106100731285
0.5570140822965564
0.5570175545199841
0.557021026743412
0.5570244989668399
0.5570279711902678
0.5570314434136956
0.5570349156371235
0.5570383878605513
0.5570418600839793
0.557045332307407
0.5570488045308349
0.5570522767542627
0.5570557489776906
0.5570592212011185
0.5570626934245463
0.5570661656479742
0.557069637871402
0.55707311009483
0.5570765823182577
0.5570800545416856
0.5570835267651134
0.5570869989885413
0.5570904712119692
0.557093943435397
0.5570974156588249
0.5571008878822526
0.5571043601056807
0.5571078323291084
0.5571113045525363
0.5571147767759641
0.557118248999392
0.5571217212228199
0.5571251934462477
0.5571286656696756
0.5571321378931033
0.5571356101165313
0.5571390823399591
0.557142554563387
0.5571460267868148
0.5571494990102427
0.5571529712336706
0.5571564434570984
0.5571599156805263
0.557163387903954
0.557166860127382
0.5571703323508098
0.5571738045742377
0.5571772767976655
0.5571807490210935
0.5571842212445213
0.5571876934679492
0.5571911656913769
0.5571946379148047
0.5571981101382327
0.5572015823616605
0.5572050545850884
0.5572085268085162
0.5572119990319442
0.557215471255372
0.5572189434787999
0.5572224157022276
0.5572258879256555
0.5572293601490834
0.5572328323725112
0.5572363045959391
0.5572397768193669
0.5572432490427949
0.5572467212662227
0.5572501934896505
0.5572536657130783
0.5572571379365062
0.5572606101599341
0.5572640823833619
0.5572675546067898
0.5572710268302176
0.5572744990536456
0.5572779712770733
0.5572814435005012
0.557284915723929
0.5572883879473569
