0.22951396858123904
0.22951744080466693
0.22952091302809483
0.22952438525152263
0.22952785747495047
0.2295313296983783
0.2295348019218062
0.2295382741452341
0.22954174636866193
0.2295452185920898
0.22954869081551763
0.22955216303894546
0.22955563526237335
0.2295591074858012
0.22956257970922905
0.2295660519326569
0.22956952415608478
0.22957299637951256
0.22957646860294045
0.22957994082636832
0.22958341304979615
0.22958688527322405
0.22959035749665188
0.22959382972007977
0.22959730194350764
0.22960077416693542
0.2296042463903633
0.22960771861379115
0.22961119083721904
0.2296146630606469
0.22961813528407474
0.22962160750750263
0.2296250797309304
0.2296285519543583
0.22963202417778616
0.229635496401214
0.2296389686246419
0.22964244084806973
0.2296459130714976
0.2296493852949254
0.22965285751835326
0.22965632974178116
0.229659801965209
0.22966327418863688
0.2296667464120647
0.22967021863549253
0.22967369085892042
0.22967716308234826
0.22968063530577615
0.22968410752920398
0.22968757975263185
0.22969105197605974
0.22969452419948752
0.2296979964229154
0.22970146864634325
0.2297049408697711
0.229708413093199
0.22971188531662684
0.2297153575400547
0.2297188297634825
0.22972230198691038
0.2297257742103382
0.2297292464337661
0.229732718657194
0.22973619088062183
0.2297396631040497
0.22974313532747748
0.22974660755090537
0.22975007977433326
0.2297535519977611
0.22975702422118896
0.2297604964446168
0.2297639686680447
0.22976744089147252
0.22977091311490036
0.22977438533832822
0.22977785756175606
0.22978132978518395
0.2297848020086118
0.22978827423203965
0.2297917464554675
0.22979521867889532
0.22979869090232322
0.22980216312575105
0.22980563534917894
0.2298091075726068
0.2298125797960346
0.22981605201946248
0.22981952424289032
0.2298229964663182
0.22982646868974607
0.2298299409131739
0.2298334131366018
0.22983688536002958
0.22984035758345747
0.22984382980688534
0.22984730203031317
0.22985077425374106
0.2298542464771689
0.22985771870059676
0.22986119092402457
0.22986466314745244
0.22986813537088033
0.22987160759430816
0.22987507981773606
0.22987855204116386
0.22988202426459176
0.22988549648801965
0.22988896871144743
0.22989244093487532
0.22989591315830316
0.22989938538173102
0.2299028576051589
0.22990632982858675
0.22990980205201458
0.22991327427544242
0.22991674649887028
0.22992021872229818
0.229923690945726
0.22992716316915388
0.22993063539258168
0.22993410761600955
0.22993757983943738
0.22994105206286528
0.22994452428629317
0.229947996509721
0.22995146873314887
0.22995494095657665
0.22995841318000454
0.22996188540343243
0.22996535762686027
0.22996882985028813
0.22997230207371597
0.22997577429714386
0.22997924652057172
0.22998271874399953
0.2299861909674274
0.22998966319085523
0.22999313541428312
0.22999660763771096
0.23000007986113882
0.23000355208456671
0.2300070243079945
0.2300104965314224
0.23001396875485022
0.23001744097827811
0.23002091320170598
0.23002438542513381
0.2300278576485617
0.2300313298719895
0.23003480209541738
0.23003827431884524
0.23004174654227308
0.23004521876570097
0.2300486909891288
0.23005216321255664
0.2300556354359845
0.23005910765941234
0.23006257988284023
0.23006605210626807
0.23006952432969593
0.23007299655312374
0.2300764687765516
0.2300799409999795
0.23008341322340733
0.23008688544683523
0.23009035767026306
0.23009382989369093
0.23009730211711882
0.2301007743405466
0.2301042465639745
0.23010771878740233
0.2301111910108302
0.23011466323425808
0.23011813545768592
0.23012160768111378
0.2301250799045416
0.23012855212796945
0.23013202435139735
0.23013549657482518
0.23013896879825307
0.23014244102168088
0.23014591324510877
0.23014938546853655
0.23015285769196445
0.23015632991539234
0.23015980213882017
0.23016327436224804
0.23016674658567587
0.2301702188091037
0.2301736910325316
0.23017716325595944
0.2301806354793873
0.23018410770281514
0.23018757992624303
0.2301910521496709
0.2301945243730987
0.23019799659652657
0.2302014688199544
0.2302049410433823
