0.07812502712674553
0.07812849935017337
0.0781319715736012
0.07813544379702904
0.07813891602045696
0.0781423882438848
0.07814586046731263
0.07814933269074047
0.0781528049141683
0.07815627713759622
0.07815974936102406
0.0781632215844519
0.07816669380787983
0.07817016603130757
0.07817363825473549
0.07817711047816332
0.07818058270159116
0.07818405492501909
0.07818752714844693
0.07819099937187476
0.0781944715953026
0.07819794381873042
0.07820141604215836
0.07820488826558619
0.07820836048901403
0.07821183271244186
0.07821530493586978
0.07821877715929762
0.07822224938272546
0.07822572160615329
0.07822919382958113
0.07823266605300906
0.07823613827643688
0.07823961049986472
0.07824308272329265
0.07824655494672039
0.07825002717014833
0.07825349939357616
0.07825697161700398
0.07826044384043192
0.07826391606385975
0.07826738828728759
0.07827086051071543
0.07827433273414326
0.07827780495757118
0.07828127718099902
0.07828474940442685
0.07828822162785469
0.07829169385128253
0.07829516607471045
0.07829863829813828
0.07830211052156612
0.07830558274499395
0.07830905496842189
0.07831252719184972
0.07831599941527755
0.07831947163870538
0.07832294386213322
0.07832641608556115
0.07832988830898899
0.07833336053241682
0.07833683275584474
0.07834030497927248
0.07834377720270042
0.07834724942612825
0.07835072164955609
0.07835419387298401
0.07835766609641184
0.07836113831983968
0.07836461054326752
0.07836808276669535
0.07837155499012328
0.07837502721355112
0.07837849943697894
0.07838197166040678
0.07838544388383471
0.07838891610726245
0.07839238833069039
0.07839586055411822
0.07839933277754604
0.07840280500097398
0.07840627722440181
0.07840974944782965
0.07841322167125749
0.07841669389468532
0.07842016611811324
0.07842363834154108
0.07842711056496891
0.07843058278839685
0.07843405501182459
0.0784375272352525
0.07844099945868034
0.07844447168210818
0.07844794390553611
0.07845141612896395
0.07845488835239178
0.0784583605758196
0.07846183279924744
0.07846530502267528
0.07846877724610321
0.07847224946953105
0.07847572169295888
0.0784791939163868
0.07848266613981454
0.07848613836324247
0.07848961058667031
0.07849308281009815
0.07849655503352607
0.0785000272569539
0.07850349948038174
0.07850697170380957
0.07851044392723741
0.07851391615066534
0.07851738837409317
0.078520860597521
0.07852433282094894
0.07852780504437677
0.07853127726780461
0.07853474949123244
0.07853822171466028
0.0785416939380881
0.07854516616151604
0.07854863838494387
0.07855211060837171
0.07855558283179954
0.07855905505522738
0.0785625272786553
0.07856599950208314
0.07856947172551097
0.0785729439489389
0.07857641617236664
0.07857988839579456
0.0785833606192224
0.07858683284265024
0.07859030506607817
0.078593777289506
0.07859724951293384
0.07860072173636166
0.0786041939597895
0.07860766618321743
0.07861113840664527
0.0786146106300731
0.07861808285350094
0.07862155507692886
0.0786250273003567
0.07862849952378453
0.07863197174721237
0.0786354439706402
0.07863891619406813
0.07864238841749596
0.0786458606409238
0.07864933286435163
0.07865280508777947
0.0786562773112074
0.07865974953463523
0.07866322175806306
0.078666693981491
0.07867016620491873
0.07867363842834667
0.0786771106517745
0.07868058287520234
0.07868405509863026
0.0786875273220581
0.07869099954548593
0.07869447176891377
0.0786979439923416
0.07870141621576952
0.07870488843919736
0.0787083606626252
0.07871183288605303
0.07871530510948097
0.0787187773329088
0.07872224955633662
0.07872572177976446
0.0787291940031923
0.07873266622662023
0.07873613845004807
0.0787396106734759
0.07874308289690382
0.07874655512033156
0.0787500273437595
0.07875349956718733
0.07875697179061517
0.07876044401404309
0.07876391623747092
0.07876738846089876
0.0787708606843266
0.07877433290775443
0.07877780513118236
0.07878127735461019
0.07878474957803802
0.07878822180146586
0.0787916940248937
0.07879516624832163
0.07879863847174946
0.07880211069517729
0.07880558291860512
0.07880905514203305
0.07881252736546089
0.07881599958888873
