0.15590283191070553
0.15590630413413334
0.1559097763575612
0.15591324858098904
0.15591672080441693
0.15592019302784482
0.15592366525127263
0.15592713747470052
0.1559306096981283
0.1559340819215562
0.1559375541449841
0.15594102636841192
0.1559444985918398
0.15594797081526762
0.15595144303869546
0.15595491526212335
0.1559583874855512
0.15596185970897905
0.1559653319324069
0.15596880415583478
0.15597227637926261
0.15597574860269045
0.15597922082611831
0.15598269304954615
0.15598616527297404
0.15598963749640188
0.15599310971982974
0.15599658194325763
0.15600005416668541
0.1560035263901133
0.15600699861354114
0.15601047083696903
0.1560139430603969
0.15601741528382473
0.15602088750725263
0.1560243597306804
0.1560278319541083
0.15603130417753616
0.156034776400964
0.1560382486243919
0.15604172084781973
0.1560451930712476
0.1560486652946754
0.15605213751810326
0.15605560974153115
0.156059081964959
0.15606255418838685
0.1560660264118147
0.15606949863524258
0.15607297085867042
0.15607644308209825
0.15607991530552615
0.15608338752895398
0.15608685975238185
0.15609033197580974
0.15609380419923752
0.1560972764226654
0.15610074864609325
0.1561042208695211
0.156107693092949
0.15611116531637684
0.1561146375398047
0.1561181097632325
0.15612158198666037
0.1561250542100882
0.1561285264335161
0.156131998656944
0.1561354708803718
0.1561389431037997
0.15614241532722747
0.15614588755065537
0.15614935977408326
0.1561528319975111
0.15615630422093896
0.1561597764443668
0.15616324866779469
0.15616672089122255
0.15617019311465036
0.15617366533807822
0.15617713756150606
0.15618060978493395
0.15618408200836179
0.15618755423178965
0.15619102645521749
0.15619449867864532
0.1561979709020732
0.15620144312550105
0.1562049153489289
0.1562083875723568
0.15621185979578464
0.15621533201921248
0.1562188042426403
0.1562222764660682
0.15622574868949607
0.1562292209129239
0.1562326931363518
0.15623616535977958
0.15623963758320747
0.15624310980663533
0.15624658203006317
0.15625005425349106
0.1562535264769189
0.15625699870034676
0.15626047092377457
0.15626394314720243
0.15626741537063032
0.15627088759405816
0.15627435981748605
0.15627783204091386
0.15628130426434175
0.15628477648776964
0.15628824871119743
0.15629172093462532
0.15629519315805315
0.15629866538148102
0.1563021376049089
0.15630560982833674
0.1563090820517646
0.15631255427519242
0.15631602649862028
0.15631949872204817
0.156322970945476
0.15632644316890387
0.1563299153923317
0.15633338761575954
0.15633685983918738
0.15634033206261527
0.15634380428604316
0.15634727650947097
0.15635074873289886
0.15635422095632664
0.15635769317975454
0.15636116540318243
0.15636463762661026
0.15636810985003813
0.15637158207346596
0.15637505429689386
0.15637852652032172
0.15638199874374953
0.1563854709671774
0.15638894319060523
0.15639241541403312
0.15639588763746096
0.15639935986088882
0.1564028320843167
0.1564063043077445
0.15640977653117238
0.15641324875460022
0.1564167209780281
0.15642019320145598
0.1564236654248838
0.1564271376483117
0.15643060987173948
0.15643408209516738
0.15643755431859524
0.15644102654202308
0.15644449876545097
0.1564479709888788
0.15645144321230667
0.1564549154357345
0.15645838765916234
0.15646185988259023
0.15646533210601807
0.15646880432944593
0.15647227655287377
0.1564757487763016
0.1564792209997295
0.15648269322315733
0.15648616544658522
0.15648963767001303
0.15649310989344092
0.15649658211686882
0.1565000543402966
0.1565035265637245
0.15650699878715232
0.1565104710105802
0.15651394323400808
0.15651741545743592
0.15652088768086378
0.1565243599042916
0.15652783212771945
0.15653130435114734
0.15653477657457518
0.15653824879800304
0.15654172102143088
0.15654519324485877
0.15654866546828655
0.15655213769171444
0.15655560991514234
0.15655908213857017
0.15656255436199804
0.15656602658542587
0.15656949880885376
0.1565729710322816
0.15657644325570944
0.1565799154791373
0.15658338770256514
0.15658685992599303
0.1565903321494209
0.1565938043728487
