0.5170140684076626
0.5170175406310905
0.5170210128545183
0.5170244850779462
0.5170279573013741
0.5170314295248019
0.5170349017482297
0.5170383739716575
0.5170418461950855
0.5170453184185133
0.5170487906419412
0.517052262865369
0.517055735088797
0.5170592073122248
0.5170626795356527
0.5170661517590804
0.5170696239825082
0.5170730962059362
0.517076568429364
0.5170800406527919
0.5170835128762197
0.5170869850996477
0.5170904573230755
0.5170939295465034
0.5170974017699311
0.517100873993359
0.5171043462167869
0.5171078184402147
0.5171112906636426
0.5171147628870704
0.5171182351104984
0.5171217073339262
0.517125179557354
0.5171286517807818
0.5171321240042097
0.5171355962276376
0.5171390684510654
0.5171425406744933
0.5171460128979211
0.5171494851213491
0.5171529573447768
0.5171564295682047
0.5171599017916325
0.5171633740150604
0.5171668462384883
0.5171703184619161
0.517173790685344
0.5171772629087718
0.5171807351321998
0.5171842073556275
0.5171876795790554
0.5171911518024832
0.5171946240259111
0.517198096249339
0.5172015684727669
0.5172050406961947
0.5172085129196226
0.5172119851430504
0.5172154573664782
0.5172189295899061
0.5172224018133339
0.5172258740367618
0.5172293462601897
0.5172328184836176
0.5172362907070454
0.5172397629304732
0.5172432351539011
0.5172467073773289
0.5172501796007568
0.5172536518241846
0.5172571240476125
0.5172605962710404
0.5172640684944683
0.517267540717896
0.5172710129413239
0.5172744851647518
0.5172779573881796
0.5172814296116075
0.5172849018350353
0.5172883740584632
0.5172918462818911
0.517295318505319
0.5172987907287467
0.5173022629521746
0.5173057351756025
0.5173092073990303
0.5173126796224582
0.517316151845886
0.5173196240693139
0.5173230962927418
0.5173265685161696
0.5173300407395974
0.5173335129630253
0.5173369851864532
0.5173404574098811
0.5173439296333089
0.5173474018567368
0.5173508740801646
0.5173543463035924
0.5173578185270203
0.5173612907504481
0.517364762973876
0.5173682351973039
0.5173717074207318
0.5173751796441596
0.5173786518675875
0.5173821240910152
0.5173855963144431
0.517389068537871
0.5173925407612988
0.5173960129847267
0.5173994852081546
0.5174029574315825
0.5174064296550103
0.5174099018784382
0.5174133741018659
0.5174168463252938
0.5174203185487217
0.5174237907721495
0.5174272629955774
0.5174307352190053
0.5174342074424332
0.517437679665861
0.5174411518892889
0.5174446241127166
0.5174480963361446
0.5174515685595724
0.5174550407830002
0.5174585130064281
0.517461985229856
0.5174654574532839
0.5174689296767117
0.5174724019001395
0.5174758741235673
0.5174793463469953
0.5174828185704231
0.517486290793851
0.5174897630172788
0.5174932352407067
0.5174967074641346
0.5175001796875623
0.5175036519109902
0.517507124134418
0.517510596357846
0.5175140685812738
0.5175175408047017
0.5175210130281295
0.5175244852515574
0.5175279574749853
0.517531429698413
0.5175349019218409
0.5175383741452687
0.5175418463686967
0.5175453185921245
0.5175487908155524
0.5175522630389802
0.5175557352624081
0.517559207485836
0.5175626797092637
0.5175661519326916
0.5175696241561194
0.5175730963795474
0.5175765686029752
0.5175800408264031
0.5175835130498309
0.5175869852732589
0.5175904574966866
0.5175939297201144
0.5175974019435423
0.5176008741669701
0.5176043463903981
0.5176078186138259
0.5176112908372538
0.5176147630606815
0.5176182352841096
0.5176217075075373
0.5176251797309652
0.517628651954393
0.5176321241778209
0.5176355964012488
0.5176390686246766
0.5176425408481045
0.5176460130715322
0.5176494852949602
0.517652957518388
0.5176564297418159
0.5176599019652437
0.5176633741886716
0.5176668464120995
0.5176703186355273
0.5176737908589552
0.5176772630823829
0.5176807353058109
0.5176842075292387
0.5176876797526666
0.5176911519760944
0.5176946241995223
0.5176980964229502
0.517701568646378
0.5177050408698058
