0.6892363504292883
0.6892398226527162
0.6892432948761441
0.6892467670995719
0.6892502393229998
0.6892537115464276
0.6892571837698556
0.6892606559932833
0.6892641282167112
0.689267600440139
0.6892710726635668
0.6892745448869948
0.6892780171104226
0.6892814893338505
0.6892849615572783
0.6892884337807061
0.689291906004134
0.6892953782275619
0.6892988504509897
0.6893023226744176
0.6893057948978455
0.6893092671212733
0.6893127393447012
0.689316211568129
0.6893196837915568
0.6893231560149847
0.6893266282384126
0.6893301004618404
0.6893335726852683
0.6893370449086962
0.689340517132124
0.6893439893555519
0.6893474615789796
0.6893509338024076
0.6893544060258354
0.6893578782492633
0.6893613504726911
0.689364822696119
0.6893682949195469
0.6893717671429747
0.6893752393664025
0.6893787115898303
0.6893821838132582
0.6893856560366861
0.689389128260114
0.6893926004835418
0.6893960727069698
0.6893995449303976
0.6894030171538255
0.6894064893772532
0.6894099616006811
0.6894134338241089
0.6894169060475368
0.6894203782709647
0.6894238504943925
0.6894273227178204
0.6894307949412483
0.6894342671646762
0.6894377393881039
0.6894412116115318
0.6894446838349596
0.6894481560583875
0.6894516282818154
0.6894551005052432
0.6894585727286712
0.689462044952099
0.6894655171755268
0.6894689893989546
0.6894724616223825
0.6894759338458103
0.6894794060692382
0.6894828782926661
0.6894863505160939
0.6894898227395219
0.6894932949629496
0.6894967671863775
0.6895002394098053
0.6895037116332332
0.6895071838566611
0.6895106560800889
0.6895141283035168
0.6895176005269446
0.6895210727503724
0.6895245449738003
0.6895280171972282
0.689531489420656
0.6895349616440839
0.6895384338675117
0.6895419060909397
0.6895453783143675
0.6895488505377954
0.6895523227612232
0.689555794984651
0.6895592672080789
0.6895627394315067
0.6895662116549346
0.6895696838783624
0.6895731561017904
0.6895766283252182
0.689580100548646
0.6895835727720739
0.6895870449955017
0.6895905172189296
0.6895939894423574
0.6895974616657853
0.6896009338892131
0.6896044061126411
0.6896078783360688
0.6896113505594967
0.6896148227829245
0.6896182950063524
0.6896217672297803
0.6896252394532081
0.689628711676636
0.6896321839000638
0.6896356561234918
0.6896391283469195
0.6896426005703474
0.6896460727937753
0.6896495450172031
0.689653017240631
0.6896564894640588
0.6896599616874867
0.6896634339109144
0.6896669061343425
0.6896703783577702
0.6896738505811981
0.6896773228046259
0.6896807950280539
0.6896842672514817
0.6896877394749096
0.6896912116983374
0.6896946839217653
0.6896981561451931
0.6897016283686209
0.6897051005920488
0.6897085728154767
0.6897120450389046
0.6897155172623324
0.6897189894857603
0.689722461709188
0.6897259339326159
0.6897294061560438
0.6897328783794716
0.6897363506028995
0.6897398228263274
0.6897432950497553
0.6897467672731831
0.689750239496611
0.6897537117200387
0.6897571839434666
0.6897606561668945
0.6897641283903223
0.6897676006137502
0.689771072837178
0.689774545060606
0.6897780172840338
0.6897814895074617
0.6897849617308894
0.6897884339543173
0.6897919061777452
0.689795378401173
0.6897988506246009
0.6898023228480288
0.6898057950714567
0.6898092672948845
0.6898127395183123
0.6898162117417401
0.689819683965168
0.6898231561885959
0.6898266284120238
0.6898301006354516
0.6898335728588795
0.6898370450823074
0.6898405173057351
0.689843989529163
0.6898474617525908
0.6898509339760187
0.6898544061994466
0.6898578784228745
0.6898613506463023
0.6898648228697302
0.6898682950931581
0.6898717673165858
0.6898752395400137
0.6898787117634415
0.6898821839868694
0.6898856562102973
0.6898891284337252
0.689892600657153
0.6898960728805809
0.6898995451040087
0.6899030173274365
0.6899064895508644
0.6899099617742922
0.6899134339977201
0.689916906221148
0.6899203784445759
0.6899238506680037
0.6899273228914315
