0.3086806627363412
0.30868413495976904
0.30868760718319693
0.30869107940662477
0.30869455163005266
0.3086980238534805
0.3087014960769084
0.3087049683003362
0.30870844052376406
0.3087119127471919
0.3087153849706198
0.3087188571940476
0.30872232941747546
0.30872580164090335
0.30872927386433124
0.3087327460877591
0.3087362183111869
0.30873969053461475
0.3087431627580426
0.3087466349814705
0.3087501072048983
0.30875357942832615
0.308757051651754
0.3087605238751819
0.30876399609860977
0.3087674683220376
0.30877094054546544
0.30877441276889334
0.30877788499232117
0.308781357215749
0.30878482943917684
0.30878830166260474
0.3087917738860326
0.30879524610946046
0.3087987183328883
0.30880219055631614
0.30880566277974403
0.30880913500317186
0.3088126072265997
0.30881607945002754
0.3088195516734554
0.3088230238968833
0.30882649612031116
0.308829968343739
0.30883344056716683
0.30883691279059466
0.30884038501402256
0.30884385723745045
0.3088473294608783
0.3088508016843061
0.30885427390773396
0.30885774613116185
0.3088612183545897
0.3088646905780175
0.3088681628014454
0.3088716350248733
0.30887510724830114
0.308878579471729
0.3088820516951568
0.30888552391858465
0.30888899614201254
0.3088924683654404
0.3088959405888682
0.3088994128122961
0.308902885035724
0.30890635725915183
0.30890982948257967
0.3089133017060075
0.3089167739294354
0.30892024615286323
0.30892371837629107
0.3089271905997189
0.3089306628231468
0.30893413504657463
0.3089376072700025
0.30894107949343036
0.30894455171685825
0.3089480239402861
0.3089514961637139
0.30895496838714176
0.3089584406105696
0.3089619128339975
0.3089653850574254
0.3089688572808532
0.30897232950428105
0.30897580172770894
0.30897927395113683
0.30898274617456467
0.3089862183979925
0.30898969062142034
0.3089931628448482
0.30899663506827607
0.3090001072917039
0.30900357951513174
0.3090070517385596
0.30901052396198747
0.30901399618541536
0.3090174684088432
0.30902094063227104
0.30902441285569887
0.3090278850791267
0.3090313573025546
0.30903482952598244
0.3090383017494103
0.30904177397283816
0.30904524619626605
0.3090487184196939
0.3090521906431217
0.3090556628665496
0.30905913508997745
0.3090626073134053
0.3090660795368331
0.30906955176026096
0.3090730239836889
0.30907649620711675
0.3090799684305446
0.3090834406539724
0.30908691287740025
0.30909038510082815
0.309093857324256
0.3090973295476838
0.30910080177111166
0.30910427399453955
0.30910774621796744
0.3091112184413953
0.3091146906648231
0.309118162888251
0.3091216351116789
0.30912510733510673
0.30912857955853457
0.3091320517819624
0.30913552400539024
0.30913899622881813
0.30914246845224597
0.3091459406756738
0.3091494128991017
0.3091528851225296
0.3091563573459574
0.30915982956938526
0.3091633017928131
0.30916677401624093
0.3091702462396688
0.30917371846309666
0.3091771906865245
0.3091806629099524
0.3091841351333802
0.3091876073568081
0.30919107958023595
0.30919455180366384
0.3091980240270917
0.3092014962505195
0.30920496847394735
0.3092084406973752
0.3092119129208031
0.30921538514423097
0.3092188573676588
0.30922232959108664
0.30922580181451453
0.3092292740379424
0.3092327462613702
0.30923621848479804
0.3092396907082259
0.3092431629316537
0.30924663515508166
0.3092501073785095
0.30925357960193733
0.30925705182536517
0.30926052404879306
0.30926399627222095
0.3092674684956488
0.3092709407190766
0.30927441294250446
0.3092778851659323
0.3092813573893602
0.309284829612788
0.3092883018362159
0.30929177405964375
0.30929524628307165
0.3092987185064995
0.3093021907299273
0.30930566295335515
0.30930913517678305
0.3093126074002109
0.3093160796236387
0.30931955184706655
0.3093230240704945
0.30932649629392234
0.3093299685173502
0.309333440740778
0.30933691296420585
0.30934038518763374
0.3093438574110616
0.3093473296344894
0.30935080185791725
0.30935427408134514
0.30935774630477303
0.30936121852820087
0.3093646907516287
0.3093681629750566
0.3093716351984845
