0.6232641053000365
0.6232675775234644
0.6232710497468923
0.6232745219703202
0.623277994193748
0.6232814664171759
0.6232849386406036
0.6232884108640315
0.6232918830874594
0.6232953553108873
0.6232988275343151
0.623302299757743
0.6233057719811709
0.6233092442045987
0.6233127164280265
0.6233161886514543
0.6233196608748822
0.6233231330983101
0.623326605321738
0.6233300775451658
0.6233335497685937
0.6233370219920216
0.6233404942154493
0.6233439664388772
0.623347438662305
0.6233509108857329
0.6233543831091608
0.6233578553325887
0.6233613275560165
0.6233647997794444
0.6233682720028723
0.6233717442263
0.6233752164497279
0.6233786886731557
0.6233821608965836
0.6233856331200115
0.6233891053434394
0.6233925775668672
0.6233960497902952
0.623399522013723
0.6234029942371507
0.6234064664605786
0.6234099386840064
0.6234134109074343
0.6234168831308622
0.6234203553542901
0.6234238275777179
0.6234272998011459
0.6234307720245736
0.6234342442480015
0.6234377164714293
0.6234411886948572
0.623444660918285
0.6234481331417129
0.6234516053651408
0.6234550775885686
0.6234585498119964
0.6234620220354243
0.6234654942588522
0.62346896648228
0.6234724387057079
0.6234759109291357
0.6234793831525636
0.6234828553759915
0.6234863275994192
0.6234897998228471
0.623493272046275
0.6234967442697029
0.6235002164931307
0.6235036887165586
0.6235071609399864
0.6235106331634143
0.6235141053868422
0.6235175776102699
0.6235210498336979
0.6235245220571257
0.6235279942805536
0.6235314665039814
0.6235349387274093
0.6235384109508371
0.623541883174265
0.6235453553976928
0.6235488276211206
0.6235522998445486
0.6235557720679764
0.6235592442914043
0.6235627165148321
0.62356618873826
0.6235696609616878
0.6235731331851158
0.6235766054085435
0.6235800776319714
0.6235835498553992
0.6235870220788271
0.623590494302255
0.6235939665256828
0.6235974387491107
0.6236009109725384
0.6236043831959664
0.6236078554193942
0.6236113276428221
0.6236147998662499
0.6236182720896778
0.6236217443131057
0.6236252165365335
0.6236286887599614
0.6236321609833891
0.6236356332068171
0.6236391054302449
0.6236425776536728
0.6236460498771007
0.6236495221005285
0.6236529943239564
0.6236564665473842
0.623659938770812
0.6236634109942398
0.6236668832176678
0.6236703554410956
0.6236738276645235
0.6236772998879514
0.6236807721113793
0.6236842443348071
0.6236877165582349
0.6236911887816627
0.6236946610050905
0.6236981332285185
0.6237016054519463
0.6237050776753742
0.623708549898802
0.62371202212223
0.6237154943456578
0.6237189665690857
0.6237224387925134
0.6237259110159413
0.6237293832393692
0.623732855462797
0.6237363276862249
0.6237397999096527
0.6237432721330807
0.6237467443565085
0.6237502165799363
0.6237536888033641
0.623757161026792
0.6237606332502199
0.6237641054736477
0.6237675776970756
0.6237710499205035
0.6237745221439314
0.6237779943673591
0.623781466590787
0.6237849388142148
0.6237884110376427
0.6237918832610706
0.6237953554844984
0.6237988277079263
0.6238022999313542
0.6238057721547821
0.6238092443782098
0.6238127166016377
0.6238161888250655
0.6238196610484934
0.6238231332719213
0.6238266054953491
0.623830077718777
0.6238335499422047
0.6238370221656327
0.6238404943890605
0.6238439666124884
0.6238474388359162
0.6238509110593441
0.623854383282772
0.6238578555061999
0.6238613277296277
0.6238647999530555
0.6238682721764834
0.6238717443999112
0.6238752166233391
0.6238786888467669
0.6238821610701948
0.6238856332936227
0.6238891055170506
0.6238925777404783
0.6238960499639062
0.6238995221873341
0.6239029944107619
0.6239064666341898
0.6239099388576176
0.6239134110810455
0.6239168833044734
0.6239203555279013
0.623923827751329
0.6239272999747569
0.6239307721981848
0.6239342444216126
0.6239377166450405
0.6239411888684683
0.6239446610918962
0.6239481333153241
0.623951605538752
0.6239550777621797
