0.2788195412567851
0.278823013480213
0.2788264857036409
0.2788299579270687
0.27883343015049655
0.27883690237392444
0.2788403745973523
0.2788438468207801
0.27884731904420795
0.27885079126763584
0.2788542634910637
0.2788577357144915
0.2788612079379194
0.2788646801613473
0.27886815238477514
0.278871624608203
0.27887509683163086
0.2788785690550587
0.27888204127848654
0.2788855135019144
0.27888898572534226
0.2788924579487701
0.27889593017219794
0.27889940239562583
0.2789028746190537
0.27890634684248156
0.2789098190659094
0.27891329128933723
0.27891676351276506
0.27892023573619296
0.2789237079596208
0.27892718018304863
0.2789306524064765
0.27893412462990436
0.27893759685333225
0.2789410690767601
0.278944541300188
0.2789480135236158
0.2789514857470436
0.2789549579704715
0.2789584301938994
0.2789619024173272
0.27896537464075505
0.27896884686418294
0.2789723190876108
0.2789757913110386
0.2789792635344665
0.27898273575789434
0.2789862079813222
0.27898968020475
0.2789931524281779
0.2789966246516058
0.27900009687503363
0.27900356909846147
0.27900704132188936
0.2790105135453172
0.27901398576874503
0.2790174579921729
0.27902093021560076
0.2790244024390286
0.27902787466245643
0.2790313468858843
0.27903481910931216
0.27903829133274005
0.2790417635561679
0.2790452357795958
0.2790487080030236
0.27905218022645145
0.2790556524498793
0.2790591246733071
0.279062596896735
0.27906606912016285
0.2790695413435907
0.2790730135670186
0.27907648579044647
0.2790799580138743
0.27908343023730214
0.27908690246073004
0.27909037468415787
0.2790938469075857
0.27909731913101354
0.27910079135444144
0.27910426357786927
0.2791077358012971
0.279111208024725
0.2791146802481529
0.2791181524715807
0.27912162469500856
0.2791250969184364
0.27912856914186424
0.2791320413652921
0.27913551358871996
0.27913898581214786
0.2791424580355757
0.2791459302590035
0.2791494024824314
0.2791528747058593
0.27915634692928715
0.279159819152715
0.2791632913761428
0.27916676359957066
0.27917023582299855
0.2791737080464264
0.2791771802698543
0.2791806524932821
0.27918412471670995
0.27918759694013784
0.2791910691635657
0.2791945413869935
0.27919801361042135
0.2792014858338492
0.2792049580572771
0.27920843028070497
0.2792119025041328
0.27921537472756064
0.27921884695098853
0.27922231917441637
0.2792257913978442
0.2792292636212721
0.27923273584469993
0.27923620806812777
0.2792396802915556
0.2792431525149835
0.2792466247384114
0.2792500969618392
0.27925356918526706
0.27925704140869495
0.2792605136321228
0.2792639858555506
0.27926745807897846
0.27927093030240635
0.2792744025258342
0.279277874749262
0.2792813469726899
0.27928481919611775
0.27928829141954564
0.2792917636429735
0.27929523586640137
0.2792987080898292
0.27930218031325704
0.2793056525366849
0.2793091247601127
0.2793125969835406
0.27931606920696844
0.2793195414303963
0.27932301365382417
0.27932648587725206
0.2793299581006799
0.27933343032410773
0.27933690254753557
0.2793403747709634
0.2793438469943913
0.27934731921781913
0.279350791441247
0.27935426366467486
0.2793577358881027
0.2793612081115306
0.2793646803349585
0.2793681525583863
0.27937162478181415
0.279375097005242
0.2793785692286698
0.2793820414520977
0.27938551367552555
0.27938898589895345
0.2793924581223813
0.2793959303458091
0.279399402569237
0.27940287479266485
0.2794063470160927
0.2794098192395205
0.2794132914629484
0.27941676368637625
0.27942023590980414
0.279423708133232
0.27942718035665987
0.2794306525800877
0.27943412480351554
0.27943759702694343
0.27944106925037127
0.2794445414737991
0.27944801369722694
0.2794514859206548
0.27945495814408267
0.27945843036751056
0.2794619025909384
0.27946537481436623
0.2794688470377941
0.27947231926122196
0.2794757914846498
0.27947926370807763
0.2794827359315055
0.27948620815493336
0.2794896803783612
0.2794931526017891
0.2794966248252169
0.2795000970486448
0.27950356927207265
0.27950704149550054
0.2795105137189284
