0.01770833948206229
0.017711811705490122
0.017715283928918052
0.017718756152345794
0.01772222837577372
0.017725700599201557
0.01772917282262939
0.017732645046057316
0.017736117269485152
0.017739589492912988
0.017743061716340915
0.017746533939768657
0.017750006163196583
0.01775347838662442
0.017756950610052252
0.017760422833480182
0.017763895056908015
0.01776736728033585
0.017770839503763684
0.01777431172719152
0.017777783950619446
0.017781256174047282
0.01778472839747512
0.01778820062090295
0.017791672844330787
0.01779514506775862
0.01779861729118655
0.017802089514614382
0.01780556173804222
0.017809033961470145
0.017812506184897887
0.017815978408325814
0.01781945063175365
0.017822922855181486
0.017826395078609412
0.01782986730203725
0.01783333952546508
0.017836811748893008
0.01784028397232075
0.01784375619574868
0.017847228419176513
0.01785070064260435
0.017854172866032275
0.01785764508946011
0.017861117312887944
0.01786458953631578
0.017868061759743613
0.01787153398317145
0.017875006206599375
0.01787847843002721
0.017881950653455048
0.017885422876882974
0.017888895100310716
0.017892367323738643
0.01789583954716648
0.01789931177059431
0.01790278399402224
0.017906256217450074
0.01790972844087791
0.017913200664305743
0.01791667288773358
0.017920145111161506
0.01792361733458934
0.017927089558017178
0.01793056178144501
0.017934034004872847
0.017937506228300773
0.01794097845172861
0.017944450675156442
0.017947922898584278
0.017951395122012204
0.01795486734544004
0.017958339568867873
0.01796181179229571
0.017965284015723545
0.017968756239151472
0.017972228462579305
0.01797570068600714
0.017979172909435067
0.01798264513286281
0.01798611735629074
0.017989589579718572
0.017993061803146408
0.017996534026574335
0.01800000625000217
0.018003478473430003
0.01800695069685784
0.018010422920285672
0.018013895143713602
0.018017367367141435
0.01802083959056927
0.018024311813997107
0.018027784037425033
0.01803125626085287
0.018034728484280702
0.01803820070770854
0.01804167293113637
0.0180451451545643
0.018048617377992134
0.01805208960141997
0.018055561824847802
0.01805903404827564
0.018062506271703565
0.0180659784951314
0.018069450718559237
0.018072922941987164
0.018076395165414906
0.018079867388842832
0.01808333961227067
0.0180868118356985
0.01809028405912643
0.018093756282554264
0.0180972285059821
0.018100700729409933
0.01810417295283777
0.018107645176265695
0.01811111739969353
0.018114589623121364
0.0181180618465492
0.018121534069977126
0.018125006293404963
0.0181284785168328
0.01813195074026063
0.018135422963688468
0.018138895187116394
0.01814236741054423
0.018145839633972063
0.018149311857399993
0.01815278408082773
0.01815625630425566
0.018159728527683494
0.01816320075111133
0.018166672974539257
0.018170145197967093
0.01817361742139493
0.01817708964482276
0.018180561868250598
0.018184034091678524
0.01818750631510636
0.018190978538534193
0.01819445076196203
0.018197922985389862
0.01820139520881779
0.018204867432245624
0.01820833965567346
0.018211811879101293
0.018215284102529223
0.018218756325956965
0.018222228549384892
0.018225700772812728
0.01822917299624056
0.01823264521966849
0.018236117443096323
0.01823958966652416
0.018243061889952086
0.018246534113379828
0.018250006336807754
0.01825347856023559
0.018256950783663423
0.018260423007091353
0.018263895230519186
0.018267367453947022
0.018270839677374858
0.01827431190080269
0.01827778412423062
0.018281256347658453
0.01828472857108629
0.018288200794514122
0.01829167301794196
0.01829514524136979
0.01829861746479772
0.018302089688225553
0.01830556191165339
0.018309034135081316
0.018312506358509152
0.018315978581936985
0.01831945080536482
0.018322923028792657
0.018326395252220583
0.01832986747564842
0.018333339699076252
0.018336811922504182
0.01834028414593192
0.01834375636935985
0.018347228592787684
0.01835070081621552
0.018354173039643353
0.018357645263071282
0.018361117486499115
0.01836458970992695
0.018368061933354787
0.01837153415678262
0.01837500638021055
0.018378478603638383
0.01838195082706622
0.018385423050494145
0.018388895273921887
0.018392367497349814
0.01839583972077765
0.018399311944205483
