0.5246529599489445
0.5246564321723722
0.5246599043958001
0.5246633766192279
0.5246668488426559
0.5246703210660837
0.5246737932895116
0.5246772655129394
0.5246807377363673
0.5246842099597951
0.5246876821832229
0.5246911544066508
0.5246946266300786
0.5246980988535066
0.5247015710769344
0.5247050433003623
0.52470851552379
0.524711987747218
0.5247154599706458
0.5247189321940736
0.5247224044175015
0.5247258766409293
0.5247293488643573
0.5247328210877851
0.524736293311213
0.5247397655346407
0.5247432377580687
0.5247467099814965
0.5247501822049244
0.5247536544283522
0.52475712665178
0.524760598875208
0.5247640710986358
0.5247675433220637
0.5247710155454914
0.5247744877689194
0.5247779599923472
0.5247814322157751
0.5247849044392029
0.5247883766626308
0.5247918488860587
0.5247953211094865
0.5247987933329143
0.5248022655563421
0.5248057377797701
0.5248092100031979
0.5248126822266258
0.5248161544500536
0.5248196266734815
0.5248230988969094
0.5248265711203371
0.524830043343765
0.5248335155671928
0.5248369877906208
0.5248404600140486
0.5248439322374765
0.5248474044609043
0.5248508766843322
0.5248543489077601
0.5248578211311878
0.5248612933546157
0.5248647655780435
0.5248682378014715
0.5248717100248993
0.5248751822483272
0.524878654471755
0.5248821266951829
0.5248855989186108
0.5248890711420386
0.5248925433654664
0.5248960155888942
0.5248994878123222
0.52490296003575
0.5249064322591779
0.5249099044826057
0.5249133767060336
0.5249168489294614
0.5249203211528893
0.5249237933763171
0.524927265599745
0.5249307378231729
0.5249342100466007
0.5249376822700286
0.5249411544934564
0.5249446267168842
0.5249480989403121
0.52495157116374
0.5249550433871678
0.5249585156105957
0.5249619878340236
0.5249654600574514
0.5249689322808793
0.524972404504307
0.5249758767277349
0.5249793489511628
0.5249828211745907
0.5249862933980185
0.5249897656214464
0.5249932378448743
0.5249967100683021
0.52500018229173
0.5250036545151577
0.5250071267385856
0.5250105989620135
0.5250140711854414
0.5250175434088692
0.5250210156322971
0.525024487855725
0.5250279600791529
0.5250314323025806
0.5250349045260085
0.5250383767494363
0.5250418489728642
0.5250453211962921
0.5250487934197199
0.5250522656431478
0.5250557378665757
0.5250592100900036
0.5250626823134313
0.5250661545368592
0.525069626760287
0.5250730989837149
0.5250765712071428
0.5250800434305706
0.5250835156539985
0.5250869878774264
0.5250904601008543
0.525093932324282
0.5250974045477099
0.5251008767711377
0.5251043489945656
0.5251078212179935
0.5251112934414213
0.5251147656648492
0.525118237888277
0.5251217101117049
0.5251251823351327
0.5251286545585606
0.5251321267819884
0.5251355990054163
0.5251390712288442
0.525142543452272
0.5251460156756999
0.5251494878991277
0.5251529601225556
0.5251564323459834
0.5251599045694113
0.5251633767928391
0.5251668490162671
0.5251703212396949
0.5251737934631228
0.5251772656865505
0.5251807379099784
0.5251842101334063
0.5251876823568341
0.525191154580262
0.5251946268036898
0.5251980990271178
0.5252015712505456
0.5252050434739735
0.5252085156974012
0.5252119879208291
0.525215460144257
0.5252189323676848
0.5252224045911127
0.5252258768145405
0.5252293490379685
0.5252328212613963
0.5252362934848241
0.5252397657082519
0.5252432379316798
0.5252467101551077
0.5252501823785355
0.5252536546019634
0.5252571268253912
0.5252605990488192
0.525264071272247
0.5252675434956748
0.5252710157191026
0.5252744879425306
0.5252779601659584
0.5252814323893862
0.5252849046128141
0.5252883768362419
0.5252918490596699
0.5252953212830976
0.5252987935065255
0.5253022657299533
0.5253057379533813
0.5253092101768091
0.525312682400237
0.5253161546236648
0.5253196268470927
0.5253230990705205
0.5253265712939483
0.5253300435173762
0.525333515740804
0.525336987964232
0.5253404601876598
0.5253439324110877
