0.3392362289014684
0.3392397011248962
0.33924317334832405
0.33924664557175194
0.3392501177951798
0.3392535900186076
0.33925706224203545
0.33926053446546334
0.33926400668889123
0.33926747891231906
0.3392709511357469
0.3392744233591748
0.3392778955826026
0.33928136780603046
0.3392848400294583
0.3392883122528862
0.33929178447631403
0.3392952566997419
0.33929872892316976
0.33930220114659765
0.3393056733700255
0.3393091455934533
0.33931261781688116
0.339316090040309
0.33931956226373683
0.3393230344871648
0.3393265067105926
0.33932997893402045
0.3393334511574483
0.3393369233808761
0.33934039560430407
0.3393438678277319
0.3393473400511597
0.3393508122745875
0.3393542844980154
0.3393577567214433
0.33936122894487114
0.339364701168299
0.33936817339172687
0.33937164561515476
0.3393751178385826
0.33937859006201043
0.33938206228543827
0.3393855345088661
0.339389006732294
0.33939247895572183
0.33939595117914967
0.33939942340257756
0.33940289562600545
0.3394063678494333
0.3394098400728611
0.33941331229628896
0.33941678451971685
0.3394202567431447
0.3394237289665725
0.33942720119000036
0.33943067341342825
0.3394341456368561
0.339437617860284
0.3394410900837118
0.33944456230713965
0.33944803453056754
0.3394515067539954
0.3394549789774232
0.33945845120085105
0.33946192342427894
0.33946539564770684
0.33946886787113467
0.3394723400945625
0.3394758123179904
0.3394792845414183
0.3394827567648461
0.33948622898827396
0.33948970121170174
0.3394931734351296
0.3394966456585575
0.33950011788198536
0.3395035901054132
0.33950706232884104
0.3395105345522689
0.3395140067756968
0.33951747899912466
0.3395209512225525
0.33952442344598033
0.33952789566940816
0.33953136789283606
0.3395348401162639
0.3395383123396918
0.3395417845631196
0.3395452567865475
0.33954872900997535
0.33955220123340324
0.3395556734568311
0.3395591456802589
0.33956261790368675
0.3395660901271146
0.3395695623505424
0.33957303457397037
0.3395765067973982
0.33957997902082604
0.3395834512442539
0.3395869234676817
0.3395903956911096
0.33959386791453744
0.3395973401379653
0.3396008123613931
0.339604284584821
0.3396077568082489
0.33961122903167673
0.33961470125510457
0.33961817347853246
0.33962164570196035
0.3396251179253882
0.339628590148816
0.33963206237224386
0.3396355345956717
0.3396390068190996
0.3396424790425274
0.33964595126595526
0.33964942348938315
0.33965289571281104
0.3396563679362389
0.3396598401596667
0.33966331238309455
0.33966678460652244
0.3396702568299503
0.3396737290533781
0.33967720127680595
0.33968067350023384
0.3396841457236617
0.33968761794708957
0.3396910901705174
0.33969456239394524
0.33969803461737313
0.33970150684080097
0.3397049790642288
0.33970845128765664
0.33971192351108453
0.3397153957345124
0.33971886795794026
0.3397223401813681
0.339725812404796
0.3397292846282238
0.33973275685165166
0.3397362290750795
0.33973970129850734
0.33974317352193517
0.3397466457453631
0.33975011796879095
0.3397535901922188
0.3397570624156466
0.3397605346390745
0.3397640068625024
0.33976747908593025
0.3397709513093581
0.3397744235327859
0.33977789575621375
0.33978136797964165
0.3397848402030695
0.3397883124264974
0.3397917846499252
0.3397952568733531
0.33979872909678094
0.3398022013202088
0.3398056735436366
0.3398091457670645
0.33981261799049234
0.3398160902139202
0.339819562437348
0.33982303466077596
0.3398265068842038
0.33982997910763163
0.33983345133105947
0.3398369235544873
0.3398403957779152
0.33984386800134303
0.33984734022477087
0.3398508124481987
0.3398542846716266
0.3398577568950545
0.3398612291184823
0.33986470134191016
0.33986817356533805
0.3398716457887659
0.3398751180121937
0.33987859023562156
0.33988206245904945
0.3398855346824773
0.3398890069059052
0.339892479129333
0.33989595135276085
0.33989942357618874
0.33990289579961663
0.33990636802304447
0.3399098402464723
0.33991331246990014
0.33991678469332803
0.33992025691675587
0.3399237291401837
0.33992720136361154
