0.6920141291715727
0.6920176013950005
0.6920210736184282
0.6920245458418562
0.692028018065284
0.6920314902887119
0.6920349625121397
0.6920384347355676
0.6920419069589955
0.6920453791824234
0.6920488514058512
0.692052323629279
0.6920557958527069
0.6920592680761347
0.6920627402995626
0.6920662125229904
0.6920696847464183
0.6920731569698462
0.6920766291932741
0.6920801014167018
0.6920835736401297
0.6920870458635576
0.6920905180869854
0.6920939903104133
0.6920974625338411
0.692100934757269
0.6921044069806969
0.6921078792041248
0.6921113514275525
0.6921148236509805
0.6921182958744083
0.6921217680978361
0.692125240321264
0.6921287125446918
0.6921321847681197
0.6921356569915476
0.6921391292149754
0.6921426014384032
0.6921460736618312
0.692149545885259
0.6921530181086869
0.6921564903321147
0.6921599625555426
0.6921634347789705
0.6921669070023982
0.6921703792258261
0.6921738514492539
0.6921773236726818
0.6921807958961097
0.6921842681195376
0.6921877403429654
0.6921912125663933
0.692194684789821
0.6921981570132489
0.6922016292366768
0.6922051014601046
0.6922085736835326
0.6922120459069604
0.6922155181303883
0.6922189903538161
0.692222462577244
0.6922259348006717
0.6922294070240996
0.6922328792475275
0.6922363514709553
0.6922398236943833
0.6922432959178111
0.692246768141239
0.6922502403646668
0.6922537125880946
0.6922571848115225
0.6922606570349503
0.6922641292583782
0.692267601481806
0.6922710737052339
0.6922745459286618
0.6922780181520897
0.6922814903755174
0.6922849625989453
0.6922884348223731
0.6922919070458011
0.6922953792692289
0.6922988514926568
0.6923023237160847
0.6923057959395125
0.6923092681629404
0.6923127403863681
0.692316212609796
0.6923196848332238
0.6923231570566518
0.6923266292800796
0.6923301015035075
0.6923335737269354
0.6923370459503632
0.692340518173791
0.6923439903972188
0.6923474626206467
0.6923509348440745
0.6923544070675025
0.6923578792909303
0.6923613515143582
0.6923648237377861
0.6923682959612139
0.6923717681846417
0.6923752404080695
0.6923787126314974
0.6923821848549252
0.6923856570783532
0.692389129301781
0.6923926015252089
0.6923960737486368
0.6923995459720647
0.6924030181954924
0.6924064904189202
0.6924099626423481
0.692413434865776
0.6924169070892039
0.6924203793126317
0.6924238515360596
0.6924273237594873
0.6924307959829153
0.6924342682063431
0.692437740429771
0.6924412126531988
0.6924446848766267
0.6924481571000546
0.6924516293234824
0.6924551015469103
0.6924585737703381
0.692462045993766
0.6924655182171938
0.6924689904406217
0.6924724626640495
0.6924759348874774
0.6924794071109053
0.6924828793343331
0.692486351557761
0.6924898237811888
0.6924932960046167
0.6924967682280445
0.6925002404514724
0.6925037126749002
0.6925071848983281
0.692510657121756
0.6925141293451837
0.6925176015686116
0.6925210737920394
0.6925245460154674
0.6925280182388952
0.6925314904623231
0.6925349626857509
0.6925384349091788
0.6925419071326067
0.6925453793560344
0.6925488515794623
0.6925523238028902
0.6925557960263181
0.6925592682497459
0.6925627404731738
0.6925662126966016
0.6925696849200295
0.6925731571434574
0.6925766293668852
0.692580101590313
0.6925835738137409
0.6925870460371688
0.6925905182605966
0.6925939904840245
0.6925974627074523
0.6926009349308802
0.692604407154308
0.6926078793777359
0.6926113516011637
0.6926148238245916
0.6926182960480195
0.6926217682714473
0.6926252404948752
0.692628712718303
0.6926321849417308
0.6926356571651587
0.6926391293885866
0.6926426016120144
0.6926460738354423
0.6926495460588702
0.692653018282298
0.6926564905057259
0.6926599627291536
0.6926634349525816
0.6926669071760094
0.6926703793994373
0.6926738516228651
0.692677323846293
0.6926807960697209
0.6926842682931487
0.6926877405165766
0.6926912127400043
0.6926946849634322
0.6926981571868601
0.692701629410288
0.6927051016337158
