0.8517364068529191
0.851739879076347
0.8517433512997747
0.8517468235232026
0.8517502957466304
0.8517537679700583
0.8517572401934861
0.8517607124169141
0.851764184640342
0.8517676568637698
0.8517711290871977
0.8517746013106254
0.8517780735340533
0.8517815457574811
0.851785017980909
0.8517884902043368
0.8517919624277647
0.8517954346511925
0.8517989068746205
0.8518023790980483
0.8518058513214761
0.851809323544904
0.8518127957683318
0.8518162679917597
0.8518197402151875
0.8518232124386156
0.8518266846620431
0.8518301568854713
0.851833629108899
0.8518371013323269
0.8518405735557547
0.8518440457791825
0.8518475180026104
0.8518509902260382
0.8518544624494663
0.8518579346728938
0.851861406896322
0.8518648791197497
0.8518683513431776
0.8518718235666054
0.8518752957900333
0.8518787680134611
0.851882240236889
0.8518857124603167
0.8518891846837445
0.8518926569071726
0.8518961291306004
0.8518996013540283
0.8519030735774561
0.851906545800884
0.8519100180243118
0.8519134902477397
0.8519169624711677
0.8519204346945953
0.8519239069180233
0.8519273791414511
0.851930851364879
0.8519343235883068
0.8519377958117347
0.8519412680351625
0.8519447402585903
0.8519482124820184
0.851951684705446
0.851955156928874
0.8519586291523018
0.8519621013757297
0.8519655735991575
0.8519690458225854
0.8519725180460131
0.851975990269441
0.851979462492869
0.8519829347162967
0.8519864069397247
0.8519898791631525
0.8519933513865804
0.8519968236100082
0.8520002958334361
0.8520037680568638
0.8520072402802917
0.8520107125037195
0.8520141847271474
0.8520176569505754
0.8520211291740032
0.8520246013974311
0.8520280736208589
0.8520315458442868
0.8520350180677145
0.8520384902911424
0.8520419625145704
0.8520454347379981
0.8520489069614261
0.8520523791848539
0.8520558514082818
0.8520593236317096
0.8520627958551374
0.8520662680785652
0.8520697403019931
0.8520732125254211
0.852076684748849
0.8520801569722768
0.8520836291957046
0.8520871014191325
0.8520905736425602
0.8520940458659881
0.8520975180894159
0.8521009903128438
0.8521044625362716
0.8521079347596995
0.8521114069831275
0.8521148792065554
0.8521183514299832
0.852121823653411
0.8521252958768388
0.8521287681002666
0.8521322403236945
0.8521357125471225
0.8521391847705502
0.8521426569939782
0.8521461292174058
0.8521496014408338
0.8521530736642617
0.8521565458876895
0.8521600181111174
0.8521634903345452
0.8521669625579732
0.8521704347814011
0.8521739070048289
0.8521773792282568
0.8521808514516845
0.8521843236751124
0.8521877958985402
0.8521912681219681
0.8521947403453959
0.8521982125688238
0.8522016847922516
0.8522051570156796
0.8522086292391075
0.8522121014625352
0.8522155736859631
0.8522190459093909
0.8522225181328188
0.8522259903562466
0.8522294625796746
0.8522329348031022
0.8522364070265303
0.8522398792499581
0.8522433514733859
0.8522468236968138
0.8522502959202416
0.8522537681436695
0.8522572403670973
0.8522607125905253
0.8522641848139532
0.8522676570373809
0.8522711292608088
0.8522746014842366
0.8522780737076645
0.8522815459310923
0.8522850181545202
0.852288490377948
0.8522919626013759
0.8522954348248036
0.8522989070482316
0.8523023792716595
0.8523058514950873
0.8523093237185152
0.852312795941943
0.8523162681653709
0.8523197403887987
0.8523232126122267
0.8523266848356543
0.8523301570590823
0.8523336292825102
0.852337101505938
0.8523405737293659
0.8523440459527937
0.8523475181762216
0.8523509903996493
0.8523544626230775
0.852357934846505
0.8523614070699331
0.8523648792933609
0.8523683515167887
0.8523718237402166
0.8523752959636444
0.8523787681870723
0.8523822404105
0.8523857126339279
0.8523891848573557
0.8523926570807838
0.8523961293042116
0.8523996015276395
0.8524030737510673
0.8524065459744952
0.852410018197923
0.8524134904213507
0.8524169626447786
0.8524204348682064
0.8524239070916345
0.8524273793150623
