0.5163196237220915
0.5163230959455194
0.5163265681689473
0.5163300403923751
0.516333512615803
0.5163369848392309
0.5163404570626587
0.5163439292860865
0.5163474015095144
0.5163508737329422
0.5163543459563702
0.516357818179798
0.5163612904032258
0.5163647626266537
0.5163682348500815
0.5163717070735094
0.5163751792969372
0.5163786515203651
0.5163821237437929
0.5163855959672209
0.5163890681906487
0.5163925404140766
0.5163960126375043
0.5163994848609322
0.5164029570843601
0.5164064293077879
0.5164099015312158
0.5164133737546436
0.5164168459780716
0.5164203182014994
0.5164237904249273
0.516427262648355
0.5164307348717829
0.5164342070952108
0.5164376793186386
0.5164411515420665
0.5164446237654943
0.5164480959889223
0.51645156821235
0.516455040435778
0.5164585126592057
0.5164619848826336
0.5164654571060615
0.5164689293294893
0.5164724015529172
0.516475873776345
0.516479345999773
0.5164828182232007
0.5164862904466286
0.5164897626700564
0.5164932348934844
0.5164967071169122
0.5165001793403401
0.5165036515637679
0.5165071237871957
0.5165105960106237
0.5165140682340514
0.5165175404574793
0.5165210126809071
0.5165244849043351
0.5165279571277629
0.5165314293511908
0.5165349015746186
0.5165383737980465
0.5165418460214743
0.5165453182449021
0.51654879046833
0.5165522626917578
0.5165557349151858
0.5165592071386136
0.5165626793620415
0.5165661515854693
0.5165696238088971
0.516573096032325
0.5165765682557528
0.5165800404791807
0.5165835127026085
0.5165869849260365
0.5165904571494643
0.5165939293728922
0.51659740159632
0.5166008738197478
0.5166043460431757
0.5166078182666035
0.5166112904900314
0.5166147627134592
0.5166182349368872
0.516621707160315
0.5166251793837429
0.5166286516071706
0.5166321238305985
0.5166355960540264
0.5166390682774543
0.5166425405008821
0.5166460127243099
0.5166494849477379
0.5166529571711657
0.5166564293945936
0.5166599016180213
0.5166633738414492
0.5166668460648771
0.516670318288305
0.5166737905117328
0.5166772627351607
0.5166807349585886
0.5166842071820164
0.5166876794054442
0.516691151628872
0.5166946238522999
0.5166980960757278
0.5167015682991557
0.5167050405225835
0.5167085127460114
0.5167119849694393
0.516715457192867
0.5167189294162949
0.5167224016397227
0.5167258738631506
0.5167293460865785
0.5167328183100064
0.5167362905334342
0.5167397627568621
0.51674323498029
0.5167467072037177
0.5167501794271456
0.5167536516505734
0.5167571238740013
0.5167605960974292
0.5167640683208571
0.5167675405442849
0.5167710127677128
0.5167744849911406
0.5167779572145685
0.5167814294379963
0.5167849016614242
0.516788373884852
0.5167918461082799
0.5167953183317078
0.5167987905551356
0.5168022627785634
0.5168057350019913
0.5168092072254192
0.516812679448847
0.5168161516722749
0.5168196238957027
0.5168230961191306
0.5168265683425585
0.5168300405659862
0.5168335127894141
0.516836985012842
0.5168404572362699
0.5168439294596977
0.5168474016831256
0.5168508739065534
0.5168543461299813
0.5168578183534092
0.5168612905768369
0.5168647628002648
0.5168682350236927
0.5168717072471206
0.5168751794705484
0.5168786516939763
0.5168821239174041
0.516885596140832
0.5168890683642599
0.5168925405876876
0.5168960128111155
0.5168994850345434
0.5169029572579713
0.5169064294813991
0.516909901704827
0.5169133739282548
0.5169168461516828
0.5169203183751105
0.5169237905985384
0.5169272628219662
0.5169307350453941
0.516934207268822
0.5169376794922498
0.5169411517156777
0.5169446239391055
0.5169480961625335
0.5169515683859612
0.5169550406093891
0.5169585128328169
0.5169619850562448
0.5169654572796727
0.5169689295031005
0.5169724017265284
0.5169758739499561
0.5169793461733841
0.5169828183968119
0.5169862906202398
0.5169897628436676
0.5169932350670955
0.5169967072905234
0.5170001795139512
0.517003651737379
0.5170071239608068
0.5170105961842348
