0.899653090157323
0.8996565623807508
0.8996600346041786
0.8996635068276064
0.8996669790510343
0.8996704512744621
0.8996739234978902
0.899677395721318
0.8996808679447459
0.8996843401681737
0.8996878123916016
0.8996912846150293
0.8996947568384571
0.8996982290618852
0.8997017012853128
0.8997051735087409
0.8997086457321687
0.8997121179555966
0.8997155901790244
0.8997190624024523
0.89972253462588
0.8997260068493079
0.8997294790727359
0.8997329512961636
0.8997364235195916
0.8997398957430194
0.8997433679664473
0.899746840189875
0.8997503124133029
0.8997537846367307
0.8997572568601586
0.8997607290835864
0.8997642013070143
0.8997676735304423
0.8997711457538701
0.899774617977298
0.8997780902007257
0.8997815624241536
0.8997850346475814
0.8997885068710093
0.8997919790944373
0.899795451317865
0.899798923541293
0.8998023957647208
0.8998058679881487
0.8998093402115764
0.8998128124350043
0.8998162846584321
0.89981975688186
0.899823229105288
0.8998267013287157
0.8998301735521437
0.8998336457755715
0.8998371179989993
0.8998405902224271
0.899844062445855
0.8998475346692828
0.8998510068927107
0.8998544791161387
0.8998579513395664
0.8998614235629944
0.8998648957864221
0.89986836800985
0.8998718402332778
0.8998753124567057
0.8998787846801335
0.8998822569035614
0.8998857291269892
0.8998892013504171
0.8998926735738451
0.8998961457972728
0.8998996180207007
0.8999030902441285
0.8999065624675564
0.8999100346909842
0.8999135069144121
0.8999169791378401
0.8999204513612677
0.8999239235846958
0.8999273958081236
0.8999308680315514
0.8999343402549792
0.8999378124784071
0.8999412847018349
0.8999447569252628
0.8999482291486908
0.8999517013721187
0.8999551735955464
0.8999586458189743
0.8999621180424021
0.89996559026583
0.8999690624892578
0.8999725347126857
0.8999760069361135
0.8999794791595412
0.8999829513829691
0.8999864236063971
0.899989895829825
0.8999933680532528
0.8999968402766807
0.9000003125001085
0.9000037847235364
0.9000072569469642
0.9000107291703922
0.9000142013938198
0.9000176736172478
0.9000211458406755
0.9000246180641035
0.9000280902875314
0.9000315625109592
0.9000350347343871
0.9000385069578148
0.9000419791812428
0.9000454514046707
0.9000489236280985
0.9000523958515264
0.9000558680749542
0.9000593402983821
0.9000628125218099
0.9000662847452378
0.9000697569686655
0.9000732291920934
0.9000767014155212
0.9000801736389492
0.9000836458623771
0.9000871180858049
0.9000905903092328
0.9000940625326606
0.9000975347560884
0.9001010069795162
0.9001044792029442
0.9001079514263719
0.9001114236497999
0.9001148958732278
0.9001183680966556
0.9001218403200835
0.9001253125435112
0.9001287847669391
0.9001322569903669
0.9001357292137949
0.9001392014372228
0.9001426736606506
0.9001461458840785
0.9001496181075063
0.9001530903309342
0.9001565625543619
0.9001600347777898
0.9001635070012176
0.9001669792246455
0.9001704514480733
0.9001739236715013
0.9001773958949292
0.900180868118357
0.9001843403417848
0.9001878125652126
0.9001912847886405
0.9001947570120683
0.9001982292354964
0.900201701458924
0.9002051736823521
0.9002086459057799
0.9002121181292078
0.9002155903526355
0.9002190625760633
0.9002225347994912
0.900226007022919
0.9002294792463471
0.9002329514697747
0.9002364236932028
0.9002398959166306
0.9002433681400585
0.9002468403634862
0.9002503125869141
0.9002537848103419
0.9002572570337698
0.9002607292571976
0.9002642014806254
0.9002676737040535
0.9002711459274813
0.9002746181509091
0.9002780903743369
0.9002815625977648
0.9002850348211926
0.9002885070446205
0.9002919792680485
0.9002954514914762
0.9002989237149042
0.900302395938332
0.9003058681617598
0.9003093403851876
0.9003128126086155
0.9003162848320433
0.9003197570554712
0.9003232292788992
0.9003267015023269
0.9003301737257549
0.9003336459491826
0.9003371181726105
0.9003405903960383
0.9003440626194662
