0.9052086476418916
0.9052121198653195
0.9052155920887472
0.9052190643121751
0.9052225365356029
0.9052260087590308
0.9052294809824588
0.9052329532058865
0.9052364254293145
0.9052398976527423
0.9052433698761702
0.9052468420995979
0.9052503143230258
0.9052537865464536
0.9052572587698815
0.9052607309933095
0.9052642032167373
0.9052676754401652
0.905271147663593
0.9052746198870208
0.9052780921104486
0.9052815643338765
0.9052850365573043
0.9052885087807322
0.90529198100416
0.9052954532275879
0.9052989254510159
0.9053023976744436
0.9053058698978715
0.9053093421212993
0.9053128143447272
0.905316286568155
0.9053197587915829
0.9053232310150109
0.9053267032384386
0.9053301754618666
0.9053336476852943
0.9053371199087222
0.90534059213215
0.9053440643555779
0.9053475365790057
0.9053510088024336
0.9053544810258616
0.9053579532492894
0.9053614254727173
0.905364897696145
0.9053683699195729
0.9053718421430007
0.9053753143664286
0.9053787865898564
0.9053822588132843
0.905385731036712
0.9053892032601399
0.9053926754835679
0.9053961477069957
0.9053996199304236
0.9054030921538514
0.9054065643772793
0.9054100366007071
0.905413508824135
0.905416981047563
0.9054204532709906
0.9054239254944186
0.9054273977178465
0.9054308699412743
0.9054343421647021
0.90543781438813
0.9054412866115578
0.9054447588349857
0.9054482310584137
0.9054517032818415
0.9054551755052693
0.9054586477286972
0.905462119952125
0.9054655921755529
0.9054690643989807
0.9054725366224086
0.9054760088458363
0.9054794810692641
0.905482953292692
0.90548642551612
0.9054898977395479
0.9054933699629757
0.9054968421864036
0.9055003144098314
0.9055037866332593
0.905507258856687
0.905510731080115
0.9055142033035427
0.9055176755269707
0.9055211477503986
0.9055246199738264
0.9055280921972543
0.9055315644206821
0.90553503664411
0.9055385088675377
0.9055419810909657
0.9055454533143936
0.9055489255378214
0.9055523977612493
0.9055558699846771
0.905559342208105
0.9055628144315327
0.9055662866549606
0.9055697588783884
0.9055732311018163
0.9055767033252441
0.9055801755486721
0.9055836477721
0.9055871199955278
0.9055905922189557
0.9055940644423834
0.9055975366658113
0.9056010088892391
0.9056044811126671
0.9056079533360948
0.9056114255595228
0.9056148977829507
0.9056183700063785
0.9056218422298064
0.9056253144532341
0.905628786676662
0.9056322589000898
0.9056357311235178
0.9056392033469455
0.9056426755703735
0.9056461477938014
0.9056496200172292
0.905653092240657
0.9056565644640848
0.9056600366875127
0.9056635089109405
0.9056669811343686
0.9056704533577962
0.9056739255812242
0.9056773978046521
0.9056808700280798
0.9056843422515077
0.9056878144749355
0.9056912866983634
0.9056947589217912
0.9056982311452193
0.9057017033686469
0.905705175592075
0.9057086478155028
0.9057121200389306
0.9057155922623584
0.9057190644857862
0.9057225367092141
0.9057260089326419
0.90572948115607
0.9057329533794976
0.9057364256029257
0.9057398978263534
0.9057433700497813
0.9057468422732091
0.905750314496637
0.9057537867200648
0.9057572589434927
0.9057607311669207
0.9057642033903485
0.9057676756137764
0.9057711478372041
0.905774620060632
0.9057780922840598
0.9057815645074877
0.9057850367309155
0.9057885089543434
0.9057919811777712
0.905795453401199
0.905798925624627
0.9058023978480548
0.9058058700714827
0.9058093422949105
0.9058128145183384
0.9058162867417662
0.9058197589651941
0.9058232311886221
0.9058267034120497
0.9058301756354777
0.9058336478589055
0.9058371200823334
0.9058405923057612
0.9058440645291891
0.9058475367526169
0.9058510089760448
0.9058544811994728
0.9058579534229005
0.9058614256463284
0.9058648978697562
0.9058683700931841
0.9058718423166119
0.9058753145400398
0.9058787867634676
0.9058822589868955
0.9058857312103232
0.9058892034337511
0.9058926756571791
0.9058961478806069
0.9058996201040348
