0.28923621154035123
0.2892396837637791
0.2892431559872069
0.28924662821063474
0.28925010043406263
0.28925357265749047
0.28925704488091836
0.2892605171043462
0.2892639893277741
0.2892674615512019
0.28927093377462976
0.28927440599805765
0.2892778782214855
0.2892813504449133
0.28928482266834116
0.289288294891769
0.2892917671151969
0.2892952393386248
0.2892987115620526
0.28930218378548045
0.28930565600890834
0.2893091282323362
0.28931260045576407
0.28931607267919185
0.28931954490261974
0.2893230171260476
0.2893264893494754
0.2893299615729033
0.2893334337963312
0.28933690601975903
0.28934037824318687
0.28934385046661476
0.2893473226900426
0.28935079491347043
0.28935426713689827
0.28935773936032616
0.289361211583754
0.28936468380718183
0.2893681560306097
0.2893716282540376
0.28937510047746545
0.2893785727008933
0.2893820449243212
0.28938551714774896
0.28938898937117685
0.2893924615946047
0.2893959338180325
0.2893994060414604
0.28940287826488825
0.28940635048831614
0.289409822711744
0.28941329493517187
0.2894167671585997
0.28942023938202754
0.2894237116054554
0.28942718382888327
0.2894306560523111
0.28943412827573894
0.28943760049916684
0.28944107272259467
0.2894445449460225
0.2894480171694504
0.2894514893928783
0.28945496161630613
0.2894584338397339
0.2894619060631618
0.2894653782865897
0.28946885051001753
0.28947232273344536
0.28947579495687326
0.2894792671803011
0.28948273940372893
0.2894862116271568
0.28948968385058466
0.2894931560740125
0.28949662829744033
0.2895001005208682
0.28950357274429606
0.28950704496772395
0.2895105171911518
0.2895139894145797
0.2895174616380075
0.28952093386143535
0.28952440608486324
0.289527878308291
0.2895313505317189
0.28953482275514675
0.2895382949785746
0.2895417672020025
0.28954523942543037
0.2895487116488582
0.28955218387228604
0.28955565609571393
0.28955912831914177
0.2895626005425696
0.28956607276599744
0.28956954498942533
0.28957301721285317
0.289576489436281
0.2895799616597089
0.2895834338831368
0.2895869061065646
0.28959037832999246
0.28959385055342035
0.2895973227768482
0.289600795000276
0.28960426722370386
0.28960773944713175
0.2896112116705596
0.2896146838939874
0.2896181561174153
0.2896216283408432
0.28962510056427104
0.2896285727876989
0.2896320450111267
0.28963551723455455
0.28963898945798244
0.2896424616814103
0.2896459339048381
0.289649406128266
0.28965287835169384
0.2896563505751217
0.28965982279854957
0.28966329502197746
0.2896667672454053
0.2896702394688331
0.28967371169226097
0.28967718391568886
0.2896806561391167
0.28968412836254454
0.2896876005859724
0.28969107280940026
0.2896945450328281
0.289698017256256
0.2897014894796838
0.28970496170311166
0.2897084339265395
0.2897119061499674
0.2897153783733953
0.2897188505968231
0.28972232282025095
0.28972579504367885
0.2897292672671067
0.2897327394905345
0.2897362117139624
0.28973968393739025
0.2897431561608181
0.2897466283842459
0.2897501006076738
0.28975357283110165
0.28975704505452954
0.2897605172779574
0.28976398950138527
0.2897674617248131
0.28977093394824094
0.2897744061716688
0.2897778783950966
0.2897813506185245
0.28978482284195234
0.2897882950653802
0.28979176728880807
0.28979523951223596
0.2897987117356638
0.28980218395909163
0.2898056561825195
0.28980912840594736
0.2898126006293752
0.28981607285280303
0.2898195450762309
0.28982301729965876
0.2898264895230866
0.2898299617465145
0.2898334339699424
0.2898369061933702
0.28984037841679805
0.2898438506402259
0.2898473228636537
0.2898507950870816
0.28985426731050945
0.28985773953393734
0.2898612117573652
0.289864683980793
0.2898681562042209
0.2898716284276488
0.28987510065107663
0.28987857287450447
0.2898820450979323
0.28988551732136014
0.28988898954478803
0.28989246176821587
0.2898959339916437
0.2898994062150716
0.28990287843849943
0.28990635066192727
0.28990982288535516
0.289913295108783
0.28991676733221083
0.28992023955563867
0.28992371177906656
0.28992718400249445
