0.7017363547695676
0.7017398269929954
0.7017432992164233
0.7017467714398512
0.701750243663279
0.7017537158867069
0.7017571881101347
0.7017606603335627
0.7017641325569904
0.7017676047804183
0.7017710770038462
0.7017745492272741
0.7017780214507019
0.7017814936741298
0.7017849658975576
0.7017884381209853
0.7017919103444133
0.7017953825678411
0.701798854791269
0.7018023270146969
0.7018057992381248
0.7018092714615526
0.7018127436849805
0.7018162159084083
0.7018196881318362
0.701823160355264
0.7018266325786918
0.7018301048021197
0.7018335770255475
0.7018370492489755
0.7018405214724033
0.7018439936958312
0.701847465919259
0.7018509381426868
0.7018544103661147
0.7018578825895425
0.7018613548129704
0.7018648270363983
0.7018682992598262
0.701871771483254
0.7018752437066819
0.7018787159301096
0.7018821881535375
0.7018856603769654
0.7018891326003932
0.7018926048238211
0.7018960770472489
0.7018995492706769
0.7019030214941047
0.7019064937175326
0.7019099659409603
0.7019134381643882
0.7019169103878161
0.701920382611244
0.7019238548346718
0.7019273270580997
0.7019307992815276
0.7019342715049554
0.7019377437283832
0.701941215951811
0.7019446881752389
0.7019481603986668
0.7019516326220947
0.7019551048455225
0.7019585770689504
0.7019620492923783
0.701965521515806
0.7019689937392339
0.7019724659626617
0.7019759381860897
0.7019794104095175
0.7019828826329454
0.7019863548563732
0.7019898270798011
0.701993299303229
0.7019967715266567
0.7020002437500846
0.7020037159735124
0.7020071881969403
0.7020106604203682
0.7020141326437961
0.7020176048672239
0.7020210770906519
0.7020245493140796
0.7020280215375074
0.7020314937609353
0.7020349659843631
0.702038438207791
0.7020419104312189
0.7020453826546468
0.7020488548780746
0.7020523271015026
0.7020557993249303
0.7020592715483582
0.702062743771786
0.7020662159952139
0.7020696882186417
0.7020731604420696
0.7020766326654975
0.7020801048889252
0.7020835771123531
0.702087049335781
0.7020905215592089
0.7020939937826367
0.7020974660060646
0.7021009382294924
0.7021044104529203
0.7021078826763482
0.7021113548997759
0.7021148271232039
0.7021182993466317
0.7021217715700596
0.7021252437934874
0.7021287160169153
0.7021321882403432
0.702135660463771
0.7021391326871989
0.7021426049106266
0.7021460771340545
0.7021495493574824
0.7021530215809103
0.7021564938043381
0.702159966027766
0.7021634382511938
0.7021669104746218
0.7021703826980495
0.7021738549214773
0.7021773271449053
0.7021807993683331
0.702184271591761
0.7021877438151888
0.7021912160386167
0.7021946882620445
0.7021981604854725
0.7022016327089002
0.7022051049323281
0.702208577155756
0.7022120493791838
0.7022155216026117
0.7022189938260395
0.7022224660494674
0.7022259382728953
0.7022294104963231
0.7022328827197509
0.7022363549431788
0.7022398271666066
0.7022432993900345
0.7022467716134624
0.7022502438368902
0.7022537160603181
0.7022571882837458
0.7022606605071738
0.7022641327306016
0.7022676049540295
0.7022710771774574
0.7022745494008852
0.7022780216243131
0.7022814938477409
0.7022849660711687
0.7022884382945965
0.7022919105180245
0.7022953827414523
0.7022988549648802
0.7023023271883081
0.702305799411736
0.7023092716351638
0.7023127438585915
0.7023162160820194
0.7023196883054472
0.7023231605288752
0.702326632752303
0.7023301049757309
0.7023335771991588
0.7023370494225867
0.7023405216460145
0.7023439938694424
0.7023474660928701
0.702350938316298
0.7023544105397259
0.7023578827631537
0.7023613549865816
0.7023648272100095
0.7023682994334374
0.7023717716568652
0.702375243880293
0.7023787161037208
0.7023821883271487
0.7023856605505766
0.7023891327740044
0.7023926049974323
0.7023960772208601
0.7023995494442881
0.7024030216677158
0.7024064938911437
0.7024099661145715
0.7024134383379994
0.7024169105614273
0.7024203827848551
0.702423855008283
0.7024273272317109
