0.8017363894918019
0.8017398617152298
0.8017433339386576
0.8017468061620855
0.8017502783855133
0.8017537506089412
0.8017572228323689
0.801760695055797
0.8017641672792247
0.8017676395026526
0.8017711117260804
0.8017745839495083
0.8017780561729362
0.801781528396364
0.8017850006197919
0.8017884728432196
0.8017919450666476
0.8017954172900755
0.8017988895135033
0.8018023617369312
0.8018058339603591
0.8018093061837869
0.8018127784072147
0.8018162506306425
0.8018197228540704
0.8018231950774982
0.8018266673009261
0.8018301395243541
0.8018336117477819
0.8018370839712098
0.8018405561946376
0.8018440284180655
0.8018475006414932
0.8018509728649211
0.801854445088349
0.8018579173117768
0.8018613895352048
0.8018648617586325
0.8018683339820605
0.8018718062054883
0.8018752784289161
0.8018787506523439
0.8018822228757718
0.8018856950991997
0.8018891673226276
0.8018926395460554
0.8018961117694833
0.8018995839929112
0.801903056216339
0.8019065284397668
0.8019100006631946
0.8019134728866225
0.8019169451100503
0.8019204173334782
0.8019238895569061
0.801927361780334
0.8019308340037619
0.8019343062271896
0.8019377784506175
0.8019412506740453
0.8019447228974732
0.8019481951209011
0.8019516673443289
0.8019551395677569
0.8019586117911847
0.8019620840146126
0.8019655562380403
0.8019690284614682
0.801972500684896
0.8019759729083239
0.8019794451317518
0.8019829173551797
0.8019863895786075
0.8019898618020354
0.8019933340254632
0.801996806248891
0.8020002784723189
0.8020037506957467
0.8020072229191747
0.8020106951426024
0.8020141673660304
0.8020176395894582
0.802021111812886
0.8020245840363139
0.8020280562597417
0.8020315284831696
0.8020350007065974
0.8020384729300253
0.8020419451534532
0.8020454173768811
0.802048889600309
0.8020523618237367
0.8020558340471646
0.8020593062705924
0.8020627784940203
0.8020662507174481
0.802069722940876
0.8020731951643039
0.8020766673877318
0.8020801396111596
0.8020836118345875
0.8020870840580153
0.8020905562814432
0.802094028504871
0.8020975007282988
0.8021009729517268
0.8021044451751544
0.8021079173985824
0.8021113896220102
0.8021148618454382
0.802118334068866
0.8021218062922939
0.8021252785157217
0.8021287507391496
0.8021322229625774
0.8021356951860052
0.8021391674094331
0.802142639632861
0.8021461118562889
0.8021495840797167
0.8021530563031446
0.8021565285265724
0.8021600007500003
0.802163472973428
0.8021669451968559
0.8021704174202838
0.8021738896437117
0.8021773618671396
0.8021808340905674
0.8021843063139953
0.8021877785374231
0.802191250760851
0.8021947229842787
0.8021981952077066
0.8022016674311345
0.8022051396545623
0.8022086118779903
0.8022120841014181
0.802215556324846
0.8022190285482738
0.8022225007717017
0.8022259729951294
0.8022294452185573
0.8022329174419852
0.8022363896654131
0.802239861888841
0.8022433341122688
0.8022468063356967
0.8022502785591245
0.8022537507825523
0.8022572230059801
0.8022606952294081
0.8022641674528359
0.8022676396762638
0.8022711118996916
0.8022745841231195
0.8022780563465474
0.8022815285699751
0.802285000793403
0.8022884730168308
0.8022919452402588
0.8022954174636867
0.8022988896871145
0.8023023619105424
0.8023058341339702
0.802309306357398
0.8023127785808258
0.8023162508042537
0.8023197230276816
0.8023231952511094
0.8023266674745373
0.8023301396979653
0.8023336119213931
0.8023370841448209
0.8023405563682487
0.8023440285916765
0.8023475008151044
0.8023509730385322
0.8023544452619602
0.802357917485388
0.802361389708816
0.8023648619322437
0.8023683341556717
0.8023718063790994
0.8023752786025273
0.8023787508259551
0.8023822230493829
0.8023856952728109
0.8023891674962388
0.8023926397196666
0.8023961119430945
0.8023995841665224
0.8024030563899501
0.802406528613378
0.8024100008368058
0.8024134730602337
0.8024169452836615
0.8024204175070894
0.8024238897305173
0.8024273619539452
