0.1149305954620123
0.11493406768544019
0.11493753990886797
0.11494101213229585
0.11494448435572369
0.11494795657915158
0.11495142880257946
0.11495490102600729
0.11495837324943517
0.11496184547286296
0.11496531769629084
0.11496878991971872
0.11497226214314656
0.11497573436657443
0.11497920659000227
0.11498267881343015
0.11498615103685794
0.11498962326028582
0.1149930954837137
0.11499656770714153
0.11500003993056941
0.11500351215399725
0.11500698437742508
0.11501045660085296
0.1150139288242808
0.11501740104770869
0.11502087327113653
0.1150243454945644
0.11502781771799228
0.11503128994142008
0.11503476216484795
0.11503823438827579
0.11504170661170367
0.11504517883513155
0.11504865105855938
0.11505212328198726
0.11505559550541505
0.11505906772884293
0.11506253995227077
0.11506601217569865
0.11506948439912654
0.11507295662255436
0.11507642884598225
0.11507990106941003
0.11508337329283791
0.1150868455162658
0.11509031773969364
0.11509378996312151
0.11509726218654935
0.11510073440997723
0.11510420663340507
0.1151076788568329
0.11511115108026078
0.11511462330368862
0.11511809552711649
0.11512156775054433
0.1151250399739722
0.11512851219740004
0.11513198442082788
0.11513545664425576
0.1151389288676836
0.11514240109111147
0.11514587331453936
0.11514934553796714
0.11515281776139502
0.11515628998482286
0.11515976220825075
0.11516323443167863
0.11516670665510646
0.11517017887853434
0.11517365110196214
0.11517712332539001
0.11518059554881789
0.11518406777224573
0.1151875399956736
0.11519101221910144
0.11519448444252932
0.11519795666595711
0.11520142888938499
0.11520490111281287
0.1152083733362407
0.1152118455596686
0.11521531778309642
0.11521879000652431
0.11522226222995219
0.11522573445337997
0.11522920667680786
0.1152326789002357
0.11523615112366357
0.11523962334709145
0.11524309557051929
0.11524656779394712
0.11525004001737496
0.11525351224080284
0.11525698446423072
0.11526045668765855
0.11526392891108643
0.11526740113451422
0.1152708733579421
0.11527434558136994
0.11527781780479782
0.11528129002822571
0.11528476225165353
0.11528823447508142
0.1152917066985092
0.11529517892193708
0.11529865114536497
0.11530212336879281
0.11530559559222069
0.11530906781564852
0.1153125400390764
0.11531601226250428
0.11531948448593207
0.11532295670935995
0.11532642893278779
0.11532990115621566
0.1153333733796435
0.11533684560307138
0.11534031782649927
0.11534379004992705
0.11534726227335493
0.11535073449678276
0.11535420672021064
0.11535767894363853
0.11536115116706637
0.11536462339049425
0.11536809561392203
0.11537156783734992
0.1153750400607778
0.11537851228420563
0.11538198450763351
0.11538545673106135
0.11538892895448918
0.11539240117791706
0.1153958734013449
0.11539934562477278
0.11540281784820061
0.11540629007162849
0.11540976229505628
0.11541323451848416
0.11541670674191204
0.11542017896533988
0.11542365118876777
0.11542712341219559
0.11543059563562348
0.11543406785905136
0.11543754008247914
0.11544101230590703
0.11544448452933487
0.11544795675276275
0.11545142897619062
0.11545490119961846
0.11545837342304634
0.11546184564647413
0.11546531786990201
0.11546879009332989
0.11547226231675772
0.1154757345401856
0.11547920676361344
0.11548267898704133
0.11548615121046911
0.11548962343389699
0.11549309565732488
0.1154965678807527
0.11550004010418059
0.11550351232760843
0.11550698455103627
0.11551045677446414
0.11551392899789198
0.11551740122131986
0.1155208734447477
0.11552434566817557
0.11552781789160345
0.11553129011503124
0.11553476233845912
0.11553823456188696
0.11554170678531483
0.11554517900874267
0.11554865123217055
0.11555212345559844
0.11555559567902622
0.1155590679024541
0.11556254012588194
0.11556601234930983
0.1155694845727377
0.11557295679616554
0.11557642901959342
0.1155799012430212
0.11558337346644909
0.11558684568987697
0.1155903179133048
0.11559379013673268
0.11559726236016052
0.1156007345835884
0.11560420680701627
0.11560767903044407
0.11561115125387195
0.11561462347729978
0.11561809570072766
0.1156215679241555
