0.131597267915718
0.13160074013914588
0.13160421236257372
0.1316076845860016
0.1316111568094294
0.13161462903285726
0.13161810125628515
0.13162157347971298
0.13162504570314087
0.1316285179265687
0.13163199014999657
0.1316354623734244
0.13163893459685225
0.13164240682028014
0.13164587904370798
0.13164935126713584
0.13165282349056373
0.1316562957139915
0.1316597679374194
0.13166324016084724
0.1316667123842751
0.13167018460770294
0.13167365683113083
0.13167712905455872
0.1316806012779865
0.1316840735014144
0.1316875457248422
0.1316910179482701
0.131694490171698
0.13169796239512582
0.1317014346185537
0.1317049068419815
0.13170837906540936
0.13171185128883725
0.1317153235122651
0.13171879573569295
0.1317222679591208
0.13172574018254868
0.13172921240597657
0.13173268462940435
0.13173615685283221
0.13173962907626005
0.13174310129968794
0.13174657352311578
0.13175004574654367
0.1317535179699715
0.13175699019339931
0.1317604624168272
0.13176393464025504
0.13176740686368293
0.1317708790871108
0.1317743513105386
0.13177782353396647
0.1317812957573943
0.1317847679808222
0.13178824020425006
0.1317917124276779
0.1317951846511058
0.13179865687453357
0.13180212909796146
0.13180560132138933
0.13180907354481716
0.13181254576824505
0.1318160179916729
0.13181949021510078
0.13182296243852856
0.13182643466195645
0.13182990688538432
0.13183337910881215
0.13183685133224005
0.13184032355566788
0.13184379577909575
0.13184726800252364
0.13185074022595142
0.1318542124493793
0.13185768467280715
0.131861156896235
0.1318646291196629
0.13186810134309074
0.13187157356651857
0.1318750457899464
0.13187851801337427
0.13188199023680217
0.13188546246023
0.1318889346836579
0.13189240690708573
0.13189587913051357
0.13189935135394137
0.13190282357736927
0.13190629580079716
0.131909768024225
0.13191324024765286
0.13191671247108067
0.13192018469450853
0.13192365691793642
0.13192712914136426
0.13193060136479212
0.13193407358821996
0.13193754581164785
0.13194101803507574
0.13194449025850352
0.13194796248193139
0.13195143470535922
0.1319549069287871
0.13195837915221495
0.13196185137564284
0.1319653235990707
0.1319687958224985
0.13197226804592638
0.1319757402693542
0.1319792124927821
0.13198268471620997
0.1319861569396378
0.1319896291630657
0.13199310138649348
0.13199657360992137
0.13200004583334923
0.13200351805677707
0.13200699028020496
0.1320104625036328
0.13201393472706063
0.13201740695048853
0.13202087917391633
0.13202435139734423
0.13202782362077206
0.13203129584419995
0.1320347680676278
0.13203824029105563
0.1320417125144835
0.13204518473791133
0.13204865696133922
0.13205212918476705
0.13205560140819492
0.1320590736316228
0.1320625458550506
0.13206601807847848
0.13206949030190632
0.13207296252533418
0.13207643474876207
0.1320799069721899
0.1320833791956178
0.13208685141904558
0.13209032364247345
0.13209379586590134
0.13209726808932917
0.13210074031275706
0.1321042125361849
0.13210768475961276
0.13211115698304057
0.13211462920646844
0.13211810142989633
0.13212157365332416
0.13212504587675203
0.13212851810017986
0.13213199032360776
0.1321354625470356
0.13213893477046343
0.1321424069938913
0.13214587921731913
0.13214935144074702
0.1321528236641749
0.1321562958876027
0.13215976811103058
0.1321632403344584
0.13216671255788628
0.13217018478131412
0.132173657004742
0.13217712922816988
0.13218060145159768
0.13218407367502555
0.13218754589845338
0.13219101812188128
0.13219449034530914
0.13219796256873698
0.13220143479216487
0.13220490701559265
0.13220837923902054
0.1322118514624484
0.13221532368587624
0.13221879590930413
0.13222226813273197
0.13222574035615986
0.13222921257958772
0.1322326848030155
0.1322361570264434
0.13223962924987123
0.13224310147329912
0.13224657369672696
0.13225004592015482
0.13225351814358266
0.1322569903670105
0.1322604625904384
0.13226393481386622
0.1322674070372941
0.13227087926072198
0.13227435148414976
0.13227782370757765
0.1322812959310055
0.13228476815443335
0.13228824037786124
