0.2732639837722166
0.27326745599564445
0.2732709282190723
0.2732744004425001
0.27327787266592796
0.2732813448893558
0.2732848171127837
0.2732882893362116
0.2732917615596394
0.27329523378306725
0.27329870600649514
0.27330217822992303
0.27330565045335087
0.27330912267677865
0.27331259490020654
0.2733160671236344
0.2733195393470622
0.2733230115704901
0.273326483793918
0.27332995601734583
0.27333342824077367
0.27333690046420156
0.2733403726876294
0.27334384491105723
0.27334731713448507
0.27335078935791296
0.2733542615813408
0.27335773380476863
0.2733612060281965
0.2733646782516244
0.27336815047505225
0.2733716226984801
0.273375094921908
0.2733785671453358
0.27338203936876365
0.2733855115921915
0.2733889838156193
0.2733924560390472
0.27339592826247505
0.27339940048590294
0.2734028727093308
0.27340634493275867
0.2734098171561865
0.27341328937961434
0.2734167616030422
0.27342023382647007
0.2734237060498979
0.27342717827332574
0.27343065049675364
0.27343412272018147
0.27343759494360936
0.2734410671670372
0.2734445393904651
0.2734480116138929
0.2734514838373207
0.2734549560607486
0.2734584282841765
0.2734619005076043
0.27346537273103216
0.27346884495446006
0.2734723171778879
0.2734757894013158
0.2734792616247436
0.27348273384817146
0.2734862060715993
0.2734896782950271
0.273493150518455
0.2734966227418829
0.27350009496531075
0.2735035671887386
0.2735070394121665
0.2735105116355943
0.2735139838590222
0.27351745608245004
0.2735209283058778
0.2735244005293057
0.27352787275273355
0.2735313449761614
0.2735348171995893
0.27353828942301717
0.273541761646445
0.27354523386987284
0.27354870609330073
0.27355217831672857
0.2735556505401564
0.27355912276358424
0.27356259498701213
0.27356606721043997
0.2735695394338678
0.2735730116572957
0.2735764838807236
0.2735799561041514
0.27358342832757926
0.27358690055100715
0.273590372774435
0.2735938449978628
0.27359731722129066
0.27360078944471855
0.2736042616681464
0.2736077338915742
0.2736112061150021
0.27361467833843
0.27361815056185784
0.2736216227852857
0.2736250950087135
0.27362856723214135
0.27363203945556924
0.2736355116789971
0.27363898390242497
0.2736424561258528
0.27364592834928064
0.27364940057270853
0.27365287279613637
0.27365634501956426
0.2736598172429921
0.2736632894664199
0.27366676168984777
0.27367023391327566
0.2736737061367035
0.27367717836013133
0.2736806505835592
0.27368412280698706
0.27368759503041495
0.2736910672538428
0.2736945394772706
0.27369801170069846
0.2737014839241263
0.2737049561475542
0.2737084283709821
0.2737119005944099
0.27371537281783775
0.27371884504126565
0.2737223172646935
0.2737257894881214
0.2737292617115492
0.27373273393497705
0.2737362061584049
0.2737396783818327
0.2737431506052606
0.2737466228286885
0.27375009505211634
0.2737535672755442
0.27375703949897207
0.2737605117223999
0.27376398394582774
0.2737674561692556
0.2737709283926834
0.2737744006161113
0.27377787283953914
0.273781345062967
0.27378481728639487
0.27378828950982276
0.2737917617332506
0.27379523395667843
0.2737987061801063
0.27380217840353416
0.273805650626962
0.27380912285038983
0.2738125950738177
0.27381606729724556
0.2738195395206734
0.2738230117441013
0.2738264839675292
0.273829956190957
0.27383342841438485
0.2738369006378127
0.2738403728612406
0.2738438450846684
0.27384731730809625
0.27385078953152414
0.273854261754952
0.2738577339783798
0.2738612062018077
0.2738646784252356
0.27386815064866343
0.27387162287209127
0.2738750950955191
0.27387856731894694
0.27388203954237483
0.27388551176580267
0.27388898398923056
0.2738924562126584
0.27389592843608623
0.2738994006595141
0.27390287288294196
0.2739063451063698
0.27390981732979763
0.27391328955322547
0.27391676177665336
0.27392023400008125
0.2739237062235091
0.2739271784469369
0.2739306506703648
0.27393412289379265
0.27393759511722054
0.2739410673406484
0.2739445395640762
0.27394801178750405
0.2739514840109319
0.2739549562343598
