0.04062501410590767
0.04062848632933551
0.040631958552763345
0.04063543077619118
0.04063890299961911
0.04064237522304694
0.04064584744647477
0.04064931966990261
0.040652791893330535
0.04065626411675837
0.04065973634018621
0.040663208563614044
0.04066668078704188
0.040670153010469806
0.04067362523389764
0.04067709745732547
0.040680569680753405
0.040684041904181144
0.04068751412760907
0.040690986351036906
0.04069445857446474
0.04069793079789267
0.040701403021320505
0.04070487524474834
0.04070834746817617
0.040711819691604006
0.04071529191503193
0.04071876413845977
0.040722236361887605
0.04072570858531544
0.04072918080874327
0.040732653032171204
0.04073612525559903
0.04073959747902687
0.040743069702454705
0.04074654192588263
0.04075001414931038
0.040753486372738304
0.04075695859616614
0.04076043081959397
0.0407639030430219
0.04076737526644973
0.04077084748987757
0.040774319713305494
0.04077779193673324
0.04078126416016117
0.040784736383589
0.04078820860701683
0.040791680830444765
0.040795153053872595
0.04079862527730043
0.04080209750072827
0.0408055697241561
0.04080904194758394
0.040812514171011866
0.0408159863944397
0.04081945861786753
0.040822930841295464
0.0408264030647232
0.04082987528815113
0.040833347511578966
0.0408368197350068
0.04084029195843473
0.040843764181862564
0.040847236405290394
0.04085070862871823
0.040854180852146066
0.04085765307557399
0.04086112529900183
0.040864597522429665
0.04086806974585759
0.04087154196928533
0.04087501419271326
0.04087848641614109
0.04088195863956893
0.040885430862996765
0.04088890308642469
0.04089237530985253
0.04089584753328036
0.0408993197567082
0.04090279198013603
0.04090626420356396
0.04090973642699179
0.04091320865041963
0.040916680873847554
0.0409201530972753
0.040923625320703226
0.04092709754413106
0.04093056976755889
0.040934041990986825
0.040937514214414654
0.04094098643784249
0.040944458661270416
0.04094793088469816
0.04095140310812609
0.040954875331553925
0.04095834755498176
0.04096181977840959
0.040965292001837524
0.04096876422526535
0.04097223644869319
0.040975708672121025
0.04097918089554886
0.04098265311897679
0.040986125342404624
0.04098959756583245
0.04099306978926029
0.040996542012688125
0.04100001423611605
0.04100348645954389
0.041006958682971724
0.04101043090639965
0.04101390312982739
0.04101737535325532
0.04102084757668315
0.04102431980011099
0.041027792023538914
0.04103126424696675
0.04103473647039459
0.04103820869382242
0.04104168091725026
0.041045153140678185
0.04104862536410602
0.04105209758753385
0.04105556981096169
0.04105904203438961
0.04106251425781745
0.041065986481245285
0.04106945870467312
0.04107293092810095
0.041076403151528884
0.04107987537495671
0.04108334759838455
0.041086819821812386
0.04109029204524022
0.04109376426866815
0.041097236492095984
0.04110070871552382
0.04110418093895175
0.04110765316237958
0.04111112538580741
0.04111459760923525
0.041118069832663084
0.04112154205609101
0.04112501427951885
0.04112848650294668
0.04113195872637451
0.04113543094980235
0.041138903173230275
0.04114237539665811
0.04114584762008595
0.04114931984351378
0.04115279206694171
0.041156264290369546
0.04115973651379738
0.04116320873722521
0.04116668096065305
0.041170153184080974
0.04117362540750881
0.041177097630936646
0.04118056985436457
0.04118404207779232
0.041187514301220245
0.041190986524648074
0.04119445874807591
0.041197930971503836
0.04120140319493167
0.04120487541835951
0.041208347641787345
0.04121181986521518
0.04121529208864311
0.041218764312070943
0.04122223653549877
0.04122570875892661
0.041229180982354445
0.04123265320578228
0.04123612542921021
0.041239597652638044
0.04124306987606588
0.041246542099493806
0.041250014322921545
0.04125348654634947
0.04125695876977731
0.041260430993205144
0.04126390321663307
0.041267375440060906
0.04127084766348874
0.04127431988691667
0.04127779211034441
0.041281264333772334
0.04128473655720017
0.04128820878062801
0.04129168100405593
0.04129515322748377
0.041298625450911605
0.04130209767433944
0.04130556989776727
0.04130904212119511
0.04131251434462303
0.04131598656805087
