0.6156252137587548
0.6156286859821826
0.6156321582056105
0.6156356304290383
0.6156391026524662
0.615642574875894
0.6156460470993219
0.6156495193227498
0.6156529915461776
0.6156564637696055
0.6156599359930333
0.6156634082164611
0.615666880439889
0.6156703526633169
0.6156738248867447
0.6156772971101726
0.6156807693336005
0.6156842415570283
0.6156877137804562
0.615691186003884
0.6156946582273118
0.6156981304507397
0.6157016026741676
0.6157050748975954
0.6157085471210234
0.6157120193444512
0.615715491567879
0.6157189637913069
0.6157224360147346
0.6157259082381625
0.6157293804615904
0.6157328526850183
0.6157363249084461
0.6157397971318741
0.6157432693553019
0.6157467415787298
0.6157502138021576
0.6157536860255854
0.6157571582490132
0.6157606304724411
0.615764102695869
0.6157675749192968
0.6157710471427247
0.6157745193661526
0.6157779915895805
0.6157814638130082
0.6157849360364361
0.6157884082598639
0.6157918804832918
0.6157953527067197
0.6157988249301475
0.6158022971535754
0.6158057693770033
0.6158092416004312
0.6158127138238589
0.6158161860472868
0.6158196582707146
0.6158231304941425
0.6158266027175704
0.6158300749409982
0.6158335471644262
0.615837019387854
0.6158404916112818
0.6158439638347096
0.6158474360581375
0.6158509082815653
0.6158543805049933
0.6158578527284211
0.6158613249518489
0.6158647971752769
0.6158682693987046
0.6158717416221325
0.6158752138455603
0.6158786860689882
0.615882158292416
0.615885630515844
0.6158891027392718
0.6158925749626997
0.6158960471861274
0.6158995194095553
0.6159029916329832
0.615906463856411
0.6159099360798389
0.6159134083032667
0.6159168805266947
0.6159203527501225
0.6159238249735504
0.6159272971969781
0.615930769420406
0.6159342416438339
0.6159377138672617
0.6159411860906896
0.6159446583141174
0.6159481305375454
0.6159516027609732
0.615955074984401
0.6159585472078289
0.6159620194312567
0.6159654916546846
0.6159689638781124
0.6159724361015403
0.6159759083249681
0.6159793805483961
0.6159828527718239
0.6159863249952517
0.6159897972186796
0.6159932694421075
0.6159967416655353
0.6160002138889631
0.616003686112391
0.6160071583358188
0.6160106305592468
0.6160141027826745
0.6160175750061024
0.6160210472295302
0.6160245194529582
0.616027991676386
0.6160314638998139
0.6160349361232417
0.6160384083466696
0.6160418805700975
0.6160453527935252
0.6160488250169531
0.6160522972403809
0.6160557694638089
0.6160592416872367
0.6160627139106646
0.6160661861340924
0.6160696583575203
0.6160731305809481
0.6160766028043759
0.6160800750278038
0.6160835472512317
0.6160870194746596
0.6160904916980874
0.6160939639215153
0.6160974361449431
0.616100908368371
0.6161043805917988
0.6161078528152266
0.6161113250386545
0.6161147972620824
0.6161182694855103
0.6161217417089381
0.616125213932366
0.6161286861557937
0.6161321583792216
0.6161356306026495
0.6161391028260774
0.6161425750495052
0.616146047272933
0.616149519496361
0.6161529917197888
0.6161564639432167
0.6161599361666444
0.6161634083900723
0.6161668806135002
0.6161703528369281
0.6161738250603559
0.6161772972837838
0.6161807695072117
0.6161842417306395
0.6161877139540674
0.6161911861774951
0.616194658400923
0.6161981306243509
0.6162016028477788
0.6162050750712066
0.6162085472946345
0.6162120195180624
0.6162154917414902
0.616218963964918
0.6162224361883458
0.6162259084117737
0.6162293806352016
0.6162328528586295
0.6162363250820573
0.6162397973054852
0.6162432695289131
0.6162467417523408
0.6162502139757687
0.6162536861991965
0.6162571584226244
0.6162606306460523
0.6162641028694802
0.616267575092908
0.6162710473163359
0.6162745195397638
0.6162779917631916
0.6162814639866194
0.6162849362100472
0.6162884084334751
0.616291880656903
0.6162953528803309
0.6162988251037587
0.6163022973271866
0.6163057695506144
0.6163092417740423
0.6163127139974701
0.616316186220898
