0.7107641356819916
0.7107676079054195
0.7107710801288473
0.7107745523522752
0.7107780245757029
0.7107814967991308
0.7107849690225586
0.7107884412459865
0.7107919134694144
0.7107953856928423
0.7107988579162701
0.710802330139698
0.7108058023631258
0.7108092745865536
0.7108127468099815
0.7108162190334093
0.7108196912568372
0.710823163480265
0.710826635703693
0.7108301079271209
0.7108335801505488
0.7108370523739765
0.7108405245974044
0.7108439968208322
0.71084746904426
0.7108509412676879
0.7108544134911158
0.7108578857145437
0.7108613579379714
0.7108648301613995
0.7108683023848272
0.7108717746082551
0.7108752468316829
0.7108787190551108
0.7108821912785386
0.7108856635019665
0.7108891357253944
0.7108926079488221
0.7108960801722501
0.7108995523956779
0.7109030246191058
0.7109064968425336
0.7109099690659615
0.7109134412893893
0.7109169135128172
0.710920385736245
0.710923857959673
0.7109273301831008
0.7109308024065286
0.7109342746299565
0.7109377468533843
0.7109412190768122
0.71094469130024
0.7109481635236679
0.7109516357470957
0.7109551079705235
0.7109585801939515
0.7109620524173793
0.7109655246408072
0.710968996864235
0.7109724690876629
0.7109759413110907
0.7109794135345187
0.7109828857579464
0.7109863579813743
0.7109898302048022
0.71099330242823
0.7109967746516579
0.7110002468750857
0.7110037190985136
0.7110071913219413
0.7110106635453692
0.7110141357687971
0.711017607992225
0.7110210802156529
0.7110245524390807
0.7110280246625086
0.7110314968859364
0.7110349691093643
0.711038441332792
0.71104191355622
0.7110453857796478
0.7110488580030757
0.7110523302265036
0.7110558024499314
0.7110592746733593
0.7110627468967871
0.711066219120215
0.7110696913436427
0.7110731635670706
0.7110766357904985
0.7110801080139265
0.7110835802373543
0.7110870524607821
0.71109052468421
0.7110939969076377
0.7110974691310656
0.7111009413544934
0.7111044135779214
0.7111078858013492
0.7111113580247771
0.711114830248205
0.7111183024716329
0.7111217746950607
0.7111252469184886
0.7111287191419163
0.7111321913653441
0.7111356635887721
0.7111391358121999
0.7111426080356278
0.7111460802590557
0.7111495524824836
0.7111530247059114
0.7111564969293392
0.711159969152767
0.7111634413761949
0.7111669135996227
0.7111703858230506
0.7111738580464786
0.7111773302699064
0.7111808024933343
0.711184274716762
0.7111877469401899
0.7111912191636177
0.7111946913870456
0.7111981636104735
0.7112016358339013
0.7112051080573292
0.7112085802807571
0.711212052504185
0.7112155247276127
0.7112189969510406
0.7112224691744684
0.7112259413978963
0.7112294136213242
0.711232885844752
0.71123635806818
0.7112398302916078
0.7112433025150356
0.7112467747384634
0.7112502469618913
0.7112537191853191
0.711257191408747
0.7112606636321748
0.7112641358556028
0.7112676080790307
0.7112710803024584
0.7112745525258863
0.7112780247493141
0.711281496972742
0.7112849691961698
0.7112884414195977
0.7112919136430256
0.7112953858664535
0.7112988580898812
0.7113023303133091
0.711305802536737
0.7113092747601648
0.7113127469835927
0.7113162192070205
0.7113196914304484
0.7113231636538762
0.7113266358773042
0.711330108100732
0.7113335803241598
0.7113370525475877
0.7113405247710155
0.7113439969944434
0.7113474692178712
0.7113509414412991
0.711354413664727
0.7113578858881549
0.7113613581115826
0.7113648303350106
0.7113683025584384
0.7113717747818662
0.7113752470052941
0.7113787192287219
0.7113821914521498
0.7113856636755777
0.7113891358990055
0.7113926081224333
0.7113960803458613
0.7113995525692891
0.711403024792717
0.7114064970161448
0.7114099692395727
0.7114134414630005
0.7114169136864282
0.7114203859098562
0.7114238581332841
0.711427330356712
0.7114308025801398
0.7114342748035677
0.7114377470269955
0.7114412192504234
0.7114446914738511
0.711448163697279
0.7114516359207069
0.7114551081441347
