0.5538196367429293
0.5538231089663573
0.5538265811897851
0.553830053413213
0.5538335256366408
0.5538369978600687
0.5538404700834966
0.5538439423069244
0.5538474145303522
0.55385088675378
0.553854358977208
0.5538578312006358
0.5538613034240637
0.5538647756474915
0.5538682478709195
0.5538717200943473
0.553875192317775
0.5538786645412029
0.5538821367646307
0.5538856089880587
0.5538890812114865
0.5538925534349144
0.5538960256583422
0.5538994978817702
0.553902970105198
0.5539064423286258
0.5539099145520536
0.5539133867754815
0.5539168589989094
0.5539203312223372
0.5539238034457651
0.5539272756691929
0.5539307478926209
0.5539342201160486
0.5539376923394765
0.5539411645629043
0.5539446367863322
0.5539481090097601
0.5539515812331879
0.5539550534566158
0.5539585256800436
0.5539619979034716
0.5539654701268993
0.5539689423503272
0.553972414573755
0.5539758867971829
0.5539793590206108
0.5539828312440386
0.5539863034674665
0.5539897756908942
0.5539932479143223
0.55399672013775
0.5540001923611779
0.5540036645846057
0.5540071368080336
0.5540106090314615
0.5540140812548894
0.5540175534783172
0.5540210257017449
0.5540244979251729
0.5540279701486007
0.5540314423720286
0.5540349145954564
0.5540383868188843
0.5540418590423122
0.5540453312657401
0.5540488034891679
0.5540522757125957
0.5540557479360236
0.5540592201594514
0.5540626923828793
0.5540661646063071
0.554069636829735
0.5540731090531629
0.5540765812765908
0.5540800535000185
0.5540835257234464
0.5540869979468743
0.5540904701703021
0.55409394239373
0.5540974146171578
0.5541008868405857
0.5541043590640136
0.5541078312874415
0.5541113035108692
0.5541147757342971
0.554118247957725
0.5541217201811528
0.5541251924045807
0.5541286646280085
0.5541321368514364
0.5541356090748643
0.5541390812982921
0.5541425535217199
0.5541460257451478
0.5541494979685757
0.5541529701920036
0.5541564424154314
0.5541599146388592
0.554163386862287
0.554166859085715
0.5541703313091428
0.5541738035325706
0.5541772757559985
0.5541807479794264
0.5541842202028543
0.5541876924262821
0.55419116464971
0.5541946368731377
0.5541981090965656
0.5542015813199935
0.5542050535434213
0.5542085257668492
0.5542119979902771
0.554215470213705
0.5542189424371328
0.5542224146605607
0.5542258868839884
0.5542293591074163
0.5542328313308442
0.554236303554272
0.5542397757776999
0.5542432480011278
0.5542467202245557
0.5542501924479835
0.5542536646714114
0.5542571368948391
0.554260609118267
0.5542640813416949
0.5542675535651227
0.5542710257885506
0.5542744980119785
0.5542779702354064
0.5542814424588342
0.554284914682262
0.5542883869056898
0.5542918591291178
0.5542953313525456
0.5542988035759734
0.5543022757994013
0.5543057480228292
0.5543092202462571
0.5543126924696848
0.5543161646931127
0.5543196369165405
0.5543231091399685
0.5543265813633963
0.5543300535868242
0.554333525810252
0.5543369980336799
0.5543404702571078
0.5543439424805355
0.5543474147039634
0.5543508869273912
0.5543543591508192
0.554357831374247
0.5543613035976749
0.5543647758211027
0.5543682480445306
0.5543717202679584
0.5543751924913862
0.5543786647148141
0.5543821369382419
0.5543856091616699
0.5543890813850977
0.5543925536085256
0.5543960258319534
0.5543994980553812
0.5544029702788091
0.5544064425022369
0.5544099147256648
0.5544133869490926
0.5544168591725206
0.5544203313959484
0.5544238036193763
0.554427275842804
0.554430748066232
0.5544342202896598
0.5544376925130877
0.5544411647365155
0.5544446369599433
0.5544481091833713
0.5544515814067991
0.554455053630227
0.5544585258536547
0.5544619980770827
0.5544654703005105
0.5544689425239384
0.5544724147473662
0.5544758869707941
0.554479359194222
0.5544828314176498
0.5544863036410776
0.5544897758645054
0.5544932480879334
0.5544967203113612
0.5545001925347891
0.5545036647582169
0.5545071369816448
0.5545106092050727
