0.8538197409096322
0.8538232131330602
0.8538266853564879
0.8538301575799159
0.8538336298033438
0.8538371020267715
0.8538405742501994
0.8538440464736272
0.8538475186970551
0.8538509909204829
0.8538544631439109
0.8538579353673386
0.8538614075907666
0.8538648798141945
0.8538683520376222
0.8538718242610501
0.8538752964844779
0.8538787687079058
0.8538822409313336
0.8538857131547616
0.8538891853781893
0.8538926576016173
0.8538961298250451
0.8538996020484729
0.8539030742719008
0.8539065464953286
0.8539100187187565
0.8539134909421843
0.8539169631656122
0.85392043538904
0.853923907612468
0.8539273798358958
0.8539308520593236
0.8539343242827515
0.8539377965061793
0.8539412687296072
0.853944740953035
0.853948213176463
0.8539516853998906
0.8539551576233186
0.8539586298467465
0.8539621020701743
0.8539655742936022
0.85396904651703
0.8539725187404579
0.8539759909638857
0.8539794631873137
0.8539829354107416
0.8539864076341693
0.8539898798575972
0.853993352081025
0.8539968243044529
0.8540002965278807
0.8540037687513086
0.8540072409747363
0.8540107131981642
0.854014185421592
0.8540176576450201
0.8540211298684479
0.8540246020918757
0.8540280743153036
0.8540315465387314
0.8540350187621593
0.854038490985587
0.8540419632090152
0.8540454354324427
0.8540489076558708
0.8540523798792984
0.8540558521027265
0.8540593243261543
0.8540627965495822
0.85406626877301
0.8540697409964377
0.8540732132198658
0.8540766854432936
0.8540801576667215
0.8540836298901493
0.8540871021135772
0.854090574337005
0.8540940465604329
0.8540975187838606
0.8541009910072885
0.8541044632307163
0.8541079354541442
0.8541114076775722
0.854114879901
0.8541183521244279
0.8541218243478557
0.8541252965712836
0.8541287687947113
0.8541322410181392
0.8541357132415672
0.8541391854649949
0.8541426576884229
0.8541461299118507
0.8541496021352786
0.8541530743587064
0.8541565465821342
0.854160018805562
0.8541634910289899
0.8541669632524179
0.8541704354758457
0.8541739076992736
0.8541773799227014
0.8541808521461293
0.854184324369557
0.8541877965929849
0.8541912688164127
0.8541947410398406
0.8541982132632684
0.8542016854866963
0.8542051577101243
0.8542086299335521
0.85421210215698
0.8542155743804077
0.8542190466038356
0.8542225188272634
0.8542259910506913
0.8542294632741193
0.854232935497547
0.854236407720975
0.8542398799444028
0.8542433521678306
0.8542468243912584
0.8542502966146863
0.8542537688381141
0.854257241061542
0.85426071328497
0.8542641855083977
0.8542676577318257
0.8542711299552534
0.8542746021786813
0.8542780744021091
0.854281546625537
0.8542850188489648
0.8542884910723927
0.8542919632958205
0.8542954355192484
0.8542989077426764
0.8543023799661043
0.854305852189532
0.8543093244129598
0.8543127966363877
0.8543162688598155
0.8543197410832434
0.8543232133066714
0.854326685530099
0.854330157753527
0.854333629976955
0.8543371022003827
0.8543405744238106
0.8543440466472384
0.8543475188706663
0.8543509910940941
0.8543544633175221
0.8543579355409497
0.8543614077643777
0.8543648799878056
0.8543683522112334
0.8543718244346613
0.8543752966580891
0.854378768881517
0.8543822411049448
0.8543857133283728
0.8543891855518004
0.8543926577752284
0.8543961299986563
0.8543996022220841
0.854403074445512
0.8544065466689398
0.8544100188923677
0.8544134911157955
0.8544169633392233
0.8544204355626511
0.8544239077860791
0.854427380009507
0.8544308522329348
0.8544343244563627
0.8544377966797905
0.8544412689032184
0.8544447411266461
0.8544482133500741
0.8544516855735018
0.8544551577969298
0.8544586300203577
0.8544621022437855
0.8544655744672134
0.8544690466906412
0.8544725189140691
0.8544759911374968
0.8544794633609248
0.8544829355843527
0.8544864078077805
0.8544898800312084
0.8544933522546362
0.8544968244780641
0.8545002967014919
0.8545037689249197
0.8545072411483475
0.8545107133717754
