0.714236359109847
0.7142398313332748
0.7142433035567026
0.7142467757801305
0.7142502480035583
0.7142537202269862
0.714257192450414
0.714260664673842
0.7142641368972698
0.7142676091206975
0.7142710813441255
0.7142745535675533
0.7142780257909812
0.714281498014409
0.7142849702378369
0.7142884424612647
0.7142919146846927
0.7142953869081204
0.7142988591315483
0.7143023313549762
0.714305803578404
0.7143092758018319
0.7143127480252597
0.7143162202486876
0.7143196924721154
0.7143231646955432
0.7143266369189711
0.714330109142399
0.7143335813658269
0.7143370535892547
0.7143405258126826
0.7143439980361104
0.7143474702595383
0.714350942482966
0.714354414706394
0.7143578869298218
0.7143613591532497
0.7143648313766776
0.7143683036001054
0.7143717758235333
0.7143752480469611
0.714378720270389
0.7143821924938167
0.7143856647172447
0.7143891369406725
0.7143926091641004
0.7143960813875283
0.7143995536109562
0.714403025834384
0.7144064980578118
0.7144099702812396
0.7144134425046674
0.7144169147280953
0.7144203869515232
0.7144238591749512
0.714427331398379
0.7144308036218069
0.7144342758452347
0.7144377480686626
0.7144412202920903
0.7144446925155182
0.7144481647389461
0.7144516369623739
0.7144551091858018
0.7144585814092297
0.7144620536326576
0.7144655258560854
0.7144689980795133
0.714472470302941
0.7144759425263689
0.7144794147497967
0.7144828869732246
0.7144863591966526
0.7144898314200804
0.7144933036435083
0.714496775866936
0.7145002480903639
0.7145037203137917
0.7145071925372196
0.7145106647606475
0.7145141369840753
0.7145176092075032
0.7145210814309311
0.714524553654359
0.7145280258777867
0.7145314981012146
0.7145349703246424
0.7145384425480703
0.7145419147714982
0.7145453869949261
0.7145488592183539
0.7145523314417818
0.7145558036652097
0.7145592758886374
0.7145627481120653
0.7145662203354931
0.714569692558921
0.7145731647823488
0.7145766370057768
0.7145801092292047
0.7145835814526325
0.7145870536760603
0.7145905258994881
0.714593998122916
0.7145974703463438
0.7146009425697717
0.7146044147931996
0.7146078870166275
0.7146113592400553
0.7146148314634831
0.714618303686911
0.7146217759103388
0.7146252481337667
0.7146287203571945
0.7146321925806224
0.7146356648040503
0.7146391370274782
0.714642609250906
0.7146460814743338
0.7146495536977617
0.7146530259211895
0.7146564981446174
0.7146599703680452
0.7146634425914731
0.7146669148149009
0.7146703870383289
0.7146738592617567
0.7146773314851846
0.7146808037086124
0.7146842759320403
0.7146877481554681
0.7146912203788959
0.7146946926023238
0.7146981648257517
0.7147016370491796
0.7147051092726073
0.7147085814960353
0.7147120537194631
0.714715525942891
0.7147189981663188
0.7147224703897467
0.7147259426131745
0.7147294148366024
0.7147328870600302
0.7147363592834581
0.714739831506886
0.7147433037303138
0.7147467759537417
0.7147502481771695
0.7147537204005974
0.7147571926240252
0.714760664847453
0.7147641370708809
0.7147676092943087
0.7147710815177367
0.7147745537411645
0.7147780259645924
0.7147814981880202
0.7147849704114481
0.7147884426348758
0.7147919148583037
0.7147953870817316
0.7147988593051594
0.7148023315285874
0.7148058037520152
0.7148092759754431
0.7148127481988709
0.7148162204222988
0.7148196926457265
0.7148231648691544
0.7148266370925823
0.7148301093160102
0.7148335815394381
0.7148370537628659
0.7148405259862938
0.7148439982097216
0.7148474704331494
0.7148509426565772
0.7148544148800052
0.714857887103433
0.7148613593268609
0.7148648315502888
0.7148683037737166
0.7148717759971445
0.7148752482205722
0.7148787204440001
0.7148821926674279
0.7148856648908559
0.7148891371142837
0.7148926093377116
0.7148960815611395
0.7148995537845673
0.7149030260079952
0.7149064982314229
0.7149099704548508
0.7149134426782786
0.7149169149017065
0.7149203871251344
0.7149238593485624
0.7149273315719902
