0.413541810257573
0.41354528248100086
0.4135487547044287
0.4135522269278566
0.41355569915128443
0.41355917137471226
0.41356264359814016
0.41356611582156794
0.41356958804499583
0.41357306026842366
0.41357653249185156
0.4135800047152794
0.41358347693870723
0.4135869491621351
0.413590421385563
0.41359389360899085
0.4135973658324187
0.4136008380558465
0.41360431027927436
0.41360778250270225
0.4136112547261301
0.4136147269495579
0.4136181991729858
0.4136216713964137
0.41362514361984154
0.4136286158432694
0.41363208806669727
0.4136355602901251
0.41363903251355294
0.4136425047369808
0.4136459769604086
0.4136494491838365
0.4136529214072644
0.41365639363069223
0.41365986585412007
0.41366333807754796
0.4136668103009758
0.41367028252440363
0.41367375474783147
0.41367722697125936
0.4136806991946872
0.41368417141811503
0.4136876436415429
0.41369111586497076
0.41369458808839865
0.4136980603118265
0.4137015325352544
0.4137050047586822
0.41370847698211
0.4137119492055379
0.4137154214289658
0.4137188936523936
0.41372236587582145
0.41372583809924934
0.4137293103226772
0.41373278254610507
0.4137362547695329
0.41373972699296074
0.4137431992163886
0.41374667143981647
0.4137501436632443
0.41375361588667214
0.41375708811010004
0.41376056033352787
0.41376403255695576
0.4137675047803836
0.41377097700381144
0.4137744492272393
0.41377792145066716
0.413781393674095
0.41378486589752284
0.4137883381209507
0.4137918103443786
0.41379528256780646
0.4137987547912343
0.4138022270146622
0.41380569923809
0.41380917146151786
0.4138126436849457
0.4138161159083735
0.4138195881318014
0.41382306035522926
0.41382653257865715
0.413830004802085
0.4138334770255128
0.4138369492489407
0.4138404214723686
0.41384389369579644
0.4138473659192243
0.4138508381426521
0.41385431036607995
0.41385778258950784
0.4138612548129357
0.4138647270363635
0.4138681992597914
0.4138716714832193
0.41387514370664713
0.41387861593007497
0.4138820881535028
0.41388556037693064
0.41388903260035853
0.41389250482378637
0.4138959770472142
0.4138994492706421
0.41390292149407
0.4139063937174978
0.41390986594092566
0.41391333816435355
0.4139168103877814
0.4139202826112092
0.41392375483463706
0.41392722705806495
0.4139306992814928
0.4139341715049206
0.4139376437283485
0.41394111595177635
0.41394458817520424
0.4139480603986321
0.4139515326220599
0.41395500484548775
0.4139584770689156
0.4139619492923435
0.41396542151577137
0.4139688937391992
0.41397236596262704
0.41397583818605493
0.41397931040948277
0.41398278263291066
0.4139862548563385
0.41398972707976633
0.41399319930319417
0.41399667152662206
0.4140001437500499
0.41400361597347773
0.4140070881969056
0.41401056042033346
0.41401403264376135
0.4140175048671892
0.414020977090617
0.41402444931404486
0.41402792153747275
0.4140313937609006
0.4140348659843284
0.4140383382077563
0.4140418104311842
0.41404528265461205
0.4140487548780399
0.4140522271014678
0.4140556993248956
0.41405917154832345
0.4140626437717513
0.4140661159951791
0.414069588218607
0.41407306044203485
0.41407653266546274
0.4140800048888906
0.4140834771123184
0.4140869493357463
0.41409042155917414
0.414093893782602
0.4140973660060298
0.4141008382294577
0.41410431045288554
0.41410778267631343
0.41411125489974127
0.4141147271231691
0.414118199346597
0.4141216715700249
0.4141251437934527
0.41412861601688056
0.4141320882403084
0.41413556046373623
0.4141390326871641
0.41414250491059196
0.4141459771340198
0.4141494493574477
0.4141529215808756
0.4141563938043034
0.41415986602773125
0.4141633382511591
0.414166810474587
0.4141702826980148
0.41417375492144265
0.41417722714487054
0.4141806993682984
0.4141841715917262
0.4141876438151541
0.41419111603858194
0.41419458826200983
0.41419806048543767
0.4142015327088655
0.41420500493229334
0.4142084771557212
0.41421194937914907
0.41421542160257696
0.4142188938260048
0.41422236604943263
0.4142258382728605
0.41422931049628836
0.4142327827197162
