0.8927086433016123
0.8927121155250402
0.8927155877484679
0.8927190599718958
0.8927225321953236
0.8927260044187515
0.8927294766421795
0.8927329488656073
0.8927364210890352
0.892739893312463
0.8927433655358908
0.8927468377593186
0.8927503099827465
0.8927537822061743
0.8927572544296022
0.89276072665303
0.8927641988764579
0.8927676710998859
0.8927711433233136
0.8927746155467415
0.8927780877701693
0.8927815599935972
0.892785032217025
0.8927885044404529
0.8927919766638809
0.8927954488873086
0.8927989211107366
0.8928023933341644
0.8928058655575922
0.8928093377810201
0.8928128100044479
0.8928162822278757
0.8928197544513036
0.8928232266747316
0.8928266988981595
0.8928301711215872
0.8928336433450151
0.8928371155684429
0.8928405877918708
0.8928440600152986
0.8928475322387265
0.8928510044621543
0.8928544766855822
0.8928579489090099
0.8928614211324379
0.8928648933558658
0.8928683655792936
0.8928718378027215
0.8928753100261493
0.8928787822495772
0.892882254473005
0.892885726696433
0.8928891989198606
0.8928926711432886
0.8928961433667165
0.8928996155901443
0.8929030878135722
0.892906560037
0.8929100322604279
0.8929135044838556
0.8929169767072836
0.8929204489307113
0.8929239211541393
0.8929273933775672
0.892930865600995
0.8929343378244229
0.8929378100478507
0.8929412822712786
0.8929447544947063
0.8929482267181343
0.892951698941562
0.89295517116499
0.8929586433884179
0.8929621156118457
0.8929655878352736
0.8929690600587014
0.8929725322821292
0.892976004505557
0.892979476728985
0.8929829489524127
0.8929864211758407
0.8929898933992686
0.8929933656226964
0.8929968378461243
0.893000310069552
0.8930037822929799
0.8930072545164077
0.8930107267398357
0.8930141989632634
0.8930176711866914
0.8930211434101193
0.8930246156335471
0.893028087856975
0.8930315600804027
0.8930350323038306
0.8930385045272584
0.8930419767506865
0.8930454489741143
0.8930489211975422
0.89305239342097
0.8930558656443978
0.8930593378678257
0.8930628100912534
0.8930662823146813
0.8930697545381091
0.893073226761537
0.8930766989849648
0.8930801712083929
0.8930836434318207
0.8930871156552486
0.8930905878786763
0.8930940601021042
0.893097532325532
0.8931010045489598
0.8931044767723879
0.8931079489958155
0.8931114212192436
0.8931148934426714
0.8931183656660993
0.893121837889527
0.8931253101129549
0.8931287823363827
0.8931322545598106
0.8931357267832386
0.8931391990066664
0.8931426712300943
0.8931461434535221
0.89314961567695
0.8931530879003777
0.8931565601238056
0.8931600323472334
0.8931635045706613
0.8931669767940891
0.893170449017517
0.893173921240945
0.8931773934643727
0.8931808656878006
0.8931843379112284
0.8931878101346563
0.8931912823580841
0.893194754581512
0.89319822680494
0.8932016990283677
0.8932051712517957
0.8932086434752234
0.8932121156986513
0.8932155879220791
0.893219060145507
0.8932225323689348
0.8932260045923627
0.8932294768157907
0.8932329490392185
0.8932364212626464
0.8932398934860741
0.893243365709502
0.8932468379329298
0.8932503101563577
0.8932537823797855
0.8932572546032134
0.8932607268266411
0.893264199050069
0.893267671273497
0.8932711434969248
0.8932746157203527
0.8932780879437805
0.8932815601672084
0.8932850323906362
0.8932885046140641
0.8932919768374921
0.8932954490609197
0.8932989212843477
0.8933023935077755
0.8933058657312034
0.8933093379546312
0.8933128101780591
0.8933162824014869
0.8933197546249148
0.8933232268483428
0.8933266990717706
0.8933301712951984
0.8933336435186263
0.8933371157420541
0.8933405879654819
0.8933440601889098
0.8933475324123376
0.8933510046357654
0.8933544768591932
0.8933579490826211
0.8933614213060491
0.893364893529477
0.8933683657529048
0.8933718379763327
0.8933753101997605
0.8933787824231884
0.8933822546466161
0.8933857268700441
0.8933891990934718
0.8933926713168998
0.8933961435403277
0.8933996157637555
