0.4781251660156826
0.47812863823911045
0.4781321104625383
0.47813558268596623
0.47813905490939407
0.4781425271328219
0.47814599935624974
0.4781494715796777
0.4781529438031055
0.47815641602653336
0.47815988824996114
0.478163360473389
0.4781668326968169
0.47817030492024476
0.4781737771436726
0.47817724936710043
0.4781807215905284
0.4781841938139562
0.47818766603738405
0.4781911382608119
0.4781946104842397
0.4781980827076676
0.47820155493109545
0.4782050271545233
0.4782084993779511
0.47821197160137907
0.4782154438248069
0.47821891604823474
0.4782223882716626
0.4782258604950904
0.4782293327185183
0.47823280494194614
0.478236277165374
0.4782397493888018
0.47824322161222976
0.4782466938356576
0.47825016605908544
0.47825363828251327
0.4782571105059411
0.478260582729369
0.47826405495279684
0.47826752717622467
0.4782709993996525
0.47827447162308045
0.4782779438465083
0.4782814160699361
0.47828488829336396
0.4782883605167918
0.47829183274021975
0.4782953049636476
0.4782987771870754
0.4783022494105032
0.47830572163393115
0.478309193857359
0.4783126660807868
0.47831613830421466
0.4783196105276425
0.47832308275107044
0.4783265549744983
0.4783300271979261
0.47833349942135395
0.47833697164478184
0.4783404438682097
0.4783439160916375
0.47834738831506535
0.4783508605384932
0.47835433276192113
0.47835780498534897
0.4783612772087768
0.47836474943220464
0.47836822165563253
0.47837169387906037
0.4783751661024882
0.47837863832591604
0.4783821105493439
0.4783855827727718
0.47838905499619966
0.4783925272196275
0.47839599944305533
0.4783994716664832
0.47840294388991106
0.4784064161133389
0.47840988833676673
0.47841336056019457
0.4784168327836225
0.47842030500705035
0.4784237772304782
0.478427249453906
0.47843072167733397
0.4784341939007618
0.47843766612418964
0.4784411383476175
0.47844461057104526
0.4784480827944732
0.47845155501790104
0.4784550272413289
0.4784584994647567
0.47846197168818466
0.4784654439116125
0.47846891613504033
0.47847238835846817
0.478475860581896
0.4784793328053239
0.47848280502875173
0.47848627725217957
0.4784897494756074
0.47849322169903535
0.4784966939224632
0.478500166145891
0.47850363836931886
0.4785071105927467
0.4785105828161746
0.4785140550396024
0.47851752726303026
0.4785209994864581
0.47852447170988605
0.4785279439333139
0.4785314161567417
0.47853488838016955
0.4785383606035974
0.4785418328270253
0.4785453050504531
0.47854877727388095
0.4785522494973088
0.47855572172073674
0.4785591939441646
0.4785626661675924
0.47856613839102025
0.4785696106144481
0.47857308283787603
0.47857655506130387
0.4785800272847317
0.47858349950815954
0.47858697173158743
0.47859044395501527
0.4785939161784431
0.47859738840187094
0.4786008606252988
0.4786043328487267
0.47860780507215456
0.4786112772955824
0.47861474951901023
0.4786182217424381
0.47862169396586596
0.4786251661892938
0.47862863841272163
0.47863211063614947
0.4786355828595774
0.47863905508300525
0.4786425273064331
0.4786459995298609
0.4786494717532888
0.47865294397671665
0.4786564162001445
0.4786598884235723
0.47866336064700016
0.4786668328704281
0.47867030509385594
0.4786737773172838
0.4786772495407116
0.47868072176413956
0.47868419398756734
0.4786876662109952
0.478691138434423
0.47869461065785085
0.4786980828812788
0.47870155510470663
0.47870502732813447
0.4787084995515623
0.47871197177499025
0.4787154439984181
0.4787189162218459
0.47872238844527376
0.4787258606687016
0.4787293328921295
0.4787328051155573
0.47873627733898516
0.478739749562413
0.47874322178584094
0.4787466940092688
0.4787501662326966
0.47875363845612445
0.4787571106795523
0.4787605829029802
0.478764055126408
0.47876752734983585
0.4787709995732637
0.47877447179669164
0.4787779440201195
0.4787814162435473
0.47878488846697514
0.478788360690403
0.4787918329138309
0.4787953051372587
0.47879877736068654
0.4788022495841144
0.47880572180754233
0.47880919403097016
0.478812666254398
0.47881613847782584
