0.44201404236598696
0.4420175145894148
0.4420209868128426
0.4420244590362705
0.44202793125969836
0.4420314034831262
0.44203487570655403
0.44203834792998187
0.4420418201534098
0.44204529237683765
0.4420487646002655
0.4420522368236933
0.4420557090471212
0.44205918127054905
0.4420626534939769
0.4420661257174047
0.44206959794083256
0.4420730701642605
0.44207654238768834
0.4420800146111162
0.442083486834544
0.4420869590579719
0.44209043128139974
0.4420939035048276
0.4420973757282554
0.44210084795168325
0.4421043201751112
0.44210779239853903
0.44211126462196687
0.4421147368453947
0.4421182090688226
0.44212168129225043
0.44212515351567827
0.4421286257391061
0.44213209796253394
0.4421355701859619
0.4421390424093897
0.44214251463281756
0.4421459868562454
0.44214945907967335
0.4421529313031012
0.442156403526529
0.44215987574995685
0.44216334797338464
0.4421668201968126
0.4421702924202404
0.44217376464366825
0.4421772368670961
0.44218070909052404
0.4421841813139519
0.4421876535373797
0.44219112576080755
0.4421945979842354
0.4421980702076633
0.4422015424310911
0.44220501465451895
0.4422084868779468
0.44221195910137473
0.44221543132480257
0.4422189035482304
0.44222237577165824
0.4422258479950861
0.44222932021851397
0.4422327924419418
0.44223626466536964
0.4422397368887975
0.4422432091122254
0.44224668133565326
0.4422501535590811
0.44225362578250893
0.44225709800593677
0.44226057022936466
0.4422640424527925
0.44226751467622033
0.44227098689964817
0.4422744591230761
0.44227793134650395
0.4422814035699318
0.4422848757933596
0.44228834801678746
0.4422918202402154
0.44229529246364324
0.4422987646870711
0.4423022369104989
0.4423057091339268
0.44230918135735464
0.4423126535807825
0.4423161258042103
0.44231959802763815
0.4423230702510661
0.44232654247449393
0.44233001469792177
0.4423334869213496
0.4423369591447775
0.44234043136820533
0.44234390359163317
0.442347375815061
0.44235084803848884
0.4423543202619168
0.4423577924853446
0.44236126470877246
0.4423647369322003
0.4423682091556282
0.442371681379056
0.44237515360248386
0.4423786258259117
0.44238209804933953
0.4423855702727675
0.4423890424961953
0.44239251471962315
0.442395986943051
0.44239945916647894
0.4424029313899067
0.44240640361333455
0.4424098758367624
0.4424133480601902
0.4424168202836182
0.442420292507046
0.44242376473047385
0.4424272369539017
0.44243070917732963
0.44243418140075746
0.4424376536241853
0.44244112584761314
0.442444598071041
0.44244807029446886
0.4424515425178967
0.44245501474132454
0.4424584869647524
0.4424619591881803
0.44246543141160816
0.442468903635036
0.44247237585846383
0.44247584808189167
0.44247932030531956
0.4424827925287474
0.44248626475217523
0.44248973697560307
0.442493209199031
0.44249668142245885
0.4425001536458867
0.4425036258693145
0.44250709809274236
0.44251057031617025
0.4425140425395981
0.4425175147630259
0.44252098698645376
0.4425244592098817
0.44252793143330954
0.4425314036567374
0.4425348758801652
0.44253834810359305
0.442541820327021
0.4425452925504488
0.4425487647738766
0.44255223699730445
0.4425557092207324
0.44255918144416023
0.44256265366758807
0.4425661258910159
0.44256959811444374
0.4425730703378717
0.4425765425612995
0.44258001478472736
0.4425834870081552
0.4425869592315831
0.4425904314550109
0.44259390367843876
0.4425973759018666
0.44260084812529443
0.4426043203487224
0.4426077925721502
0.44261126479557805
0.4426147370190059
0.4426182092424338
0.4426216814658616
0.44262515368928945
0.4426286259127173
0.4426320981361451
0.44263557035957307
0.4426390425830009
0.44264251480642874
0.4426459870298566
0.44264945925328447
0.4426529314767123
0.44265640370014014
0.442659875923568
0.4426633481469958
0.44266682037042376
0.4426702925938516
0.44267376481727944
0.44267723704070727
0.4426807092641352
0.44268418148756306
0.44268765371099084
0.44269112593441867
0.4426945981578465
0.44269807038127446
0.4427015426047023
0.44270501482813013
