0.6440974458671687
0.6441009180905966
0.6441043903140244
0.6441078625374522
0.6441113347608801
0.644114806984308
0.6441182792077359
0.6441217514311637
0.6441252236545916
0.6441286958780194
0.6441321681014472
0.6441356403248751
0.6441391125483029
0.6441425847717308
0.6441460569951586
0.6441495292185866
0.6441530014420144
0.6441564736654423
0.64415994588887
0.6441634181122979
0.6441668903357258
0.6441703625591536
0.6441738347825815
0.6441773070060094
0.6441807792294373
0.6441842514528651
0.644187723676293
0.6441911958997207
0.6441946681231486
0.6441981403465765
0.6442016125700044
0.6442050847934322
0.6442085570168601
0.644212029240288
0.6442155014637158
0.6442189736871436
0.6442224459105714
0.6442259181339993
0.6442293903574272
0.6442328625808551
0.6442363348042829
0.6442398070277108
0.6442432792511387
0.6442467514745664
0.6442502236979943
0.6442536959214221
0.64425716814485
0.6442606403682779
0.6442641125917058
0.6442675848151336
0.6442710570385615
0.6442745292619894
0.6442780014854171
0.644281473708845
0.6442849459322728
0.6442884181557008
0.6442918903791286
0.6442953626025565
0.6442988348259843
0.6443023070494122
0.64430577927284
0.6443092514962679
0.6443127237196957
0.6443161959431235
0.6443196681665514
0.6443231403899792
0.6443266126134072
0.644330084836835
0.644333557060263
0.6443370292836907
0.6443405015071186
0.6443439737305464
0.6443474459539743
0.6443509181774021
0.64435439040083
0.6443578626242579
0.6443613348476857
0.6443648070711137
0.6443682792945414
0.6443717515179693
0.6443752237413971
0.644378695964825
0.6443821681882528
0.6443856404116807
0.6443891126351086
0.6443925848585363
0.6443960570819642
0.6443995293053921
0.64440300152882
0.6444064737522478
0.6444099459756757
0.6444134181991035
0.6444168904225314
0.6444203626459593
0.644423834869387
0.644427307092815
0.6444307793162428
0.6444342515396707
0.6444377237630985
0.6444411959865264
0.6444446682099542
0.6444481404333822
0.64445161265681
0.6444550848802377
0.6444585571036656
0.6444620293270935
0.6444655015505214
0.6444689737739492
0.6444724459973771
0.6444759182208049
0.6444793904442329
0.6444828626676606
0.6444863348910885
0.6444898071145164
0.6444932793379442
0.6444967515613721
0.6445002237847999
0.6445036960082278
0.6445071682316555
0.6445106404550835
0.6445141126785113
0.6445175849019392
0.6445210571253671
0.6445245293487949
0.6445280015722228
0.6445314737956506
0.6445349460190785
0.6445384182425064
0.6445418904659342
0.644545362689362
0.6445488349127899
0.6445523071362177
0.6445557793596456
0.6445592515830735
0.6445627238065013
0.6445661960299292
0.6445696682533569
0.6445731404767848
0.6445766127002127
0.6445800849236406
0.6445835571470685
0.6445870293704964
0.6445905015939242
0.6445939738173521
0.6445974460407798
0.6446009182642076
0.6446043904876356
0.6446078627110634
0.6446113349344913
0.6446148071579192
0.6446182793813471
0.6446217516047749
0.6446252238282028
0.6446286960516305
0.6446321682750584
0.6446356404984863
0.6446391127219141
0.644642584945342
0.6446460571687698
0.6446495293921978
0.6446530016156256
0.6446564738390534
0.6446599460624812
0.6446634182859091
0.644666890509337
0.6446703627327648
0.6446738349561927
0.6446773071796206
0.6446807794030485
0.6446842516264762
0.6446877238499041
0.6446911960733319
0.6446946682967598
0.6446981405201877
0.6447016127436155
0.6447050849670434
0.6447085571904712
0.6447120294138992
0.6447155016373269
0.6447189738607548
0.6447224460841826
0.6447259183076105
0.6447293905310384
0.6447328627544663
0.6447363349778941
0.644739807201322
0.6447432794247498
0.6447467516481776
0.6447502238716055
0.6447536960950333
0.6447571683184612
0.6447606405418891
0.644764112765317
0.6447675849887448
0.6447710572121726
0.6447745294356005
0.6447780016590283
0.6447814738824562
0.644784946105884
0.644788418329312
