0.8656253005643405
0.8656287727877683
0.8656322450111962
0.865635717234624
0.8656391894580518
0.8656426616814799
0.8656461339049076
0.8656496061283355
0.8656530783517633
0.8656565505751912
0.865660022798619
0.8656634950220469
0.8656669672454749
0.8656704394689025
0.8656739116923305
0.8656773839157583
0.8656808561391862
0.865684328362614
0.8656878005860419
0.8656912728094697
0.8656947450328976
0.8656982172563256
0.8657016894797533
0.8657051617031812
0.865708633926609
0.8657121061500369
0.8657155783734647
0.8657190505968926
0.8657225228203204
0.8657259950437483
0.865729467267176
0.8657329394906039
0.8657364117140319
0.8657398839374597
0.8657433561608876
0.8657468283843154
0.8657503006077433
0.865753772831171
0.865757245054599
0.865760717278027
0.8657641895014546
0.8657676617248826
0.8657711339483104
0.8657746061717383
0.8657780783951661
0.865781550618594
0.8657850228420217
0.8657884950654496
0.8657919672888776
0.8657954395123054
0.8657989117357333
0.8658023839591611
0.865805856182589
0.8658093284060168
0.8658128006294447
0.8658162728528724
0.8658197450763003
0.8658232172997281
0.865826689523156
0.865830161746584
0.8658336339700118
0.8658371061934397
0.8658405784168675
0.8658440506402953
0.8658475228637231
0.865850995087151
0.865854467310579
0.8658579395340067
0.8658614117574347
0.8658648839808626
0.8658683562042904
0.8658718284277183
0.865875300651146
0.8658787728745738
0.8658822450980017
0.8658857173214297
0.8658891895448576
0.8658926617682854
0.8658961339917133
0.8658996062151411
0.865903078438569
0.8659065506619967
0.8659100228854246
0.8659134951088524
0.8659169673322803
0.8659204395557081
0.8659239117791361
0.865927384002564
0.8659308562259918
0.8659343284494196
0.8659378006728474
0.8659412728962753
0.8659447451197031
0.8659482173431311
0.8659516895665588
0.8659551617899868
0.8659586340134147
0.8659621062368424
0.8659655784602703
0.8659690506836981
0.865972522907126
0.8659759951305538
0.8659794673539818
0.8659829395774097
0.8659864118008375
0.8659898840242654
0.8659933562476931
0.865996828471121
0.8660003006945488
0.8660037729179767
0.8660072451414045
0.8660107173648324
0.8660141895882602
0.8660176618116882
0.866021134035116
0.8660246062585438
0.8660280784819717
0.8660315507053995
0.8660350229288274
0.8660384951522552
0.8660419673756832
0.8660454395991108
0.8660489118225388
0.8660523840459667
0.8660558562693945
0.8660593284928224
0.8660628007162502
0.8660662729396781
0.8660697451631059
0.8660732173865339
0.8660766896099615
0.8660801618333895
0.8660836340568174
0.8660871062802452
0.8660905785036731
0.8660940507271009
0.8660975229505288
0.8661009951739566
0.8661044673973847
0.8661079396208122
0.8661114118442403
0.8661148840676681
0.8661183562910959
0.8661218285145238
0.8661253007379516
0.8661287729613795
0.8661322451848072
0.8661357174082351
0.8661391896316629
0.866142661855091
0.8661461340785188
0.8661496063019467
0.8661530785253745
0.8661565507488024
0.8661600229722302
0.8661634951956579
0.866166967419086
0.8661704396425136
0.8661739118659417
0.8661773840893695
0.8661808563127974
0.8661843285362252
0.8661878007596531
0.8661912729830809
0.8661947452065087
0.8661982174299367
0.8662016896533645
0.8662051618767924
0.8662086341002202
0.8662121063236481
0.8662155785470759
0.8662190507705038
0.8662225229939315
0.8662259952173594
0.8662294674407872
0.8662329396642151
0.8662364118876431
0.8662398841110709
0.8662433563344988
0.8662468285579266
0.8662503007813545
0.8662537730047822
0.8662572452282101
0.8662607174516381
0.8662641896750658
0.8662676618984938
0.8662711341219215
0.8662746063453495
0.8662780785687773
0.8662815507922051
0.8662850230156329
0.8662884952390608
0.8662919674624888
0.8662954396859166
0.8662989119093445
0.8663023841327723
0.8663058563562002
0.866309328579628
0.8663128008030558
0.8663162730264836
