0.296875103081633
0.29687857530506084
0.2968820475284887
0.29688551975191657
0.29688899197534446
0.2968924641987723
0.29689593642220014
0.29689940864562797
0.29690288086905586
0.2969063530924837
0.29690982531591154
0.2969132975393394
0.29691676976276726
0.29692024198619515
0.296923714209623
0.2969271864330508
0.29693065865647866
0.29693413087990655
0.2969376031033344
0.2969410753267622
0.29694454755019006
0.29694801977361795
0.29695149199704585
0.2969549642204737
0.2969584364439015
0.2969619086673294
0.29696538089075725
0.2969688531141851
0.2969723253376129
0.2969757975610408
0.29697926978446865
0.29698274200789654
0.2969862142313244
0.2969896864547522
0.2969931586781801
0.296996630901608
0.2970001031250358
0.2970035753484636
0.2970070475718915
0.2970105197953194
0.29701399201874723
0.29701746424217507
0.2970209364656029
0.29702440868903074
0.2970278809124587
0.2970313531358865
0.29703482535931436
0.2970382975827422
0.29704176980617003
0.2970452420295979
0.29704871425302576
0.2970521864764536
0.2970556586998815
0.2970591309233093
0.2970626031467372
0.29706607537016505
0.2970695475935929
0.2970730198170207
0.2970764920404486
0.29707996426387645
0.2970834364873043
0.2970869087107322
0.29709038093416007
0.2970938531575879
0.29709732538101574
0.2971007976044436
0.29710426982787147
0.2971077420512993
0.29711121427472714
0.297114686498155
0.2971181587215828
0.2971216309450107
0.2971251031684386
0.29712857539186643
0.29713204761529427
0.29713551983872216
0.29713899206215
0.29714246428557783
0.29714593650900567
0.29714940873243356
0.29715288095586145
0.2971563531792893
0.2971598254027171
0.297163297626145
0.29716676984957285
0.29717024207300075
0.2971737142964286
0.2971771865198564
0.29718065874328425
0.29718413096671215
0.29718760319014
0.2971910754135678
0.29719454763699565
0.29719801986042355
0.29720149208385144
0.2972049643072793
0.2972084365307071
0.29721190875413495
0.2972153809775628
0.2972188532009907
0.2972223254244185
0.2972257976478464
0.29722926987127424
0.29723274209470213
0.29723621431812997
0.2972396865415578
0.2972431587649857
0.29724663098841353
0.29725010321184137
0.2972535754352692
0.29725704765869704
0.297260519882125
0.2972639921055528
0.29726746432898066
0.2972709365524085
0.29727440877583633
0.2972778809992643
0.29728135322269206
0.2972848254461199
0.29728829766954773
0.2972917698929756
0.2972952421164035
0.29729871433983135
0.2973021865632592
0.2973056587866871
0.2973091310101149
0.2973126032335428
0.29731607545697064
0.2973195476803985
0.2973230199038263
0.2973264921272542
0.29732996435068204
0.2973334365741099
0.29733690879753777
0.29734038102096566
0.2973438532443935
0.29734732546782133
0.29735079769124917
0.29735426991467706
0.2973577421381049
0.29736121436153273
0.29736468658496057
0.2973681588083884
0.2973716310318163
0.2973751032552442
0.297378575478672
0.29738204770209986
0.29738551992552775
0.2973889921489556
0.2973924643723834
0.29739593659581126
0.29739940881923915
0.29740288104266704
0.2974063532660949
0.2974098254895227
0.2974132977129506
0.29741676993637844
0.29742024215980634
0.2974237143832341
0.29742718660666195
0.29743065883008984
0.29743413105351774
0.2974376032769456
0.2974410755003734
0.29744454772380124
0.29744801994722914
0.29745149217065703
0.29745496439408486
0.2974584366175127
0.29746190884094054
0.2974653810643684
0.29746885328779626
0.2974723255112241
0.297475797734652
0.29747926995807983
0.2974827421815077
0.29748621440493556
0.2974896866283634
0.2974931588517913
0.2974966310752191
0.29750010329864696
0.2975035755220748
0.29750704774550263
0.2975105199689306
0.2975139921923584
0.29751746441578625
0.2975209366392141
0.2975244088626419
0.2975278810860698
0.29753135330949765
0.2975348255329255
0.2975382977563533
0.2975417699797812
0.2975452422032091
0.29754871442663694
0.2975521866500648
0.29755565887349267
0.2975591310969205
0.2975626033203484
0.2975660755437762
