0.8045141682340862
0.8045176404575141
0.804521112680942
0.8045245849043697
0.8045280571277976
0.8045315293512254
0.8045350015746533
0.8045384737980811
0.804541946021509
0.8045454182449369
0.8045488904683649
0.8045523626917926
0.8045558349152205
0.8045593071386483
0.8045627793620761
0.804566251585504
0.8045697238089318
0.8045731960323598
0.8045766682557876
0.8045801404792156
0.8045836127026433
0.8045870849260712
0.804590557149499
0.8045940293729269
0.8045975015963547
0.8046009738197826
0.8046044460432105
0.8046079182666382
0.8046113904900661
0.804614862713494
0.8046183349369219
0.8046218071603497
0.8046252793837776
0.8046287516072054
0.8046322238306333
0.804635696054061
0.8046391682774889
0.8046426405009169
0.8046461127243447
0.8046495849477726
0.8046530571712004
0.8046565293946283
0.8046600016180561
0.804663473841484
0.8046669460649118
0.8046704182883396
0.8046738905117676
0.8046773627351953
0.8046808349586233
0.8046843071820511
0.804687779405479
0.8046912516289068
0.8046947238523346
0.8046981960757625
0.8047016682991904
0.8047051405226182
0.8047086127460461
0.804712084969474
0.8047155571929018
0.8047190294163297
0.8047225016397574
0.8047259738631853
0.8047294460866131
0.8047329183100411
0.804736390533469
0.8047398627568968
0.8047433349803247
0.8047468072037525
0.8047502794271804
0.8047537516506081
0.804757223874036
0.8047606960974639
0.8047641683208918
0.8047676405443197
0.8047711127677475
0.8047745849911754
0.8047780572146032
0.804781529438031
0.8047850016614588
0.8047884738848867
0.8047919461083146
0.8047954183317426
0.8047988905551703
0.8048023627785982
0.8048058350020261
0.8048093072254539
0.8048127794488817
0.8048162516723095
0.8048197238957375
0.8048231961191652
0.8048266683425932
0.804830140566021
0.804833612789449
0.8048370850128768
0.8048405572363047
0.8048440294597324
0.8048475016831602
0.8048509739065881
0.804854446130016
0.8048579183534439
0.8048613905768718
0.8048648628002997
0.8048683350237275
0.8048718072471553
0.8048752794705831
0.804878751694011
0.8048822239174388
0.8048856961408667
0.8048891683642946
0.8048926405877224
0.8048961128111504
0.8048995850345781
0.804903057258006
0.8049065294814338
0.8049100017048617
0.8049134739282896
0.8049169461517174
0.8049204183751453
0.804923890598573
0.8049273628220011
0.8049308350454288
0.8049343072688567
0.8049377794922845
0.8049412517157124
0.8049447239391402
0.8049481961625681
0.804951668385996
0.8049551406094239
0.8049586128328517
0.8049620850562795
0.8049655572797074
0.8049690295031352
0.8049725017265631
0.8049759739499909
0.8049794461734189
0.8049829183968467
0.8049863906202746
0.8049898628437024
0.8049933350671302
0.8049968072905581
0.8050002795139859
0.8050037517374138
0.8050072239608417
0.8050106961842695
0.8050141684076974
0.8050176406311252
0.8050211128545531
0.8050245850779809
0.8050280573014088
0.8050315295248366
0.8050350017482645
0.8050384739716923
0.8050419461951202
0.805045418418548
0.8050488906419759
0.8050523628654038
0.8050558350888316
0.8050593073122595
0.8050627795356873
0.8050662517591152
0.805069723982543
0.805073196205971
0.8050766684293987
0.8050801406528267
0.8050836128762545
0.8050870850996823
0.8050905573231102
0.805094029546538
0.8050975017699659
0.8051009739933936
0.8051044462168216
0.8051079184402494
0.8051113906636773
0.8051148628871052
0.8051183351105331
0.8051218073339609
0.8051252795573888
0.8051287517808166
0.8051322240042443
0.8051356962276722
0.8051391684511001
0.8051426406745281
0.8051461128979559
0.8051495851213838
0.8051530573448116
0.8051565295682395
0.8051600017916672
0.8051634740150951
0.805166946238523
0.8051704184619508
0.8051738906853788
0.8051773629088065
0.8051808351322345
0.8051843073556623
0.8051877795790902
0.8051912518025179
0.8051947240259458
0.8051981962493737
0.8052016684728016
0.8052051406962294
