0.051041684389473777
0.051045156612901516
0.05104862883632945
0.05105210105975728
0.051055573283185114
0.05105904550661304
0.05106251773004088
0.05106598995346871
0.05106946217689655
0.05107293440032438
0.05107640662375231
0.05107987884718014
0.05108335107060798
0.0510868232940359
0.05109029551746365
0.051093767740891576
0.05109723996431941
0.05110071218774725
0.051104184411175174
0.05110765663460301
0.05111112885803084
0.051114601081458676
0.05111807330488651
0.05112154552831435
0.051125017751742274
0.05112848997517011
0.05113196219859794
0.05113543442202587
0.05113890664545361
0.05114237886888154
0.051145851092309375
0.05114932331573721
0.05115279553916514
0.05115626776259297
0.05115973998602081
0.05116321220944864
0.051166684432876475
0.0511701566563044
0.05117362887973224
0.05117710110316007
0.05118057332658791
0.051184045550015836
0.05118751777344367
0.05119098999687151
0.05119446222029934
0.051197934443727174
0.0512014066671551
0.051204878890582936
0.05120835111401077
0.05121182333743861
0.05121529556086644
0.05121876778429437
0.0512222400077222
0.051225712231150036
0.05122918445457796
0.05123265667800571
0.051236128901433635
0.05123960112486147
0.05124307334828931
0.051246545571717234
0.05125001779514507
0.0512534900185729
0.051256962242000735
0.05126043446542857
0.0512639066888565
0.051267378912284334
0.05127085113571217
0.05127432335914
0.05127779558256793
0.05128126780599576
0.0512847400294236
0.051288212252851434
0.05129168447627927
0.051295156699707196
0.05129862892313503
0.05130210114656287
0.0513055733699907
0.051309045593418534
0.05131251781684646
0.0513159900402743
0.05131946226370213
0.05132293448713006
0.051326406710557805
0.05132987893398573
0.05133335115741357
0.0513368233808414
0.05134029560426933
0.05134376782769716
0.051347240051124995
0.05135071227455283
0.05135418449798067
0.051357656721408594
0.05136112894483643
0.05136460116826426
0.051368073391692096
0.05137154561512002
0.05137501783854786
0.051378490061975694
0.05138196228540353
0.05138543450883137
0.05138890673225929
0.05139237895568713
0.05139585117911496
0.05139932340254289
0.05140279562597063
0.05140626784939856
0.05140974007282639
0.05141321229625423
0.051416684519682156
0.05142015674310999
0.05142362896653782
0.05142710118996566
0.05143057341339349
0.05143404563682142
0.051437517860249256
0.05144099008367709
0.05144446230710493
0.05144793453053276
0.05145140675396069
0.05145487897738852
0.051458351200816356
0.05146182342424419
0.05146529564767212
0.051468767871099864
0.05147224009452779
0.05147571231795563
0.051479184541383456
0.05148265676481138
0.05148612898823922
0.051489601211667055
0.05149307343509498
0.05149654565852273
0.051500017881950653
0.05150349010537849
0.05150696232880632
0.05151043455223425
0.05151390677566208
0.05151737899908992
0.051520851222517754
0.05152432344594559
0.051527795669373516
0.05153126789280135
0.05153474011622919
0.05153821233965702
0.05154168456308495
0.05154515678651269
0.051548629009940616
0.05155210123336845
0.05155557345679629
0.051559045680224215
0.05156251790365205
0.05156599012707988
0.05156946235050772
0.05157293457393555
0.05157640679736348
0.051579879020791315
0.05158335124421915
0.05158682346764708
0.05159029569107482
0.05159376791450275
0.05159724013793058
0.051600712361358415
0.05160418458478625
0.05160765680821418
0.051611129031642014
0.05161460125506985
0.05161807347849768
0.051621545701925516
0.05162501792535344
0.05162849014878128
0.051631962372209114
0.05163543459563704
0.051638906819064787
0.05164237904249271
0.05164585126592055
0.05164932348934838
0.05165279571277631
0.05165626793620414
0.05165974015963198
0.05166321238305981
0.05166668460648765
0.051670156829915576
0.05167362905334341
0.05167710127677125
0.05168057350019908
0.05168404572362701
0.05168751794705484
0.051690990170482676
0.05169446239391051
0.05169793461733835
0.051701406840766274
0.05170487906419411
0.05170835128762194
0.051711823511049776
0.05171529573447761
0.05171876795790554
0.051722240181333375
0.05172571240476121
0.05172918462818914
0.051732656851616876
