0.38020846535016156
0.3802119375735894
0.3802154097970173
0.3802188820204451
0.38022235424387296
0.38022582646730085
0.3802292986907287
0.3802327709141566
0.3802362431375844
0.38023971536101225
0.38024318758444015
0.380246659807868
0.3802501320312958
0.38025360425472365
0.38025707647815155
0.3802605487015794
0.3802640209250073
0.3802674931484351
0.38027096537186295
0.38027443759529084
0.3802779098187187
0.3802813820421465
0.38028485426557435
0.3802883264890022
0.38029179871243013
0.38029527093585797
0.3802987431592858
0.38030221538271364
0.38030568760614153
0.3803091598295694
0.38031263205299726
0.3803161042764251
0.38031957649985293
0.3803230487232808
0.38032652094670866
0.3803299931701365
0.38033346539356433
0.3803369376169922
0.3803404098404201
0.38034388206384795
0.3803473542872758
0.3803508265107036
0.38035429873413146
0.38035777095755935
0.3803612431809872
0.380364715404415
0.3803681876278429
0.3803716598512708
0.38037513207469864
0.3803786042981265
0.38038207652155437
0.3803855487449822
0.38038902096841004
0.3803924931918379
0.3803959654152657
0.3803994376386936
0.3804029098621215
0.38040638208554933
0.38040985430897717
0.380413326532405
0.38041679875583295
0.38042027097926073
0.38042374320268857
0.3804272154261164
0.3804306876495443
0.3804341598729722
0.3804376320964
0.38044110431982786
0.3804445765432557
0.38044804876668364
0.3804515209901115
0.3804549932135393
0.38045846543696715
0.380461937660395
0.3804654098838229
0.3804688821072507
0.38047235433067855
0.38047582655410644
0.3804792987775343
0.38048277100096217
0.38048624322439
0.38048971544781784
0.3804931876712457
0.3804966598946736
0.3805001321181014
0.38050360434152924
0.38050707656495714
0.380510548788385
0.38051402101181286
0.3805174932352407
0.38052096545866854
0.38052443768209643
0.38052790990552426
0.3805313821289521
0.38053485435237994
0.3805383265758078
0.3805417987992357
0.38054527102266356
0.3805487432460914
0.38055221546951923
0.3805556876929471
0.38055915991637496
0.3805626321398028
0.38056610436323063
0.38056957658665846
0.3805730488100864
0.38057652103351425
0.3805799932569421
0.3805834654803699
0.3805869377037978
0.3805904099272257
0.38059388215065354
0.3805973543740814
0.3806008265975092
0.38060429882093705
0.38060777104436494
0.3806112432677928
0.3806147154912206
0.3806181877146485
0.3806216599380764
0.38062513216150423
0.38062860438493207
0.3806320766083599
0.38063554883178774
0.38063902105521563
0.38064249327864347
0.3806459655020713
0.3806494377254992
0.3806529099489271
0.3806563821723549
0.38065985439578276
0.3806633266192106
0.3806667988426385
0.3806702710660663
0.38067374328949416
0.380677215512922
0.3806806877363499
0.3806841599597778
0.3806876321832056
0.38069110440663345
0.3806945766300613
0.38069804885348923
0.380701521076917
0.38070499330034485
0.3807084655237727
0.3807119377472006
0.38071540997062847
0.3807188821940563
0.38072235441748414
0.38072582664091204
0.38072929886433987
0.38073277108776776
0.3807362433111956
0.38073971553462344
0.38074318775805127
0.38074665998147916
0.380750132204907
0.38075360442833484
0.3807570766517627
0.38076054887519056
0.38076402109861845
0.3807674933220463
0.3807709655454741
0.38077443776890196
0.38077790999232985
0.3807813822157577
0.3807848544391855
0.38078832666261336
0.3807917988860413
0.38079527110946915
0.380798743332897
0.3808022155563248
0.3808056877797527
0.38080916000318055
0.3808126322266084
0.3808161044500362
0.38081957667346406
0.380823048896892
0.38082652112031984
0.3808299933437477
0.3808334655671755
0.3808369377906034
0.3808404100140313
0.3808438822374591
0.3808473544608869
0.3808508266843148
0.38085429890774264
0.38085777113117053
0.38086124335459837
0.3808647155780262
0.3808681878014541
0.380871660024882
0.3808751322483098
0.38087860447173766
0.3808820766951655
0.38088554891859333
0.3808890211420212
0.38089249336544906
0.3808959655888769
0.3808994378123048
