0.6350696649547448
0.6350731371781726
0.6350766094016005
0.6350800816250283
0.6350835538484562
0.635087026071884
0.635090498295312
0.6350939705187397
0.6350974427421676
0.6351009149655954
0.6351043871890234
0.6351078594124512
0.635111331635879
0.635114803859307
0.6351182760827347
0.6351217483061626
0.6351252205295904
0.6351286927530183
0.6351321649764461
0.6351356371998741
0.6351391094233019
0.6351425816467298
0.6351460538701575
0.6351495260935854
0.6351529983170133
0.6351564705404411
0.635159942763869
0.6351634149872968
0.6351668872107248
0.6351703594341526
0.6351738316575805
0.6351773038810082
0.6351807761044361
0.635184248327864
0.6351877205512918
0.6351911927747197
0.6351946649981475
0.6351981372215755
0.6352016094450033
0.6352050816684311
0.635208553891859
0.6352120261152868
0.6352154983387147
0.6352189705621425
0.6352224427855704
0.6352259150089982
0.6352293872324262
0.635232859455854
0.6352363316792818
0.6352398039027096
0.6352432761261376
0.6352467483495654
0.6352502205729933
0.6352536927964211
0.6352571650198489
0.6352606372432767
0.6352641094667046
0.6352675816901325
0.6352710539135604
0.6352745261369883
0.6352779983604161
0.635281470583844
0.6352849428072718
0.6352884150306997
0.6352918872541276
0.6352953594775553
0.6352988317009832
0.6353023039244111
0.635305776147839
0.6353092483712668
0.6353127205946947
0.6353161928181225
0.6353196650415504
0.6353231372649782
0.635326609488406
0.6353300817118339
0.6353335539352617
0.6353370261586897
0.6353404983821175
0.6353439706055454
0.6353474428289732
0.635350915052401
0.6353543872758289
0.6353578594992567
0.6353613317226846
0.6353648039461125
0.6353682761695404
0.6353717483929682
0.6353752206163961
0.6353786928398238
0.6353821650632517
0.6353856372866796
0.6353891095101075
0.6353925817335353
0.6353960539569631
0.6353995261803911
0.6354029984038189
0.6354064706272468
0.6354099428506745
0.6354134150741024
0.6354168872975303
0.6354203595209582
0.635423831744386
0.6354273039678139
0.6354307761912418
0.6354342484146696
0.6354377206380974
0.6354411928615252
0.6354446650849531
0.635448137308381
0.6354516095318089
0.6354550817552367
0.6354585539786646
0.6354620262020925
0.6354654984255202
0.6354689706489481
0.6354724428723759
0.6354759150958038
0.6354793873192317
0.6354828595426596
0.6354863317660874
0.6354898039895153
0.6354932762129432
0.6354967484363709
0.6355002206597988
0.6355036928832266
0.6355071651066545
0.6355106373300823
0.6355141095535103
0.6355175817769381
0.6355210540003661
0.6355245262237939
0.6355279984472217
0.6355314706706495
0.6355349428940774
0.6355384151175052
0.6355418873409331
0.635545359564361
0.6355488317877888
0.6355523040112168
0.6355557762346445
0.6355592484580724
0.6355627206815002
0.6355661929049281
0.635569665128356
0.6355731373517838
0.6355766095752117
0.6355800817986395
0.6355835540220673
0.6355870262454952
0.6355904984689231
0.6355939706923509
0.6355974429157788
0.6356009151392066
0.6356043873626345
0.6356078595860624
0.6356113318094901
0.6356148040329181
0.6356182762563459
0.6356217484797738
0.6356252207032016
0.6356286929266295
0.6356321651500573
0.6356356373734852
0.635639109596913
0.6356425818203408
0.6356460540437687
0.6356495262671966
0.6356529984906245
0.6356564707140523
0.6356599429374802
0.635663415160908
0.635666887384336
0.6356703596077637
0.6356738318311916
0.6356773040546194
0.6356807762780473
0.6356842485014752
0.635687720724903
0.6356911929483309
0.6356946651717587
0.6356981373951867
0.6357016096186144
0.6357050818420423
0.6357085540654702
0.635712026288898
0.6357154985123259
0.6357189707357537
0.6357224429591816
0.6357259151826095
0.6357293874060373
0.6357328596294651
0.635736331852893
0.6357398040763208
0.6357432762997487
0.6357467485231766
0.6357502207466044
0.6357536929700323
0.63575716519346
0.6357606374168879
