0.08923614209588261
0.08923961431931049
0.08924308654273838
0.08924655876616622
0.0892500309895941
0.08925350321302193
0.08925697543644981
0.08926044765987759
0.08926391988330548
0.08926739210673336
0.0892708643301612
0.08927433655358907
0.08927780877701691
0.08928128100044479
0.08928475322387262
0.08928822544730046
0.08929169767072834
0.08929516989415617
0.08929864211758405
0.08930211434101194
0.08930558656443972
0.0893090587878676
0.08931253101129544
0.08931600323472333
0.0893194754581512
0.08932294768157904
0.08932641990500692
0.0893298921284347
0.08933336435186259
0.08933683657529043
0.08934030879871831
0.08934378102214618
0.08934725324557402
0.0893507254690019
0.0893541976924297
0.08935766991585757
0.08936114213928545
0.08936461436271328
0.08936808658614116
0.089371558809569
0.08937503103299689
0.08937850325642477
0.08938197547985255
0.08938544770328044
0.08938891992670826
0.08939239215013615
0.08939586437356403
0.08939933659699187
0.08940280882041975
0.08940628104384754
0.08940975326727542
0.08941322549070325
0.08941669771413113
0.08942016993755901
0.08942364216098685
0.08942711438441468
0.08943058660784252
0.0894340588312704
0.08943753105469827
0.08944100327812611
0.089444475501554
0.08944794772498178
0.08945141994840966
0.08945489217183755
0.08945836439526539
0.08946183661869327
0.0894653088421211
0.08946878106554898
0.08947225328897676
0.08947572551240465
0.08947919773583253
0.08948266995926037
0.08948614218268824
0.08948961440611608
0.08949308662954396
0.08949655885297184
0.08950003107639963
0.08950350329982751
0.08950697552325534
0.08951044774668322
0.08951391997011111
0.08951739219353895
0.08952086441696683
0.08952433664039461
0.0895278088638225
0.08953128108725038
0.08953475331067821
0.08953822553410609
0.08954169775753393
0.08954516998096176
0.0895486422043896
0.08955211442781748
0.08955558665124536
0.08955905887467319
0.08956253109810107
0.0895660033215289
0.08956947554495674
0.08957294776838462
0.08957641999181246
0.08957989221524033
0.08958336443866817
0.08958683666209606
0.08959030888552394
0.08959378110895172
0.08959725333237961
0.08960072555580745
0.08960419777923533
0.0896076700026632
0.08961114222609104
0.08961461444951892
0.08961808667294671
0.08962155889637459
0.08962503111980243
0.0896285033432303
0.08963197556665818
0.08963544779008602
0.0896389200135139
0.08964239223694169
0.08964586446036957
0.08964933668379746
0.08965280890722528
0.08965628113065317
0.08965975335408101
0.08966322557750889
0.08966669780093672
0.08967017002436456
0.08967364224779244
0.08967711447122027
0.08968058669464815
0.08968405891807599
0.08968753114150382
0.0896910033649317
0.08969447558835954
0.08969794781178742
0.08970142003521525
0.08970489225864313
0.08970836448207102
0.0897118367054988
0.08971530892892668
0.08971878115235452
0.0897222533757824
0.08972572559921028
0.08972919782263812
0.089732670046066
0.08973614226949378
0.08973961449292167
0.08974308671634955
0.08974655893977738
0.08975003116320526
0.0897535033866331
0.08975697561006098
0.08976044783348877
0.08976392005691665
0.08976739228034453
0.08977086450377236
0.08977433672720024
0.08977780895062808
0.08978128117405595
0.08978475339748379
0.08978822562091163
0.08979169784433952
0.08979517006776734
0.08979864229119523
0.08980211451462311
0.08980558673805095
0.08980905896147878
0.08981253118490662
0.0898160034083345
0.08981947563176237
0.08982294785519021
0.08982642007861809
0.08982989230204588
0.08983336452547376
0.0898368367489016
0.08984030897232947
0.08984378119575735
0.08984725341918519
0.08985072564261308
0.08985419786604086
0.08985767008946874
0.08986114231289663
0.08986461453632445
0.08986808675975234
0.08987155898318018
0.08987503120660806
0.08987850343003594
0.08988197565346373
0.08988544787689161
0.08988892010031944
0.08989239232374732
0.08989586454717516
0.08989933677060304
0.08990280899403091
0.08990628121745871
0.08990975344088659
0.08991322566431442
0.0899166978877423
0.08992017011117019
0.08992364233459801
0.08992711455802585
