0.5774307560523458
0.5774342282757737
0.5774377004992015
0.5774411727226294
0.5774446449460572
0.5774481171694852
0.577451589392913
0.5774550616163409
0.5774585338397686
0.5774620060631965
0.5774654782866244
0.5774689505100522
0.5774724227334801
0.5774758949569079
0.5774793671803359
0.5774828394037637
0.5774863116271916
0.5774897838506193
0.5774932560740472
0.5774967282974751
0.5775002005209029
0.5775036727443308
0.5775071449677586
0.5775106171911866
0.5775140894146144
0.5775175616380422
0.57752103386147
0.577524506084898
0.5775279783083258
0.5775314505317537
0.5775349227551815
0.5775383949786093
0.5775418672020373
0.577545339425465
0.5775488116488929
0.5775522838723207
0.5775557560957487
0.5775592283191765
0.5775627005426044
0.5775661727660322
0.5775696449894601
0.577573117212888
0.5775765894363157
0.5775800616597436
0.5775835338831714
0.5775870061065994
0.5775904783300272
0.5775939505534551
0.5775974227768829
0.5776008950003108
0.5776043672237386
0.5776078394471664
0.5776113116705943
0.5776147838940221
0.5776182561174501
0.5776217283408779
0.5776252005643058
0.5776286727877336
0.5776321450111614
0.5776356172345893
0.5776390894580171
0.577642561681445
0.5776460339048728
0.5776495061283008
0.5776529783517286
0.5776564505751565
0.5776599227985842
0.5776633950220121
0.57766686724544
0.5776703394688679
0.5776738116922957
0.5776772839157236
0.5776807561391515
0.5776842283625793
0.5776877005860072
0.5776911728094349
0.5776946450328628
0.5776981172562907
0.5777015894797186
0.5777050617031464
0.5777085339265743
0.5777120061500022
0.57771547837343
0.5777189505968578
0.5777224228202856
0.5777258950437135
0.5777293672671414
0.5777328394905693
0.5777363117139971
0.577739783937425
0.5777432561608529
0.5777467283842807
0.5777502006077085
0.5777536728311363
0.5777571450545642
0.5777606172779921
0.57776408950142
0.5777675617248478
0.5777710339482757
0.5777745061717036
0.5777779783951313
0.5777814506185592
0.577784922841987
0.5777883950654149
0.5777918672888428
0.5777953395122707
0.5777988117356985
0.5778022839591264
0.5778057561825543
0.5778092284059821
0.5778127006294099
0.5778161728528378
0.5778196450762656
0.5778231172996935
0.5778265895231214
0.5778300617465492
0.577833533969977
0.577837006193405
0.5778404784168328
0.5778439506402606
0.5778474228636885
0.5778508950871163
0.5778543673105442
0.5778578395339721
0.5778613117573999
0.5778647839808277
0.5778682562042556
0.5778717284276835
0.5778752006511113
0.5778786728745392
0.577882145097967
0.5778856173213949
0.5778890895448228
0.5778925617682505
0.5778960339916784
0.5778995062151063
0.5779029784385342
0.577906450661962
0.5779099228853899
0.5779133951088177
0.5779168673322456
0.5779203395556735
0.5779238117791012
0.5779272840025291
0.577930756225957
0.5779342284493849
0.5779377006728127
0.5779411728962406
0.5779446451196684
0.5779481173430964
0.5779515895665241
0.577955061789952
0.5779585340133798
0.5779620062368077
0.5779654784602356
0.5779689506836634
0.5779724229070913
0.5779758951305191
0.5779793673539471
0.5779828395773748
0.5779863118008027
0.5779897840242305
0.5779932562476584
0.5779967284710863
0.5780002006945141
0.578003672917942
0.5780071451413697
0.5780106173647978
0.5780140895882255
0.5780175618116534
0.5780210340350812
0.5780245062585091
0.578027978481937
0.5780314507053648
0.5780349229287927
0.5780383951522204
0.5780418673756484
0.5780453395990762
0.5780488118225041
0.5780522840459319
0.5780557562693599
0.5780592284927877
0.5780627007162155
0.5780661729396434
0.5780696451630711
0.5780731173864991
0.5780765896099269
0.5780800618333548
0.5780835340567826
0.5780870062802106
0.5780904785036384
0.5780939507270663
0.578097422950494
0.5781008951739219
0.5781043673973498
0.5781078396207776
0.5781113118442055
0.5781147840676333
0.5781182562910613
0.5781217285144891
