0.5211807365210891
0.521184208744517
0.5211876809679448
0.5211911531913727
0.5211946254148004
0.5211980976382283
0.5212015698616562
0.521205042085084
0.5212085143085119
0.5212119865319398
0.5212154587553677
0.5212189309787955
0.5212224032022233
0.5212258754256511
0.521229347649079
0.5212328198725069
0.5212362920959347
0.5212397643193626
0.5212432365427905
0.5212467087662184
0.5212501809896462
0.521253653213074
0.5212571254365018
0.5212605976599297
0.5212640698833576
0.5212675421067854
0.5212710143302133
0.5212744865536412
0.5212779587770691
0.5212814310004968
0.5212849032239247
0.5212883754473525
0.5212918476707804
0.5212953198942083
0.5212987921176361
0.521302264341064
0.5213057365644919
0.5213092087879198
0.5213126810113475
0.5213161532347754
0.5213196254582032
0.5213230976816312
0.521326569905059
0.5213300421284869
0.5213335143519147
0.5213369865753426
0.5213404587987704
0.5213439310221982
0.5213474032456261
0.5213508754690539
0.5213543476924819
0.5213578199159097
0.5213612921393376
0.5213647643627654
0.5213682365861932
0.5213717088096211
0.5213751810330489
0.5213786532564768
0.5213821254799046
0.5213855977033326
0.5213890699267604
0.5213925421501883
0.521396014373616
0.5213994865970439
0.5214029588204718
0.5214064310438996
0.5214099032673275
0.5214133754907553
0.5214168477141833
0.5214203199376111
0.521423792161039
0.5214272643844667
0.5214307366078947
0.5214342088313225
0.5214376810547503
0.5214411532781782
0.521444625501606
0.521448097725034
0.5214515699484618
0.5214550421718896
0.5214585143953174
0.5214619866187454
0.5214654588421732
0.5214689310656011
0.5214724032890289
0.5214758755124568
0.5214793477358847
0.5214828199593124
0.5214862921827403
0.5214897644061681
0.5214932366295961
0.5214967088530239
0.5215001810764518
0.5215036532998796
0.5215071255233075
0.5215105977467354
0.5215140699701631
0.521517542193591
0.5215210144170188
0.5215244866404468
0.5215279588638746
0.5215314310873025
0.5215349033107303
0.5215383755341582
0.521541847757586
0.5215453199810138
0.5215487922044417
0.5215522644278695
0.5215557366512975
0.5215592088747253
0.5215626810981532
0.521566153321581
0.5215696255450089
0.5215730977684367
0.5215765699918645
0.5215800422152924
0.5215835144387202
0.5215869866621482
0.521590458885576
0.5215939311090039
0.5215974033324317
0.5216008755558595
0.5216043477792874
0.5216078200027153
0.5216112922261431
0.521614764449571
0.5216182366729989
0.5216217088964267
0.5216251811198546
0.5216286533432823
0.5216321255667102
0.5216355977901381
0.521639070013566
0.5216425422369938
0.5216460144604217
0.5216494866838496
0.5216529589072774
0.5216564311307053
0.521659903354133
0.5216633755775609
0.5216668478009888
0.5216703200244167
0.5216737922478445
0.5216772644712724
0.5216807366947003
0.5216842089181281
0.521687681141556
0.5216911533649837
0.5216946255884116
0.5216980978118395
0.5217015700352674
0.5217050422586952
0.5217085144821231
0.521711986705551
0.5217154589289789
0.5217189311524066
0.5217224033758344
0.5217258755992623
0.5217293478226902
0.5217328200461181
0.5217362922695459
0.5217397644929738
0.5217432367164017
0.5217467089398296
0.5217501811632573
0.5217536533866852
0.521757125610113
0.5217605978335409
0.5217640700569688
0.5217675422803966
0.5217710145038245
0.5217744867272524
0.5217779589506802
0.521781431174108
0.5217849033975359
0.5217883756209637
0.5217918478443916
0.5217953200678195
0.5217987922912473
0.5218022645146752
0.521805736738103
0.5218092089615309
0.5218126811849587
0.5218161534083866
0.5218196256318144
0.5218230978552423
0.5218265700786702
0.521830042302098
0.5218335145255258
0.5218369867489537
0.5218404589723816
0.5218439311958094
0.5218474034192373
0.5218508756426651
0.5218543478660931
0.5218578200895209
0.5218612923129486
0.5218647645363765
0.5218682367598044
0.5218717089832323
