0.1482639403694237
0.1482674125928516
0.14827088481627942
0.1482743570397073
0.14827782926313518
0.14828130148656296
0.14828477370999085
0.1482882459334187
0.14829171815684655
0.1482951903802744
0.14829866260370228
0.14830213482713017
0.14830560705055795
0.14830907927398582
0.14831255149741365
0.14831602372084154
0.14831949594426944
0.14832296816769727
0.14832644039112514
0.14832991261455294
0.1483333848379808
0.1483368570614087
0.14834032928483654
0.1483438015082644
0.14834727373169224
0.14835074595512013
0.14835421817854802
0.1483576904019758
0.14836116262540366
0.1483646348488315
0.1483681070722594
0.14837157929568723
0.14837505151911512
0.14837852374254296
0.14838199596597076
0.14838546818939866
0.1483889404128265
0.14839241263625438
0.14839588485968225
0.14839935708311008
0.14840282930653792
0.14840630152996576
0.14840977375339365
0.1484132459768215
0.14841671820024935
0.14842019042367724
0.14842366264710502
0.1484271348705329
0.14843060709396078
0.1484340793173886
0.1484375515408165
0.14844102376424434
0.14844449598767223
0.1484479682111
0.14845144043452788
0.14845491265795577
0.1484583848813836
0.1484618571048115
0.14846532932823933
0.1484688015516672
0.1484722737750951
0.14847574599852287
0.14847921822195076
0.1484826904453786
0.14848616266880646
0.14848963489223435
0.1484931071156622
0.14849657933909008
0.14850005156251786
0.14850352378594572
0.14850699600937362
0.14851046823280145
0.14851394045622934
0.14851741267965718
0.14852088490308502
0.14852435712651282
0.14852782934994072
0.1485313015733686
0.14853477379679644
0.1485382460202243
0.14854171824365212
0.14854519046707998
0.14854866269050787
0.1485521349139357
0.14855560713736357
0.1485590793607914
0.1485625515842193
0.1485660238076472
0.14856949603107497
0.14857296825450284
0.14857644047793067
0.14857991270135856
0.1485833849247864
0.1485868571482143
0.14859032937164215
0.14859380159506994
0.14859727381849783
0.14860074604192566
0.14860421826535355
0.14860769048878142
0.14861116271220925
0.14861463493563715
0.14861810715906493
0.14862157938249282
0.14862505160592068
0.14862852382934852
0.1486319960527764
0.14863546827620425
0.14863894049963214
0.14864241272305995
0.14864588494648778
0.14864935716991567
0.1486528293933435
0.1486563016167714
0.14865977384019924
0.14866324606362707
0.14866671828705494
0.14867019051048277
0.14867366273391067
0.1486771349573385
0.14868060718076637
0.14868407940419426
0.14868755162762204
0.14869102385104993
0.14869449607447777
0.14869796829790563
0.14870144052133352
0.14870491274476136
0.14870838496818925
0.14871185719161703
0.1487153294150449
0.1487188016384728
0.14872227386190062
0.14872574608532851
0.14872921830875635
0.14873269053218421
0.148736162755612
0.1487396349790399
0.14874310720246778
0.14874657942589561
0.14875005164932348
0.14875352387275131
0.1487569960961792
0.14876046831960704
0.14876394054303488
0.14876741276646274
0.14877088498989058
0.14877435721331847
0.14877782943674636
0.14878130166017414
0.148784773883602
0.14878824610702984
0.14879171833045773
0.14879519055388557
0.14879866277731346
0.14880213500074133
0.14880560722416913
0.148809079447597
0.14881255167102483
0.14881602389445273
0.1488194961178806
0.14882296834130843
0.14882644056473632
0.1488299127881641
0.148833385011592
0.14883685723501985
0.1488403294584477
0.14884380168187558
0.14884727390530342
0.1488507461287313
0.14885421835215917
0.14885769057558695
0.14886116279901485
0.14886463502244268
0.14886810724587057
0.1488715794692984
0.14887505169272627
0.1488785239161541
0.14888199613958195
0.14888546836300984
0.14888894058643767
0.14889241280986554
0.14889588503329343
0.14889935725672127
0.1489028294801491
0.14890630170357694
0.1489097739270048
0.1489132461504327
0.14891671837386053
0.14892019059728842
0.1489236628207162
0.14892713504414407
0.14893060726757196
0.1489340794909998
0.14893755171442769
0.14894102393785552
0.14894449616128339
0.14894796838471117
0.14895144060813906
0.14895491283156695
