0.20868062801410694
0.2086841002375348
0.20868757246096262
0.20869104468439048
0.20869451690781832
0.2086979891312462
0.2087014613546741
0.2087049335781019
0.2087084058015298
0.20871187802495758
0.20871535024838547
0.20871882247181336
0.2087222946952412
0.20872576691866906
0.2087292391420969
0.2087327113655248
0.20873618358895263
0.20873965581238046
0.20874312803580833
0.20874660025923616
0.20875007248266406
0.2087535447060919
0.20875701692951973
0.2087604891529476
0.20876396137637543
0.20876743359980332
0.20877090582323116
0.20877437804665905
0.2087778502700869
0.2087813224935147
0.20878479471694258
0.20878826694037042
0.2087917391637983
0.20879521138722618
0.208798683610654
0.2088021558340819
0.20880562805750968
0.20880910028093758
0.20881257250436544
0.20881604472779328
0.20881951695122117
0.208822989174649
0.20882646139807687
0.20882993362150468
0.20883340584493254
0.20883687806836043
0.20884035029178827
0.20884382251521616
0.20884729473864397
0.20885076696207186
0.2088542391854997
0.20885771140892753
0.20886118363235542
0.20886465585578326
0.20886812807921112
0.20887160030263902
0.20887507252606685
0.2088785447494947
0.20888201697292252
0.2088854891963504
0.20888896141977828
0.20889243364320612
0.20889590586663398
0.2088993780900618
0.20890285031348965
0.2089063225369175
0.20890979476034538
0.20891326698377327
0.2089167392072011
0.20892021143062897
0.20892368365405675
0.20892715587748464
0.20893062810091254
0.20893410032434037
0.20893757254776824
0.20894104477119607
0.20894451699462396
0.20894798921805183
0.20895146144147964
0.2089549336649075
0.20895840588833534
0.20896187811176323
0.2089653503351911
0.20896882255861893
0.20897229478204682
0.2089757670054746
0.2089792392289025
0.20898271145233033
0.20898618367575822
0.20898965589918608
0.20899312812261392
0.20899660034604176
0.2090000725694696
0.20900354479289748
0.20900701701632535
0.20901048923975318
0.20901396146318107
0.20901743368660886
0.20902090591003675
0.2090243781334646
0.20902785035689245
0.20903132258032034
0.20903479480374818
0.20903826702717604
0.20904173925060385
0.2090452114740317
0.2090486836974596
0.20905215592088744
0.20905562814431533
0.20905910036774314
0.20906257259117103
0.20906604481459892
0.2090695170380267
0.2090729892614546
0.20907646148488243
0.2090799337083103
0.2090834059317382
0.20908687815516602
0.2090903503785939
0.2090938226020217
0.20909729482544956
0.20910076704887745
0.2091042392723053
0.20910771149573315
0.209111183719161
0.20911465594258888
0.20911812816601666
0.20912160038944455
0.20912507261287244
0.20912854483630028
0.20913201705972814
0.20913548928315598
0.20913896150658381
0.2091424337300117
0.20914590595343954
0.2091493781768674
0.20915285040029524
0.20915632262372313
0.209159794847151
0.2091632670705788
0.20916673929400667
0.2091702115174345
0.2091736837408624
0.2091771559642903
0.2091806281877181
0.209184100411146
0.20918757263457377
0.20919104485800166
0.2091945170814295
0.2091979893048574
0.20920146152828525
0.2092049337517131
0.20920840597514098
0.20921187819856876
0.20921535042199665
0.20921882264542452
0.20922229486885235
0.20922576709228025
0.20922923931570808
0.20923271153913595
0.20923618376256378
0.20923965598599162
0.2092431282094195
0.20924660043284735
0.2092500726562752
0.20925354487970305
0.20925701710313088
0.20926048932655877
0.2092639615499866
0.2092674337734145
0.20927090599684234
0.2092743782202702
0.2092778504436981
0.20928132266712587
0.20928479489055377
0.2092882671139816
0.20929173933740947
0.20929521156083736
0.2092986837842652
0.20930215600769306
0.20930562823112087
0.20930910045454873
0.20931257267797662
0.20931604490140446
0.20931951712483235
0.20932298934826016
0.20932646157168805
0.20932993379511583
0.20933340601854372
0.2093368782419716
0.20934035046539945
0.2093438226888273
0.20934729491225515
0.20935076713568304
0.2093542393591109
0.2093577115825387
0.20936118380596658
0.2093646560293944
0.2093681282528223
0.20937160047625017
