0.12465282106000733
0.12465629328343512
0.124659765506863
0.12466323773029084
0.12466670995371872
0.1246701821771466
0.12467365440057443
0.12467712662400231
0.1246805988474301
0.12468407107085798
0.12468754329428586
0.1246910155177137
0.12469448774114159
0.12469795996456941
0.12470143218799724
0.12470490441142514
0.12470837663485296
0.12471184885828085
0.12471532108170869
0.12471879330513656
0.1247222655285644
0.12472573775199224
0.12472920997542011
0.12473268219884795
0.12473615442227583
0.12473962664570366
0.12474309886913154
0.12474657109255942
0.12475004331598721
0.12475351553941509
0.12475698776284293
0.1247604599862708
0.1247639322096987
0.12476740443312653
0.12477087665655441
0.12477434887998219
0.12477782110341008
0.1247812933268379
0.1247847655502658
0.12478823777369367
0.12479170999712151
0.12479518222054939
0.12479865444397718
0.12480212666740506
0.12480559889083294
0.12480907111426078
0.12481254333768865
0.12481601556111649
0.12481948778454437
0.1248229600079722
0.12482643223140004
0.12482990445482792
0.12483337667825575
0.12483684890168364
0.12484032112511152
0.1248437933485393
0.1248472655719672
0.12485073779539502
0.12485421001882291
0.12485768224225074
0.12486115446567862
0.1248646266891065
0.1248680989125343
0.12487157113596217
0.12487504335939001
0.12487851558281789
0.12488198780624576
0.1248854600296736
0.12488893225310148
0.12489240447652927
0.12489587669995715
0.12489934892338503
0.12490282114681286
0.12490629337024076
0.12490976559366859
0.12491323781709647
0.12491671004052435
0.12492018226395214
0.12492365448738002
0.12492712671080786
0.12493059893423573
0.12493407115766357
0.12493754338109145
0.12494101560451928
0.12494448782794712
0.124947960051375
0.12495143227480283
0.12495490449823071
0.12495837672165859
0.12496184894508643
0.12496532116851426
0.1249687933919421
0.12497226561536998
0.12497573783879787
0.1249792100622257
0.12498268228565358
0.12498615450908136
0.12498962673250925
0.12499309895593708
0.12499657117936497
0.12500004340279283
0.12500351562622067
0.12500698784964856
0.12501046007307634
0.12501393229650423
0.12501740451993212
0.12502087674335996
0.12502434896678782
0.12502782119021566
0.12503129341364355
0.12503476563707142
0.12503823786049922
0.1250417100839271
0.12504518230735492
0.12504865453078282
0.12505212675421068
0.12505559897763852
0.1250590712010664
0.1250625434244942
0.12506601564792208
0.12506948787134992
0.12507296009477778
0.12507643231820567
0.1250799045416335
0.12508337676506134
0.12508684898848918
0.12509032121191707
0.12509379343534494
0.12509726565877277
0.12510073788220066
0.12510421010562844
0.12510768232905634
0.1251111545524842
0.12511462677591204
0.12511809899933993
0.12512157122276776
0.12512504344619563
0.12512851566962352
0.1251319878930513
0.1251354601164792
0.12513893233990703
0.1251424045633349
0.12514587678676273
0.12514934901019062
0.1251528212336185
0.1251562934570463
0.12515976568047418
0.12516323790390202
0.12516671012732988
0.12517018235075777
0.1251736545741856
0.12517712679761347
0.12518059902104128
0.12518407124446915
0.12518754346789704
0.12519101569132488
0.12519448791475274
0.12519796013818058
0.12520143236160847
0.12520490458503625
0.12520837680846414
0.12521184903189203
0.12521532125531984
0.12521879347874773
0.12522226570217557
0.1252257379256034
0.1252292101490313
0.12523268237245913
0.125236154595887
0.12523962681931483
0.12524309904274272
0.1252465712661706
0.1252500434895984
0.12525351571302626
0.1252569879364541
0.125260460159882
0.12526393238330985
0.1252674046067377
0.12527087683016558
0.12527434905359336
0.12527782127702125
0.1252812935004491
0.12528476572387695
0.12528823794730484
0.12529171017073268
0.12529518239416057
0.12529865461758835
0.12530212684101624
0.1253055990644441
0.12530907128787194
0.12531254351129983
0.12531601573472767
0.12531948795815553
0.12532296018158337
0.1253264324050112
0.1253299046284391
0.12533337685186693
0.1253368490752948
0.1253403212987227
0.12534379352215047
