0.7600697083575376
0.7600731805809654
0.7600766528043933
0.7600801250278213
0.7600835972512491
0.760087069474677
0.7600905416981047
0.7600940139215326
0.7600974861449604
0.7601009583683883
0.7601044305918162
0.760107902815244
0.760111375038672
0.7601148472620998
0.7601183194855277
0.7601217917089554
0.7601252639323833
0.7601287361558111
0.760132208379239
0.7601356806026669
0.7601391528260947
0.7601426250495226
0.7601460972729505
0.7601495694963784
0.7601530417198061
0.760156513943234
0.7601599861666618
0.7601634583900897
0.7601669306135175
0.7601704028369454
0.7601738750603734
0.7601773472838012
0.760180819507229
0.7601842917306568
0.7601877639540847
0.7601912361775125
0.7601947084009404
0.7601981806243683
0.7602016528477962
0.7602051250712241
0.7602085972946518
0.7602120695180797
0.7602155417415075
0.7602190139649354
0.7602224861883632
0.7602259584117911
0.760229430635219
0.7602329028586469
0.7602363750820746
0.7602398473055025
0.7602433195289304
0.7602467917523582
0.7602502639757861
0.7602537361992139
0.7602572084226418
0.7602606806460696
0.7602641528694976
0.7602676250929254
0.7602710973163532
0.7602745695397811
0.7602780417632089
0.7602815139866368
0.7602849862100646
0.7602884584334925
0.7602919306569204
0.7602954028803482
0.7602988751037761
0.7603023473272039
0.7603058195506318
0.7603092917740597
0.7603127639974875
0.7603162362209153
0.7603197084443432
0.760323180667771
0.760326652891199
0.7603301251146267
0.7603335973380547
0.7603370695614825
0.7603405417849104
0.7603440140083382
0.7603474862317661
0.760350958455194
0.7603544306786217
0.7603579029020496
0.7603613751254774
0.7603648473489054
0.7603683195723332
0.7603717917957611
0.7603752640191889
0.7603787362426168
0.7603822084660445
0.7603856806894724
0.7603891529129003
0.7603926251363282
0.7603960973597561
0.7603995695831839
0.7604030418066118
0.7604065140300396
0.7604099862534675
0.7604134584768952
0.7604169307003231
0.7604204029237509
0.7604238751471788
0.7604273473706068
0.7604308195940346
0.7604342918174625
0.7604377640408903
0.7604412362643181
0.760444708487746
0.7604481807111738
0.7604516529346017
0.7604551251580295
0.7604585973814575
0.7604620696048853
0.7604655418283132
0.7604690140517409
0.7604724862751688
0.7604759584985966
0.7604794307220246
0.7604829029454524
0.7604863751688803
0.7604898473923082
0.760493319615736
0.7604967918391639
0.7605002640625916
0.7605037362860195
0.7605072085094473
0.7605106807328753
0.7605141529563031
0.760517625179731
0.7605210974031589
0.7605245696265867
0.7605280418500145
0.7605315140734423
0.7605349862968702
0.7605384585202981
0.7605419307437259
0.7605454029671538
0.7605488751905817
0.7605523474140096
0.7605558196374373
0.7605592918608652
0.760562764084293
0.7605662363077209
0.7605697085311487
0.7605731807545766
0.7605766529780045
0.7605801252014325
0.7605835974248603
0.7605870696482881
0.7605905418717159
0.7605940140951438
0.7605974863185716
0.7606009585419994
0.7606044307654274
0.7606079029888552
0.7606113752122832
0.760614847435711
0.7606183196591388
0.7606217918825666
0.7606252641059945
0.7606287363294223
0.7606322085528502
0.7606356807762781
0.7606391529997059
0.7606426252231338
0.7606460974465616
0.7606495696699895
0.7606530418934173
0.7606565141168452
0.760659986340273
0.7606634585637009
0.7606669307871287
0.7606704030105566
0.7606738752339846
0.7606773474574123
0.7606808196808402
0.760684291904268
0.7606877641276959
0.7606912363511237
0.7606947085745516
0.7606981807979795
0.7607016530214072
0.7607051252448352
0.7607085974682629
0.7607120696916909
0.7607155419151187
0.7607190141385466
0.7607224863619744
0.7607259585854023
0.7607294308088302
0.760732903032258
0.7607363752556858
0.7607398474791137
0.7607433197025416
0.7607467919259694
0.7607502641493973
0.7607537363728251
0.760757208596253
0.7607606808196807
