0.3947918037471541
0.39479527597058195
0.3947987481940098
0.3948022204174376
0.3948056926408655
0.39480916486429335
0.3948126370877212
0.394816109311149
0.3948195815345769
0.39482305375800475
0.39482652598143264
0.3948299982048605
0.3948334704282883
0.3948369426517162
0.39484041487514404
0.3948438870985719
0.3948473593219997
0.3948508315454276
0.39485430376885544
0.39485777599228333
0.39486124821571117
0.394864720439139
0.3948681926625669
0.3948716648859948
0.3948751371094226
0.39487860933285046
0.3948820815562783
0.39488555377970613
0.394889026003134
0.39489249822656186
0.3948959704499897
0.3948994426734176
0.3949029148968455
0.3949063871202733
0.39490985934370115
0.394913331567129
0.3949168037905569
0.3949202760139847
0.39492374823741255
0.3949272204608404
0.3949306926842683
0.3949341649076962
0.394937637131124
0.39494110935455184
0.39494458157797974
0.3949480538014076
0.3949515260248354
0.39495499824826324
0.3949584704716911
0.394961942695119
0.39496541491854686
0.3949688871419747
0.39497235936540254
0.39497583158883043
0.39497930381225826
0.3949827760356861
0.39498624825911394
0.3949897204825418
0.39499319270596966
0.39499666492939756
0.3950001371528254
0.39500360937625323
0.3950070815996811
0.39501055382310896
0.39501402604653685
0.3950174982699647
0.3950209704933925
0.39502444271682036
0.39502791494024825
0.3950313871636761
0.3950348593871039
0.39503833161053176
0.3950418038339597
0.39504527605738754
0.3950487482808154
0.3950522205042432
0.39505569272767105
0.39505916495109894
0.3950626371745268
0.3950661093979546
0.3950695816213825
0.39507305384481034
0.39507652606823823
0.39507999829166607
0.3950834705150939
0.3950869427385218
0.39509041496194963
0.39509388718537747
0.3950973594088053
0.3951008316322332
0.39510430385566103
0.3951077760790889
0.39511124830251676
0.3951147205259446
0.3951181927493725
0.3951216649728003
0.39512513719622816
0.395128609419656
0.3951320816430839
0.3951355538665117
0.3951390260899396
0.39514249831336745
0.39514597053679534
0.3951494427602232
0.39515291498365107
0.3951563872070789
0.39515985943050674
0.3951633316539346
0.3951668038773624
0.3951702761007903
0.39517374832421814
0.39517722054764604
0.39518069277107387
0.3951841649945017
0.3951876372179296
0.39519110944135744
0.39519458166478527
0.3951980538882131
0.395201526111641
0.39520499833506884
0.39520847055849667
0.39521194278192456
0.39521541500535246
0.3952188872287803
0.3952223594522081
0.395225831675636
0.39522930389906386
0.3952327761224917
0.3952362483459195
0.39523972056934736
0.39524319279277526
0.39524666501620315
0.395250137239631
0.3952536094630588
0.3952570816864867
0.39526055390991455
0.3952640261333424
0.3952674983567702
0.3952709705801981
0.39527444280362595
0.39527791502705384
0.3952813872504817
0.3952848594739095
0.3952883316973374
0.39529180392076524
0.39529527614419313
0.39529874836762097
0.3953022205910488
0.39530569281447664
0.3953091650379045
0.39531263726133237
0.3953161094847602
0.3953195817081881
0.39532305393161593
0.3953265261550438
0.39532999837847166
0.3953334706018995
0.39533694282532733
0.3953404150487552
0.39534388727218306
0.3953473594956109
0.3953508317190388
0.3953543039424666
0.3953577761658945
0.39536124838932235
0.3953647206127502
0.3953681928361781
0.3953716650596059
0.39537513728303375
0.3953786095064616
0.3953820817298895
0.3953855539533173
0.3953890261767452
0.39539249840017304
0.39539597062360093
0.39539944284702877
0.3954029150704566
0.39540638729388444
0.3954098595173123
0.39541333174074017
0.395416803964168
0.3954202761875959
0.39542374841102373
0.3954272206344516
0.39543069285787946
0.3954341650813073
0.3954376373047352
0.395441109528163
0.39544458175159086
0.3954480539750187
0.3954515261984466
0.3954549984218744
0.39545847064530226
0.39546194286873015
0.39546541509215805
0.3954688873155859
0.3954723595390137
0.39547583176244155
0.3954793039858694
0.3954827762092973
