0.09826392300830657
0.09826739523173444
0.09827086745516228
0.09827433967859016
0.098277811902018
0.09828128412544587
0.09828475634887367
0.09828822857230154
0.09829170079572942
0.09829517301915726
0.09829864524258514
0.09830211746601297
0.09830558968944085
0.09830906191286874
0.09831253413629652
0.09831600635972441
0.09831947858315224
0.09832295080658013
0.098326423030008
0.09832989525343584
0.09833336747686372
0.09833683970029151
0.09834031192371939
0.09834378414714727
0.0983472563705751
0.09835072859400298
0.09835420081743082
0.0983576730408587
0.09836114526428649
0.09836461748771437
0.09836808971114225
0.09837156193457008
0.09837503415799798
0.0983785063814258
0.09838197860485363
0.09838545082828153
0.09838892305170935
0.09839239527513724
0.09839586749856508
0.09839933972199295
0.09840281194542083
0.09840628416884863
0.0984097563922765
0.09841322861570434
0.09841670083913222
0.0984201730625601
0.09842364528598793
0.09842711750941581
0.0984305897328436
0.09843406195627148
0.09843753417969932
0.0984410064031272
0.09844447862655509
0.09844795084998291
0.0984514230734108
0.09845489529683858
0.09845836752026647
0.09846183974369435
0.09846531196712219
0.09846878419055007
0.0984722564139779
0.09847572863740578
0.09847920086083362
0.09848267308426145
0.09848614530768933
0.09848961753111717
0.09849308975454504
0.09849656197797288
0.09850003420140072
0.0985035064248286
0.09850697864825643
0.09851045087168431
0.09851392309511214
0.09851739531854004
0.09852086754196791
0.0985243397653957
0.09852781198882359
0.09853128421225141
0.0985347564356793
0.09853822865910718
0.09854170088253501
0.09854517310596289
0.09854864532939069
0.09855211755281856
0.09855558977624644
0.09855906199967428
0.09856253422310216
0.09856600644652999
0.09856947866995787
0.09857295089338566
0.09857642311681354
0.09857989534024142
0.09858336756366926
0.09858683978709715
0.09859031201052497
0.09859378423395286
0.09859725645738074
0.09860072868080853
0.09860420090423641
0.09860767312766425
0.09861114535109212
0.09861461757452
0.09861808979794784
0.09862156202137567
0.09862503424480351
0.09862850646823139
0.09863197869165927
0.0986354509150871
0.09863892313851498
0.09864239536194278
0.09864586758537065
0.09864933980879849
0.09865281203222637
0.09865628425565426
0.0986597564790821
0.09866322870250997
0.09866670092593775
0.09867017314936564
0.09867364537279352
0.09867711759622136
0.09868058981964924
0.09868406204307707
0.09868753426650495
0.09869100648993283
0.09869447871336062
0.0986979509367885
0.09870142316021634
0.09870489538364421
0.09870836760707205
0.09871183983049993
0.09871531205392782
0.0987187842773556
0.09872225650078348
0.09872572872421131
0.0987292009476392
0.09873267317106708
0.09873614539449492
0.09873961761792276
0.09874308984135058
0.09874656206477847
0.09875003428820635
0.09875350651163418
0.09875697873506206
0.0987604509584899
0.09876392318191773
0.09876739540534561
0.09877086762877345
0.09877433985220133
0.09877781207562916
0.09878128429905704
0.09878475652248483
0.09878822874591271
0.09879170096934059
0.09879517319276843
0.09879864541619632
0.09880211763962415
0.09880558986305203
0.09880906208647991
0.0988125343099077
0.09881600653333558
0.09881947875676342
0.0988229509801913
0.09882642320361917
0.09882989542704701
0.09883336765047489
0.09883683987390268
0.09884031209733056
0.09884378432075844
0.09884725654418627
0.09885072876761415
0.09885420099104199
0.09885767321446988
0.09886114543789766
0.09886461766132554
0.09886808988475343
0.09887156210818127
0.09887503433160914
0.09887850655503698
0.09888197877846482
0.0988854510018927
0.09888892322532053
0.09889239544874841
0.09889586767217624
0.09889933989560412
0.098902812119032
0.0989062843424598
0.09890975656588767
0.09891322878931551
0.09891670101274339
0.09892017323617122
0.0989236454595991
0.09892711768302699
0.09893058990645477
0.09893406212988265
0.09893753435331049
0.09894100657673838
0.09894447880016626
0.09894795102359409
0.09895142324702197
0.09895489547044976
