0.9635420012298617
0.9635454734532893
0.9635489456767173
0.9635524179001451
0.963555890123573
0.9635593623470008
0.9635628345704287
0.9635663067938565
0.9635697790172844
0.9635732512407124
0.96357672346414
0.963580195687568
0.9635836679109957
0.9635871401344237
0.9635906123578515
0.9635940845812794
0.9635975568047074
0.963601029028135
0.963604501251563
0.9636079734749907
0.9636114456984187
0.9636149179218464
0.9636183901452744
0.9636218623687022
0.9636253345921301
0.9636288068155581
0.9636322790389857
0.9636357512624137
0.9636392234858414
0.9636426957092694
0.9636461679326972
0.9636496401561251
0.9636531123795529
0.9636565846029808
0.9636600568264085
0.9636635290498364
0.9636670012732644
0.9636704734966921
0.9636739457201201
0.9636774179435479
0.9636808901669758
0.9636843623904036
0.9636878346138315
0.9636913068372592
0.9636947790606871
0.9636982512841151
0.9637017235075428
0.9637051957309708
0.9637086679543985
0.9637121401778265
0.9637156124012543
0.9637190846246821
0.9637225568481101
0.9637260290715378
0.9637295012949658
0.9637329735183935
0.9637364457418215
0.9637399179652494
0.9637433901886772
0.963746862412105
0.9637503346355328
0.9637538068589607
0.9637572790823885
0.9637607513058165
0.9637642235292442
0.9637676957526722
0.9637711679761001
0.9637746401995279
0.9637781124229557
0.9637815846463835
0.9637850568698114
0.9637885290932392
0.9637920013166672
0.9637954735400949
0.9637989457635229
0.9638024179869505
0.9638058902103785
0.9638093624338064
0.9638128346572342
0.9638163068806622
0.9638197791040899
0.9638232513275179
0.9638267235509456
0.9638301957743736
0.9638336679978015
0.9638371402212292
0.9638406124446571
0.9638440846680849
0.9638475568915128
0.9638510291149406
0.9638545013383686
0.9638579735617963
0.9638614457852243
0.9638649180086521
0.9638683902320799
0.9638718624555078
0.9638753346789356
0.9638788069023635
0.9638822791257913
0.9638857513492193
0.963889223572647
0.963892695796075
0.9638961680195026
0.9638996402429306
0.9639031124663585
0.9639065846897863
0.9639100569132143
0.963913529136642
0.96391700136007
0.9639204735834976
0.9639239458069256
0.9639274180303535
0.9639308902537813
0.9639343624772092
0.963937834700637
0.9639413069240649
0.9639447791474927
0.9639482513709208
0.9639517235943483
0.9639551958177763
0.9639586680412042
0.963962140264632
0.9639656124880599
0.9639690847114877
0.9639725569349156
0.9639760291583434
0.9639795013817715
0.963982973605199
0.9639864458286271
0.9639899180520547
0.9639933902754828
0.9639968624989106
0.9640003347223384
0.9640038069457665
0.964007279169194
0.9640107513926222
0.9640142236160497
0.9640176958394778
0.9640211680629056
0.9640246402863335
0.9640281125097613
0.9640315847331892
0.9640350569566172
0.9640385291800448
0.9640420014034728
0.9640454736269005
0.9640489458503285
0.9640524180737563
0.9640558902971842
0.964059362520612
0.9640628347440399
0.9640663069674676
0.9640697791908955
0.9640732514143235
0.9640767236377512
0.9640801958611792
0.9640836680846069
0.9640871403080349
0.9640906125314627
0.9640940847548906
0.9640975569783186
0.9641010292017462
0.9641045014251742
0.9641079736486019
0.9641114458720299
0.9641149180954576
0.9641183903188856
0.9641218625423134
0.9641253347657412
0.9641288069891693
0.9641322792125969
0.9641357514360249
0.9641392236594526
0.9641426958828806
0.9641461681063084
0.9641496403297363
0.964153112553164
0.9641565847765919
0.9641600570000197
0.9641635292234476
0.9641670014468756
0.9641704736703033
0.9641739458937313
0.9641774181171591
0.964180890340587
0.9641843625640147
0.9641878347874426
0.9641913070108704
0.9641947792342983
0.9641982514577263
0.964201723681154
0.964205195904582
0.9642086681280096
0.9642121403514377
0.9642156125748654
0.9642190847982933
0.9642225570217213
0.964226029245149
0.964229501468577
0.9642329736920047
