0.7878474957803805
0.7878509680038083
0.7878544402272362
0.787857912450664
0.7878613846740918
0.7878648568975198
0.7878683291209476
0.7878718013443755
0.7878752735678033
0.7878787457912312
0.7878822180146591
0.7878856902380869
0.7878891624615147
0.7878926346849425
0.7878961069083705
0.7878995791317983
0.7879030513552262
0.787906523578654
0.7879099958020819
0.7879134680255097
0.7879169402489375
0.7879204124723654
0.7879238846957933
0.7879273569192212
0.787930829142649
0.7879343013660769
0.7879377735895047
0.7879412458129326
0.7879447180363603
0.7879481902597884
0.7879516624832161
0.787955134706644
0.7879586069300719
0.7879620791534997
0.7879655513769276
0.7879690236003554
0.7879724958237833
0.7879759680472112
0.787979440270639
0.7879829124940668
0.7879863847174947
0.7879898569409226
0.7879933291643504
0.7879968013877783
0.7880002736112061
0.788003745834634
0.7880072180580617
0.7880106902814896
0.7880141625049175
0.7880176347283454
0.7880211069517733
0.7880245791752011
0.788028051398629
0.7880315236220568
0.7880349958454846
0.7880384680689124
0.7880419402923404
0.7880454125157682
0.7880488847391962
0.7880523569626239
0.7880558291860518
0.7880593014094797
0.7880627736329074
0.7880662458563353
0.7880697180797631
0.7880731903031911
0.788076662526619
0.7880801347500468
0.7880836069734747
0.7880870791969026
0.7880905514203304
0.7880940236437582
0.788097495867186
0.7881009680906139
0.7881044403140417
0.7881079125374696
0.7881113847608976
0.7881148569843254
0.7881183292077533
0.788121801431181
0.7881252736546089
0.7881287458780367
0.7881322181014646
0.7881356903248925
0.7881391625483203
0.7881426347717483
0.788146106995176
0.788149579218604
0.7881530514420317
0.7881565236654596
0.7881599958888874
0.7881634681123153
0.7881669403357432
0.7881704125591711
0.7881738847825989
0.7881773570060268
0.7881808292294546
0.7881843014528824
0.7881877736763103
0.7881912458997381
0.7881947181231661
0.7881981903465938
0.7882016625700217
0.7882051347934496
0.7882086070168774
0.7882120792403053
0.7882155514637331
0.788219023687161
0.7882224959105888
0.7882259681340167
0.7882294403574446
0.7882329125808725
0.7882363848043004
0.7882398570277281
0.788243329251156
0.7882468014745838
0.7882502736980117
0.7882537459214395
0.7882572181448674
0.7882606903682953
0.788264162591723
0.7882676348151509
0.7882711070385788
0.7882745792620067
0.7882780514854345
0.7882815237088624
0.7882849959322902
0.7882884681557182
0.7882919403791459
0.7882954126025739
0.7882988848260016
0.7883023570494295
0.7883058292728574
0.7883093014962852
0.7883127737197131
0.7883162459431409
0.7883197181665688
0.7883231903899967
0.7883266626134245
0.7883301348368524
0.7883336070602803
0.7883370792837081
0.7883405515071359
0.7883440237305638
0.7883474959539916
0.7883509681774195
0.7883544404008473
0.7883579126242752
0.788361384847703
0.788364857071131
0.7883683292945588
0.7883718015179867
0.7883752737414145
0.7883787459648424
0.7883822181882703
0.7883856904116979
0.7883891626351259
0.7883926348585537
0.7883961070819817
0.7883995793054095
0.7884030515288374
0.7884065237522652
0.7884099959756931
0.7884134681991208
0.7884169404225487
0.7884204126459766
0.7884238848694045
0.7884273570928324
0.7884308293162602
0.7884343015396881
0.7884377737631159
0.7884412459865437
0.7884447182099715
0.7884481904333994
0.7884516626568273
0.7884551348802552
0.7884586071036831
0.7884620793271109
0.7884655515505388
0.7884690237739665
0.7884724959973944
0.7884759682208223
0.7884794404442502
0.788482912667678
0.7884863848911058
0.7884898571145338
0.7884933293379616
0.7884968015613895
0.7885002737848172
0.7885037460082451
0.7885072182316729
0.7885106904551008
0.7885141626785287
0.7885176349019566
0.7885211071253845
0.7885245793488123
0.7885280515722402
0.7885315237956679
0.7885349960190958
0.7885384682425236
