0.32395844581890476
0.3239619180423326
0.32396539026576054
0.3239688624891884
0.3239723347126162
0.32397580693604405
0.3239792791594719
0.3239827513828998
0.3239862236063276
0.32398969582975545
0.32399316805318334
0.32399664027661124
0.3240001125000391
0.3240035847234669
0.32400705694689474
0.3240105291703226
0.3240140013937505
0.3240174736171783
0.32402094584060614
0.32402441806403404
0.32402789028746193
0.32403136251088976
0.3240348347343176
0.32403830695774544
0.32404177918117333
0.32404525140460116
0.324048723628029
0.32405219585145684
0.32405566807488473
0.32405914029831256
0.32406261252174046
0.3240660847451683
0.32406955696859613
0.324073029192024
0.32407650141545186
0.3240799736388797
0.32408344586230753
0.3240869180857354
0.3240903903091633
0.32409386253259115
0.324097334756019
0.3241008069794469
0.32410427920287477
0.3241077514263026
0.32411122364973044
0.3241146958731583
0.3241181680965861
0.324121640320014
0.32412511254344184
0.3241285847668697
0.3241320569902975
0.3241355292137254
0.3241390014371533
0.32414247366058113
0.32414594588400897
0.3241494181074368
0.32415289033086464
0.32415636255429253
0.32415983477772037
0.32416330700114826
0.3241667792245761
0.324170251448004
0.3241737236714318
0.3241771958948597
0.32418066811828755
0.3241841403417154
0.3241876125651432
0.32419108478857106
0.3241945570119989
0.32419802923542684
0.3242015014588547
0.3242049736822825
0.32420844590571035
0.3242119181291382
0.32421539035256614
0.3242188625759939
0.32422233479942175
0.3242258070228496
0.3242292792462775
0.32423275146970537
0.3242362236931332
0.32423969591656104
0.32424316813998894
0.3242466403634168
0.32425011258684466
0.3242535848102725
0.32425705703370034
0.32426052925712817
0.32426400148055606
0.3242674737039839
0.32427094592741174
0.3242744181508396
0.3242778903742675
0.32428136259769536
0.3242848348211232
0.324288307044551
0.32429177926797886
0.32429525149140676
0.3242987237148346
0.3243021959382624
0.3243056681616903
0.32430914038511816
0.32431261260854605
0.3243160848319739
0.3243195570554018
0.3243230292788296
0.32432650150225745
0.3243299737256853
0.3243334459491131
0.324336918172541
0.3243403903959689
0.32434386261939674
0.3243473348428246
0.32435080706625247
0.32435427928968036
0.3243577515131082
0.324361223736536
0.3243646959599638
0.32436816818339165
0.3243716404068196
0.32437511263024743
0.32437858485367527
0.3243820570771031
0.324385529300531
0.3243890015239589
0.3243924737473867
0.32439594597081456
0.3243994181942424
0.32440289041767023
0.3244063626410981
0.32440983486452596
0.32441330708795385
0.3244167793113817
0.3244202515348096
0.3244237237582374
0.3244271959816653
0.32443066820509314
0.324434140428521
0.3244376126519488
0.32444108487537665
0.3244445570988045
0.32444802932223243
0.32445150154566027
0.3244549737690881
0.32445844599251594
0.3244619182159438
0.32446539043937167
0.3244688626627995
0.32447233488622734
0.3244758071096552
0.32447927933308307
0.32448275155651096
0.3244862237799388
0.32448969600336663
0.3244931682267945
0.3244966404502224
0.32450011267365025
0.32450358489707803
0.3245070571205059
0.32451052934393376
0.32451400156736165
0.3245174737907895
0.3245209460142173
0.3245244182376452
0.3245278904610731
0.32453136268450095
0.3245348349079288
0.3245383071313566
0.32454177935478445
0.32454525157821235
0.3245487238016402
0.324552196025068
0.3245556682484959
0.32455914047192375
0.32456261269535164
0.3245660849187795
0.32456955714220737
0.3245730293656352
0.32457650158906304
0.3245799738124909
0.3245834460359187
0.3245869182593466
0.3245903904827745
0.32459386270620233
0.32459733492963017
0.32460080715305806
0.3246042793764859
0.32460775159991373
0.32461122382334157
0.3246146960467694
0.32461816827019724
0.3246216404936252
0.324625112717053
0.32462858494048086
0.3246320571639087
0.3246355293873366
0.3246390016107645
0.3246424738341923
0.3246459460576201
0.324649418281048
