0.8614586324509141
0.8614621046743419
0.8614655768977698
0.8614690491211976
0.8614725213446254
0.8614759935680533
0.8614794657914813
0.8614829380149092
0.8614864102383369
0.8614898824617648
0.8614933546851926
0.8614968269086205
0.8615002991320483
0.8615037713554762
0.861507243578904
0.8615107158023319
0.8615141880257596
0.8615176602491876
0.8615211324726155
0.8615246046960433
0.8615280769194712
0.861531549142899
0.8615350213663269
0.8615384935897547
0.8615419658131827
0.8615454380366103
0.8615489102600383
0.8615523824834662
0.861555854706894
0.8615593269303219
0.8615627991537497
0.8615662713771776
0.8615697436006053
0.8615732158240333
0.8615766880474612
0.861580160270889
0.8615836324943169
0.8615871047177447
0.8615905769411726
0.8615940491646004
0.8615975213880283
0.861600993611456
0.8616044658348839
0.8616079380583117
0.8616114102817397
0.8616148825051676
0.8616183547285954
0.8616218269520233
0.861625299175451
0.861628771398879
0.8616322436223067
0.8616357158457347
0.8616391880691624
0.8616426602925904
0.8616461325160183
0.8616496047394461
0.861653076962874
0.8616565491863017
0.8616600214097296
0.8616634936331574
0.8616669658565854
0.8616704380800131
0.8616739103034411
0.861677382526869
0.8616808547502968
0.8616843269737247
0.8616877991971524
0.8616912714205803
0.8616947436440081
0.8616982158674362
0.8617016880908638
0.8617051603142919
0.8617086325377197
0.8617121047611475
0.8617155769845753
0.8617190492080031
0.861722521431431
0.8617259936548588
0.8617294658782867
0.8617329381017145
0.8617364103251426
0.8617398825485704
0.8617433547719983
0.861746826995426
0.8617502992188539
0.8617537714422817
0.8617572436657095
0.8617607158891376
0.8617641881125652
0.8617676603359933
0.8617711325594211
0.861774604782849
0.8617780770062767
0.8617815492297046
0.8617850214531324
0.8617884936765603
0.8617919658999883
0.8617954381234161
0.861798910346844
0.8618023825702718
0.8618058547936996
0.8618093270171274
0.8618127992405553
0.8618162714639831
0.861819743687411
0.8618232159108388
0.8618266881342667
0.8618301603576947
0.8618336325811224
0.8618371048045503
0.8618405770279781
0.861844049251406
0.8618475214748338
0.8618509936982617
0.8618544659216897
0.8618579381451174
0.8618614103685454
0.8618648825919731
0.861868354815401
0.8618718270388288
0.8618752992622567
0.8618787714856845
0.8618822437091124
0.8618857159325404
0.8618891881559682
0.861892660379396
0.8618961326028238
0.8618996048262517
0.8619030770496795
0.8619065492731074
0.8619100214965352
0.8619134937199631
0.8619169659433908
0.8619204381668187
0.8619239103902467
0.8619273826136745
0.8619308548371024
0.8619343270605302
0.8619377992839581
0.8619412715073859
0.8619447437308138
0.8619482159542418
0.8619516881776694
0.8619551604010974
0.8619586326245252
0.8619621048479531
0.8619655770713809
0.8619690492948088
0.8619725215182366
0.8619759937416644
0.8619794659650925
0.8619829381885203
0.8619864104119481
0.861989882635376
0.8619933548588038
0.8619968270822316
0.8620002993056595
0.8620037715290872
0.8620072437525151
0.8620107159759429
0.8620141881993708
0.8620176604227988
0.8620211326462267
0.8620246048696545
0.8620280770930824
0.8620315493165102
0.862035021539938
0.8620384937633658
0.8620419659867938
0.8620454382102215
0.8620489104336495
0.8620523826570774
0.8620558548805052
0.8620593271039331
0.8620627993273609
0.8620662715507887
0.8620697437742165
0.8620732159976445
0.8620766882210724
0.8620801604445002
0.8620836326679281
0.8620871048913559
0.8620905771147838
0.8620940493382115
0.8620975215616394
0.8621009937850672
0.8621044660084951
0.8621079382319229
0.8621114104553509
0.8621148826787788
0.8621183549022066
0.8621218271256345
0.8621252993490622
0.8621287715724901
0.8621322437959179
0.8621357160193459
0.8621391882427736
0.8621426604662016
0.8621461326896295
0.8621496049130573
