0.5864585369647697
0.5864620091881977
0.5864654814116255
0.5864689536350534
0.5864724258584811
0.586475898081909
0.5864793703053369
0.5864828425287648
0.5864863147521926
0.5864897869756205
0.5864932591990484
0.5864967314224762
0.586500203645904
0.5865036758693318
0.5865071480927597
0.5865106203161876
0.5865140925396155
0.5865175647630433
0.5865210369864712
0.5865245092098991
0.5865279814333269
0.5865314536567547
0.5865349258801825
0.5865383981036104
0.5865418703270383
0.5865453425504662
0.586548814773894
0.5865522869973219
0.5865557592207498
0.5865592314441775
0.5865627036676054
0.5865661758910332
0.5865696481144611
0.586573120337889
0.5865765925613169
0.5865800647847447
0.5865835370081726
0.5865870092316005
0.5865904814550283
0.5865939536784561
0.5865974259018839
0.5866008981253118
0.5866043703487397
0.5866078425721676
0.5866113147955954
0.5866147870190233
0.5866182592424511
0.586621731465879
0.5866252036893068
0.5866286759127347
0.5866321481361625
0.5866356203595904
0.5866390925830183
0.586642564806446
0.586646037029874
0.5866495092533018
0.5866529814767297
0.5866564537001575
0.5866599259235854
0.5866633981470132
0.5866668703704411
0.586670342593869
0.5866738148172967
0.5866772870407246
0.5866807592641525
0.5866842314875804
0.5866877037110082
0.5866911759344361
0.5866946481578639
0.5866981203812918
0.5867015926047197
0.5867050648281474
0.5867085370515753
0.5867120092750032
0.5867154814984311
0.5867189537218589
0.5867224259452868
0.5867258981687146
0.5867293703921426
0.5867328426155703
0.5867363148389982
0.586739787062426
0.5867432592858539
0.5867467315092818
0.5867502037327096
0.5867536759561375
0.5867571481795653
0.5867606204029933
0.586764092626421
0.5867675648498489
0.5867710370732767
0.5867745092967046
0.5867779815201325
0.5867814537435603
0.5867849259669882
0.586788398190416
0.586791870413844
0.5867953426372717
0.5867988148606996
0.5868022870841274
0.5868057593075553
0.5868092315309832
0.586812703754411
0.5868161759778389
0.5868196482012666
0.5868231204246946
0.5868265926481224
0.5868300648715503
0.5868335370949781
0.586837009318406
0.5868404815418339
0.5868439537652617
0.5868474259886896
0.5868508982121173
0.5868543704355453
0.5868578426589731
0.586861314882401
0.5868647871058288
0.5868682593292568
0.5868717315526846
0.5868752037761125
0.5868786759995402
0.586882148222968
0.586885620446396
0.5868890926698238
0.5868925648932517
0.5868960371166795
0.5868995093401075
0.5869029815635353
0.5869064537869632
0.5869099260103909
0.5869133982338188
0.5869168704572467
0.5869203426806745
0.5869238149041024
0.5869272871275302
0.5869307593509582
0.586934231574386
0.5869377037978138
0.5869411760212416
0.5869446482446695
0.5869481204680974
0.5869515926915252
0.5869550649149531
0.5869585371383809
0.5869620093618089
0.5869654815852366
0.5869689538086645
0.5869724260320923
0.5869758982555202
0.5869793704789481
0.5869828427023759
0.5869863149258038
0.5869897871492316
0.5869932593726596
0.5869967315960873
0.5870002038195152
0.587003676042943
0.5870071482663709
0.5870106204897988
0.5870140927132267
0.5870175649366545
0.5870210371600824
0.5870245093835103
0.587027981606938
0.5870314538303659
0.5870349260537937
0.5870383982772216
0.5870418705006495
0.5870453427240774
0.5870488149475052
0.587052287170933
0.5870557593943609
0.5870592316177887
0.5870627038412166
0.5870661760646444
0.5870696482880723
0.5870731205115002
0.5870765927349281
0.5870800649583559
0.5870835371817837
0.5870870094052116
0.5870904816286394
0.5870939538520673
0.5870974260754951
0.587100898298923
0.5871043705223509
0.5871078427457788
0.5871113149692065
0.5871147871926344
0.5871182594160623
0.5871217316394901
0.587125203862918
0.5871286760863458
0.5871321483097737
0.5871356205332016
0.5871390927566295
0.5871425649800572
0.5871460372034851
0.587149509426913
