0.6427085564960267
0.6427120287194544
0.6427155009428823
0.6427189731663101
0.642722445389738
0.6427259176131658
0.6427293898365937
0.6427328620600216
0.6427363342834493
0.6427398065068772
0.6427432787303051
0.642746750953733
0.6427502231771608
0.6427536954005887
0.6427571676240165
0.6427606398474444
0.6427641120708723
0.6427675842943
0.642771056517728
0.6427745287411558
0.6427780009645837
0.6427814731880115
0.6427849454114394
0.6427884176348672
0.6427918898582952
0.6427953620817229
0.6427988343051507
0.6428023065285786
0.6428057787520065
0.6428092509754344
0.6428127231988622
0.6428161954222901
0.6428196676457179
0.6428231398691457
0.6428266120925736
0.6428300843160015
0.6428335565394294
0.6428370287628572
0.6428405009862851
0.6428439732097129
0.6428474454331408
0.6428509176565685
0.6428543898799965
0.6428578621034243
0.6428613343268522
0.6428648065502801
0.6428682787737079
0.6428717509971358
0.6428752232205636
0.6428786954439915
0.6428821676674193
0.6428856398908472
0.642889112114275
0.6428925843377029
0.6428960565611307
0.6428995287845586
0.6429030010079865
0.6429064732314143
0.6429099454548421
0.6429134176782699
0.6429168899016979
0.6429203621251257
0.6429238343485536
0.6429273065719815
0.6429307787954094
0.6429342510188372
0.642937723242265
0.6429411954656928
0.6429446676891206
0.6429481399125486
0.6429516121359764
0.6429550843594043
0.6429585565828322
0.6429620288062601
0.6429655010296879
0.6429689732531157
0.6429724454765435
0.6429759176999714
0.6429793899233993
0.6429828621468271
0.642986334370255
0.6429898065936828
0.6429932788171108
0.6429967510405386
0.6430002232639664
0.6430036954873942
0.6430071677108221
0.64301063993425
0.6430141121576778
0.6430175843811057
0.6430210566045336
0.6430245288279615
0.6430280010513892
0.6430314732748171
0.6430349454982449
0.6430384177216728
0.6430418899451007
0.6430453621685285
0.6430488343919564
0.6430523066153842
0.6430557788388122
0.6430592510622399
0.6430627232856678
0.6430661955090956
0.6430696677325235
0.6430731399559513
0.6430766121793793
0.6430800844028071
0.643083556626235
0.6430870288496628
0.6430905010730906
0.6430939732965185
0.6430974455199463
0.6431009177433742
0.6431043899668021
0.64310786219023
0.6431113344136578
0.6431148066370856
0.6431182788605135
0.6431217510839413
0.6431252233073692
0.643128695530797
0.643132167754225
0.6431356399776528
0.6431391122010807
0.6431425844245084
0.6431460566479363
0.6431495288713642
0.643153001094792
0.6431564733182199
0.6431599455416477
0.6431634177650756
0.6431668899885035
0.6431703622119314
0.6431738344353591
0.643177306658787
0.6431807788822149
0.6431842511056427
0.6431877233290706
0.6431911955524984
0.6431946677759263
0.6431981399993542
0.643201612222782
0.6432050844462098
0.6432085566696377
0.6432120288930656
0.6432155011164935
0.6432189733399213
0.6432224455633491
0.643225917786777
0.6432293900102048
0.6432328622336327
0.6432363344570605
0.6432398066804884
0.6432432789039163
0.6432467511273442
0.643250223350772
0.6432536955741999
0.6432571677976276
0.6432606400210555
0.6432641122444834
0.6432675844679112
0.6432710566913392
0.643274528914767
0.6432780011381949
0.6432814733616227
0.6432849455850506
0.6432884178084783
0.6432918900319062
0.6432953622553341
0.6432988344787619
0.6433023067021898
0.6433057789256177
0.6433092511490456
0.6433127233724734
0.6433161955959013
0.643319667819329
0.6433231400427569
0.6433266122661848
0.6433300844896126
0.6433335567130406
0.6433370289364684
0.6433405011598963
0.643343973383324
0.6433474456067519
0.6433509178301797
0.6433543900536077
0.6433578622770355
0.6433613345004634
0.6433648067238913
0.6433682789473191
0.643371751170747
0.6433752233941747
0.6433786956176026
0.6433821678410305
0.6433856400644584
0.6433891122878862
0.6433925845113141
0.6433960567347419
0.6433995289581698
