0.005902779827354127
0.005906252050781962
0.005909724274209796
0.0059131964976376315
0.005916668721065466
0.005920140944493394
0.0059236131679212285
0.005927085391349063
0.005930557614776897
0.005934029838204733
0.00593750206163266
0.005940974285060495
0.0059444465084883295
0.005947918731916258
0.005951390955344092
0.005954863178771926
0.005958335402199761
0.005961807625627596
0.005965279849055523
0.005968752072483359
0.005972224295911193
0.0059756965193390275
0.005979168742766863
0.00598264096619479
0.005986113189622624
0.00598958541305046
0.005993057636478294
0.005996529859906222
0.006000002083333964
0.006003474306761891
0.006006946530189726
0.006010418753617561
0.006013890977045488
0.006017363200473323
0.006020835423901158
0.006024307647329086
0.006027779870756827
0.006031252094184755
0.00603472431761259
0.006038196541040424
0.0060416687644683515
0.006045140987896187
0.006048613211324021
0.006052085434751856
0.006055557658179691
0.006059029881607618
0.006062502105035453
0.006065974328463288
0.006069446551891122
0.006072918775318957
0.006076390998746792
0.006079863222174719
0.0060833354456025545
0.006086807669030389
0.006090279892458317
0.006093752115886058
0.006097224339313986
0.00610069656274182
0.0061041687861696555
0.006107641009597583
0.006111113233025418
0.0061145854564532524
0.0061180576798811805
0.006121529903308921
0.006125002126736849
0.006128474350164684
0.006131946573592519
0.0061354187970203535
0.006138891020448282
0.006142363243876116
0.00614583546730395
0.006149307690731785
0.00615277991415962
0.006156252137587547
0.006159724361015383
0.006163196584443217
0.006166668807871145
0.006170141031298886
0.006173613254726814
0.006177085478154648
0.006180557701582484
0.006184029925010411
0.006187502148438246
0.006190974371866081
0.006194446595293915
0.006197918818721749
0.0062013910421496775
0.006204863265577512
0.006208335489005347
0.006211807712433182
0.006215279935861016
0.006218752159288944
0.0062222243827167786
0.006225696606144613
0.006229168829572448
0.0062326410530003755
0.006236113276428211
0.006239585499856045
0.00624305772328388
0.006246529946711715
0.006250002170139642
0.0062534743935674765
0.006256946616995312
0.006260418840423239
0.006263891063850981
0.006267363287278909
0.006270835510706743
0.0062743077341345785
0.006277779957562506
0.00628125218099034
0.006284724404418175
0.00628819662784601
0.006291668851273844
0.006295141074701772
0.006298613298129607
0.006302085521557442
0.006305557744985276
0.006309029968413204
0.006312502191841039
0.006315974415268873
0.006319446638696708
0.006322918862124543
0.00632639108555247
0.0063298633089803056
0.00633333553240814
0.006336807755835974
0.006340279979263809
0.006343752202691737
0.006347224426119571
0.006350696649547407
0.006354168872975334
0.0063576410964030754
0.0063611133198310035
0.006364585543258838
0.006368057766686672
0.0063715299901146005
0.006375002213542435
0.00637847443697027
0.006381946660398105
0.006385418883825939
0.006388891107253867
0.0063923633306817015
0.006395835554109536
0.006399307777537371
0.006402780000965298
0.006406252224393134
0.006409724447820968
0.0064131966712488025
0.006416668894676637
0.006420141118104565
0.0064236133415323995
0.006427085564960235
0.006430557788388162
0.006434030011815904
0.006437502235243832
0.006440974458671666
0.0064444466820995005
0.006447918905527429
0.006451391128955263
0.006454863352383098
0.006458335575810933
0.006461807799238767
0.006465280022666695
0.00646875224609453
0.006472224469522364
0.006475696692950199
0.006479168916378034
0.006482641139805962
0.006486113363233796
0.006489585586661631
0.006493057810089465
0.006496530033517393
0.006500002256945135
0.006503474480373063
0.006506946703800897
0.006510418927228732
0.00651389115065666
0.006517363374084494
0.006520835597512329
0.006524307820940257
0.006527780044367998
0.0065312522677959265
0.006534724491223761
0.006538196714651595
0.006541668938079523
0.006545141161507358
0.006548613384935192
0.0065520856083630275
0.006555557831790862
0.00655903005521879
0.0065625022786466244
0.006565974502074459
0.006569446725502294
0.0065729189489301286
0.006576391172357963
0.006579863395785891
0.0065833356192137255
0.00658680784264156
0.006590280066069488
0.006593752289497322
