0.7809030489246698
0.7809065211480976
0.7809099933715254
0.7809134655949532
0.7809169378183812
0.780920410041809
0.780923882265237
0.7809273544886648
0.7809308267120927
0.7809342989355205
0.7809377711589484
0.7809412433823761
0.7809447156058039
0.7809481878292319
0.7809516600526596
0.7809551322760876
0.7809586044995155
0.7809620767229434
0.7809655489463712
0.780969021169799
0.7809724933932268
0.7809759656166547
0.7809794378400825
0.7809829100635104
0.7809863822869383
0.7809898545103662
0.7809933267337941
0.7809967989572218
0.7810002711806497
0.7810037434040775
0.7810072156275054
0.7810106878509333
0.7810141600743611
0.7810176322977891
0.7810211045212169
0.7810245767446448
0.7810280489680725
0.7810315211915004
0.7810349934149282
0.7810384656383561
0.781041937861784
0.7810454100852118
0.7810488823086397
0.7810523545320676
0.7810558267554955
0.7810592989789232
0.7810627712023511
0.7810662434257789
0.7810697156492069
0.7810731878726346
0.7810766600960626
0.7810801323194904
0.7810836045429183
0.7810870767663461
0.7810905489897739
0.7810940212132018
0.7810974934366296
0.7811009656600575
0.7811044378834853
0.7811079101069133
0.7811113823303412
0.781114854553769
0.7811183267771968
0.7811217990006246
0.7811252712240525
0.7811287434474803
0.7811322156709082
0.7811356878943361
0.781139160117764
0.7811426323411919
0.7811461045646196
0.7811495767880475
0.7811530490114753
0.7811565212349032
0.781159993458331
0.7811634656817589
0.7811669379051868
0.7811704101286147
0.7811738823520424
0.7811773545754704
0.7811808267988982
0.781184299022326
0.7811877712457539
0.7811912434691817
0.7811947156926096
0.7811981879160373
0.7812016601394653
0.7812051323628932
0.7812086045863211
0.7812120768097489
0.7812155490331768
0.7812190212566046
0.7812224934800325
0.7812259657034603
0.7812294379268881
0.781232910150316
0.7812363823737439
0.7812398545971717
0.7812433268205996
0.7812467990440275
0.7812502712674553
0.7812537434908832
0.781257215714311
0.7812606879377388
0.7812641601611668
0.7812676323845945
0.7812711046080225
0.7812745768314503
0.7812780490548782
0.781281521278306
0.7812849935017339
0.7812884657251616
0.7812919379485895
0.7812954101720174
0.7812988823954453
0.7813023546188732
0.781305826842301
0.7813092990657289
0.7813127712891567
0.7813162435125846
0.7813197157360123
0.7813231879594402
0.7813266601828681
0.781330132406296
0.7813336046297238
0.7813370768531517
0.7813405490765796
0.7813440213000074
0.7813474935234352
0.781350965746863
0.781354437970291
0.7813579101937189
0.7813613824171467
0.7813648546405746
0.7813683268640024
0.7813717990874303
0.781375271310858
0.7813787435342859
0.7813822157577138
0.7813856879811416
0.7813891602045695
0.7813926324279974
0.7813961046514253
0.7813995768748531
0.781403049098281
0.7814065213217087
0.7814099935451366
0.7814134657685644
0.7814169379919924
0.7814204102154202
0.7814238824388481
0.781427354662276
0.7814308268857038
0.7814342991091316
0.7814377713325594
0.7814412435559873
0.7814447157794151
0.7814481880028431
0.7814516602262709
0.7814551324496988
0.7814586046731267
0.7814620768965546
0.7814655491199823
0.7814690213434101
0.781472493566838
0.7814759657902659
0.7814794380136937
0.7814829102371216
0.7814863824605495
0.7814898546839774
0.7814933269074053
0.781496799130833
0.7815002713542609
0.7815037435776887
0.7815072158011166
0.7815106880245445
0.7815141602479723
0.7815176324714003
0.781521104694828
0.7815245769182559
0.7815280491416837
0.7815315213651116
0.7815349935885394
0.7815384658119673
0.7815419380353952
0.781545410258823
0.781548882482251
0.7815523547056787
0.7815558269291066
0.7815592991525344
0.7815627713759623
0.7815662435993901
0.781569715822818
0.7815731880462458
0.7815766602696737
0.7815801324931015
0.7815836047165294
0.7815870769399573
0.7815905491633851
0.781594021386813
