0.2052084045862516
0.2052118768096794
0.20521534903310729
0.20521882125653515
0.20522229347996299
0.20522576570339088
0.20522923792681871
0.20523271015024655
0.20523618237367441
0.20523965459710225
0.20524312682053014
0.20524659904395798
0.20525007126738584
0.20525354349081373
0.20525701571424151
0.2052604879376694
0.20526396016109724
0.2052674323845251
0.205270904607953
0.20527437683138083
0.20527784905480873
0.2052813212782365
0.2052847935016644
0.20528826572509223
0.2052917379485201
0.205295210171948
0.20529868239537583
0.2053021546188037
0.2053056268422315
0.20530909906565936
0.20531257128908725
0.2053160435125151
0.20531951573594295
0.2053229879593708
0.20532646018279868
0.20532993240622652
0.20533340462965435
0.20533687685308222
0.20534034907651005
0.20534382129993795
0.20534729352336578
0.20535076574679362
0.2053542379702215
0.20535771019364935
0.2053611824170772
0.20536465464050505
0.20536812686393294
0.2053715990873608
0.2053750713107886
0.20537854353421647
0.2053820157576443
0.2053854879810722
0.20538896020450007
0.2053924324279279
0.2053959046513558
0.20539937687478357
0.20540284909821147
0.20540632132163936
0.20540979354506717
0.20541326576849506
0.2054167379919229
0.20542021021535078
0.20542368243877857
0.20542715466220646
0.20543062688563432
0.20543409910906216
0.20543757133249005
0.20544104355591788
0.20544451577934575
0.20544798800277364
0.20545146022620142
0.2054549324496293
0.20545840467305715
0.205461876896485
0.2054653491199129
0.20546882134334074
0.20547229356676858
0.2054757657901964
0.20547923801362428
0.20548271023705217
0.20548618246048
0.2054896546839079
0.20549312690733568
0.20549659913076357
0.2055000713541914
0.20550354357761927
0.20550701580104716
0.205510488024475
0.20551396024790286
0.20551743247133067
0.20552090469475853
0.20552437691818642
0.20552784914161426
0.20553132136504212
0.20553479358846996
0.20553826581189785
0.20554173803532574
0.20554521025875352
0.20554868248218142
0.20555215470560922
0.20555562692903712
0.20555909915246495
0.20556257137589284
0.2055660435993207
0.20556951582274852
0.20557298804617638
0.20557646026960422
0.2055799324930321
0.20558340471645997
0.2055868769398878
0.20559034916331564
0.20559382138674348
0.20559729361017137
0.20560076583359924
0.20560423805702707
0.20560771028045496
0.2056111825038828
0.20561465472731064
0.20561812695073853
0.20562159917416634
0.20562507139759423
0.20562854362102206
0.20563201584444996
0.20563548806787774
0.20563896029130563
0.2056424325147335
0.20564590473816133
0.20564937696158922
0.20565284918501706
0.20565632140844492
0.2056597936318728
0.2056632658553006
0.20566673807872848
0.20567021030215632
0.20567368252558418
0.20567715474901208
0.2056806269724399
0.2056840991958678
0.20568757141929558
0.20569104364272348
0.20569451586615134
0.20569798808957918
0.20570146031300707
0.2057049325364349
0.20570840475986277
0.20571187698329058
0.20571534920671844
0.20571882143014633
0.20572229365357417
0.20572576587700203
0.20572923810042987
0.2057327103238577
0.2057361825472856
0.20573965477071343
0.2057431269941413
0.20574659921756913
0.20575007144099702
0.20575354366442491
0.2057570158878527
0.2057604881112806
0.2057639603347084
0.2057674325581363
0.20577090478156412
0.20577437700499202
0.20577784922841988
0.2057813214518477
0.20578479367527555
0.2057882658987034
0.20579173812213128
0.20579521034555914
0.20579868256898698
0.20580215479241487
0.20580562701584265
0.20580909923927054
0.2058125714626984
0.20581604368612624
0.20581951590955413
0.20582298813298197
0.20582646035640986
0.2058299325798377
0.20583340480326554
0.2058368770266934
0.20584034925012124
0.20584382147354913
0.20584729369697696
0.20585076592040483
0.20585423814383266
0.2058577103672605
0.2058611825906884
0.20586465481411623
0.2058681270375441
0.20587159926097198
0.20587507148439976
0.20587854370782765
0.2058820159312555
0.20588548815468335
0.20588896037811125
0.20589243260153908
0.20589590482496697
0.20589937704839475
