0.16284727876641622
0.16285075098984408
0.16285422321327192
0.1628576954366998
0.1628611676601276
0.16286463988355548
0.16286811210698335
0.16287158433041118
0.16287505655383908
0.1628785287772669
0.1628820010006948
0.16288547322412264
0.16288894544755048
0.16289241767097834
0.16289588989440618
0.16289936211783407
0.16290283434126193
0.16290630656468974
0.1629097787881176
0.16291325101154544
0.16291672323497333
0.1629201954584012
0.16292366768182903
0.16292713990525692
0.1629306121286847
0.1629340843521126
0.16293755657554043
0.1629410287989683
0.1629445010223962
0.16294797324582402
0.16295144546925192
0.1629549176926797
0.1629583899161076
0.16296186213953545
0.1629653343629633
0.16296880658639118
0.16297227880981902
0.16297575103324688
0.16297922325667477
0.16298269548010255
0.16298616770353044
0.16298963992695828
0.16299311215038614
0.16299658437381404
0.16300005659724187
0.1630035288206697
0.16300700104409754
0.1630104732675254
0.16301394549095324
0.16301741771438114
0.16302088993780903
0.1630243621612368
0.1630278343846647
0.16303130660809254
0.1630347788315204
0.1630382510549483
0.16304172327837613
0.163045195501804
0.1630486677252318
0.16305213994865966
0.16305561217208756
0.1630590843955154
0.16306255661894326
0.1630660288423711
0.16306950106579898
0.16307297328922676
0.16307644551265466
0.16307991773608255
0.16308338995951036
0.16308686218293825
0.16309033440636608
0.16309380662979397
0.16309727885322184
0.16310075107664965
0.1631042233000775
0.16310769552350535
0.16311116774693324
0.1631146399703611
0.16311811219378894
0.16312158441721678
0.1631250566406446
0.1631285288640725
0.16313200108750037
0.1631354733109282
0.1631389455343561
0.16314241775778393
0.16314588998121177
0.1631493622046396
0.16315283442806747
0.16315630665149536
0.1631597788749232
0.1631632510983511
0.16316672332177887
0.16317019554520676
0.16317366776863462
0.16317713999206246
0.16318061221549035
0.1631840844389182
0.16318755666234605
0.16319102888577394
0.16319450110920172
0.16319797333262961
0.16320144555605745
0.16320491777948531
0.1632083900029132
0.16321186222634104
0.16321533444976893
0.16321880667319671
0.1632222788966246
0.16322575112005241
0.1632292233434803
0.1632326955669082
0.16323616779033603
0.1632396400137639
0.1632431122371917
0.16324658446061957
0.16325005668404746
0.1632535289074753
0.16325700113090316
0.163260473354331
0.16326394557775883
0.16326741780118673
0.16327089002461456
0.16327436224804243
0.16327783447147026
0.16328130669489815
0.163284778918326
0.16328825114175383
0.16329172336518172
0.16329519558860953
0.16329866781203742
0.16330214003546525
0.16330561225889315
0.163309084482321
0.16331255670574882
0.16331602892917668
0.16331950115260452
0.1633229733760324
0.16332644559946027
0.1633299178228881
0.163333390046316
0.16333686226974378
0.16334033449317167
0.16334380671659954
0.16334727894002737
0.16335075116345527
0.1633542233868831
0.163357695610311
0.16336116783373877
0.16336464005716667
0.16336811228059453
0.16337158450402237
0.16337505672745026
0.1633785289508781
0.16338200117430596
0.1633854733977338
0.16338894562116163
0.16339241784458952
0.16339589006801736
0.16339936229144522
0.1634028345148731
0.1634063067383009
0.16340977896172879
0.16341325118515662
0.16341672340858449
0.16342019563201238
0.1634236678554402
0.1634271400788681
0.16343061230229589
0.16343408452572378
0.16343755674915159
0.16344102897257948
0.16344450119600737
0.1634479734194352
0.16345144564286307
0.16345491786629088
0.16345839008971874
0.16346186231314663
0.16346533453657447
0.16346880676000233
0.16347227898343017
0.16347575120685806
0.16347922343028595
0.16348269565371373
0.1634861678771416
0.16348964010056943
0.16349311232399732
0.16349658454742522
0.16350005677085305
0.1635035289942809
0.16350700121770873
0.1635104734411366
0.16351394566456443
0.16351741788799232
0.16352089011142018
0.163524362334848
0.16352783455827585
0.1635313067817037
0.16353477900513158
0.16353825122855944
