0.6399307777537423
0.6399342499771702
0.639937722200598
0.6399411944240259
0.6399446666474536
0.6399481388708815
0.6399516110943094
0.6399550833177372
0.6399585555411652
0.639962027764593
0.6399654999880209
0.6399689722114487
0.6399724444348766
0.6399759166583043
0.6399793888817322
0.6399828611051601
0.6399863333285879
0.6399898055520158
0.6399932777754437
0.6399967499988716
0.6400002222222994
0.6400036944457272
0.640007166669155
0.6400106388925829
0.6400141111160108
0.6400175833394386
0.6400210555628666
0.6400245277862944
0.6400280000097223
0.64003147223315
0.6400349444565779
0.6400384166800057
0.6400418889034337
0.6400453611268615
0.6400488333502893
0.6400523055737172
0.6400557777971451
0.640059250020573
0.6400627222440007
0.6400661944674286
0.6400696666908564
0.6400731389142844
0.6400766111377122
0.6400800833611401
0.640083555584568
0.6400870278079958
0.6400905000314236
0.6400939722548514
0.6400974444782793
0.6401009167017071
0.6401043889251351
0.6401078611485629
0.6401113333719908
0.6401148055954187
0.6401182778188464
0.6401217500422743
0.6401252222657021
0.64012869448913
0.6401321667125579
0.6401356389359858
0.6401391111594136
0.6401425833828415
0.6401460556062692
0.6401495278296971
0.640153000053125
0.6401564722765528
0.6401599444999807
0.6401634167234085
0.6401668889468364
0.6401703611702643
0.6401738333936922
0.64017730561712
0.6401807778405479
0.6401842500639757
0.6401877222874035
0.6401911945108314
0.6401946667342592
0.6401981389576872
0.640201611181115
0.6402050834045429
0.6402085556279707
0.6402120278513986
0.6402155000748264
0.6402189722982543
0.6402224445216821
0.64022591674511
0.6402293889685379
0.6402328611919657
0.6402363334153935
0.6402398056388213
0.6402432778622493
0.6402467500856771
0.640250222309105
0.6402536945325328
0.6402571667559607
0.6402606389793886
0.6402641112028163
0.6402675834262442
0.6402710556496721
0.6402745278731
0.6402780000965278
0.6402814723199557
0.6402849445433835
0.6402884167668114
0.6402918889902393
0.640295361213667
0.6402988334370949
0.6403023056605227
0.6403057778839507
0.6403092501073785
0.6403127223308064
0.6403161945542342
0.640319666777662
0.64032313900109
0.6403266112245178
0.6403300834479456
0.6403335556713735
0.6403370278948014
0.6403405001182292
0.6403439723416571
0.6403474445650849
0.6403509167885127
0.6403543890119406
0.6403578612353685
0.6403613334587963
0.6403648056822242
0.6403682779056521
0.6403717501290799
0.6403752223525078
0.6403786945759355
0.6403821667993636
0.6403856390227913
0.6403891112462192
0.640392583469647
0.6403960556930749
0.6403995279165028
0.6404030001399306
0.6404064723633585
0.6404099445867862
0.6404134168102141
0.6404168890336419
0.6404203612570699
0.6404238334804977
0.6404273057039256
0.6404307779273535
0.6404342501507813
0.6404377223742092
0.6404411945976369
0.6404446668210648
0.6404481390444927
0.6404516112679206
0.6404550834913484
0.6404585557147764
0.6404620279382042
0.6404655001616321
0.6404689723850598
0.6404724446084876
0.6404759168319155
0.6404793890553434
0.6404828612787713
0.6404863335021991
0.640489805725627
0.6404932779490549
0.6404967501724828
0.6405002223959105
0.6405036946193384
0.6405071668427662
0.6405106390661941
0.640514111289622
0.6405175835130498
0.6405210557364778
0.6405245279599056
0.6405280001833334
0.6405314724067612
0.6405349446301891
0.6405384168536169
0.6405418890770448
0.6405453613004727
0.6405488335239005
0.6405523057473284
0.6405557779707562
0.6405592501941841
0.6405627224176119
0.6405661946410398
0.6405696668644676
0.6405731390878955
0.6405766113113234
0.6405800835347512
0.6405835557581792
0.6405870279816069
0.6405905002050348
0.6405939724284626
0.6405974446518905
0.6406009168753183
0.6406043890987463
0.6406078613221741
0.6406113335456018
0.6406148057690298
0.6406182779924576
0.6406217502158855
