0.22118063235438623
0.2211841045778141
0.22118757680124193
0.22119104902466982
0.2211945212480976
0.2211979934715255
0.22120146569495333
0.2212049379183812
0.2212084101418091
0.22121188236523692
0.22121535458866476
0.2212188268120926
0.2212222990355205
0.22122577125894835
0.2212292434823762
0.22123271570580408
0.22123618792923191
0.22123966015265975
0.22124313237608761
0.22124660459951545
0.22125007682294334
0.22125354904637118
0.22125702126979904
0.22126049349322685
0.22126396571665471
0.2212674379400826
0.22127091016351044
0.2212743823869383
0.22127785461036614
0.22128132683379403
0.22128479905722193
0.2212882712806497
0.2212917435040776
0.2212952157275054
0.2212986879509333
0.2213021601743612
0.22130563239778903
0.2213091046212169
0.2213125768446447
0.22131604906807256
0.22131952129150045
0.2213229935149283
0.22132646573835615
0.221329937961784
0.22133341018521188
0.22133688240863966
0.22134035463206755
0.22134382685549542
0.22134729907892325
0.22135077130235115
0.22135424352577898
0.22135771574920682
0.2213611879726347
0.22136466019606255
0.2213681324194904
0.22137160464291825
0.22137507686634614
0.221378549089774
0.2213820213132018
0.22138549353662967
0.2213889657600575
0.2213924379834854
0.22139591020691327
0.2213993824303411
0.221402854653769
0.22140632687719677
0.22140979910062467
0.2214132713240525
0.22141674354748037
0.22142021577090826
0.2214236879943361
0.22142716021776399
0.22143063244119177
0.22143410466461966
0.22143757688804752
0.22144104911147536
0.22144452133490325
0.22144799355833109
0.22145146578175895
0.22145493800518679
0.22145841022861462
0.2214618824520425
0.22146535467547035
0.2214688268988982
0.22147229912232605
0.22147577134575394
0.22147924356918178
0.2214827157926096
0.22148618801603748
0.2214896602394653
0.2214931324628932
0.2214966046863211
0.22150007690974888
0.22150354913317677
0.2215070213566046
0.22151049358003247
0.22151396580346036
0.2215174380268882
0.22152091025031606
0.22152438247374387
0.22152785469717173
0.22153132692059962
0.22153479914402746
0.22153827136745533
0.22154174359088316
0.22154521581431105
0.22154868803773883
0.22155216026116673
0.22155563248459462
0.22155910470802243
0.22156257693145032
0.22156604915487815
0.22156952137830604
0.2215729936017339
0.22157646582516172
0.22157993804858958
0.22158341027201742
0.2215868824954453
0.22159035471887317
0.221593826942301
0.22159729916572884
0.22160077138915668
0.22160424361258457
0.22160771583601244
0.22161118805944027
0.22161466028286816
0.22161813250629595
0.22162160472972384
0.22162507695315167
0.22162854917657954
0.22163202140000743
0.22163549362343526
0.22163896584686316
0.22164243807029094
0.22164591029371883
0.2216493825171467
0.22165285474057453
0.22165632696400242
0.22165979918743026
0.22166327141085812
0.221666743634286
0.2216702158577138
0.22167368808114168
0.22167716030456952
0.22168063252799738
0.22168410475142522
0.2216875769748531
0.221691049198281
0.22169452142170878
0.22169799364513665
0.22170146586856448
0.22170493809199238
0.22170841031542027
0.2217118825388481
0.22171535476227594
0.22171882698570378
0.22172229920913164
0.22172577143255953
0.22172924365598737
0.22173271587941523
0.22173618810284307
0.2217396603262709
0.2217431325496988
0.22174660477312663
0.2217500769965545
0.22175354921998233
0.22175702144341022
0.221760493666838
0.2217639658902659
0.2217674381136938
0.2217709103371216
0.2217743825605495
0.22177785478397732
0.22178132700740522
0.22178479923083308
0.2217882714542609
0.22179174367768875
0.2217952159011166
0.22179868812454448
0.22180216034797234
0.22180563257140018
0.22180910479482807
0.22181257701825585
0.22181604924168374
0.2218195214651116
0.22182299368853944
0.22182646591196734
0.22182993813539517
0.22183341035882306
0.22183688258225084
0.2218403548056787
0.2218438270291066
0.22184729925253444
0.22185077147596233
0.22185424369939016
0.221857715922818
0.22186118814624586
0.2218646603696737
0.2218681325931016
0.22187160481652943
