0.19201395556040118
0.19201742778382908
0.1920209000072569
0.1920243722306848
0.19202784445411264
0.1920313166775405
0.1920347889009684
0.19203826112439618
0.19204173334782407
0.1920452055712519
0.19204867779467977
0.19205215001810766
0.1920556222415355
0.19205909446496336
0.19206256668839117
0.19206603891181903
0.19206951113524687
0.19207298335867476
0.19207645558210265
0.1920799278055305
0.19208340002895835
0.19208687225238613
0.19209034447581402
0.19209381669924191
0.19209728892266975
0.19210076114609761
0.19210423336952545
0.19210770559295334
0.19211117781638118
0.19211465003980902
0.19211812226323688
0.19212159448666472
0.1921250667100926
0.1921285389335205
0.19213201115694828
0.19213548338037614
0.19213895560380398
0.19214242782723187
0.1921459000506597
0.1921493722740876
0.19215284449751546
0.19215631672094324
0.19215978894437113
0.19216326116779897
0.19216673339122686
0.19217020561465473
0.19217367783808256
0.19217715006151045
0.19218062228493824
0.19218409450836613
0.192187566731794
0.19219103895522183
0.19219451117864972
0.19219798340207755
0.19220145562550542
0.19220492784893323
0.1922084000723611
0.19221187229578898
0.19221534451921682
0.1922188167426447
0.19222228896607255
0.1922257611895004
0.19222923341292825
0.19223270563635608
0.19223617785978397
0.1922396500832118
0.19224312230663967
0.19224659453006757
0.19225006675349535
0.19225353897692324
0.19225701120035107
0.19226048342377894
0.19226395564720683
0.19226742787063467
0.19227090009406256
0.19227437231749034
0.1922778445409182
0.19228131676434604
0.19228478898777393
0.19228826121120182
0.19229173343462966
0.19229520565805752
0.1922986778814853
0.1923021501049132
0.19230562232834109
0.19230909455176892
0.19231256677519679
0.19231603899862462
0.1923195112220525
0.19232298344548038
0.19232645566890819
0.19232992789233605
0.1923334001157639
0.19233687233919178
0.19234034456261967
0.19234381678604748
0.19234728900947537
0.19235076123290315
0.19235423345633104
0.19235770567975888
0.19236117790318677
0.19236465012661463
0.19236812235004247
0.1923715945734703
0.19237506679689814
0.19237853902032603
0.1923820112437539
0.19238548346718173
0.19238895569060963
0.1923924279140374
0.1923959001374653
0.19239937236089316
0.192402844584321
0.1924063168077489
0.19240978903117673
0.19241326125460462
0.1924167334780324
0.19242020570146026
0.19242367792488815
0.192427150148316
0.19243062237174388
0.19243409459517172
0.19243756681859958
0.19244103904202747
0.19244451126545525
0.19244798348888315
0.19245145571231098
0.19245492793573885
0.19245840015916674
0.19246187238259457
0.19246534460602244
0.19246881682945025
0.1924722890528781
0.192475761276306
0.19247923349973384
0.19248270572316173
0.19248617794658954
0.19248965017001737
0.1924931223934452
0.1924965946168731
0.192500066840301
0.19250353906372883
0.1925070112871567
0.19251048351058453
0.19251395573401237
0.19251742795744026
0.1925209001808681
0.19252437240429596
0.1925278446277238
0.19253131685115168
0.19253478907457955
0.19253826129800736
0.19254173352143522
0.19254520574486306
0.19254867796829095
0.19255215019171884
0.19255562241514665
0.19255909463857454
0.19256256686200232
0.1925660390854302
0.19256951130885805
0.19257298353228594
0.1925764557557138
0.19257992797914164
0.19258340020256953
0.1925868724259973
0.1925903446494252
0.19259381687285307
0.1925972890962809
0.1926007613197088
0.19260423354313663
0.1926077057665645
0.19261117798999233
0.19261465021342017
0.19261812243684806
0.1926215946602759
0.1926250668837038
0.1926285391071316
0.19263201133055943
0.19263548355398732
0.19263895577741516
0.19264242800084305
0.1926459002242709
0.19264937244769875
0.19265284467112664
0.19265631689455442
0.19265978911798232
0.19266326134141015
0.19266673356483802
0.1926702057882659
0.19267367801169374
0.1926771502351216
0.19268062245854942
0.19268409468197728
0.19268756690540517
0.192691039128833
0.1926945113522609
0.1926979835756887
0.1927014557991166
0.19270492802254438
