0.5239585152633733
0.5239619874868012
0.5239654597102291
0.5239689319336569
0.5239724041570848
0.5239758763805126
0.5239793486039405
0.5239828208273684
0.5239862930507961
0.523989765274224
0.5239932374976519
0.5239967097210798
0.5240001819445076
0.5240036541679355
0.5240071263913633
0.5240105986147912
0.524014070838219
0.5240175430616468
0.5240210152850747
0.5240244875085026
0.5240279597319305
0.5240314319553583
0.5240349041787862
0.524038376402214
0.524041848625642
0.5240453208490697
0.5240487930724975
0.5240522652959254
0.5240557375193533
0.5240592097427812
0.524062681966209
0.5240661541896369
0.5240696264130646
0.5240730986364927
0.5240765708599204
0.5240800430833483
0.5240835153067761
0.524086987530204
0.5240904597536319
0.5240939319770597
0.5240974042004876
0.5241008764239153
0.5241043486473433
0.5241078208707711
0.524111293094199
0.5241147653176268
0.5241182375410547
0.5241217097644826
0.5241251819879104
0.5241286542113383
0.524132126434766
0.524135598658194
0.5241390708816218
0.5241425431050497
0.5241460153284775
0.5241494875519054
0.5241529597753333
0.524156431998761
0.5241599042221889
0.5241633764456167
0.5241668486690447
0.5241703208924725
0.5241737931159004
0.5241772653393282
0.5241807375627562
0.524184209786184
0.5241876820096117
0.5241911542330396
0.5241946264564674
0.5241980986798954
0.5242015709033232
0.5242050431267511
0.5242085153501789
0.5242119875736069
0.5242154597970347
0.5242189320204625
0.5242224042438903
0.5242258764673182
0.5242293486907461
0.5242328209141739
0.5242362931376018
0.5242397653610296
0.5242432375844576
0.5242467098078853
0.5242501820313132
0.524253654254741
0.5242571264781689
0.5242605987015968
0.5242640709250246
0.5242675431484525
0.5242710153718803
0.5242744875953083
0.524277959818736
0.5242814320421639
0.5242849042655917
0.5242883764890196
0.5242918487124475
0.5242953209358753
0.5242987931593032
0.524302265382731
0.524305737606159
0.5243092098295867
0.5243126820530146
0.5243161542764424
0.5243196264998703
0.5243230987232982
0.524326570946726
0.5243300431701539
0.5243335153935816
0.5243369876170096
0.5243404598404374
0.5243439320638653
0.5243474042872931
0.524350876510721
0.5243543487341489
0.5243578209575768
0.5243612931810046
0.5243647654044324
0.5243682376278603
0.5243717098512881
0.524375182074716
0.5243786542981438
0.5243821265215717
0.5243855987449996
0.5243890709684275
0.5243925431918552
0.5243960154152831
0.524399487638711
0.5244029598621388
0.5244064320855667
0.5244099043089945
0.5244133765324224
0.5244168487558503
0.5244203209792782
0.5244237932027059
0.5244272654261338
0.5244307376495617
0.5244342098729895
0.5244376820964174
0.5244411543198452
0.5244446265432731
0.524448098766701
0.5244515709901288
0.5244550432135566
0.5244585154369845
0.5244619876604124
0.5244654598838403
0.5244689321072681
0.5244724043306959
0.5244758765541238
0.5244793487775516
0.5244828210009795
0.5244862932244073
0.5244897654478352
0.5244932376712631
0.524496709894691
0.5245001821181188
0.5245036543415467
0.5245071265649744
0.5245105987884023
0.5245140710118302
0.524517543235258
0.5245210154586859
0.5245244876821138
0.5245279599055417
0.5245314321289695
0.5245349043523974
0.5245383765758251
0.524541848799253
0.5245453210226809
0.5245487932461087
0.5245522654695366
0.5245557376929645
0.5245592099163924
0.5245626821398202
0.524566154363248
0.5245696265866758
0.5245730988101037
0.5245765710335316
0.5245800432569594
0.5245835154803873
0.5245869877038152
0.5245904599272431
0.5245939321506708
0.5245974043740987
0.5246008765975265
0.5246043488209545
0.5246078210443823
0.5246112932678101
0.524614765491238
0.5246182377146659
0.5246217099380938
0.5246251821615215
0.5246286543849494
0.5246321266083772
0.5246355988318052
0.524639071055233
0.5246425432786609
0.5246460155020887
0.5246494877255166
