0.5121529556086651
0.512156427832093
0.5121599000555208
0.5121633722789487
0.5121668445023766
0.5121703167258044
0.5121737889492323
0.51217726117266
0.512180733396088
0.5121842056195158
0.5121876778429437
0.5121911500663715
0.5121946222897994
0.5121980945132273
0.5122015667366551
0.512205038960083
0.5122085111835107
0.5122119834069387
0.5122154556303665
0.5122189278537944
0.5122224000772222
0.5122258723006501
0.512229344524078
0.5122328167475059
0.5122362889709337
0.5122397611943614
0.5122432334177894
0.5122467056412172
0.5122501778646451
0.5122536500880729
0.5122571223115008
0.5122605945349287
0.5122640667583566
0.5122675389817843
0.5122710112052122
0.5122744834286401
0.5122779556520679
0.5122814278754958
0.5122849000989236
0.5122883723223515
0.5122918445457794
0.5122953167692073
0.512298788992635
0.5123022612160629
0.5123057334394908
0.5123092056629186
0.5123126778863465
0.5123161501097743
0.5123196223332022
0.51232309455663
0.512326566780058
0.5123300390034857
0.5123335112269136
0.5123369834503415
0.5123404556737693
0.5123439278971972
0.512347400120625
0.5123508723440529
0.5123543445674807
0.5123578167909086
0.5123612890143364
0.5123647612377643
0.5123682334611922
0.5123717056846201
0.5123751779080479
0.5123786501314757
0.5123821223549035
0.5123855945783314
0.5123890668017593
0.5123925390251871
0.512396011248615
0.5123994834720429
0.5124029556954708
0.5124064279188986
0.5124099001423265
0.5124133723657542
0.5124168445891821
0.51242031681261
0.5124237890360378
0.5124272612594657
0.5124307334828936
0.5124342057063215
0.5124376779297493
0.5124411501531771
0.5124446223766049
0.5124480946000328
0.5124515668234607
0.5124550390468885
0.5124585112703164
0.5124619834937443
0.5124654557171722
0.5124689279406
0.5124724001640278
0.5124758723874556
0.5124793446108835
0.5124828168343114
0.5124862890577392
0.5124897612811671
0.512493233504595
0.5124967057280229
0.5125001779514506
0.5125036501748785
0.5125071223983063
0.5125105946217343
0.5125140668451621
0.5125175390685899
0.5125210112920178
0.5125244835154457
0.5125279557388736
0.5125314279623013
0.5125349001857292
0.512538372409157
0.512541844632585
0.5125453168560128
0.5125487890794407
0.5125522613028685
0.5125557335262964
0.5125592057497242
0.512562677973152
0.5125661501965799
0.5125696224200077
0.5125730946434357
0.5125765668668635
0.5125800390902914
0.5125835113137192
0.512586983537147
0.5125904557605749
0.5125939279840027
0.5125974002074306
0.5126008724308584
0.5126043446542864
0.5126078168777142
0.5126112891011421
0.5126147613245698
0.5126182335479977
0.5126217057714256
0.5126251779948534
0.5126286502182813
0.5126321224417091
0.5126355946651371
0.5126390668885649
0.5126425391119928
0.5126460113354205
0.5126494835588485
0.5126529557822763
0.5126564280057042
0.512659900229132
0.5126633724525598
0.5126668446759878
0.5126703168994156
0.5126737891228434
0.5126772613462712
0.5126807335696992
0.512684205793127
0.5126876780165549
0.5126911502399827
0.5126946224634106
0.5126980946868385
0.5127015669102662
0.5127050391336941
0.5127085113571219
0.5127119835805499
0.5127154558039777
0.5127189280274056
0.5127224002508334
0.5127258724742613
0.5127293446976892
0.5127328169211169
0.5127362891445448
0.5127397613679726
0.5127432335914006
0.5127467058148284
0.5127501780382563
0.5127536502616841
0.512757122485112
0.5127605947085399
0.5127640669319676
0.5127675391553955
0.5127710113788233
0.5127744836022513
0.5127779558256791
0.512781428049107
0.5127849002725348
0.5127883724959627
0.5127918447193905
0.5127953169428184
0.5127987891662462
0.512802261389674
0.512805733613102
0.5128092058365298
0.5128126780599577
0.5128161502833855
0.5128196225068133
0.5128230947302412
0.5128265669536691
0.5128300391770969
0.5128335114005248
0.5128369836239527
0.5128404558473805
0.5128439280708084
