0.1781250618489798
0.17812853407240764
0.17813200629583548
0.17813547851926337
0.17813895074269118
0.17814242296611907
0.17814589518954696
0.17814936741297474
0.17815283963640263
0.17815631185983047
0.17815978408325833
0.17816325630668622
0.17816672853011406
0.17817020075354192
0.17817367297696973
0.1781771452003976
0.1781806174238255
0.17818408964725332
0.1781875618706812
0.17819103409410902
0.17819450631753692
0.1781979785409648
0.1782014507643926
0.17820492298782048
0.17820839521124832
0.17821186743467618
0.17821533965810402
0.1782188118815319
0.17822228410495977
0.17822575632838758
0.17822922855181544
0.17823270077524328
0.17823617299867117
0.17823964522209904
0.17824311744552687
0.1782465896689547
0.17825006189238254
0.17825353411581044
0.17825700633923833
0.17826047856266614
0.17826395078609403
0.17826742300952186
0.1782708952329497
0.1782743674563776
0.17827783967980543
0.1782813119032333
0.17828478412666113
0.17828825635008902
0.1782917285735168
0.1782952007969447
0.17829867302037256
0.1783021452438004
0.17830561746722828
0.17830908969065612
0.17831256191408398
0.17831603413751188
0.17831950636093966
0.17832297858436755
0.17832645080779538
0.17832992303122325
0.17833339525465114
0.17833686747807898
0.17834033970150687
0.17834381192493465
0.17834728414836254
0.17835075637179038
0.17835422859521824
0.17835770081864613
0.17836117304207397
0.17836464526550183
0.17836811748892964
0.1783715897123575
0.1783750619357854
0.17837853415921323
0.1783820063826411
0.17838547860606893
0.17838895082949677
0.17839242305292466
0.1783958952763525
0.17839936749978036
0.1784028397232082
0.1784063119466361
0.17840978417006398
0.17841325639349176
0.17841672861691965
0.1784202008403475
0.17842367306377535
0.1784271452872032
0.17843061751063108
0.17843408973405894
0.17843756195748675
0.17844103418091461
0.17844450640434245
0.17844797862777034
0.1784514508511982
0.17845492307462604
0.17845839529805393
0.17846186752148172
0.1784653397449096
0.1784688119683375
0.1784722841917653
0.1784757564151932
0.17847922863862103
0.17848270086204893
0.17848617308547676
0.1784896453089046
0.17849311753233246
0.1784965897557603
0.1785000619791882
0.17850353420261603
0.1785070064260439
0.17851047864947173
0.17851395087289956
0.17851742309632745
0.1785208953197553
0.17852436754318315
0.17852783976661105
0.17853131199003883
0.17853478421346672
0.17853825643689455
0.17854172866032242
0.1785452008837503
0.17854867310717815
0.17855214533060604
0.17855561755403382
0.1785590897774617
0.17856256200088955
0.1785660342243174
0.1785695064477453
0.17857297867117314
0.178576450894601
0.1785799231180288
0.17858339534145667
0.17858686756488457
0.1785903397883124
0.17859381201174027
0.1785972842351681
0.178600756458596
0.17860422868202389
0.17860770090545167
0.17861117312887956
0.17861464535230737
0.17861811757573526
0.17862158979916315
0.17862506202259099
0.17862853424601882
0.17863200646944666
0.17863547869287452
0.17863895091630236
0.17864242313973025
0.1786458953631581
0.17864936758658592
0.17865283981001379
0.17865631203344162
0.1786597842568695
0.17866325648029738
0.1786667287037252
0.1786702009271531
0.1786736731505809
0.17867714537400878
0.17868061759743667
0.17868408982086448
0.17868756204429237
0.1786910342677202
0.1786945064911481
0.17869797871457596
0.17870145093800377
0.17870492316143163
0.17870839538485947
0.17871186760828736
0.1787153398317152
0.17871881205514306
0.17872228427857095
0.17872575650199873
0.17872922872542663
0.17873270094885446
0.17873617317228233
0.17873964539571022
0.17874311761913805
0.1787465898425659
0.17875006206599373
0.17875353428942162
0.17875700651284948
0.17876047873627732
0.1787639509597052
0.17876742318313305
0.17877089540656088
0.17877436762998872
0.17877783985341658
0.17878131207684447
0.1787847843002723
0.17878825652370017
0.17879172874712798
0.17879520097055585
0.17879867319398374
0.17880214541741157
0.17880561764083944
0.17880908986426727
0.17881256208769516
0.17881603431112306
