0.7961808320072333
0.7961843042306612
0.796187776454089
0.7961912486775169
0.7961947209009448
0.7961981931243726
0.7962016653478005
0.7962051375712283
0.7962086097946562
0.796212082018084
0.7962155542415119
0.7962190264649397
0.7962224986883676
0.7962259709117954
0.7962294431352233
0.7962329153586511
0.796236387582079
0.7962398598055069
0.7962433320289347
0.7962468042523626
0.7962502764757904
0.7962537486992183
0.7962572209226461
0.7962606931460741
0.7962641653695018
0.7962676375929297
0.7962711098163576
0.7962745820397854
0.7962780542632133
0.7962815264866411
0.796284998710069
0.7962884709334969
0.7962919431569248
0.7962954153803525
0.7962988876037804
0.7963023598272083
0.7963058320506362
0.796309304274064
0.7963127764974918
0.7963162487209197
0.7963197209443474
0.7963231931677753
0.7963266653912032
0.7963301376146312
0.796333609838059
0.7963370820614869
0.7963405542849147
0.7963440265083426
0.7963474987317704
0.7963509709551982
0.7963544431786261
0.7963579154020539
0.7963613876254819
0.7963648598489096
0.7963683320723376
0.7963718042957654
0.7963752765191933
0.796378748742621
0.7963822209660489
0.7963856931894768
0.7963891654129047
0.7963926376363325
0.7963961098597604
0.7963995820831883
0.7964030543066161
0.796406526530044
0.7964099987534717
0.7964134709768996
0.7964169432003274
0.7964204154237553
0.7964238876471833
0.7964273598706111
0.796430832094039
0.7964343043174668
0.7964377765408946
0.7964412487643224
0.7964447209877503
0.7964481932111782
0.796451665434606
0.796455137658034
0.7964586098814617
0.7964620821048897
0.7964655543283174
0.7964690265517453
0.7964724987751731
0.796475970998601
0.7964794432220289
0.7964829154454568
0.7964863876688846
0.7964898598923125
0.7964933321157404
0.7964968043391681
0.796500276562596
0.7965037487860238
0.7965072210094518
0.7965106932328795
0.7965141654563075
0.7965176376797353
0.7965211099031632
0.796524582126591
0.7965280543500188
0.7965315265734467
0.7965349987968745
0.7965384710203024
0.7965419432437303
0.7965454154671582
0.7965488876905861
0.7965523599140139
0.7965558321374417
0.7965593043608695
0.7965627765842974
0.7965662488077252
0.7965697210311531
0.796573193254581
0.7965766654780088
0.7965801377014367
0.7965836099248647
0.7965870821482924
0.7965905543717203
0.7965940265951481
0.7965974988185759
0.7966009710420039
0.7966044432654316
0.7966079154888596
0.7966113877122873
0.7966148599357153
0.7966183321591431
0.796621804382571
0.7966252766059988
0.7966287488294267
0.7966322210528545
0.7966356932762824
0.7966391654997103
0.7966426377231381
0.796646109946566
0.7966495821699938
0.7966530543934217
0.7966565266168495
0.7966599988402774
0.7966634710637052
0.7966669432871331
0.796670415510561
0.7966738877339887
0.7966773599574167
0.7966808321808445
0.7966843044042724
0.7966877766277002
0.7966912488511281
0.796694721074556
0.7966981932979837
0.7967016655214116
0.7967051377448394
0.7967086099682674
0.7967120821916952
0.7967155544151231
0.7967190266385509
0.7967224988619788
0.7967259710854065
0.7967294433088344
0.7967329155322623
0.7967363877556902
0.7967398599791181
0.7967433322025459
0.7967468044259738
0.7967502766494016
0.7967537488728295
0.7967572210962572
0.7967606933196852
0.796764165543113
0.7967676377665409
0.7967711099899688
0.7967745822133966
0.7967780544368245
0.7967815266602523
0.7967849988836802
0.796788471107108
0.7967919433305359
0.7967954155539637
0.7967988877773916
0.7968023600008195
0.7968058322242473
0.7968093044476752
0.796812776671103
0.7968162488945308
0.7968197211179586
0.7968231933413865
0.7968266655648144
0.7968301377882423
0.7968336100116702
0.796837082235098
0.7968405544585259
0.7968440266819536
0.7968474989053815
0.7968509711288093
0.7968544433522373
0.7968579155756651
0.7968613877990931
0.7968648600225208
0.7968683322459488
0.7968718044693766
