0.38784735689144334
0.3878508291148712
0.3878543013382991
0.38785777356172696
0.3878612457851548
0.3878647180085826
0.38786819023201047
0.38787166245543836
0.3878751346788662
0.38787860690229403
0.3878820791257219
0.3878855513491498
0.38788902357257765
0.3878924957960055
0.3878959680194333
0.38789944024286116
0.38790291246628905
0.3879063846897169
0.3879098569131447
0.3879133291365726
0.38791680136000045
0.38792027358342834
0.3879237458068562
0.387927218030284
0.3879306902537119
0.38793416247713974
0.3879376347005676
0.3879411069239954
0.3879445791474233
0.38794805137085114
0.38795152359427904
0.38795499581770687
0.3879584680411347
0.3879619402645626
0.38796541248799044
0.38796888471141827
0.3879723569348461
0.38797582915827394
0.3879793013817019
0.3879827736051297
0.38798624582855756
0.3879897180519854
0.3879931902754133
0.3879966624988412
0.388000134722269
0.38800360694569686
0.3880070791691247
0.3880105513925526
0.3880140236159804
0.38801749583940826
0.3880209680628361
0.388024440286264
0.3880279125096919
0.3880313847331197
0.38803485695654755
0.3880383291799754
0.3880418014034032
0.3880452736268311
0.38804874585025895
0.3880522180736868
0.3880556902971147
0.38805916252054257
0.3880626347439704
0.38806610696739824
0.38806957919082613
0.38807305141425397
0.3880765236376818
0.38807999586110964
0.3880834680845375
0.38808694030796537
0.38809041253139326
0.3880938847548211
0.38809735697824893
0.38810082920167677
0.38810430142510466
0.3881077736485325
0.38811124587196033
0.38811471809538817
0.38811819031881606
0.38812166254224395
0.3881251347656718
0.3881286069890996
0.38813207921252746
0.3881355514359554
0.38813902365938324
0.3881424958828111
0.3881459681062389
0.38814944032966675
0.38815291255309464
0.3881563847765225
0.3881598569999503
0.3881633292233782
0.38816680144680604
0.38817027367023393
0.38817374589366177
0.3881772181170896
0.38818069034051744
0.38818416256394533
0.38818763478737317
0.388191107010801
0.3881945792342289
0.38819805145765673
0.3882015236810846
0.38820499590451246
0.3882084681279403
0.3882119403513682
0.388215412574796
0.38821888479822386
0.3882223570216517
0.38822582924507953
0.3882293014685075
0.3882327736919353
0.38823624591536315
0.388239718138791
0.3882431903622189
0.3882466625856467
0.38825013480907455
0.3882536070325024
0.3882570792559302
0.3882605514793582
0.388264023702786
0.38826749592621385
0.3882709681496417
0.3882744403730696
0.38827791259649747
0.3882813848199253
0.38828485704335314
0.388288329266781
0.3882918014902088
0.3882952737136367
0.38829874593706454
0.3883022181604924
0.38830569038392027
0.38830916260734816
0.388312634830776
0.38831610705420383
0.38831957927763167
0.3883230515010595
0.3883265237244874
0.38832999594791523
0.38833346817134307
0.38833694039477096
0.38834041261819885
0.3883438848416267
0.3883473570650545
0.38835082928848236
0.38835430151191025
0.3883577737353381
0.3883612459587659
0.38836471818219376
0.38836819040562165
0.38837166262904954
0.3883751348524774
0.3883786070759052
0.38838207929933305
0.38838555152276094
0.3883890237461888
0.3883924959696166
0.38839596819304445
0.38839944041647234
0.38840291263990023
0.38840638486332807
0.3884098570867559
0.3884133293101838
0.38841680153361163
0.3884202737570395
0.38842374598046736
0.3884272182038952
0.38843069042732303
0.3884341626507509
0.38843763487417876
0.3884411070976066
0.3884445793210345
0.3884480515444623
0.3884515237678902
0.38845499599131805
0.3884584682147459
0.3884619404381737
0.3884654126616016
0.38846888488502945
0.3884723571084573
0.3884758293318851
0.3884793015553131
0.3884827737787409
0.38848624600216874
0.3884897182255966
0.3884931904490245
0.3884966626724523
0.38850013489588014
0.388503607119308
0.3885070793427358
0.38851055156616376
0.3885140237895916
0.38851749601301944
0.3885209682364473
0.38852444045987516
0.388527912683303
0.38853138490673084
0.3885348571301587
0.38853832935358656
