0.8163197278887945
0.8163232001122223
0.8163266723356501
0.8163301445590779
0.8163336167825058
0.8163370890059337
0.8163405612293615
0.8163440334527894
0.8163475056762172
0.8163509778996451
0.8163544501230728
0.8163579223465008
0.8163613945699287
0.8163648667933566
0.8163683390167844
0.8163718112402122
0.8163752834636401
0.8163787556870679
0.8163822279104958
0.8163857001339236
0.8163891723573515
0.8163926445807794
0.8163961168042073
0.8163995890276351
0.816403061251063
0.8164065334744908
0.8164100056979187
0.8164134779213464
0.8164169501447743
0.8164204223682023
0.81642389459163
0.816427366815058
0.8164308390384858
0.8164343112619137
0.8164377834853415
0.8164412557087694
0.8164447279321971
0.816448200155625
0.8164516723790529
0.8164551446024808
0.8164586168259087
0.8164620890493365
0.8164655612727644
0.8164690334961922
0.81647250571962
0.8164759779430478
0.8164794501664757
0.8164829223899036
0.8164863946133315
0.8164898668367593
0.8164933390601872
0.8164968112836151
0.8165002835070428
0.8165037557304707
0.8165072279538985
0.8165107001773264
0.8165141724007544
0.8165176446241821
0.8165211168476101
0.8165245890710379
0.8165280612944658
0.8165315335178935
0.8165350057413214
0.8165384779647493
0.8165419501881771
0.816545422411605
0.8165488946350329
0.8165523668584608
0.8165558390818886
0.8165593113053164
0.8165627835287442
0.8165662557521721
0.8165697279755999
0.8165732001990279
0.8165766724224557
0.8165801446458836
0.8165836168693115
0.8165870890927392
0.8165905613161671
0.8165940335395949
0.8165975057630228
0.8166009779864506
0.8166044502098786
0.8166079224333065
0.8166113946567343
0.8166148668801622
0.8166183391035899
0.8166218113270178
0.8166252835504456
0.8166287557738735
0.8166322279973014
0.8166357002207292
0.8166391724441571
0.816642644667585
0.8166461168910129
0.8166495891144407
0.8166530613378685
0.8166565335612963
0.8166600057847242
0.816663478008152
0.81666695023158
0.8166704224550078
0.8166738946784358
0.8166773669018635
0.8166808391252914
0.8166843113487192
0.8166877835721471
0.8166912557955749
0.8166947280190028
0.8166982002424307
0.8167016724658585
0.8167051446892865
0.8167086169127142
0.8167120891361421
0.8167155613595699
0.8167190335829978
0.8167225058064256
0.8167259780298535
0.8167294502532813
0.8167329224767091
0.816736394700137
0.8167398669235649
0.8167433391469928
0.8167468113704206
0.8167502835938485
0.8167537558172763
0.8167572280407042
0.816760700264132
0.8167641724875598
0.8167676447109878
0.8167711169344156
0.8167745891578435
0.8167780613812713
0.8167815336046992
0.816785005828127
0.8167884780515549
0.8167919502749827
0.8167954224984105
0.8167988947218385
0.8168023669452663
0.8168058391686942
0.816809311392122
0.8168127836155499
0.8168162558389777
0.8168197280624057
0.8168232002858334
0.8168266725092613
0.8168301447326891
0.816833616956117
0.8168370891795449
0.8168405614029727
0.8168440336264006
0.8168475058498283
0.8168509780732562
0.816854450296684
0.816857922520112
0.8168613947435399
0.8168648669669677
0.8168683391903956
0.8168718114138234
0.8168752836372513
0.816878755860679
0.8168822280841069
0.8168857003075348
0.8168891725309627
0.8168926447543906
0.8168961169778184
0.8168995892012463
0.8169030614246741
0.816906533648102
0.8169100058715297
0.8169134780949576
0.8169169503183855
0.8169204225418135
0.8169238947652412
0.8169273669886692
0.816930839212097
0.8169343114355249
0.8169377836589526
0.8169412558823804
0.8169447281058084
0.8169482003292361
0.8169516725526641
0.816955144776092
0.8169586169995199
0.8169620892229477
0.8169655614463756
0.8169690336698033
0.8169725058932312
0.816975978116659
0.8169794503400869
0.8169829225635148
0.8169863947869427
0.8169898670103705
0.8169933392337984
0.8169968114572262
0.817000283680654
0.8170037559040819
0.8170072281275097
0.8170107003509376
