0.7406252571615476
0.7406287293849755
0.7406322016084033
0.7406356738318312
0.740639146055259
0.7406426182786868
0.7406460905021148
0.7406495627255426
0.7406530349489705
0.7406565071723983
0.7406599793958262
0.740663451619254
0.7406669238426818
0.7406703960661097
0.7406738682895376
0.7406773405129655
0.7406808127363933
0.7406842849598212
0.740687757183249
0.7406912294066769
0.7406947016301046
0.7406981738535326
0.7407016460769604
0.7407051183003883
0.7407085905238162
0.740712062747244
0.7407155349706719
0.7407190071940997
0.7407224794175276
0.7407259516409553
0.7407294238643833
0.7407328960878111
0.740736368311239
0.7407398405346669
0.7407433127580947
0.7407467849815226
0.7407502572049504
0.7407537294283782
0.740757201651806
0.7407606738752339
0.7407641460986618
0.7407676183220898
0.7407710905455176
0.7407745627689454
0.7407780349923733
0.740781507215801
0.7407849794392289
0.7407884516626567
0.7407919238860847
0.7407953961095125
0.7407988683329404
0.7408023405563683
0.7408058127797962
0.740809285003224
0.7408127572266519
0.7408162294500796
0.7408197016735074
0.7408231738969354
0.7408266461203632
0.7408301183437912
0.740833590567219
0.7408370627906469
0.7408405350140747
0.7408440072375025
0.7408474794609303
0.7408509516843582
0.7408544239077861
0.7408578961312139
0.7408613683546418
0.7408648405780697
0.7408683128014976
0.7408717850249253
0.7408752572483532
0.740878729471781
0.7408822016952089
0.7408856739186368
0.7408891461420646
0.7408926183654925
0.7408960905889204
0.7408995628123483
0.740903035035776
0.7409065072592039
0.7409099794826317
0.7409134517060596
0.7409169239294874
0.7409203961529153
0.7409238683763433
0.7409273405997711
0.740930812823199
0.7409342850466267
0.7409377572700546
0.7409412294934824
0.7409447017169103
0.7409481739403382
0.7409516461637661
0.7409551183871939
0.7409585906106217
0.7409620628340496
0.7409655350574774
0.7409690072809053
0.7409724795043331
0.740975951727761
0.7409794239511889
0.7409828961746168
0.7409863683980445
0.7409898406214724
0.7409933128449003
0.7409967850683281
0.741000257291756
0.7410037295151838
0.7410072017386117
0.7410106739620395
0.7410141461854675
0.7410176184088954
0.7410210906323231
0.741024562855751
0.7410280350791788
0.7410315073026067
0.7410349795260345
0.7410384517494624
0.7410419239728903
0.7410453961963182
0.7410488684197459
0.7410523406431739
0.7410558128666017
0.7410592850900295
0.7410627573134574
0.7410662295368852
0.7410697017603131
0.7410731739837408
0.7410766462071688
0.7410801184305967
0.7410835906540246
0.7410870628774524
0.7410905351008803
0.7410940073243081
0.741097479547736
0.7411009517711638
0.7411044239945916
0.7411078962180195
0.7411113684414473
0.7411148406648753
0.7411183128883031
0.741121785111731
0.7411252573351588
0.7411287295585867
0.7411322017820144
0.7411356740054423
0.7411391462288702
0.741142618452298
0.741146090675726
0.7411495628991538
0.7411530351225817
0.7411565073460095
0.7411599795694374
0.7411634517928651
0.741166924016293
0.7411703962397209
0.7411738684631488
0.7411773406865767
0.7411808129100045
0.7411842851334324
0.7411877573568602
0.741191229580288
0.7411947018037158
0.7411981740271438
0.7412016462505716
0.7412051184739994
0.7412085906974274
0.7412120629208552
0.7412155351442831
0.7412190073677108
0.7412224795911387
0.7412259518145665
0.7412294240379945
0.7412328962614223
0.7412363684848502
0.7412398407082781
0.7412433129317059
0.7412467851551338
0.7412502573785615
0.7412537296019894
0.7412572018254172
0.7412606740488451
0.741264146272273
0.7412676184957009
0.7412710907191288
0.7412745629425566
0.7412780351659845
0.7412815073894122
0.7412849796128401
0.7412884518362679
0.7412919240596959
0.7412953962831237
0.7412988685065516
0.7413023407299795
0.7413058129534073
0.7413092851768351
0.7413127574002629
0.7413162296236908
