0.7697919339555326
0.7697954061789605
0.7697988784023884
0.7698023506258163
0.769805822849244
0.7698092950726719
0.7698127672960997
0.7698162395195276
0.7698197117429554
0.7698231839663834
0.7698266561898112
0.7698301284132391
0.769833600636667
0.7698370728600947
0.7698405450835226
0.7698440173069504
0.7698474895303783
0.7698509617538062
0.769854433977234
0.7698579062006619
0.7698613784240897
0.7698648506475176
0.7698683228709454
0.7698717950943733
0.7698752673178011
0.769878739541229
0.7698822117646568
0.7698856839880847
0.7698891562115125
0.7698926284349404
0.7698961006583683
0.7698995728817961
0.769903045105224
0.7699065173286518
0.7699099895520797
0.7699134617755075
0.7699169339989355
0.7699204062223632
0.7699238784457912
0.769927350669219
0.7699308228926469
0.7699342951160747
0.7699377673395026
0.7699412395629304
0.7699447117863581
0.7699481840097862
0.7699516562332139
0.7699551284566418
0.7699586006800697
0.7699620729034976
0.7699655451269254
0.7699690173503533
0.7699724895737811
0.769975961797209
0.7699794340206367
0.7699829062440646
0.7699863784674926
0.7699898506909204
0.7699933229143483
0.7699967951377761
0.770000267361204
0.7700037395846318
0.7700072118080596
0.7700106840314875
0.7700141562549153
0.7700176284783433
0.770021100701771
0.770024572925199
0.7700280451486268
0.7700315173720547
0.7700349895954824
0.7700384618189103
0.7700419340423382
0.7700454062657661
0.7700488784891939
0.7700523507126218
0.7700558229360497
0.7700592951594775
0.7700627673829054
0.7700662396063331
0.7700697118297611
0.7700731840531888
0.7700766562766168
0.7700801285000446
0.7700836007234725
0.7700870729469004
0.7700905451703282
0.770094017393756
0.7700974896171838
0.7701009618406117
0.7701044340640396
0.7701079062874675
0.7701113785108954
0.7701148507343232
0.7701183229577511
0.7701217951811788
0.7701252674046067
0.7701287396280345
0.7701322118514624
0.7701356840748903
0.7701391562983182
0.770142628521746
0.7701461007451739
0.7701495729686018
0.7701530451920295
0.7701565174154574
0.7701599896388852
0.7701634618623132
0.7701669340857409
0.7701704063091689
0.7701738785325967
0.7701773507560246
0.7701808229794525
0.7701842952028802
0.7701877674263081
0.7701912396497359
0.7701947118731638
0.7701981840965917
0.7702016563200196
0.7702051285434475
0.7702086007668754
0.7702120729903031
0.770215545213731
0.7702190174371588
0.7702224896605866
0.7702259618840145
0.7702294341074424
0.7702329063308703
0.770236378554298
0.770239850777726
0.7702433230011538
0.7702467952245817
0.7702502674480095
0.7702537396714374
0.7702572118948653
0.7702606841182931
0.770264156341721
0.7702676285651487
0.7702711007885767
0.7702745730120045
0.7702780452354324
0.7702815174588602
0.7702849896822881
0.7702884619057159
0.7702919341291438
0.7702954063525717
0.7702988785759995
0.7703023507994274
0.7703058230228552
0.7703092952462831
0.7703127674697109
0.7703162396931388
0.7703197119165666
0.7703231841399945
0.7703266563634223
0.7703301285868502
0.7703336008102781
0.7703370730337059
0.7703405452571338
0.7703440174805616
0.7703474897039895
0.7703509619274174
0.7703544341508451
0.770357906374273
0.7703613785977009
0.7703648508211288
0.7703683230445566
0.7703717952679845
0.7703752674914123
0.7703787397148402
0.770382211938268
0.7703856841616958
0.7703891563851237
0.7703926286085516
0.7703961008319795
0.7703995730554073
0.7704030452788352
0.770406517502263
0.7704099897256909
0.7704134619491186
0.7704169341725466
0.7704204063959744
0.7704238786194023
0.7704273508428302
0.770430823066258
0.7704342952896859
0.7704377675131137
0.7704412397365415
0.7704447119599693
0.7704481841833973
0.7704516564068251
0.770455128630253
0.7704586008536809
0.7704620730771087
0.7704655453005366
0.7704690175239644
0.7704724897473922
0.77047596197082
0.7704794341942479
0.7704829064176758
