0.9024308688996073
0.9024343411230351
0.902437813346463
0.9024412855698908
0.9024447577933186
0.9024482300167467
0.9024517022401745
0.9024551744636023
0.9024586466870301
0.902462118910458
0.9024655911338858
0.9024690633573137
0.9024725355807415
0.9024760078041694
0.9024794800275971
0.902482952251025
0.902486424474453
0.9024898966978808
0.9024933689213087
0.9024968411447365
0.9025003133681644
0.9025037855915922
0.9025072578150201
0.9025107300384481
0.9025142022618757
0.9025176744853037
0.9025211467087315
0.9025246189321594
0.9025280911555872
0.9025315633790151
0.9025350356024429
0.9025385078258708
0.9025419800492988
0.9025454522727265
0.9025489244961544
0.9025523967195822
0.9025558689430101
0.9025593411664379
0.9025628133898658
0.9025662856132936
0.9025697578367214
0.9025732300601492
0.9025767022835771
0.9025801745070051
0.9025836467304329
0.9025871189538608
0.9025905911772886
0.9025940634007165
0.9025975356241442
0.9026010078475721
0.9026044800710001
0.9026079522944278
0.9026114245178558
0.9026148967412836
0.9026183689647115
0.9026218411881393
0.9026253134115672
0.9026287856349949
0.9026322578584228
0.9026357300818508
0.9026392023052786
0.9026426745287065
0.9026461467521343
0.9026496189755622
0.90265309119899
0.9026565634224178
0.9026600356458456
0.9026635078692735
0.9026669800927013
0.9026704523161292
0.9026739245395572
0.9026773967629851
0.9026808689864129
0.9026843412098406
0.9026878134332685
0.9026912856566963
0.9026947578801242
0.9026982301035522
0.9027017023269799
0.9027051745504079
0.9027086467738358
0.9027121189972636
0.9027155912206914
0.9027190634441192
0.9027225356675471
0.9027260078909749
0.9027294801144029
0.9027329523378306
0.9027364245612586
0.9027398967846865
0.9027433690081142
0.9027468412315421
0.9027503134549699
0.9027537856783978
0.9027572579018256
0.9027607301252536
0.9027642023486813
0.9027676745721093
0.9027711467955372
0.9027746190189649
0.9027780912423928
0.9027815634658206
0.9027850356892485
0.9027885079126763
0.9027919801361042
0.902795452359532
0.90279892458296
0.9028023968063879
0.9028058690298156
0.9028093412532435
0.9028128134766713
0.9028162857000992
0.902819757923527
0.902823230146955
0.9028267023703826
0.9028301745938107
0.9028336468172385
0.9028371190406663
0.9028405912640942
0.902844063487522
0.9028475357109499
0.9028510079343777
0.9028544801578057
0.9028579523812336
0.9028614246046613
0.9028648968280892
0.902868369051517
0.9028718412749449
0.9028753134983727
0.9028787857218006
0.9028822579452284
0.9028857301686563
0.902889202392084
0.902892674615512
0.9028961468389399
0.9028996190623677
0.9029030912857956
0.9029065635092234
0.9029100357326513
0.902913507956079
0.9029169801795072
0.9029204524029347
0.9029239246263627
0.9029273968497906
0.9029308690732184
0.9029343412966463
0.9029378135200741
0.902941285743502
0.9029447579669297
0.9029482301903579
0.9029517024137856
0.9029551746372135
0.9029586468606413
0.9029621190840692
0.902965591307497
0.9029690635309248
0.9029725357543527
0.9029760079777804
0.9029794802012083
0.9029829524246361
0.9029864246480642
0.902989896871492
0.9029933690949199
0.9029968413183477
0.9030003135417756
0.9030037857652033
0.9030072579886312
0.9030107302120592
0.9030142024354868
0.9030176746589149
0.9030211468823427
0.9030246191057706
0.9030280913291984
0.9030315635526263
0.903035035776054
0.9030385079994819
0.9030419802229099
0.9030454524463377
0.9030489246697656
0.9030523968931934
0.9030558691166213
0.9030593413400491
0.903062813563477
0.9030662857869047
0.9030697580103326
0.9030732302337604
0.9030767024571883
0.9030801746806163
0.9030836469040441
0.903087119127472
0.9030905913508998
0.9030940635743276
0.9030975357977554
0.9031010080211833
0.9031044802446113
0.903107952468039
0.903111424691467
0.9031148969148948
0.9031183691383227
0.9031218413617504
