0.9031253135851783
0.9031287858086061
0.903132258032034
0.903135730255462
0.9031392024788898
0.9031426747023177
0.9031461469257455
0.9031496191491734
0.9031530913726011
0.903156563596029
0.9031600358194568
0.9031635080428847
0.9031669802663125
0.9031704524897404
0.9031739247131684
0.9031773969365962
0.903180869160024
0.9031843413834518
0.9031878136068797
0.9031912858303075
0.9031947580537354
0.9031982302771634
0.9032017025005911
0.9032051747240191
0.9032086469474468
0.9032121191708747
0.9032155913943025
0.9032190636177304
0.9032225358411582
0.9032260080645861
0.9032294802880141
0.9032329525114418
0.9032364247348698
0.9032398969582977
0.9032433691817254
0.9032468414051533
0.9032503136285811
0.9032537858520089
0.9032572580754368
0.9032607302988648
0.9032642025222924
0.9032676747457205
0.9032711469691483
0.9032746191925761
0.903278091416004
0.9032815636394318
0.9032850358628597
0.9032885080862875
0.9032919803097154
0.9032954525331431
0.9032989247565711
0.903302396979999
0.9033058692034268
0.9033093414268547
0.9033128136502825
0.9033162858737104
0.9033197580971382
0.9033232303205662
0.9033267025439938
0.9033301747674218
0.9033336469908497
0.9033371192142775
0.9033405914377054
0.9033440636611332
0.9033475358845611
0.9033510081079889
0.9033544803314169
0.9033579525548447
0.9033614247782725
0.9033648970017004
0.9033683692251282
0.9033718414485561
0.9033753136719839
0.9033787858954118
0.9033822581188395
0.9033857303422674
0.9033892025656952
0.9033926747891232
0.9033961470125511
0.9033996192359789
0.9034030914594068
0.9034065636828346
0.9034100359062625
0.9034135081296902
0.9034169803531182
0.9034204525765459
0.9034239247999739
0.9034273970234016
0.9034308692468296
0.9034343414702575
0.9034378136936853
0.9034412859171131
0.9034447581405409
0.9034482303639689
0.9034517025873968
0.9034551748108246
0.9034586470342525
0.9034621192576803
0.9034655914811082
0.903469063704536
0.9034725359279638
0.9034760081513916
0.9034794803748195
0.9034829525982473
0.9034864248216754
0.9034898970451032
0.903493369268531
0.9034968414919589
0.9035003137153866
0.9035037859388145
0.9035072581622423
0.9035107303856704
0.903514202609098
0.9035176748325261
0.9035211470559539
0.9035246192793818
0.9035280915028095
0.9035315637262374
0.9035350359496652
0.903538508173093
0.9035419803965211
0.9035454526199489
0.9035489248433768
0.9035523970668046
0.9035558692902325
0.9035593415136602
0.9035628137370881
0.9035662859605159
0.9035697581839438
0.9035732304073716
0.9035767026307995
0.9035801748542275
0.9035836470776553
0.9035871193010832
0.9035905915245109
0.9035940637479388
0.9035975359713666
0.9036010081947945
0.9036044804182225
0.9036079526416502
0.9036114248650782
0.903614897088506
0.9036183693119338
0.9036218415353616
0.9036253137587895
0.9036287859822173
0.9036322582056452
0.9036357304290732
0.903639202652501
0.9036426748759289
0.9036461470993566
0.9036496193227845
0.9036530915462123
0.9036565637696402
0.903660035993068
0.9036635082164959
0.9036669804399237
0.9036704526633516
0.9036739248867796
0.9036773971102073
0.9036808693336352
0.903684341557063
0.9036878137804909
0.9036912860039187
0.9036947582273466
0.9036982304507746
0.9037017026742022
0.9037051748976302
0.903708647121058
0.9037121193444859
0.9037155915679137
0.9037190637913416
0.9037225360147694
0.9037260082381973
0.9037294804616253
0.9037329526850529
0.9037364249084809
0.9037398971319087
0.9037433693553366
0.9037468415787644
0.9037503138021923
0.9037537860256201
0.903757258249048
0.903760730472476
0.9037642026959036
0.9037676749193316
0.9037711471427595
0.9037746193661873
0.9037780915896151
0.903781563813043
0.9037850360364708
0.9037885082598986
0.9037919804833264
0.9037954527067543
0.9037989249301823
0.9038023971536102
0.903805869377038
0.9038093416004659
0.9038128138238937
0.9038162860473216
