0.8350697343992134
0.8350732066226411
0.8350766788460691
0.835080151069497
0.8350836232929248
0.8350870955163526
0.8350905677397805
0.8350940399632083
0.8350975121866362
0.835100984410064
0.8351044566334919
0.8351079288569198
0.8351114010803476
0.8351148733037755
0.8351183455272033
0.8351218177506312
0.835125289974059
0.8351287621974869
0.8351322344209147
0.8351357066443426
0.8351391788677706
0.8351426510911982
0.8351461233146262
0.835149595538054
0.8351530677614819
0.8351565399849097
0.8351600122083376
0.8351634844317655
0.8351669566551932
0.8351704288786211
0.8351739011020489
0.8351773733254769
0.8351808455489047
0.8351843177723326
0.8351877899957604
0.8351912622191883
0.835194734442616
0.8351982066660439
0.8352016788894718
0.8352051511128997
0.8352086233363276
0.8352120955597554
0.8352155677831833
0.8352190400066111
0.835222512230039
0.8352259844534667
0.8352294566768947
0.8352329289003225
0.8352364011237504
0.8352398733471783
0.8352433455706061
0.835246817794034
0.8352502900174618
0.8352537622408897
0.8352572344643175
0.8352607066877453
0.8352641789111732
0.8352676511346011
0.835271123358029
0.8352745955814568
0.8352780678048847
0.8352815400283125
0.8352850122517403
0.8352884844751681
0.8352919566985961
0.8352954289220239
0.8352989011454518
0.8353023733688797
0.8353058455923075
0.8353093178157354
0.8353127900391631
0.835316262262591
0.8353197344860188
0.8353232067094468
0.8353266789328746
0.8353301511563026
0.8353336233797304
0.8353370956031583
0.8353405678265861
0.8353440400500138
0.8353475122734417
0.8353509844968696
0.8353544567202975
0.8353579289437253
0.8353614011671532
0.8353648733905811
0.835368345614009
0.8353718178374367
0.8353752900608646
0.8353787622842924
0.8353822345077203
0.8353857067311481
0.835389178954576
0.835392651178004
0.8353961234014318
0.8353995956248597
0.8354030678482874
0.8354065400717153
0.8354100122951431
0.835413484518571
0.8354169567419989
0.8354204289654267
0.8354239011888547
0.8354273734122825
0.8354308456357104
0.8354343178591381
0.835437790082566
0.8354412623059938
0.8354447345294217
0.8354482067528496
0.8354516789762775
0.8354551511997053
0.8354586234231332
0.835462095646561
0.8354655678699888
0.8354690400934167
0.8354725123168445
0.8354759845402724
0.8354794567637002
0.8354829289871281
0.8354864012105561
0.8354898734339838
0.8354933456574117
0.8354968178808395
0.8355002901042674
0.8355037623276952
0.8355072345511231
0.835510706774551
0.8355141789979789
0.8355176512214068
0.8355211234448345
0.8355245956682624
0.8355280678916902
0.8355315401151181
0.8355350123385459
0.8355384845619738
0.8355419567854017
0.8355454290088296
0.8355489012322573
0.8355523734556852
0.8355558456791131
0.8355593179025409
0.8355627901259688
0.8355662623493966
0.8355697345728246
0.8355732067962522
0.8355766790196802
0.835580151243108
0.8355836234665359
0.8355870956899638
0.8355905679133916
0.8355940401368195
0.8355975123602473
0.8356009845836752
0.835604456807103
0.8356079290305309
0.8356114012539588
0.8356148734773867
0.8356183457008145
0.8356218179242423
0.8356252901476702
0.835628762371098
0.8356322345945258
0.8356357068179537
0.8356391790413817
0.8356426512648094
0.8356461234882374
0.8356495957116652
0.8356530679350931
0.8356565401585209
0.8356600123819488
0.8356634846053766
0.8356669568288044
0.8356704290522323
0.8356739012756601
0.8356773734990881
0.8356808457225159
0.8356843179459438
0.8356877901693716
0.8356912623927994
0.8356947346162272
0.8356982068396551
0.835701679063083
0.8357051512865109
0.8357086235099388
0.8357120957333666
0.8357155679567945
0.8357190401802223
0.8357225124036501
0.8357259846270779
0.8357294568505058
0.8357329290739337
0.8357364012973615
0.8357398735207895
0.8357433457442173
0.8357468179676452
0.8357502901910729
0.8357537624145008
0.8357572346379287
0.8357607068613565
