0.8600697430797718
0.8600732153031999
0.8600766875266277
0.8600801597500556
0.8600836319734834
0.8600871041969113
0.860090576420339
0.8600940486437668
0.8600975208671947
0.8601009930906225
0.8601044653140504
0.8601079375374782
0.8601114097609063
0.8601148819843341
0.860118354207762
0.8601218264311897
0.8601252986546176
0.8601287708780454
0.8601322431014733
0.8601357153249013
0.8601391875483289
0.860142659771757
0.8601461319951847
0.8601496042186126
0.8601530764420404
0.8601565486654683
0.8601600208888961
0.860163493112324
0.860166965335752
0.8601704375591797
0.8601739097826077
0.8601773820060354
0.8601808542294633
0.8601843264528911
0.860187798676319
0.8601912708997468
0.8601947431231747
0.8601982153466025
0.8602016875700303
0.8602051597934584
0.8602086320168861
0.860212104240314
0.8602155764637418
0.8602190486871697
0.8602225209105975
0.8602259931340254
0.8602294653574534
0.860232937580881
0.860236409804309
0.8602398820277368
0.8602433542511647
0.8602468264745925
0.8602502986980204
0.8602537709214482
0.8602572431448761
0.8602607153683041
0.8602641875917317
0.8602676598151597
0.8602711320385875
0.8602746042620154
0.8602780764854432
0.8602815487088711
0.8602850209322989
0.8602884931557268
0.8602919653791548
0.8602954376025824
0.8602989098260104
0.8603023820494382
0.8603058542728661
0.8603093264962939
0.8603127987197218
0.8603162709431496
0.8603197431665774
0.8603232153900052
0.8603266876134331
0.8603301598368611
0.8603336320602889
0.8603371042837168
0.8603405765071446
0.8603440487305725
0.8603475209540002
0.8603509931774281
0.8603544654008561
0.8603579376242838
0.8603614098477118
0.8603648820711397
0.8603683542945675
0.8603718265179954
0.8603752987414232
0.8603787709648509
0.8603822431882788
0.8603857154117068
0.8603891876351347
0.8603926598585625
0.8603961320819904
0.8603996043054182
0.8604030765288461
0.8604065487522738
0.8604100209757017
0.8604134931991295
0.8604169654225574
0.8604204376459852
0.8604239098694132
0.8604273820928411
0.8604308543162689
0.8604343265396968
0.8604377987631245
0.8604412709865524
0.8604447432099802
0.8604482154334082
0.8604516876568359
0.8604551598802639
0.8604586321036916
0.8604621043271196
0.8604655765505475
0.8604690487739752
0.8604725209974031
0.8604759932208309
0.8604794654442589
0.8604829376676868
0.8604864098911146
0.8604898821145425
0.8604933543379703
0.8604968265613981
0.8605002987848259
0.8605037710082538
0.8605072432316816
0.8605107154551095
0.8605141876785373
0.8605176599019653
0.8605211321253932
0.8605246043488209
0.8605280765722488
0.8605315487956766
0.8605350210191045
0.8605384932425323
0.8605419654659603
0.860545437689388
0.860548909912816
0.8605523821362439
0.8605558543596716
0.8605593265830995
0.8605627988065273
0.8605662710299552
0.860569743253383
0.860573215476811
0.8605766877002389
0.8605801599236667
0.8605836321470945
0.8605871043705223
0.8605905765939502
0.860594048817378
0.8605975210408059
0.8606009932642337
0.8606044654876616
0.8606079377110893
0.8606114099345175
0.8606148821579452
0.860618354381373
0.8606218266048009
0.8606252988282287
0.8606287710516566
0.8606322432750844
0.8606357154985125
0.86063918772194
0.8606426599453681
0.8606461321687959
0.8606496043922238
0.8606530766156516
0.8606565488390795
0.8606600210625073
0.860663493285935
0.8606669655093632
0.8606704377327907
0.8606739099562188
0.8606773821796466
0.8606808544030745
0.8606843266265023
0.8606877988499302
0.860691271073358
0.8606947432967859
0.8606982155202136
0.8607016877436415
0.8607051599670695
0.8607086321904973
0.8607121044139252
0.860715576637353
0.8607190488607809
0.8607225210842087
0.8607259933076365
0.8607294655310643
0.8607329377544922
0.8607364099779202
0.860739882201348
0.8607433544247759
0.8607468266482037
0.8607502988716316
0.8607537710950594
0.8607572433184872
0.8607607155419152
