0.2065972939573937
0.2066007661808216
0.20660423840424944
0.2066077106276773
0.20661118285110514
0.20661465507453297
0.20661812729796086
0.2066215995213887
0.20662507174481656
0.2066285439682444
0.2066320161916723
0.20663548841510007
0.20663896063852796
0.20664243286195583
0.20664590508538366
0.20664937730881155
0.2066528495322394
0.20665632175566728
0.20665979397909515
0.20666326620252295
0.20666673842595082
0.20667021064937866
0.20667368287280655
0.2066771550962344
0.20668062731966225
0.20668409954309014
0.20668757176651792
0.2066910439899458
0.20669451621337365
0.2066979884368015
0.2067014606602294
0.20670493288365724
0.20670840510708513
0.2067118773305129
0.20671534955394077
0.20671882177736867
0.2067222940007965
0.2067257662242244
0.20672923844765223
0.20673271067108007
0.20673618289450793
0.20673965511793577
0.20674312734136366
0.2067465995647915
0.20675007178821936
0.20675354401164725
0.20675701623507503
0.20676048845850292
0.20676396068193076
0.20676743290535862
0.20677090512878646
0.20677437735221435
0.20677784957564224
0.20678132179907002
0.2067847940224979
0.20678826624592572
0.20679173846935361
0.2067952106927815
0.20679868291620934
0.2068021551396372
0.20680562736306501
0.20680909958649288
0.20681257180992077
0.2068160440333486
0.20681951625677647
0.2068229884802043
0.2068264607036322
0.20682993292706003
0.20683340515048787
0.20683687737391573
0.20684034959734357
0.20684382182077146
0.2068472940441993
0.2068507662676272
0.206854238491055
0.20685771071448283
0.20686118293791073
0.20686465516133856
0.20686812738476645
0.20687159960819432
0.20687507183162213
0.20687854405505
0.20688201627847783
0.20688548850190572
0.20688896072533358
0.20689243294876142
0.2068959051721893
0.2068993773956171
0.20690284961904498
0.20690632184247282
0.20690979406590068
0.20691326628932857
0.2069167385127564
0.2069202107361843
0.20692368295961208
0.20692715518303995
0.20693062740646784
0.20693409962989567
0.20693757185332357
0.2069410440767514
0.20694451630017927
0.20694798852360716
0.20695146074703494
0.20695493297046283
0.20695840519389067
0.20696187741731853
0.20696534964074642
0.20696882186417426
0.2069722940876021
0.20697576631102993
0.2069792385344578
0.20698271075788563
0.20698618298131352
0.2069896552047414
0.20699312742816925
0.20699659965159706
0.2070000718750249
0.20700354409845279
0.20700701632188068
0.2070104885453085
0.20701396076873638
0.20701743299216419
0.20702090521559205
0.20702437743901994
0.20702784966244778
0.20703132188587564
0.20703479410930348
0.20703826633273137
0.20704173855615926
0.20704521077958704
0.2070486830030149
0.20705215522644274
0.20705562744987063
0.20705909967329847
0.20706257189672636
0.20706604412015422
0.207069516343582
0.2070729885670099
0.20707646079043773
0.20707993301386562
0.2070834052372935
0.20708687746072132
0.20709034968414922
0.207093821907577
0.2070972941310049
0.20710076635443275
0.2071042385778606
0.20710771080128848
0.20711118302471632
0.20711465524814415
0.20711812747157202
0.20712159969499985
0.20712507191842774
0.20712854414185558
0.20713201636528347
0.20713548858871125
0.20713896081213912
0.207142433035567
0.20714590525899484
0.20714937748242274
0.20715284970585057
0.20715632192927844
0.20715979415270633
0.2071632663761341
0.207166738599562
0.20717021082298984
0.2071736830464177
0.2071771552698456
0.20718062749327343
0.20718409971670132
0.2071875719401291
0.20719104416355696
0.2071945163869848
0.2071979886104127
0.20720146083384058
0.20720493305726842
0.20720840528069628
0.20721187750412406
0.20721534972755196
0.20721882195097985
0.20722229417440768
0.20722576639783555
0.20722923862126338
0.20723271084469128
0.2072361830681191
0.20723965529154695
0.2072431275149748
0.20724659973840265
0.20725007196183054
0.20725354418525843
0.2072570164086862
0.20726048863211408
0.2072639608555419
0.2072674330789698
0.20727090530239764
0.20727437752582553
0.2072778497492534
0.20728132197268118
0.20728479419610907
0.2072882664195369
