0.001041667028356638
0.0010451392517843796
0.0010486114752123075
0.0010520836986401421
0.0010555559220679768
0.0010590281454959044
0.0010625003689237393
0.001065972592351574
0.0010694448157794086
0.0010729170392072432
0.001076389262635171
0.0010798614860630057
0.0010833337094908403
0.001086805932918675
0.0010902781563466028
0.0010937503797743442
0.0010972226032022721
0.0011006948266301067
0.0011041670500579414
0.0011076392734858693
0.0011111114969137039
0.0011145837203415385
0.0011180559437694662
0.0011215281671972078
0.0011250003906251357
0.0011284726140529703
0.001131944837480805
0.0011354170609087328
0.0011388892843365674
0.001142361507764402
0.0011458337311922367
0.0011493059546200713
0.0011527781780479992
0.0011562504014758339
0.0011597226249036685
0.0011631948483315031
0.0011666670717593378
0.0011701392951871724
0.0011736115186151003
0.001177083742042935
0.0011805559654707695
0.0011840281888986974
0.0011875004123264388
0.0011909726357543667
0.0011944448591822013
0.001197917082610036
0.0012013893060379638
0.0012048615294657985
0.001208333752893633
0.001211805976321561
0.0012152781997493024
0.0012187504231772302
0.0012222226466050649
0.0012256948700328995
0.0012291670934608274
0.001232639316888662
0.0012361115403164966
0.0012395837637443313
0.001243055987172166
0.0012465282106000008
0.0012500004340279284
0.001253472657455763
0.0012569448808835977
0.0012604171043115256
0.0012638893277392672
0.0012673615511671948
0.0012708337745950295
0.0012743059980228643
0.001277778221450792
0.0012812504448786266
0.0012847226683064612
0.0012881948917342959
0.0012916671151621307
0.0012951393385900584
0.001298611562017893
0.0013020837854457277
0.0013055560088735625
0.0013090282323013971
0.0013125004557293248
0.0013159726791571594
0.0013194449025849943
0.001322917126012829
0.0013263893494407566
0.0013298615728685912
0.001333333796296426
0.0013368060197242607
0.0013402782431520953
0.001343750466580023
0.0013472226900078578
0.0013506949134356925
0.0013541671368636201
0.0013576393602913617
0.0013611115837192896
0.0013645838071471243
0.0013680560305749589
0.0013715282540028865
0.0013750004774307214
0.001378472700858556
0.0013819449242863907
0.0013854171477142253
0.0013888893711421532
0.0013923615945699878
0.0013958338179978224
0.001399306041425657
0.001402778264853585
0.0014062504882814196
0.0014097227117092542
0.0014131949351370889
0.0014166671585649235
0.0014201393819928514
0.001423611605420686
0.0014270838288485206
0.0014305560522763553
0.00143402827570419
0.0014375004991321178
0.0014409727225599524
0.001444444945987787
0.001447917169415715
0.0014513893928434563
0.0014548616162713842
0.0014583338396992188
0.0014618060631270535
0.0014652782865549813
0.001468750509982816
0.0014722227334106506
0.0014756949568384852
0.0014791671802663199
0.0014826394036942477
0.0014861116271220824
0.001489583850549917
0.0014930560739777516
0.0014965282974056795
0.0015000005208335142
0.0015034727442613488
0.0015069449676891834
0.001510417191117018
0.001513889414544946
0.0015173616379727806
0.0015208338614006152
0.0015243060848284498
0.0015277783082562845
0.0015312505316842123
0.001534722755112047
0.0015381949785398816
0.0015416672019678095
0.0015451394253956441
0.0015486116488234788
0.0015520838722513134
0.001555556095679148
0.001559028319107076
0.0015625005425349105
0.0015659727659627452
0.0015694449893905798
0.0015729172128184146
0.0015763894362463423
0.001579861659674177
0.0015833338831020116
0.0015868061065298464
0.001590278329957774
0.0015937505533855157
0.0015972227768134434
0.0016006950002412782
0.0016041672236691128
0.0016076394470970405
0.0016111116705248751
0.00161458389395271
0.0016180561173806376
0.0016215283408083792
0.001625000564236307
0.0016284727876641418
0.0016319450110919764
0.001635417234519904
0.0016388894579477387
0.0016423616813755735
0.0016458339048034082
0.0016493061282312428
0.0016527783516591705
0.001656250575087005
0.00165972279851484
0.0016631950219426746
0.0016666672453705092
0.0016701394687983438
0.0016736116922262717
0.0016770839156541064
0.001680556139081941
0.0016840283625098687
0.0016875005859376103
0.0016909728093655381
0.0016944450327933728
0.0016979172562212074
0.0017013894796491353
0.00170486170307697
0.0017083339265048045
0.0017118061499327322
0.0017152783733604738
0.0017187505967884017
0.0017222228202162363
0.001725695043644071
0.0017291672670719988
0.0017326394904998335
