0.8788197495901908
0.8788232218136188
0.8788266940370464
0.8788301662604745
0.8788336384839023
0.8788371107073302
0.878840582930758
0.8788440551541858
0.8788475273776136
0.8788509996010415
0.8788544718244693
0.8788579440478972
0.8788614162713252
0.878864888494753
0.8788683607181809
0.8788718329416086
0.8788753051650365
0.8788787773884643
0.8788822496118922
0.8788857218353202
0.8788891940587479
0.8788926662821759
0.8788961385056037
0.8788996107290316
0.8789030829524593
0.8789065551758872
0.878910027399315
0.8789134996227429
0.8789169718461709
0.8789204440695987
0.8789239162930266
0.8789273885164544
0.8789308607398822
0.87893433296331
0.8789378051867379
0.8789412774101657
0.8789447496335936
0.8789482218570214
0.8789516940804493
0.8789551663038773
0.878958638527305
0.8789621107507329
0.8789655829741607
0.8789690551975886
0.8789725274210164
0.8789759996444443
0.8789794718678723
0.8789829440913
0.878986416314728
0.8789898885381556
0.8789933607615836
0.8789968329850114
0.8790003052084393
0.8790037774318671
0.879007249655295
0.879010721878723
0.8790141941021509
0.8790176663255787
0.8790211385490064
0.8790246107724343
0.8790280829958621
0.87903155521929
0.8790350274427178
0.8790384996661457
0.8790419718895734
0.8790454441130013
0.8790489163364293
0.8790523885598572
0.879055860783285
0.8790593330067129
0.8790628052301407
0.8790662774535685
0.8790697496769964
0.8790732219004244
0.879076694123852
0.87908016634728
0.8790836385707079
0.8790871107941357
0.8790905830175636
0.8790940552409914
0.8790975274644193
0.879100999687847
0.879104471911275
0.879107944134703
0.8791114163581307
0.8791148885815586
0.8791183608049864
0.8791218330284143
0.8791253052518421
0.87912877747527
0.8791322496986977
0.8791357219221256
0.8791391941455534
0.8791426663689814
0.8791461385924093
0.8791496108158371
0.879153083039265
0.8791565552626928
0.8791600274861207
0.8791634997095484
0.8791669719329764
0.8791704441564041
0.8791739163798321
0.87917738860326
0.8791808608266878
0.8791843330501157
0.8791878052735435
0.8791912774969713
0.8791947497203991
0.8791982219438271
0.8792016941672548
0.8792051663906828
0.8792086386141107
0.8792121108375385
0.8792155830609664
0.8792190552843941
0.879222527507822
0.8792259997312498
0.8792294719546777
0.8792329441781055
0.8792364164015335
0.8792398886249614
0.8792433608483892
0.8792468330718171
0.8792503052952448
0.8792537775186727
0.8792572497421005
0.8792607219655285
0.8792641941889562
0.8792676664123842
0.8792711386358121
0.8792746108592399
0.8792780830826677
0.8792815553060955
0.8792850275295234
0.8792884997529512
0.8792919719763793
0.8792954441998069
0.879298916423235
0.8793023886466628
0.8793058608700905
0.8793093330935184
0.8793128053169462
0.8793162775403741
0.8793197497638019
0.87932322198723
0.8793266942106576
0.8793301664340857
0.8793336386575135
0.8793371108809414
0.8793405831043691
0.879344055327797
0.8793475275512248
0.8793509997746526
0.8793544719980805
0.8793579442215083
0.8793614164449364
0.8793648886683642
0.879368360891792
0.8793718331152198
0.8793753053386477
0.8793787775620755
0.8793822497855034
0.8793857220089314
0.8793891942323591
0.8793926664557871
0.8793961386792148
0.8793996109026427
0.8794030831260705
0.8794065553494984
0.8794100275729262
0.8794134997963541
0.8794169720197821
0.8794204442432099
0.8794239164666378
0.8794273886900655
0.8794308609134934
0.8794343331369212
0.8794378053603491
0.8794412775837769
0.8794447498072048
0.8794482220306326
0.8794516942540604
0.8794551664774884
0.8794586387009162
0.8794621109243441
0.8794655831477719
0.8794690553711998
0.8794725275946276
0.8794759998180555
0.8794794720414835
0.8794829442649111
0.8794864164883391
0.8794898887117668
0.8794933609351948
0.8794968331586226
0.8795003053820505
0.8795037776054783
0.8795072498289062
0.8795107220523342
