0.3996529165461516
0.39965638876957943
0.39965986099300727
0.39966333321643516
0.399666805439863
0.3996702776632909
0.39967374988671867
0.3996772221101465
0.3996806943335744
0.3996841665570023
0.3996876387804301
0.39969111100385796
0.39969458322728585
0.3996980554507137
0.3997015276741416
0.3997049998975694
0.39970847212099725
0.3997119443444251
0.3997154165678529
0.3997188887912808
0.39972236101470865
0.39972583323813654
0.3997293054615644
0.39973277768499227
0.3997362499084201
0.39973972213184794
0.3997431943552758
0.39974666657870367
0.3997501388021315
0.39975361102555934
0.39975708324898723
0.39976055547241507
0.39976402769584296
0.3997674999192708
0.39977097214269863
0.3997744443661265
0.39977791658955436
0.3997813888129822
0.39978486103641003
0.3997883332598379
0.39979180548326576
0.39979527770669365
0.3997987499301215
0.3998022221535493
0.3998056943769772
0.3998091666004051
0.39981263882383294
0.3998161110472607
0.3998195832706886
0.39982305549411645
0.39982652771754434
0.3998299999409722
0.39983347216440007
0.3998369443878279
0.39984041661125574
0.39984388883468364
0.3998473610581115
0.3998508332815393
0.39985430550496714
0.39985777772839504
0.3998612499518229
0.3998647221752507
0.3998681943986786
0.3998716666221065
0.39987513884553433
0.39987861106896216
0.39988208329239006
0.39988555551581784
0.39988902773924573
0.39989249996267356
0.3998959721861014
0.3998994444095293
0.3999029166329572
0.399906388856385
0.39990986107981286
0.39991333330324075
0.3999168055266686
0.3999202777500964
0.39992374997352426
0.3999272221969521
0.39993069442038
0.3999341666438079
0.3999376388672357
0.39994111109066355
0.39994458331409144
0.3999480555375193
0.39995152776094717
0.399954999984375
0.39995847220780284
0.3999619444312307
0.3999654166546585
0.3999688888780864
0.39997236110151424
0.39997583332494213
0.39997930554836997
0.39998277777179786
0.3999862499952257
0.39998972221865353
0.39999319444208137
0.39999666666550926
0.4000001388889371
0.40000361111236493
0.4000070833357928
0.40001055555922066
0.40001402778264855
0.4000175000060764
0.4000209722295042
0.4000244444529321
0.40002791667635995
0.4000313888997878
0.4000348611232156
0.4000383333466435
0.40004180557007135
0.40004527779349924
0.4000487500169271
0.4000522222403549
0.4000556944637828
0.40005916668721064
0.4000626389106385
0.4000661111340663
0.4000695833574942
0.40007305558092204
0.40007652780434994
0.40008000002777777
0.40008347225120566
0.4000869444746335
0.40009041669806134
0.4000938889214892
0.400097361144917
0.4001008333683449
0.40010430559177274
0.4001077778152006
0.40011125003862846
0.4001147222620563
0.4001181944854842
0.4001216667089121
0.4001251389323399
0.40012861115576775
0.4001320833791956
0.4001355556026234
0.4001390278260513
0.40014250004947916
0.400145972272907
0.4001494444963349
0.4001529167197628
0.4001563889431906
0.40015986116661845
0.40016333339004634
0.4001668056134742
0.400170277836902
0.40017375006032985
0.4001772222837577
0.4001806945071856
0.40018416673061347
0.4001876389540413
0.40019111117746914
0.40019458340089703
0.40019805562432487
0.4002015278477527
0.40020500007118054
0.40020847229460843
0.40021194451803627
0.4002154167414641
0.400218888964892
0.40022236118831983
0.4002258334117477
0.40022930563517556
0.40023277785860345
0.4002362500820313
0.40023972230545907
0.40024319452888696
0.40024666675231485
0.4002501389757427
0.4002536111991705
0.4002570834225984
0.40026055564602625
0.40026402786945414
0.400267500092882
0.4002709723163098
0.40027444453973765
0.40027791676316554
0.4002813889865934
0.4002848612100212
0.4002883334334491
0.40029180565687694
0.40029527788030483
0.40029875010373267
0.4003022223271605
0.4003056945505884
0.40030916677401623
0.40031263899744407
0.4003161112208719
0.4003195834442998
0.40032305566772763
0.4003265278911555
0.40033000011458336
0.40033347233801125
0.4003369445614391
0.4003404167848669
0.40034388900829476
