0.724653029393413
0.7246565016168408
0.7246599738402687
0.7246634460636965
0.7246669182871244
0.7246703905105523
0.72467386273398
0.724677334957408
0.7246808071808358
0.7246842794042637
0.7246877516276915
0.7246912238511194
0.7246946960745472
0.7246981682979751
0.724701640521403
0.7247051127448308
0.7247085849682587
0.7247120571916865
0.7247155294151144
0.7247190016385422
0.7247224738619701
0.7247259460853979
0.7247294183088258
0.7247328905322536
0.7247363627556815
0.7247398349791094
0.7247433072025372
0.7247467794259651
0.7247502516493929
0.7247537238728208
0.7247571960962486
0.7247606683196766
0.7247641405431043
0.7247676127665322
0.7247710849899601
0.7247745572133879
0.7247780294368158
0.7247815016602436
0.7247849738836715
0.7247884461070992
0.7247919183305271
0.724795390553955
0.7247988627773829
0.7248023350008108
0.7248058072242386
0.7248092794476665
0.7248127516710943
0.7248162238945222
0.7248196961179499
0.7248231683413779
0.7248266405648057
0.7248301127882336
0.7248335850116615
0.7248370572350894
0.7248405294585172
0.724844001681945
0.7248474739053729
0.7248509461288006
0.7248544183522286
0.7248578905756564
0.7248613627990843
0.7248648350225122
0.7248683072459401
0.7248717794693679
0.7248752516927958
0.7248787239162235
0.7248821961396514
0.7248856683630792
0.7248891405865071
0.7248926128099351
0.7248960850333629
0.7248995572567908
0.7249030294802186
0.7249065017036465
0.7249099739270742
0.7249134461505021
0.72491691837393
0.7249203905973578
0.7249238628207857
0.7249273350442136
0.7249308072676415
0.7249342794910693
0.7249377517144971
0.7249412239379249
0.7249446961613528
0.7249481683847806
0.7249516406082085
0.7249551128316365
0.7249585850550643
0.7249620572784922
0.72496552950192
0.7249690017253478
0.7249724739487756
0.7249759461722035
0.7249794183956314
0.7249828906190592
0.7249863628424871
0.724989835065915
0.7249933072893429
0.7249967795127706
0.7250002517361985
0.7250037239596263
0.7250071961830542
0.7250106684064821
0.72501414062991
0.7250176128533378
0.7250210850767657
0.7250245573001936
0.7250280295236213
0.7250315017470492
0.725034973970477
0.7250384461939049
0.7250419184173327
0.7250453906407607
0.7250488628641886
0.7250523350876164
0.7250558073110442
0.725059279534472
0.7250627517578999
0.7250662239813277
0.7250696962047556
0.7250731684281835
0.7250766406516114
0.7250801128750392
0.725083585098467
0.7250870573218949
0.7250905295453227
0.7250940017687506
0.7250974739921784
0.7251009462156063
0.7251044184390342
0.7251078906624621
0.7251113628858898
0.7251148351093178
0.7251183073327456
0.7251217795561735
0.7251252517796013
0.7251287240030291
0.725132196226457
0.7251356684498848
0.7251391406733128
0.7251426128967406
0.7251460851201685
0.7251495573435963
0.7251530295670242
0.725156501790452
0.7251599740138799
0.7251634462373077
0.7251669184607356
0.7251703906841634
0.7251738629075912
0.7251773351310192
0.725180807354447
0.7251842795778749
0.7251877518013027
0.7251912240247306
0.7251946962481584
0.7251981684715862
0.7252016406950141
0.725205112918442
0.7252085851418699
0.7252120573652977
0.7252155295887256
0.7252190018121534
0.7252224740355813
0.725225946259009
0.7252294184824369
0.7252328907058648
0.7252363629292926
0.7252398351527206
0.7252433073761484
0.7252467795995763
0.7252502518230041
0.725253724046432
0.7252571962698597
0.7252606684932877
0.7252641407167155
0.7252676129401433
0.7252710851635713
0.7252745573869991
0.725278029610427
0.7252815018338548
0.7252849740572826
0.7252884462807104
0.7252919185041383
0.7252953907275662
0.7252988629509941
0.725302335174422
0.7253058073978498
0.7253092796212777
0.7253127518447055
0.7253162240681333
0.7253196962915611
0.7253231685149891
0.7253266407384169
0.7253301129618448
0.7253335851852727
0.7253370574087005
0.7253405296321284
0.7253440018555561
