0.705208578197423
0.7052120504208509
0.7052155226442787
0.7052189948677066
0.7052224670911343
0.7052259393145623
0.7052294115379901
0.705232883761418
0.7052363559848458
0.7052398282082737
0.7052433004317016
0.7052467726551294
0.7052502448785573
0.705253717101985
0.7052571893254129
0.7052606615488408
0.7052641337722687
0.7052676059956965
0.7052710782191244
0.7052745504425523
0.70527802266598
0.705281494889408
0.7052849671128357
0.7052884393362636
0.7052919115596915
0.7052953837831194
0.7052988560065472
0.7053023282299751
0.705305800453403
0.7053092726768307
0.7053127449002586
0.7053162171236864
0.7053196893471143
0.7053231615705422
0.7053266337939701
0.7053301060173979
0.7053335782408259
0.7053370504642537
0.7053405226876815
0.7053439949111093
0.7053474671345371
0.705350939357965
0.7053544115813929
0.7053578838048208
0.7053613560282486
0.7053648282516766
0.7053683004751043
0.7053717726985322
0.70537524492196
0.7053787171453879
0.7053821893688158
0.7053856615922436
0.7053891338156715
0.7053926060390993
0.7053960782625271
0.705399550485955
0.7054030227093829
0.7054064949328107
0.7054099671562386
0.7054134393796664
0.7054169116030943
0.7054203838265222
0.70542385604995
0.705427328273378
0.7054308004968057
0.7054342727202336
0.7054377449436614
0.7054412171670893
0.7054446893905171
0.705448161613945
0.7054516338373729
0.7054551060608006
0.7054585782842286
0.7054620505076564
0.7054655227310843
0.7054689949545121
0.70547246717794
0.7054759394013679
0.7054794116247958
0.7054828838482236
0.7054863560716514
0.7054898282950792
0.7054933005185071
0.705496772741935
0.7055002449653628
0.7055037171887907
0.7055071894122185
0.7055106616356465
0.7055141338590742
0.7055176060825021
0.70552107830593
0.7055245505293578
0.7055280227527857
0.7055314949762135
0.7055349671996414
0.7055384394230692
0.7055419116464972
0.7055453838699249
0.7055488560933528
0.7055523283167806
0.7055558005402085
0.7055592727636364
0.7055627449870642
0.7055662172104921
0.7055696894339198
0.7055731616573478
0.7055766338807756
0.7055801061042035
0.7055835783276314
0.7055870505510592
0.7055905227744871
0.7055939949979149
0.7055974672213428
0.7056009394447705
0.7056044116681985
0.7056078838916263
0.7056113561150542
0.7056148283384821
0.70561830056191
0.7056217727853378
0.7056252450087657
0.7056287172321934
0.7056321894556213
0.7056356616790492
0.705639133902477
0.7056426061259049
0.7056460783493327
0.7056495505727607
0.7056530227961885
0.7056564950196164
0.7056599672430441
0.705663439466472
0.7056669116898999
0.7056703839133277
0.7056738561367556
0.7056773283601835
0.7056808005836114
0.7056842728070392
0.705687745030467
0.7056912172538948
0.7056946894773227
0.7056981617007506
0.7057016339241784
0.7057051061476063
0.7057085783710342
0.7057120505944621
0.7057155228178899
0.7057189950413177
0.7057224672647455
0.7057259394881735
0.7057294117116013
0.7057328839350291
0.705736356158457
0.7057398283818848
0.7057433006053128
0.7057467728287405
0.7057502450521684
0.7057537172755962
0.7057571894990241
0.705760661722452
0.7057641339458799
0.7057676061693077
0.7057710783927356
0.7057745506161635
0.7057780228395912
0.7057814950630191
0.7057849672864469
0.7057884395098748
0.7057919117333027
0.7057953839567306
0.7057988561801584
0.7058023284035863
0.7058058006270141
0.7058092728504419
0.7058127450738698
0.7058162172972976
0.7058196895207255
0.7058231617441534
0.7058266339675813
0.705830106191009
0.705833578414437
0.7058370506378648
0.7058405228612926
0.7058439950847205
0.7058474673081483
0.7058509395315762
0.7058544117550041
0.705857883978432
0.7058613562018597
0.7058648284252877
0.7058683006487155
0.7058717728721433
0.7058752450955712
0.705878717318999
0.705882189542427
0.7058856617658548
0.7058891339892827
0.7058926062127104
0.7058960784361383
0.7058995506595662
