0.13993060414257089
0.13993407636599872
0.13993754858942659
0.13994102081285442
0.1399444930362823
0.13994796525971015
0.13995143748313799
0.13995490970656585
0.13995838192999369
0.13996185415342158
0.13996532637684944
0.13996879860027725
0.1399722708237051
0.13997574304713295
0.13997921527056084
0.13998268749398868
0.13998615971741654
0.13998963194084443
0.13999310416427221
0.1399965763877001
0.14000004861112794
0.14000352083455583
0.1400069930579837
0.14001046528141153
0.14001393750483943
0.1400174097282672
0.1400208819516951
0.14002435417512296
0.1400278263985508
0.1400312986219787
0.14003477084540653
0.1400382430688344
0.14004171529226228
0.14004518751569006
0.14004865973911795
0.1400521319625458
0.14005560418597368
0.1400590764094015
0.14006254863282938
0.14006602085625722
0.14006949307968505
0.14007296530311295
0.14007643752654078
0.14007990974996865
0.14008338197339654
0.14008685419682432
0.1400903264202522
0.14009379864368005
0.1400972708671079
0.1401007430905358
0.14010421531396364
0.1401076875373915
0.1401111597608193
0.14011463198424717
0.14011810420767506
0.1401215764311029
0.1401250486545308
0.1401285208779586
0.1401319931013865
0.14013546532481427
0.14013893754824217
0.14014240977167006
0.1401458819950979
0.14014935421852576
0.1401528264419536
0.14015629866538148
0.14015977088880935
0.14016324311223716
0.14016671533566502
0.14017018755909286
0.14017365978252075
0.1401771320059486
0.14018060422937645
0.14018407645280434
0.14018754867623212
0.14019102089966
0.1401944931230879
0.14019796534651574
0.1402014375699436
0.14020490979337144
0.14020838201679928
0.1402118542402271
0.140215326463655
0.14021879868708287
0.1402222709105107
0.1402257431339386
0.14022921535736638
0.14023268758079427
0.14023615980422213
0.14023963202764997
0.14024310425107786
0.1402465764745057
0.14025004869793356
0.14025352092136145
0.14025699314478923
0.14026046536821712
0.14026393759164496
0.14026740981507285
0.14027088203850066
0.14027435426192855
0.14027782648535644
0.14028129870878422
0.14028477093221212
0.14028824315563995
0.14029171537906782
0.1402951876024957
0.14029865982592354
0.1403021320493514
0.14030560427277922
0.14030907649620708
0.14031254871963497
0.1403160209430628
0.14031949316649067
0.1403229653899185
0.14032643761334634
0.14032990983677424
0.14033338206020207
0.14033685428362996
0.1403403265070578
0.14034379873048566
0.1403472709539135
0.14035074317734134
0.14035421540076923
0.14035768762419706
0.14036115984762493
0.14036463207105276
0.14036810429448066
0.14037157651790852
0.14037504874133633
0.1403785209647642
0.14038199318819203
0.14038546541161992
0.14038893763504778
0.14039240985847562
0.1403958820819035
0.1403993543053313
0.14040282652875918
0.14040629875218708
0.1404097709756149
0.14041324319904278
0.1404167154224706
0.1404201876458985
0.14042365986932628
0.14042713209275418
0.14043060431618204
0.14043407653960988
0.14043754876303777
0.1404410209864656
0.14044449320989347
0.1404479654333213
0.14045143765674914
0.14045490988017703
0.14045838210360487
0.14046185432703273
0.14046532655046062
0.1404687987738884
0.1404722709973163
0.14047574322074413
0.14047921544417202
0.14048268766759986
0.14048615989102772
0.14048963211445561
0.1404931043378834
0.1404965765613113
0.14050004878473912
0.140503521008167
0.14050699323159488
0.14051046545502272
0.14051393767845058
0.1405174099018784
0.14052088212530625
0.14052435434873414
0.14052782657216198
0.14053129879558984
0.14053477101901768
0.14053824324244557
0.14054171546587346
0.14054518768930124
0.14054865991272913
0.14055213213615697
0.14055560435958483
0.14055907658301267
0.14056254880644056
0.1405660210298684
0.14056949325329623
0.1405729654767241
0.14057643770015193
0.14057990992357983
0.1405833821470077
0.14058685437043553
0.14059032659386336
0.1405937988172912
0.1405972710407191
0.14060074326414698
0.1406042154875748
0.14060768771100268
0.14061115993443046
0.14061463215785835
0.14061810438128625
0.14062157660471408
