0.17604172779226657
0.17604520001569446
0.1760486722391223
0.1760521444625502
0.17605561668597797
0.17605908890940583
0.17606256113283372
0.17606603335626156
0.17606950557968945
0.1760729778031173
0.17607645002654515
0.17607992224997293
0.17608339447340082
0.17608686669682871
0.17609033892025655
0.17609381114368441
0.17609728336711225
0.17610075559054014
0.17610422781396798
0.17610770003739581
0.17611117226082368
0.17611464448425151
0.1761181167076794
0.1761215889311073
0.17612506115453508
0.17612853337796294
0.17613200560139078
0.17613547782481867
0.17613895004824656
0.1761424222716744
0.17614589449510226
0.17614936671853004
0.17615283894195793
0.17615631116538577
0.17615978338881366
0.17616325561224153
0.17616672783566936
0.17617020005909725
0.17617367228252503
0.17617714450595293
0.1761806167293808
0.17618408895280863
0.17618756117623652
0.17619103339966435
0.17619450562309222
0.1761979778465201
0.1762014500699479
0.17620492229337578
0.17620839451680362
0.1762118667402315
0.17621533896365935
0.1762188111870872
0.17622228341051505
0.17622575563394288
0.17622922785737077
0.1762327000807986
0.17623617230422647
0.17623964452765437
0.1762431167510822
0.17624658897451004
0.17625006119793787
0.17625353342136574
0.17625700564479363
0.17626047786822147
0.17626395009164936
0.17626742231507714
0.176270894538505
0.1762743667619329
0.17627783898536073
0.17628131120878862
0.17628478343221646
0.17628825565564432
0.1762917278790721
0.1762952001025
0.17629867232592789
0.17630214454935572
0.17630561677278359
0.17630908899621142
0.1763125612196393
0.17631603344306718
0.17631950566649499
0.17632297788992285
0.17632645011335069
0.17632992233677858
0.17633339456020647
0.17633686678363428
0.17634033900706217
0.17634381123048995
0.17634728345391784
0.17635075567734573
0.17635422790077357
0.17635770012420143
0.17636117234762927
0.1763646445710571
0.17636811679448494
0.17637158901791283
0.1763750612413407
0.17637853346476853
0.17638200568819642
0.17638547791162426
0.1763889501350521
0.17639242235847996
0.1763958945819078
0.1763993668053357
0.17640283902876353
0.17640631125219142
0.17640978347561928
0.17641325569904706
0.17641672792247495
0.1764202001459028
0.17642367236933068
0.17642714459275854
0.17643061681618638
0.17643408903961427
0.17643756126304205
0.17644103348646994
0.17644450570989778
0.17644797793332564
0.17645145015675354
0.17645492238018137
0.17645839460360924
0.17646186682703704
0.1764653390504649
0.1764688112738928
0.17647228349732064
0.17647575572074853
0.17647922794417634
0.17648270016760423
0.17648617239103206
0.1764896446144599
0.1764931168378878
0.17649658906131563
0.1765000612847435
0.17650353350817133
0.17650700573159916
0.17651047795502706
0.1765139501784549
0.17651742240188276
0.1765208946253106
0.17652436684873848
0.17652783907216635
0.17653131129559416
0.17653478351902202
0.17653825574244986
0.17654172796587775
0.17654520018930564
0.17654867241273348
0.17655214463616134
0.17655561685958912
0.176559089083017
0.1765625613064449
0.17656603352987274
0.1765695057533006
0.17657297797672844
0.17657645020015633
0.1765799224235841
0.176583394647012
0.17658686687043987
0.1765903390938677
0.1765938113172956
0.17659728354072343
0.1766007557641513
0.17660422798757913
0.17660770021100697
0.17661117243443486
0.1766146446578627
0.1766181168812906
0.17662158910471845
0.17662506132814623
0.17662853355157412
0.17663200577500196
0.17663547799842985
0.17663895022185772
0.17664242244528555
0.17664589466871344
0.17664936689214122
0.17665283911556912
0.17665631133899695
0.17665978356242482
0.1766632557858527
0.17666672800928054
0.1766702002327084
0.17667367245613622
0.17667714467956408
0.17668061690299197
0.1766840891264198
0.1766875613498477
0.17669103357327554
0.1766945057967034
0.1766979780201313
0.17670145024355907
0.17670492246698696
0.1767083946904148
0.17671186691384266
0.1767153391372705
0.1767188113606984
0.17672228358412626
0.17672575580755406
0.17672922803098193
0.17673270025440976
