0.3531251226128898
0.35312859483631764
0.3531320670597455
0.3531355392831733
0.3531390115066012
0.35314248373002904
0.3531459559534569
0.35314942817688477
0.3531529004003126
0.3531563726237405
0.35315984484716834
0.3531633170705962
0.35316678929402406
0.3531702615174519
0.35317373374087974
0.3531772059643076
0.35318067818773546
0.35318415041116336
0.3531876226345912
0.35319109485801903
0.3531945670814469
0.35319803930487476
0.3532015115283026
0.35320498375173043
0.35320845597515826
0.3532119281985861
0.35321540042201405
0.3532188726454419
0.3532223448688697
0.35322581709229756
0.35322928931572545
0.35323276153915334
0.3532362337625812
0.353239705986009
0.35324317820943685
0.3532466504328647
0.3532501226562926
0.3532535948797204
0.3532570671031483
0.35326053932657614
0.35326401155000403
0.35326748377343187
0.3532709559968597
0.35327442822028754
0.35327790044371543
0.35328137266714327
0.3532848448905711
0.35328831711399894
0.3532917893374269
0.3532952615608547
0.35329873378428256
0.3533022060077104
0.3533056782311383
0.3533091504545661
0.35331262267799396
0.3533160949014218
0.35331956712484963
0.3533230393482775
0.3533265115717054
0.35332998379513325
0.3533334560185611
0.353336928241989
0.3533404004654168
0.35334387268884465
0.3533473449122725
0.3533508171357004
0.35335428935912827
0.3533577615825561
0.35336123380598394
0.3533647060294118
0.35336817825283967
0.35337165047626756
0.3533751226996954
0.35337859492312323
0.35338206714655107
0.3533855393699789
0.3533890115934068
0.35339248381683463
0.35339595604026247
0.35339942826369036
0.3534029004871182
0.3534063727105461
0.3534098449339739
0.35341331715740176
0.3534167893808296
0.3534202616042575
0.3534237338276853
0.35342720605111316
0.35343067827454105
0.35343415049796895
0.3534376227213968
0.3534410949448246
0.3534445671682525
0.35344803939168035
0.3534515116151082
0.353454983838536
0.35345845606196385
0.3534619282853917
0.35346540050881964
0.3534688727322475
0.3534723449556753
0.35347581717910315
0.35347928940253104
0.3534827616259589
0.3534862338493867
0.35348970607281455
0.35349317829624244
0.35349665051967033
0.35350012274309817
0.353503594966526
0.3535070671899539
0.35351053941338173
0.3535140116368096
0.35351748386023746
0.3535209560836653
0.35352442830709313
0.353527900530521
0.35353137275394886
0.3535348449773767
0.35353831720080453
0.3535417894242325
0.3535452616476603
0.35354873387108815
0.353552206094516
0.3535556783179438
0.3535591505413717
0.35356262276479955
0.3535660949882274
0.3535695672116552
0.3535730394350831
0.353576511658511
0.35357998388193884
0.3535834561053667
0.35358692832879457
0.3535904005522224
0.35359387277565024
0.3535973449990781
0.35360081722250597
0.35360428944593386
0.3536077616693617
0.35361123389278953
0.35361470611621737
0.35361817833964526
0.35362165056307315
0.35362512278650093
0.35362859500992877
0.3536320672333566
0.3536355394567845
0.3536390116802124
0.3536424839036402
0.35364595612706806
0.35364942835049595
0.3536529005739238
0.3536563727973517
0.3536598450207795
0.35366331724420735
0.3536667894676352
0.3536702616910631
0.3536737339144909
0.35367720613791875
0.35368067836134665
0.35368415058477454
0.3536876228082024
0.3536910950316302
0.35369456725505805
0.35369803947848594
0.3537015117019138
0.3537049839253416
0.35370845614876945
0.3537119283721973
0.35371540059562523
0.35371887281905307
0.3537223450424809
0.35372581726590874
0.35372928948933663
0.35373276171276447
0.3537362339361923
0.35373970615962014
0.35374317838304803
0.3537466506064759
0.35375012282990376
0.3537535950533316
0.3537570672767595
0.3537605395001873
0.35376401172361516
0.353767483947043
0.3537709561704709
0.3537744283938987
0.3537779006173266
0.35378137284075445
0.3537848450641823
0.3537883172876101
0.35379178951103807
0.3537952617344659
0.35379873395789374
0.3538022061813216
0.3538056784047494
0.35380915062817725
0.35381262285160514
0.353816095075033
