0.1579861659674187
0.15798963819084655
0.15799311041427444
0.15799658263770233
0.1580000548611301
0.158003527084558
0.1580069993079858
0.1580104715314137
0.1580139437548416
0.15801741597826943
0.1580208882016973
0.1580243604251251
0.15802783264855297
0.1580313048719808
0.1580347770954087
0.15803824931883656
0.1580417215422644
0.1580451937656923
0.15804866598912007
0.15805213821254796
0.15805561043597582
0.15805908265940366
0.15806255488283155
0.1580660271062594
0.15806949932968728
0.15807297155311512
0.15807644377654295
0.15807991599997082
0.15808338822339865
0.15808686044682654
0.1580903326702544
0.15809380489368224
0.15809727711711008
0.15810074934053792
0.1581042215639658
0.15810769378739364
0.1581111660108215
0.1581146382342494
0.15811811045767718
0.15812158268110507
0.1581250549045329
0.15812852712796077
0.15813199935138866
0.1581354715748165
0.1581389437982444
0.15814241602167217
0.15814588824510006
0.15814936046852793
0.15815283269195576
0.15815630491538366
0.1581597771388115
0.15816324936223936
0.15816672158566725
0.15817019380909503
0.15817366603252292
0.15817713825595076
0.15818061047937862
0.15818408270280646
0.15818755492623435
0.15819102714966224
0.15819449937309002
0.15819797159651788
0.15820144381994572
0.1582049160433736
0.1582083882668015
0.15821186049022934
0.15821533271365718
0.158218804937085
0.15822227716051288
0.15822574938394077
0.1582292216073686
0.15823269383079647
0.15823616605422428
0.15823963827765214
0.15824311050107998
0.15824658272450787
0.15825005494793573
0.15825352717136357
0.15825699939479146
0.15826047161821924
0.15826394384164713
0.15826741606507502
0.15827088828850283
0.15827436051193072
0.15827783273535856
0.15828130495878645
0.15828477718221431
0.15828824940564212
0.15829172162907
0.15829519385249782
0.15829866607592571
0.15830213829935358
0.15830561052278141
0.1583090827462093
0.1583125549696371
0.15831602719306498
0.15831949941649281
0.15832297163992068
0.15832644386334857
0.1583299160867764
0.1583333883102043
0.15833686053363208
0.15834033275705994
0.15834380498048783
0.15834727720391567
0.15835074942734356
0.1583542216507714
0.15835769387419923
0.1583611660976271
0.15836463832105493
0.15836811054448283
0.15837158276791066
0.15837505499133853
0.15837852721476642
0.1583819994381942
0.1583854716616221
0.15838894388504993
0.1583924161084778
0.15839588833190563
0.15839936055533352
0.1584028327787614
0.1584063050021892
0.15840977722561705
0.1584132494490449
0.15841672167247278
0.15842019389590067
0.1584236661193285
0.15842713834275637
0.15843061056618418
0.15843408278961205
0.15843755501303994
0.15844102723646777
0.15844449945989564
0.15844797168332347
0.15845144390675137
0.15845491613017915
0.15845838835360704
0.1584618605770349
0.15846533280046274
0.15846880502389063
0.15847227724731847
0.1584757494707463
0.1584792216941742
0.158482693917602
0.1584861661410299
0.15848963836445773
0.15849311058788562
0.15849658281131349
0.1585000550347413
0.15850352725816916
0.158506999481597
0.15851047170502489
0.15851394392845275
0.15851741615188059
0.15852088837530848
0.15852436059873626
0.15852783282216415
0.15853130504559199
0.15853477726901985
0.15853824949244774
0.15854172171587558
0.15854519393930347
0.15854866616273125
0.1585521383861591
0.158555610609587
0.15855908283301484
0.15856255505644273
0.15856602727987057
0.15856949950329843
0.15857297172672633
0.1585764439501541
0.158579916173582
0.15858338839700983
0.1585868606204377
0.1585903328438656
0.15859380506729343
0.15859727729072126
0.1586007495141491
0.15860422173757696
0.1586076939610048
0.1586111661844327
0.15861463840786058
0.15861811063128836
0.15862158285471625
0.15862505507814406
0.15862852730157195
0.15863199952499984
0.15863547174842768
0.15863894397185554
0.15864241619528335
0.15864588841871122
0.1586493606421391
0.15865283286556695
0.1586563050889948
0.15865977731242265
0.15866324953585054
0.15866672175927832
0.1586701939827062
0.15867366620613407
0.1586771384295619
