0.003125001085069821
0.003128473308497656
0.0031319455319254903
0.0031354177553534184
0.003138889978781253
0.0031423622022090877
0.003145834425636922
0.003149306649064757
0.0031527788724925914
0.0031562510959205195
0.003159723319348354
0.0031631955427761887
0.003166667766204023
0.003170139989631858
0.0031736122130597857
0.0031770844364876205
0.003180556659915455
0.003184028883343383
0.0031875011067712174
0.0031909733301990523
0.0031944455536268867
0.0031979177770547216
0.003201390000482649
0.003204862223910484
0.0032083344473383185
0.0032118066707662466
0.003215278894193988
0.003218751117621916
0.0032222233410497503
0.003225695564477585
0.00322916778790542
0.0032326400113333476
0.003236112234761182
0.003239584458189017
0.0032430566816168517
0.003246528905044686
0.003250001128472614
0.0032534733519004487
0.0032569455753282835
0.003260417798756211
0.003263890022183953
0.0032673622456118804
0.0032708344690397153
0.0032743066924675497
0.0032777789158954774
0.0032812511393233122
0.003284723362751147
0.0032881955861789815
0.0032916678096068163
0.003295140033034744
0.003298612256462579
0.0033020844798904133
0.003305556703318248
0.0033090289267460825
0.00331250115017401
0.003315973373601845
0.00331944559702968
0.0033229178204575143
0.003326390043885442
0.003329862267313277
0.0033333344907411117
0.003336806714168946
0.003340278937596781
0.0033437511610247086
0.0033472233844525435
0.003350695607880378
0.0033541678313083055
0.003357640054736047
0.0033611122781639752
0.0033645845015918096
0.0033680567250196445
0.003371528948447572
0.003375001171875407
0.0033784733953032414
0.0033819456187310763
0.0033854178421589107
0.0033888900655868388
0.003392362289014673
0.003395834512442508
0.0033993067358703425
0.0034027789592982706
0.003406251182726105
0.00340972340615394
0.0034131956295817742
0.003416667853009609
0.0034201400764375368
0.0034236122998653716
0.003427084523293206
0.003430556746721041
0.0034340289701488753
0.0034375011935768034
0.003440973417004638
0.0034444456404324727
0.0034479178638604003
0.003451390087288142
0.0034548623107160696
0.0034583345341439044
0.003461806757571739
0.003465278980999667
0.0034687512044275014
0.003472223427855336
0.0034756956512831706
0.0034791678747110055
0.003482640098138933
0.003486112321566768
0.0034895845449946024
0.0034930567684224373
0.003496528991850365
0.0035000012152781998
0.003503473438706034
0.003506945662133869
0.0035104178855617034
0.0035138901089896315
0.003517362332417466
0.003520834555845301
0.0035243067792732285
0.00352777900270097
0.0035312512261288977
0.0035347234495567326
0.003538195672984567
0.003541667896412495
0.0035451401198403295
0.0035486123432681644
0.0035520845666959988
0.0035555567901238336
0.0035590290135517613
0.003562501236979596
0.0035659734604074306
0.0035694456838352654
0.0035729179072631003
0.003576390130691028
0.0035798623541188623
0.003583334577546697
0.003586806800974532
0.0035902790244024597
0.0035937512478302013
0.003597223471258129
0.003600695694685964
0.0036041679181137982
0.003607640141541726
0.0036111123649695607
0.0036145845883973956
0.0036180568118253232
0.003621529035253065
0.0036250012586809925
0.0036284734821088274
0.003631945705536662
0.0036354179289645894
0.0036388901523924243
0.003642362375820259
0.0036458345992480936
0.0036493068226759284
0.003652779046103763
0.003656251269531691
0.0036597234929595253
0.00366319571638736
0.003666667939815288
0.0036701401632430295
0.003673612386670957
0.003677084610098792
0.0036805568335266264
0.0036840290569545545
0.003687501280382389
0.0036909735038102237
0.003694445727238058
0.003697917950665893
0.0037013901740938207
0.0037048623975216555
0.00370833462094949
0.003711806844377418
0.003715279067805159
0.0037187512912330873
0.0037222235146609217
0.0037256957380887566
0.003729167961516591
0.003732640184944519
0.0037361124083723535
0.0037395846318001883
0.0037430568552280228
0.0037465290786558576
0.0037500013020837853
0.00375347352551162
0.0037569457489394545
0.0037604179723673826
0.003763890195795124
0.003767362419223052
0.0037708346426508863
0.003774306866078721
0.003777779089506649
0.0037812513129344837
0.003784723536362318
0.003788195759790153
0.0037916679832179874
0.0037951402066459155
0.00379861243007375
0.0038020846535015847
0.003805556876929419
0.003809029100357254
0.0038125013237851816
0.0038159735472130165
