0.3871529122058723
0.3871563844293001
0.38715985665272795
0.38716332887615584
0.3871668010995837
0.38717027332301157
0.3871737455464394
0.38717721776986724
0.38718068999329514
0.387184162216723
0.38718763444015086
0.3871911066635787
0.38719457888700654
0.38719805111043437
0.38720152333386226
0.3872049955572901
0.38720846778071794
0.3872119400041458
0.3872154122275737
0.38721888445100155
0.3872223566744294
0.3872258288978572
0.3872293011212851
0.38723277334471295
0.3872362455681408
0.3872397177915686
0.3872431900149965
0.3872466622384244
0.38725013446185225
0.3872536066852801
0.387257078908708
0.3872605511321358
0.38726402335556365
0.3872674955789915
0.3872709678024193
0.3872744400258472
0.3872779122492751
0.38728138447270294
0.3872848566961308
0.38728832891955867
0.3872918011429865
0.38729527336641434
0.3872987455898422
0.38730221781327
0.3873056900366979
0.3873091622601258
0.38731263448355363
0.38731610670698147
0.38731957893040936
0.3873230511538372
0.3873265233772651
0.3873299956006929
0.38733346782412076
0.3873369400475486
0.3873404122709765
0.3873438844944043
0.38734735671783216
0.38735082894126
0.38735430116468794
0.3873577733881158
0.3873612456115436
0.38736471783497145
0.3873681900583993
0.3873716622818272
0.387375134505255
0.38737860672868285
0.38738207895211074
0.3873855511755386
0.38738902339896647
0.3873924956223943
0.38739596784582214
0.38739944006925003
0.38740291229267787
0.3874063845161057
0.38740985673953354
0.38741332896296143
0.38741680118638927
0.38742027340981716
0.387423745633245
0.38742721785667283
0.3874306900801007
0.3874341623035286
0.3874376345269564
0.38744110675038423
0.3874445789738121
0.38744805119723996
0.38745152342066785
0.3874549956440957
0.3874584678675235
0.3874619400909514
0.3874654123143793
0.38746888453780715
0.387472356761235
0.3874758289846628
0.3874793012080907
0.38748277343151855
0.3874862456549464
0.3874897178783742
0.3874931901018021
0.38749666232523
0.38750013454865784
0.3875036067720857
0.3875070789955135
0.38751055121894135
0.38751402344236924
0.3875174956657971
0.3875209678892249
0.3875244401126528
0.3875279123360807
0.38753138455950853
0.38753485678293637
0.38753832900636426
0.3875418012297921
0.38754527345321993
0.38754874567664777
0.3875522179000756
0.3875556901235035
0.3875591623469314
0.3875626345703592
0.38756610679378706
0.38756957901721495
0.3875730512406428
0.3875765234640707
0.38757999568749846
0.3875834679109263
0.3875869401343542
0.3875904123577821
0.3875938845812099
0.38759735680463775
0.3876008290280656
0.38760430125149353
0.38760777347492137
0.3876112456983492
0.38761471792177704
0.3876181901452049
0.38762166236863277
0.3876251345920606
0.38762860681548844
0.38763207903891633
0.3876355512623442
0.38763902348577206
0.3876424957091999
0.38764596793262773
0.38764944015605557
0.38765291237948346
0.3876563846029113
0.38765985682633913
0.387663329049767
0.38766680127319486
0.38767027349662275
0.3876737457200506
0.3876772179434784
0.3876806901669063
0.38768416239033415
0.387687634613762
0.3876911068371898
0.3876945790606177
0.38769805128404555
0.38770152350747344
0.3877049957309013
0.3877084679543291
0.387711940177757
0.3877154124011849
0.38771888462461274
0.3877223568480405
0.38772582907146835
0.3877293012948963
0.38773277351832414
0.387736245741752
0.3877397179651798
0.3877431901886077
0.3877466624120356
0.38775013463546343
0.38775360685889126
0.3877570790823191
0.387760551305747
0.38776402352917483
0.38776749575260266
0.3877709679760305
0.3877744401994584
0.3877779124228863
0.3877813846463141
0.38778485686974196
0.38778832909316985
0.38779180131659763
0.3877952735400255
0.38779874576345336
0.3878022179868812
0.3878056902103091
0.387809162433737
0.3878126346571648
0.38781610688059265
0.38781957910402054
0.3878230513274484
0.3878265235508762
0.38782999577430405
0.3878334679977319
0.3878369402211598
0.38784041244458767
0.3878438846680155
