0.7725697126978169
0.7725731849212447
0.7725766571446726
0.7725801293681005
0.7725836015915284
0.7725870738149562
0.7725905460383841
0.7725940182618118
0.7725974904852397
0.7726009627086675
0.7726044349320955
0.7726079071555233
0.7726113793789512
0.7726148516023791
0.7726183238258069
0.7726217960492348
0.7726252682726625
0.7726287404960904
0.7726322127195182
0.7726356849429462
0.7726391571663739
0.7726426293898019
0.7726461016132298
0.7726495738366576
0.7726530460600854
0.7726565182835132
0.7726599905069411
0.772663462730369
0.7726669349537968
0.7726704071772247
0.7726738794006526
0.7726773516240805
0.7726808238475084
0.7726842960709361
0.772687768294364
0.7726912405177918
0.7726947127412196
0.7726981849646476
0.7727016571880754
0.7727051294115034
0.7727086016349312
0.772712073858359
0.7727155460817868
0.7727190183052147
0.7727224905286425
0.7727259627520704
0.7727294349754983
0.7727329071989261
0.772736379422354
0.7727398516457819
0.7727433238692097
0.7727467960926375
0.7727502683160654
0.7727537405394932
0.7727572127629211
0.7727606849863489
0.7727641572097768
0.7727676294332047
0.7727711016566325
0.7727745738800604
0.7727780461034882
0.7727815183269161
0.7727849905503439
0.7727884627737718
0.7727919349971996
0.7727954072206275
0.7727988794440555
0.7728023516674832
0.7728058238909111
0.7728092961143389
0.7728127683377668
0.7728162405611946
0.7728197127846225
0.7728231850080504
0.7728266572314783
0.7728301294549061
0.7728336016783339
0.7728370739017618
0.7728405461251896
0.7728440183486175
0.7728474905720453
0.7728509627954732
0.772854435018901
0.772857907242329
0.7728613794657567
0.7728648516891846
0.7728683239126125
0.7728717961360403
0.7728752683594682
0.772878740582896
0.7728822128063239
0.7728856850297516
0.7728891572531796
0.7728926294766075
0.7728961017000353
0.7728995739234632
0.772903046146891
0.7729065183703189
0.7729099905937467
0.7729134628171745
0.7729169350406024
0.7729204072640303
0.7729238794874582
0.772927351710886
0.7729308239343139
0.7729342961577417
0.7729377683811696
0.7729412406045973
0.7729447128280252
0.7729481850514531
0.7729516572748811
0.7729551294983088
0.7729586017217368
0.7729620739451646
0.7729655461685925
0.7729690183920203
0.7729724906154481
0.7729759628388759
0.7729794350623037
0.7729829072857317
0.7729863795091596
0.7729898517325875
0.7729933239560153
0.7729967961794432
0.773000268402871
0.7730037406262988
0.7730072128497266
0.7730106850731545
0.7730141572965824
0.7730176295200103
0.7730211017434381
0.773024573966866
0.7730280461902939
0.7730315184137216
0.7730349906371495
0.7730384628605773
0.7730419350840052
0.7730454073074332
0.7730488795308609
0.7730523517542889
0.7730558239777167
0.7730592962011446
0.7730627684245723
0.7730662406480002
0.7730697128714281
0.7730731850948559
0.7730766573182838
0.7730801295417116
0.7730836017651396
0.7730870739885674
0.7730905462119952
0.773094018435423
0.7730974906588509
0.7731009628822787
0.7731044351057067
0.7731079073291345
0.7731113795525624
0.7731148517759903
0.773118323999418
0.7731217962228459
0.7731252684462737
0.7731287406697016
0.7731322128931294
0.7731356851165574
0.7731391573399851
0.7731426295634131
0.773146101786841
0.7731495740102687
0.7731530462336966
0.7731565184571244
0.7731599906805523
0.7731634629039802
0.773166935127408
0.7731704073508359
0.7731738795742638
0.7731773517976916
0.7731808240211194
0.7731842962445473
0.7731877684679751
0.773191240691403
0.7731947129148308
0.7731981851382588
0.7732016573616866
0.7732051295851146
0.7732086018085423
0.7732120740319701
0.773215546255398
0.7732190184788258
0.7732224907022537
0.7732259629256815
0.7732294351491095
0.7732329073725372
0.7732363795959651
0.773239851819393
0.7732433240428209
0.7732467962662487
0.7732502684896766
0.7732537407131044
0.7732572129365323
0.77326068515996
