0.6815974588880065
0.6816009311114344
0.6816044033348623
0.6816078755582902
0.681611347781718
0.6816148200051458
0.6816182922285737
0.6816217644520015
0.6816252366754294
0.6816287088988572
0.6816321811222851
0.681635653345713
0.6816391255691409
0.6816425977925686
0.6816460700159965
0.6816495422394244
0.6816530144628522
0.6816564866862801
0.6816599589097079
0.6816634311331358
0.6816669033565637
0.6816703755799915
0.6816738478034193
0.6816773200268473
0.6816807922502751
0.6816842644737029
0.6816877366971308
0.6816912089205586
0.6816946811439866
0.6816981533674144
0.6817016255908422
0.68170509781427
0.6817085700376979
0.6817120422611258
0.6817155144845537
0.6817189867079815
0.6817224589314094
0.6817259311548372
0.681729403378265
0.6817328756016929
0.6817363478251207
0.6817398200485487
0.6817432922719765
0.6817467644954044
0.6817502367188322
0.6817537089422601
0.6817571811656878
0.6817606533891157
0.6817641256125436
0.6817675978359714
0.6817710700593994
0.6817745422828272
0.6817780145062551
0.6817814867296829
0.6817849589531108
0.6817884311765385
0.6817919033999664
0.6817953756233943
0.6817988478468221
0.68180232007025
0.6818057922936779
0.6818092645171058
0.6818127367405336
0.6818162089639614
0.6818196811873892
0.6818231534108172
0.681826625634245
0.6818300978576728
0.6818335700811008
0.6818370423045286
0.6818405145279565
0.6818439867513842
0.6818474589748121
0.6818509311982399
0.6818544034216679
0.6818578756450957
0.6818613478685236
0.6818648200919514
0.6818682923153793
0.6818717645388072
0.6818752367622349
0.6818787089856628
0.6818821812090906
0.6818856534325186
0.6818891256559464
0.6818925978793743
0.6818960701028022
0.68189954232623
0.6819030145496578
0.6819064867730856
0.6819099589965135
0.6819134312199413
0.6819169034433693
0.6819203756667971
0.681923847890225
0.6819273201136529
0.6819307923370806
0.6819342645605085
0.6819377367839363
0.6819412090073642
0.6819446812307921
0.68194815345422
0.6819516256776478
0.6819550979010757
0.6819585701245034
0.6819620423479315
0.6819655145713592
0.681968986794787
0.6819724590182149
0.6819759312416427
0.6819794034650707
0.6819828756884985
0.6819863479119264
0.6819898201353543
0.6819932923587821
0.6819967645822099
0.6820002368056378
0.6820037090290656
0.6820071812524935
0.6820106534759214
0.6820141256993492
0.682017597922777
0.6820210701462049
0.6820245423696328
0.6820280145930606
0.6820314868164885
0.6820349590399163
0.6820384312633442
0.6820419034867721
0.6820453757101999
0.6820488479336277
0.6820523201570555
0.6820557923804835
0.6820592646039113
0.6820627368273392
0.682066209050767
0.6820696812741949
0.6820731534976228
0.6820766257210505
0.6820800979444784
0.6820835701679063
0.6820870423913342
0.682090514614762
0.6820939868381899
0.6820974590616177
0.6821009312850456
0.6821044035084735
0.6821078757319013
0.6821113479553291
0.6821148201787569
0.6821182924021849
0.6821217646256127
0.6821252368490406
0.6821287090724684
0.6821321812958963
0.6821356535193241
0.682139125742752
0.6821425979661798
0.6821460701896077
0.6821495424130356
0.6821530146364634
0.6821564868598913
0.6821599590833191
0.682163431306747
0.6821669035301748
0.6821703757536027
0.6821738479770305
0.6821773202004584
0.6821807924238863
0.6821842646473141
0.682187736870742
0.6821912090941697
0.6821946813175978
0.6821981535410255
0.6822016257644534
0.6822050979878812
0.6822085702113091
0.682212042434737
0.6822155146581648
0.6822189868815927
0.6822224591050204
0.6822259313284483
0.6822294035518762
0.6822328757753041
0.6822363479987319
0.6822398202221599
0.6822432924455877
0.6822467646690156
0.6822502368924434
0.6822537091158711
0.682257181339299
0.6822606535627269
0.6822641257861548
0.6822675980095826
0.6822710702330106
0.6822745424564384
0.6822780146798663
0.682281486903294
0.6822849591267219
0.6822884313501497
