0.6295141074701762
0.629517579693604
0.6295210519170319
0.6295245241404598
0.6295279963638877
0.6295314685873155
0.6295349408107433
0.6295384130341711
0.629541885257599
0.6295453574810269
0.6295488297044547
0.6295523019278827
0.6295557741513105
0.6295592463747384
0.6295627185981661
0.629566190821594
0.6295696630450218
0.6295731352684497
0.6295766074918776
0.6295800797153054
0.6295835519387333
0.6295870241621612
0.6295904963855891
0.6295939686090168
0.6295974408324447
0.6296009130558725
0.6296043852793004
0.6296078575027283
0.6296113297261561
0.6296148019495841
0.6296182741730119
0.6296217463964398
0.6296252186198675
0.6296286908432954
0.6296321630667232
0.6296356352901512
0.629639107513579
0.6296425797370069
0.6296460519604348
0.6296495241838626
0.6296529964072904
0.6296564686307182
0.6296599408541461
0.629663413077574
0.6296668853010019
0.6296703575244297
0.6296738297478576
0.6296773019712854
0.6296807741947132
0.6296842464181411
0.6296877186415689
0.6296911908649968
0.6296946630884246
0.6296981353118525
0.6297016075352804
0.6297050797587083
0.6297085519821362
0.6297120242055639
0.6297154964289918
0.6297189686524196
0.6297224408758475
0.6297259130992753
0.6297293853227033
0.6297328575461311
0.629736329769559
0.6297398019929868
0.6297432742164147
0.6297467464398425
0.6297502186632704
0.6297536908866982
0.629757163110126
0.629760635333554
0.6297641075569818
0.6297675797804096
0.6297710520038374
0.6297745242272654
0.6297779964506932
0.6297814686741211
0.6297849408975489
0.6297884131209768
0.6297918853444047
0.6297953575678324
0.6297988297912603
0.6298023020146882
0.6298057742381161
0.6298092464615439
0.6298127186849718
0.6298161909083996
0.6298196631318275
0.6298231353552554
0.6298266075786831
0.629830079802111
0.6298335520255388
0.6298370242489668
0.6298404964723946
0.6298439686958225
0.6298474409192503
0.6298509131426782
0.6298543853661059
0.6298578575895338
0.6298613298129617
0.6298648020363896
0.6298682742598175
0.6298717464832453
0.6298752187066732
0.629878690930101
0.6298821631535289
0.6298856353769567
0.6298891076003846
0.6298925798238124
0.6298960520472403
0.6298995242706682
0.629902996494096
0.6299064687175239
0.6299099409409517
0.6299134131643797
0.6299168853878074
0.6299203576112353
0.6299238298346631
0.629927302058091
0.6299307742815189
0.6299342465049467
0.6299377187283746
0.6299411909518023
0.6299446631752302
0.6299481353986581
0.629951607622086
0.6299550798455138
0.6299585520689417
0.6299620242923696
0.6299654965157974
0.6299689687392253
0.629972440962653
0.6299759131860809
0.6299793854095088
0.6299828576329367
0.6299863298563645
0.6299898020797924
0.6299932743032203
0.629996746526648
0.630000218750076
0.6300036909735037
0.6300071631969316
0.6300106354203595
0.6300141076437874
0.6300175798672152
0.6300210520906431
0.630024524314071
0.6300279965374989
0.6300314687609266
0.6300349409843545
0.6300384132077823
0.6300418854312102
0.6300453576546381
0.6300488298780659
0.6300523021014939
0.6300557743249217
0.6300592465483495
0.6300627187717773
0.6300661909952052
0.630069663218633
0.6300731354420609
0.6300766076654888
0.6300800798889166
0.6300835521123445
0.6300870243357723
0.6300904965592002
0.630093968782628
0.6300974410060559
0.6301009132294837
0.6301043854529116
0.6301078576763395
0.6301113298997673
0.6301148021231953
0.630118274346623
0.6301217465700509
0.6301252187934787
0.6301286910169066
0.6301321632403344
0.6301356354637623
0.6301391076871902
0.630142579910618
0.630146052134046
0.6301495243574737
0.6301529965809016
0.6301564688043294
0.6301599410277573
0.6301634132511852
0.6301668854746131
0.6301703576980409
0.6301738299214688
0.6301773021448965
0.6301807743683244
0.6301842465917523
0.6301877188151801
0.630191191038608
0.6301946632620358
0.6301981354854638
0.6302016077088916
0.6302050799323194
