0.18645839807583267
0.18646187029926045
0.18646534252268834
0.18646881474611618
0.18647228696954407
0.18647575919297193
0.18647923141639977
0.18648270363982766
0.18648617586325544
0.18648964808668334
0.1864931203101112
0.18649659253353904
0.18650006475696693
0.18650353698039476
0.18650700920382265
0.18651048142725052
0.1865139536506783
0.1865174258741062
0.18652089809753403
0.18652437032096192
0.18652784254438975
0.18653131476781762
0.1865347869912455
0.1865382592146733
0.18654173143810118
0.18654520366152902
0.18654867588495688
0.18655214810838477
0.1865556203318126
0.18655909255524045
0.18656256477866828
0.18656603700209615
0.18656950922552404
0.18657298144895187
0.18657645367237977
0.1865799258958076
0.1865833981192354
0.1865868703426633
0.18659034256609114
0.18659381478951903
0.18659728701294687
0.18660075923637473
0.1866042314598025
0.1866077036832304
0.1866111759066583
0.18661464813008613
0.186618120353514
0.18662159257694183
0.18662506480036972
0.18662853702379759
0.1866320092472254
0.18663548147065326
0.1866389536940811
0.186642425917509
0.18664589814093688
0.18664937036436471
0.18665284258779258
0.18665631481122036
0.18665978703464825
0.1866632592580761
0.18666673148150398
0.18667020370493184
0.18667367592835968
0.18667714815178757
0.18668062037521535
0.18668409259864324
0.1866875648220711
0.18669103704549894
0.18669450926892683
0.18669798149235467
0.1867014537157825
0.18670492593921037
0.1867083981626382
0.1867118703860661
0.18671534260949393
0.18671881483292183
0.1867222870563497
0.18672575927977747
0.18672923150320536
0.1867327037266332
0.1867361759500611
0.18673964817348893
0.1867431203969168
0.18674659262034468
0.18675006484377246
0.18675353706720035
0.1867570092906282
0.18676048151405605
0.18676395373748395
0.18676742596091178
0.18677089818433965
0.18677437040776745
0.18677784263119532
0.1867813148546232
0.18678478707805105
0.18678825930147894
0.18679173152490677
0.18679520374833464
0.18679867597176247
0.1868021481951903
0.1868056204186182
0.18680909264204604
0.1868125648654739
0.18681603708890174
0.18681950931232963
0.18682298153575747
0.1868264537591853
0.18682992598261317
0.186833398206041
0.1868368704294689
0.18684034265289678
0.18684381487632457
0.18684728709975243
0.18685075932318027
0.18685423154660816
0.18685770377003605
0.18686117599346388
0.18686464821689175
0.18686812044031953
0.18687159266374742
0.18687506488717526
0.18687853711060315
0.186882009334031
0.18688548155745885
0.18688895378088674
0.18689242600431452
0.1868958982277424
0.18689937045117028
0.1869028426745981
0.186906314898026
0.18690978712145384
0.1869132593448817
0.1869167315683096
0.18692020379173738
0.18692367601516527
0.1869271482385931
0.186930620462021
0.18693409268544886
0.1869375649088767
0.18694103713230453
0.18694450935573237
0.18694798157916026
0.1869514538025881
0.18695492602601596
0.18695839824944385
0.18696187047287163
0.18696534269629952
0.18696881491972736
0.18697228714315522
0.18697575936658312
0.18697923159001095
0.18698270381343884
0.18698617603686662
0.1869896482602945
0.18699312048372238
0.18699659270715022
0.1870000649305781
0.18700353715400594
0.1870070093774338
0.1870104816008617
0.18701395382428948
0.18701742604771737
0.1870208982711452
0.18702437049457307
0.1870278427180009
0.1870313149414288
0.18703478716485666
0.18703825938828447
0.18704173161171234
0.18704520383514017
0.18704867605856806
0.18705214828199596
0.18705562050542376
0.18705909272885166
0.18706256495227944
0.18706603717570733
0.18706950939913522
0.18707298162256306
0.18707645384599092
0.18707992606941876
0.1870833982928466
0.18708687051627443
0.18709034273970232
0.18709381496313018
0.18709728718655802
0.1871007594099859
0.1871042316334137
0.18710770385684158
0.18711117608026945
0.18711464830369728
0.18711812052712518
0.187121592750553
0.1871250649739809
0.18712853719740877
0.18713200942083655
0.18713548164426444
0.18713895386769228
0.18714242609112017
0.18714589831454803
0.18714937053797587
