0.8767364155334777
0.8767398877569055
0.8767433599803334
0.8767468322037612
0.876750304427189
0.8767537766506168
0.8767572488740447
0.8767607210974727
0.8767641933209004
0.8767676655443284
0.8767711377677562
0.8767746099911841
0.8767780822146118
0.8767815544380397
0.8767850266614675
0.8767884988848954
0.8767919711083234
0.8767954433317511
0.8767989155551791
0.8768023877786069
0.8768058600020348
0.8768093322254625
0.8768128044488904
0.8768162766723182
0.8768197488957461
0.8768232211191739
0.8768266933426018
0.8768301655660298
0.8768336377894577
0.8768371100128854
0.8768405822363132
0.8768440544597411
0.8768475266831689
0.8768509989065968
0.8768544711300248
0.8768579433534525
0.8768614155768805
0.8768648878003084
0.8768683600237361
0.876871832247164
0.8768753044705918
0.8768787766940197
0.8768822489174475
0.8768857211408755
0.8768891933643032
0.8768926655877312
0.876896137811159
0.8768996100345868
0.8769030822580147
0.8769065544814425
0.8769100267048704
0.8769134989282982
0.8769169711517262
0.8769204433751541
0.8769239155985818
0.8769273878220097
0.8769308600454375
0.8769343322688654
0.8769378044922932
0.8769412767157211
0.8769447489391489
0.8769482211625768
0.8769516933860045
0.8769551656094325
0.8769586378328604
0.8769621100562882
0.8769655822797161
0.8769690545031439
0.8769725267265718
0.8769759989499996
0.8769794711734276
0.8769829433968552
0.8769864156202832
0.8769898878437111
0.8769933600671389
0.8769968322905668
0.8770003045139946
0.8770037767374225
0.8770072489608502
0.8770107211842783
0.8770141934077061
0.8770176656311339
0.8770211378545618
0.8770246100779896
0.8770280823014175
0.8770315545248453
0.8770350267482732
0.8770384989717009
0.8770419711951288
0.8770454434185566
0.8770489156419846
0.8770523878654125
0.8770558600888403
0.8770593323122682
0.877062804535696
0.8770662767591239
0.8770697489825516
0.8770732212059796
0.8770766934294073
0.8770801656528353
0.8770836378762632
0.877087110099691
0.8770905823231189
0.8770940545465467
0.8770975267699745
0.8771009989934023
0.8771044712168304
0.8771079434402582
0.8771114156636861
0.8771148878871139
0.8771183601105418
0.8771218323339696
0.8771253045573973
0.8771287767808252
0.877132249004253
0.8771357212276809
0.8771391934511087
0.8771426656745368
0.8771461378979646
0.8771496101213925
0.8771530823448203
0.8771565545682481
0.8771600267916759
0.8771634990151038
0.8771669712385318
0.8771704434619594
0.8771739156853875
0.8771773879088153
0.8771808601322432
0.877184332355671
0.8771878045790988
0.8771912768025266
0.8771947490259545
0.8771982212493825
0.8772016934728103
0.8772051656962382
0.877208637919666
0.8772121101430939
0.8772155823665216
0.8772190545899495
0.8772225268133773
0.8772259990368052
0.877229471260233
0.8772329434836609
0.8772364157070889
0.8772398879305167
0.8772433601539446
0.8772468323773723
0.8772503046008002
0.877253776824228
0.8772572490476559
0.8772607212710839
0.8772641934945116
0.8772676657179396
0.8772711379413674
0.8772746101647952
0.877278082388223
0.8772815546116509
0.8772850268350787
0.8772884990585066
0.8772919712819346
0.8772954435053623
0.8772989157287903
0.877302387952218
0.8773058601756459
0.8773093323990737
0.8773128046225016
0.8773162768459294
0.8773197490693573
0.8773232212927853
0.877326693516213
0.877330165739641
0.8773336379630687
0.8773371101864966
0.8773405824099244
0.8773440546333523
0.8773475268567801
0.877350999080208
0.8773544713036358
0.8773579435270636
0.8773614157504916
0.8773648879739194
0.8773683601973473
0.8773718324207751
0.877375304644203
0.8773787768676308
0.8773822490910587
0.8773857213144867
0.8773891935379143
0.8773926657613423
0.8773961379847702
0.877399610208198
0.8774030824316258
0.8774065546550537
0.8774100268784815
0.8774134991019094
0.8774169713253374
0.8774204435487652
0.877423915772193
0.8774273879956209
