0.05381946313175799
0.05382293535518592
0.053826407578613754
0.05382987980204158
0.05383335202546942
0.053836824248897255
0.05384029647232518
0.05384376869575302
0.053847240919180854
0.05385071314260869
0.05385418536603652
0.05385765758946445
0.05386112981289228
0.05386460203632012
0.053868074259747954
0.05387154648317588
0.05387501870660372
0.05387849093003155
0.05388196315345939
0.05388543537688722
0.05388890760031515
0.05389237982374298
0.05389585204717082
0.05389932427059874
0.05390279649402649
0.053906268717454416
0.05390974094088225
0.05391321316431008
0.053916685387738014
0.05392015761116584
0.05392362983459368
0.053927102058021516
0.05393057428144935
0.05393404650487728
0.053937518728305114
0.05394099095173295
0.05394446317516078
0.053947935398588616
0.05395140762201645
0.05395487984544438
0.053958352068872215
0.05396182429230005
0.05396529651572798
0.05396876873915581
0.05397224096258364
0.05397571318601148
0.053979185409439315
0.05398265763286724
0.05398612985629508
0.05398960207972291
0.05399307430315084
0.05399654652657858
0.05400001875000651
0.05400349097343434
0.05400696319686218
0.054010435420290104
0.05401390764371794
0.054017379867145776
0.05402085209057361
0.05402432431400145
0.05402779653742928
0.05403126876085721
0.05403474098428504
0.054038213207712876
0.0540416854311408
0.05404515765456855
0.054048629877996475
0.05405210210142431
0.05405557432485214
0.054059046548280074
0.0540625187717079
0.05406599099513574
0.054069463218563575
0.05407293544199141
0.05407640766541934
0.054079879888847174
0.05408335211227501
0.054086824335702936
0.054090296559130675
0.0540937687825586
0.05409724100598644
0.054100713229414274
0.05410418545284211
0.054107657676270036
0.05411112989969787
0.0541146021231257
0.05411807434655354
0.054121546569981374
0.0541250187934093
0.05412849101683714
0.05413196324026497
0.0541354354636929
0.05413890768712064
0.05414237991054857
0.0541458521339764
0.05414932435740424
0.05415279658083216
0.05415626880426
0.054159741027687835
0.05416321325111567
0.05416668547454351
0.054170157697971434
0.05417362992139926
0.0541771021448271
0.054180574368254936
0.05418404659168286
0.0541875188151107
0.054190991038538534
0.05419446326196637
0.0541979354853942
0.05420140770882213
0.05420487993224996
0.0542083521556778
0.054211824379105635
0.05421529660253347
0.0542187688259614
0.05422224104938923
0.05422571327281707
0.054229185496244996
0.054232657719672735
0.05423612994310066
0.0542396021665285
0.05424307438995633
0.05424654661338426
0.054250018836812096
0.05425349106023993
0.05425696328366776
0.0542604355070956
0.054263907730523524
0.05426737995395136
0.054270852177379196
0.05427432440080703
0.05427779662423496
0.054281268847662795
0.05428474107109063
0.05428821329451846
0.054291685517946296
0.05429515774137422
0.05429862996480206
0.054302102188229895
0.05430557441165782
0.05430904663508556
0.054312518858513494
0.05431599108194132
0.05431946330536916
0.054322935528797085
0.05432640775222492
0.05432987997565276
0.054333352199080594
0.05433682442250843
0.054340296645936356
0.05434376886936419
0.05434724109279202
0.05435071331621986
0.054354185539647694
0.05435765776307562
0.054361129986503456
0.05436460220993129
0.05436807443335913
0.054371546656787055
0.054375018880214794
0.05437849110364272
0.05438196332707056
0.05438543555049839
0.05438890777392632
0.054392379997354155
0.05439585222078199
0.05439932444420992
0.05440279666763766
0.05440626889106558
0.05440974111449342
0.054413213337921255
0.05441668556134918
0.05442015778477702
0.054423630008204854
0.05442710223163269
0.05443057445506052
0.05443404667848845
0.05443751890191628
0.05444099112534412
0.054444463348771954
0.05444793557219988
0.05445140779562762
0.05445488001905555
0.05445835224248338
0.05446182446591122
0.054465296689339145
0.05446876891276698
0.05447224113619482
0.05447571335962265
0.05447918558305049
0.054482657806478416
0.05448613002990625
0.05448960225333408
0.054493074476762014
0.05449654670018975
0.05450001892361768
0.054503491147045516
0.05450696337047335
0.05451043559390128
