0.5947918731916226
0.5947953454150505
0.5947988176384783
0.5948022898619062
0.5948057620853341
0.5948092343087619
0.5948127065321898
0.5948161787556175
0.5948196509790454
0.5948231232024733
0.5948265954259012
0.594830067649329
0.5948335398727569
0.5948370120961848
0.5948404843196127
0.5948439565430405
0.5948474287664682
0.5948509009898961
0.594854373213324
0.5948578454367519
0.5948613176601797
0.5948647898836076
0.5948682621070355
0.5948717343304634
0.5948752065538911
0.594878678777319
0.5948821510007468
0.5948856232241747
0.5948890954476026
0.5948925676710304
0.5948960398944583
0.5948995121178862
0.5949029843413141
0.5949064565647418
0.5949099287881697
0.5949134010115975
0.5949168732350254
0.5949203454584533
0.5949238176818811
0.594927289905309
0.5949307621287369
0.5949342343521647
0.5949377065755925
0.5949411787990204
0.5949446510224482
0.5949481232458761
0.594951595469304
0.5949550676927318
0.5949585399161597
0.5949620121395875
0.5949654843630154
0.5949689565864432
0.5949724288098711
0.5949759010332989
0.5949793732567269
0.5949828454801547
0.5949863177035826
0.5949897899270103
0.5949932621504382
0.5949967343738661
0.5950002065972939
0.5950036788207218
0.5950071510441496
0.5950106232675776
0.5950140954910054
0.5950175677144333
0.595021039937861
0.5950245121612889
0.5950279843847168
0.5950314566081446
0.5950349288315725
0.5950384010550003
0.5950418732784283
0.5950453455018561
0.595048817725284
0.5950522899487117
0.5950557621721396
0.5950592343955675
0.5950627066189953
0.5950661788424232
0.595069651065851
0.595073123289279
0.5950765955127068
0.5950800677361346
0.5950835399595624
0.5950870121829903
0.5950904844064182
0.595093956629846
0.5950974288532739
0.5951009010767017
0.5951043733001297
0.5951078455235574
0.5951113177469853
0.5951147899704131
0.5951182621938411
0.5951217344172689
0.5951252066406968
0.5951286788641246
0.5951321510875524
0.5951356233109804
0.5951390955344081
0.595142567757836
0.5951460399812638
0.5951495122046918
0.5951529844281196
0.5951564566515475
0.5951599288749753
0.5951634010984032
0.595166873321831
0.5951703455452588
0.5951738177686867
0.5951772899921145
0.5951807622155425
0.5951842344389703
0.5951877066623982
0.595191178885826
0.5951946511092538
0.5951981233326817
0.5952015955561095
0.5952050677795374
0.5952085400029652
0.5952120122263932
0.595215484449821
0.5952189566732489
0.5952224288966766
0.5952259011201045
0.5952293733435324
0.5952328455669602
0.5952363177903881
0.5952397900138159
0.5952432622372439
0.5952467344606717
0.5952502066840996
0.5952536789075273
0.5952571511309552
0.5952606233543831
0.595264095577811
0.5952675678012388
0.5952710400246667
0.5952745122480946
0.5952779844715224
0.5952814566949503
0.595284928918378
0.5952884011418059
0.5952918733652338
0.5952953455886617
0.5952988178120895
0.5953022900355174
0.5953057622589453
0.595309234482373
0.5953127067058009
0.5953161789292287
0.5953196511526566
0.5953231233760845
0.5953265955995124
0.5953300678229402
0.5953335400463681
0.595337012269796
0.5953404844932237
0.5953439567166516
0.5953474289400794
0.5953509011635073
0.5953543733869352
0.5953578456103631
0.5953613178337909
0.5953647900572188
0.5953682622806467
0.5953717345040744
0.5953752067275023
0.5953786789509301
0.595382151174358
0.5953856233977859
0.5953890956212138
0.5953925678446416
0.5953960400680695
0.5953995122914973
0.5954029845149252
0.595406456738353
0.5954099289617809
0.5954134011852087
0.5954168734086366
0.5954203456320645
0.5954238178554923
0.5954272900789201
0.595430762302348
0.5954342345257759
0.5954377067492037
0.5954411789726316
0.5954446511960594
0.5954481234194873
0.5954515956429152
0.595455067866343
0.5954585400897708
0.5954620123131987
0.5954654845366266
0.5954689567600544
0.5954724289834823
0.5954759012069101
0.595479373430338
0.5954828456537659
