0.12326393168886518
0.12326740391229302
0.1232708761357209
0.12327434835914867
0.12327782058257657
0.12328129280600444
0.12328476502943228
0.12328823725286016
0.123291709476288
0.12329518169971587
0.12329865392314367
0.12330212614657154
0.12330559836999942
0.12330907059342726
0.12331254281685514
0.12331601504028297
0.12331948726371081
0.12332295948713869
0.12332643171056652
0.12332990393399441
0.12333337615742224
0.12333684838085013
0.123340320604278
0.1233437928277058
0.12334726505113368
0.12335073727456151
0.12335420949798939
0.12335768172141723
0.1233611539448451
0.12336462616827298
0.12336809839170078
0.12337157061512866
0.12337504283855649
0.12337851506198437
0.12338198728541225
0.12338545950884008
0.12338893173226798
0.12339240395569576
0.12339587617912363
0.12339934840255153
0.12340282062597936
0.12340629284940724
0.12340976507283508
0.12341323729626295
0.12341670951969083
0.12342018174311863
0.1234236539665465
0.12342712618997434
0.12343059841340222
0.12343407063683005
0.12343754286025793
0.12344101508368577
0.1234444873071136
0.12344795953054148
0.12345143175396932
0.1234549039773972
0.12345837620082509
0.12346184842425287
0.12346532064768075
0.12346879287110858
0.12347226509453647
0.12347573731796435
0.12347920954139219
0.12348268176482007
0.12348615398824786
0.12348962621167574
0.12349309843510362
0.12349657065853145
0.12350004288195933
0.12350351510538717
0.12350698732881504
0.12351045955224284
0.12351393177567072
0.1235174039990986
0.12352087622252643
0.12352434844595431
0.12352782066938214
0.12353129289281004
0.12353476511623791
0.1235382373396657
0.12354170956309359
0.12354518178652142
0.1235486540099493
0.12355212623337718
0.12355559845680501
0.12355907068023285
0.12356254290366069
0.12356601512708856
0.12356948735051644
0.12357295957394428
0.12357643179737215
0.12357990402079999
0.12358337624422783
0.12358684846765566
0.12359032069108354
0.12359379291451143
0.12359726513793926
0.12360073736136715
0.12360420958479493
0.1236076818082228
0.1236111540316507
0.12361462625507853
0.12361809847850641
0.12362157070193425
0.12362504292536212
0.12362851514879
0.1236319873722178
0.12363545959564567
0.12363893181907351
0.12364240404250139
0.12364587626592922
0.1236493484893571
0.123652820712785
0.12365629293621277
0.12365976515964065
0.12366323738306849
0.12366670960649637
0.12367018182992426
0.1236736540533521
0.12367712627677997
0.12368059850020775
0.12368407072363564
0.12368754294706352
0.12369101517049136
0.12369448739391924
0.12369795961734707
0.12370143184077491
0.12370490406420279
0.12370837628763062
0.1237118485110585
0.12371532073448634
0.12371879295791421
0.12372226518134201
0.12372573740476989
0.12372920962819776
0.1237326818516256
0.12373615407505349
0.12373962629848131
0.1237430985219092
0.12374657074533708
0.12375004296876486
0.12375351519219276
0.12375698741562059
0.12376045963904847
0.12376393186247635
0.12376740408590418
0.12377087630933206
0.12377434853275986
0.12377782075618773
0.12378129297961561
0.12378476520304345
0.12378823742647133
0.12379170964989916
0.12379518187332705
0.12379865409675483
0.12380212632018271
0.1238055985436106
0.12380907076703843
0.12381254299046632
0.12381601521389415
0.12381948743732203
0.12382295966074987
0.1238264318841777
0.12382990410760558
0.12383337633103342
0.1238368485544613
0.12384032077788917
0.12384379300131697
0.12384726522474485
0.12385073744817268
0.12385420967160056
0.1238576818950284
0.12386115411845627
0.12386462634188417
0.12386809856531195
0.12387157078873982
0.12387504301216766
0.12387851523559555
0.12388198745902343
0.12388545968245127
0.12388893190587914
0.12389240412930692
0.12389587635273482
0.1238993485761627
0.12390282079959053
0.12390629302301841
0.12390976524644624
0.12391323746987412
0.123916709693302
0.1239201819167298
0.12392365414015767
0.12392712636358551
0.12393059858701339
0.12393407081044122
0.12393754303386911
0.12394101525729694
0.12394448748072477
0.12394795970415266
0.12395143192758049
0.12395490415100838
