0.12951393385900478
0.12951740608243265
0.12952087830586048
0.12952435052928837
0.1295278227527162
0.12953129497614407
0.12953476719957197
0.12953823942299975
0.12954171164642764
0.12954518386985547
0.12954865609328337
0.12955212831671117
0.12955560054013907
0.12955907276356696
0.12956254498699474
0.12956601721042263
0.12956948943385047
0.12957296165727833
0.12957643388070622
0.12957990610413406
0.12958337832756192
0.12958685055098973
0.1295903227744176
0.12959379499784549
0.12959726722127332
0.12960073944470119
0.12960421166812902
0.1296076838915569
0.1296111561149847
0.12961462833841259
0.12961810056184048
0.1296215727852683
0.12962504500869618
0.129628517232124
0.12963198945555185
0.12963546167897974
0.12963893390240758
0.12964240612583544
0.12964587834926328
0.12964935057269117
0.12965282279611903
0.12965629501954684
0.1296597672429747
0.12966323946640254
0.12966671168983043
0.12967018391325832
0.12967365613668613
0.12967712836011402
0.1296806005835418
0.1296840728069697
0.12968754503039753
0.12969101725382542
0.1296944894772533
0.12969796170068112
0.12970143392410902
0.1297049061475368
0.1297083783709647
0.12971185059439255
0.1297153228178204
0.12971879504124828
0.12972226726467612
0.12972573948810398
0.12972921171153182
0.12973268393495965
0.12973615615838754
0.12973962838181538
0.12974310060524324
0.12974657282867114
0.12975004505209892
0.1297535172755268
0.12975698949895464
0.12976046172238254
0.12976393394581037
0.12976740616923824
0.12977087839266613
0.1297743506160939
0.1297778228395218
0.12978129506294964
0.1297847672863775
0.1297882395098054
0.12979171173323323
0.1297951839566611
0.1297986561800889
0.12980212840351676
0.12980560062694466
0.1298090728503725
0.12981254507380038
0.1298160172972282
0.12981948952065608
0.12982296174408386
0.12982643396751176
0.12982990619093965
0.12983337841436748
0.12983685063779535
0.12984032286122318
0.12984379508465108
0.12984726730807894
0.12985073953150675
0.1298542117549346
0.12985768397836245
0.12986115620179034
0.1298646284252182
0.12986810064864604
0.12987157287207388
0.1298750450955017
0.1298785173189296
0.1298819895423575
0.1298854617657853
0.1298889339892132
0.12989240621264098
0.12989587843606887
0.1298993506594967
0.1299028228829246
0.12990629510635246
0.1299097673297803
0.1299132395532082
0.12991671177663597
0.12992018400006386
0.12992365622349172
0.12992712844691956
0.12993060067034745
0.1299340728937753
0.12993754511720315
0.12994101734063104
0.12994448956405882
0.12994796178748672
0.12995143401091455
0.12995490623434244
0.1299583784577703
0.12996185068119814
0.12996532290462603
0.12996879512805382
0.1299722673514817
0.12997573957490954
0.1299792117983374
0.1299826840217653
0.12998615624519314
0.12998962846862097
0.1299931006920488
0.12999657291547667
0.13000004513890456
0.1300035173623324
0.13000698958576026
0.1300104618091881
0.13001393403261594
0.13001740625604383
0.13002087847947166
0.13002435070289955
0.13002782292632736
0.13003129514975525
0.13003476737318315
0.13003823959661093
0.13004171182003882
0.13004518404346666
0.13004865626689452
0.13005212849032236
0.13005560071375025
0.1300590729371781
0.13006254516060592
0.13006601738403378
0.13006948960746162
0.1300729618308895
0.13007643405431737
0.1300799062777452
0.1300833785011731
0.13008685072460088
0.13009032294802877
0.13009379517145667
0.13009726739488447
0.13010073961831237
0.1301042118417402
0.1301076840651681
0.13011115628859588
0.13011462851202377
0.13011810073545163
0.13012157295887947
0.13012504518230736
0.1301285174057352
0.13013198962916303
0.1301354618525909
0.13013893407601873
0.13014240629944662
0.13014587852287446
0.13014935074630232
0.13015282296973021
0.130156295193158
0.1301597674165859
0.13016323964001372
0.13016671186344161
0.13017018408686948
0.13017365631029731
0.1301771285337252
0.130180600757153
0.13018407298058088
0.13018754520400871
0.13019101742743658
0.13019448965086447
0.1301979618742923
0.13020143409772017
0.13020490632114798
