0.3190973330199073
0.3191008052433352
0.319104277466763
0.31910774969019085
0.3191112219136187
0.3191146941370465
0.3191181663604744
0.3191216385839023
0.31912511080733014
0.319128583030758
0.3191320552541858
0.31913552747761376
0.3191389997010416
0.31914247192446943
0.3191459441478972
0.3191494163713251
0.31915288859475294
0.31915636081818083
0.31915983304160866
0.3191633052650365
0.3191667774884644
0.3191702497118923
0.3191737219353201
0.31917719415874796
0.3191806663821758
0.3191841386056037
0.3191876108290315
0.31919108305245936
0.31919455527588725
0.31919802749931514
0.319201499722743
0.3192049719461708
0.31920844416959865
0.3192119163930265
0.3192153886164544
0.3192188608398822
0.31922233306331005
0.3192258052867379
0.3192292775101658
0.31923274973359367
0.3192362219570215
0.31923969418044934
0.31924316640387723
0.31924663862730507
0.3192501108507329
0.31925358307416074
0.31925705529758863
0.31926052752101647
0.31926399974444436
0.3192674719678722
0.31927094419130003
0.3192744164147279
0.3192778886381558
0.31928136086158365
0.3192848330850115
0.31928830530843927
0.3192917775318672
0.31929524975529505
0.3192987219787229
0.3193021942021507
0.31930566642557856
0.3193091386490065
0.31931261087243434
0.3193160830958622
0.31931955531929
0.31932302754271785
0.31932649976614574
0.3193299719895736
0.3193334442130014
0.3193369164364293
0.3193403886598572
0.31934386088328504
0.31934733310671287
0.31935080533014076
0.3193542775535686
0.31935774977699644
0.31936122200042427
0.3193646942238521
0.31936816644728
0.3193716386707079
0.3193751108941357
0.31937858311756356
0.3193820553409914
0.3193855275644193
0.3193889997878471
0.31939247201127496
0.3193959442347028
0.3193994164581307
0.3194028886815585
0.3194063609049864
0.31940983312841426
0.3194133053518421
0.31941677757527
0.3194202497986979
0.3194237220221257
0.31942719424555355
0.3194306664689814
0.3194341386924093
0.3194376109158371
0.31944108313926495
0.31944455536269284
0.31944802758612073
0.31945149980954857
0.3194549720329764
0.31945844425640424
0.3194619164798321
0.31946538870325997
0.3194688609266878
0.31947233315011564
0.3194758053735435
0.31947927759697137
0.31948274982039926
0.3194862220438271
0.31948969426725493
0.3194931664906828
0.31949663871411066
0.3195001109375385
0.31950358316096633
0.3195070553843942
0.31951052760782206
0.31951399983124995
0.3195174720546778
0.3195209442781057
0.3195244165015335
0.31952788872496135
0.3195313609483892
0.319534833171817
0.31953830539524486
0.3195417776186728
0.31954524984210064
0.3195487220655285
0.3195521942889563
0.31955566651238415
0.3195591387358121
0.31956261095923993
0.31956608318266777
0.3195695554060956
0.31957302762952344
0.31957649985295133
0.31957997207637917
0.319583444299807
0.3195869165232349
0.3195903887466628
0.3195938609700906
0.31959733319351846
0.3196008054169463
0.31960427764037413
0.319607749863802
0.31961122208722986
0.3196146943106577
0.3196181665340856
0.3196216387575135
0.3196251109809413
0.31962858320436915
0.319632055427797
0.3196355276512249
0.3196389998746527
0.31964247209808055
0.3196459443215084
0.3196494165449363
0.3196528887683641
0.319656360991792
0.31965983321521985
0.3196633054386477
0.3196667776620756
0.3196702498855034
0.31967372210893125
0.3196771943323591
0.319680666555787
0.31968413877921487
0.3196876110026427
0.31969108322607054
0.31969455544949843
0.3196980276729263
0.31970149989635416
0.319704972119782
0.31970844434320983
0.31971191656663767
0.31971538879006556
0.3197188610134934
0.31972233323692123
0.31972580546034907
0.31972927768377696
0.31973274990720485
0.3197362221306327
0.3197396943540605
0.31974316657748836
0.3197466388009162
0.3197501110243441
0.3197535832477719
0.3197570554711998
0.31976052769462765
0.31976399991805554
0.3197674721414834
0.31977094436491127
0.3197744165883391
0.31977788881176694
0.3197813610351948
0.3197848332586226
0.31978830548205045
