0.7010419100839965
0.7010453823074244
0.7010488545308522
0.7010523267542802
0.701055798977708
0.7010592712011359
0.7010627434245637
0.7010662156479915
0.7010696878714194
0.7010731600948473
0.7010766323182751
0.7010801045417029
0.7010835767651308
0.7010870489885587
0.7010905212119866
0.7010939934354143
0.7010974656588422
0.70110093788227
0.701104410105698
0.7011078823291258
0.7011113545525537
0.7011148267759816
0.7011182989994094
0.7011217712228373
0.701125243446265
0.7011287156696929
0.7011321878931207
0.7011356601165487
0.7011391323399765
0.7011426045634044
0.7011460767868322
0.70114954901026
0.701153021233688
0.7011564934571157
0.7011599656805436
0.7011634379039714
0.7011669101273994
0.7011703823508272
0.7011738545742551
0.701177326797683
0.7011807990211107
0.7011842712445386
0.7011877434679664
0.7011912156913943
0.7011946879148221
0.7011981601382501
0.7012016323616779
0.7012051045851058
0.7012085768085337
0.7012120490319615
0.7012155212553893
0.7012189934788172
0.701222465702245
0.7012259379256729
0.7012294101491008
0.7012328823725286
0.7012363545959565
0.7012398268193842
0.7012432990428122
0.70124677126624
0.7012502434896679
0.7012537157130957
0.7012571879365236
0.7012606601599515
0.7012641323833793
0.7012676046068071
0.701271076830235
0.7012745490536629
0.7012780212770907
0.7012814935005186
0.7012849657239464
0.7012884379473743
0.7012919101708022
0.70129538239423
0.7012988546176578
0.7013023268410857
0.7013057990645136
0.7013092712879414
0.7013127435113693
0.7013162157347971
0.701319687958225
0.7013231601816529
0.7013266324050806
0.7013301046285085
0.7013335768519363
0.7013370490753643
0.7013405212987921
0.70134399352222
0.7013474657456478
0.7013509379690757
0.7013544101925036
0.7013578824159314
0.7013613546393592
0.7013648268627871
0.701368299086215
0.7013717713096428
0.7013752435330707
0.7013787157564985
0.7013821879799264
0.7013856602033542
0.7013891324267821
0.7013926046502099
0.7013960768736378
0.7013995490970657
0.7014030213204935
0.7014064935439214
0.7014099657673492
0.701413437990777
0.7014169102142049
0.7014203824376328
0.7014238546610606
0.7014273268844885
0.7014307991079164
0.7014342713313442
0.7014377435547721
0.7014412157781998
0.7014446880016277
0.7014481602250556
0.7014516324484835
0.7014551046719113
0.7014585768953392
0.7014620491187671
0.7014655213421949
0.7014689935656228
0.7014724657890505
0.7014759380124785
0.7014794102359063
0.7014828824593342
0.701486354682762
0.7014898269061899
0.7014932991296178
0.7014967713530457
0.7015002435764734
0.7015037157999013
0.7015071880233291
0.701510660246757
0.7015141324701849
0.7015176046936127
0.7015210769170407
0.7015245491404685
0.7015280213638964
0.7015314935873241
0.701534965810752
0.7015384380341798
0.7015419102576077
0.7015453824810356
0.7015488547044634
0.7015523269278914
0.7015557991513192
0.701559271374747
0.7015627435981748
0.7015662158216027
0.7015696880450306
0.7015731602684584
0.7015766324918863
0.7015801047153141
0.701583576938742
0.7015870491621699
0.7015905213855977
0.7015939936090255
0.7015974658324534
0.7016009380558812
0.7016044102793091
0.701607882502737
0.7016113547261648
0.7016148269495928
0.7016182991730205
0.7016217713964484
0.7016252436198762
0.7016287158433041
0.7016321880667319
0.7016356602901599
0.7016391325135877
0.7016426047370156
0.7016460769604433
0.7016495491838712
0.7016530214072991
0.7016564936307269
0.7016599658541548
0.7016634380775826
0.7016669103010106
0.7016703825244384
0.7016738547478663
0.7016773269712941
0.7016807991947219
0.7016842714181498
0.7016877436415776
0.7016912158650055
0.7016946880884333
0.7016981603118613
0.701701632535289
0.701705104758717
0.7017085769821448
0.7017120492055726
0.7017155214290005
0.7017189936524283
0.7017224658758562
0.7017259380992841
0.701729410322712
0.7017328825461397
