0.3954862484327251
0.39548972065615295
0.39549319287958085
0.39549666510300874
0.3955001373264366
0.3955036095498644
0.3955070817732923
0.39551055399672014
0.395514026220148
0.3955174984435758
0.39552097066700365
0.39552444289043154
0.39552791511385943
0.39553138733728727
0.3955348595607151
0.395538331784143
0.39554180400757083
0.39554527623099867
0.3955487484544265
0.3955522206778544
0.39555569290128223
0.39555916512471007
0.39556263734813796
0.3955661095715658
0.3955695817949937
0.3955730540184215
0.3955765262418494
0.39557999846527725
0.3955834706887051
0.3955869429121329
0.3955904151355608
0.39559388735898865
0.3955973595824165
0.3956008318058444
0.3956043040292722
0.3956077762527001
0.39561124847612794
0.3956147206995558
0.3956181929229836
0.3956216651464115
0.39562513736983934
0.3956286095932672
0.39563208181669507
0.3956355540401229
0.3956390262635508
0.39564249848697863
0.39564597071040647
0.39564944293383436
0.3956529151572622
0.39565638738069003
0.39565985960411787
0.39566333182754576
0.3956668040509736
0.3956702762744015
0.3956737484978293
0.3956772207212572
0.39568069294468505
0.3956841651681129
0.3956876373915407
0.39569110961496856
0.39569458183839645
0.3956980540618243
0.3957015262852522
0.39570499850868
0.39570847073210785
0.39571194295553574
0.39571541517896364
0.3957188874023915
0.3957223596258193
0.39572583184924714
0.395729304072675
0.3957327762961029
0.3957362485195307
0.39573972074295855
0.39574319296638644
0.39574666518981433
0.39575013741324216
0.39575360963667
0.3957570818600979
0.3957605540835257
0.39576402630695356
0.3957674985303814
0.39577097075380924
0.39577444297723713
0.395777915200665
0.39578138742409286
0.3957848596475207
0.3957883318709486
0.3957918040943764
0.39579527631780426
0.3957987485412321
0.39580222076466
0.3958056929880878
0.39580916521151566
0.39581263743494355
0.3958161096583714
0.3958195818817993
0.3958230541052271
0.395826526328655
0.3958299985520828
0.3958334707755106
0.3958369429989385
0.3958404152223664
0.39584388744579424
0.3958473596692221
0.39585083189264997
0.3958543041160778
0.3958577763395057
0.39586124856293353
0.39586472078636137
0.3958681930097892
0.3958716652332171
0.39587513745664493
0.39587860968007277
0.39588208190350066
0.3958855541269285
0.3958890263503564
0.3958924985737842
0.39589597079721206
0.39589944302063995
0.3959029152440678
0.3959063874674956
0.39590985969092346
0.39591333191435135
0.3959168041377792
0.3959202763612071
0.3959237485846349
0.3959272208080628
0.39593069303149064
0.3959341652549185
0.3959376374783463
0.39594110970177415
0.39594458192520204
0.3959480541486299
0.39595152637205777
0.3959549985954856
0.39595847081891344
0.39596194304234134
0.3959654152657692
0.39596888748919706
0.39597235971262484
0.39597583193605274
0.39597930415948057
0.39598277638290846
0.3959862486063363
0.39598972082976414
0.395993193053192
0.3959966652766199
0.39600013750004776
0.3960036097234756
0.3960070819469034
0.39601055417033126
0.39601402639375916
0.396017498617187
0.3960209708406148
0.3960244430640427
0.3960279152874706
0.39603138751089845
0.3960348597343263
0.3960383319577542
0.396041804181182
0.39604527640460985
0.3960487486280377
0.3960522208514656
0.3960556930748934
0.39605916529832125
0.39606263752174914
0.396066109745177
0.39606958196860487
0.3960730541920327
0.39607652641546054
0.3960799986388884
0.3960834708623162
0.3960869430857441
0.396090415309172
0.39609388753259983
0.39609735975602767
0.39610083197945556
0.3961043042028834
0.3961077764263113
0.3961112486497391
0.3961147208731669
0.3961181930965948
0.3961216653200227
0.3961251375434505
0.39612860976687836
0.39613208199030625
0.3961355542137341
0.396139026437162
0.3961424986605898
0.39614597088401765
0.3961494431074455
0.3961529153308734
0.3961563875543012
0.39615985977772905
0.39616333200115694
0.3961668042245848
0.39617027644801267
0.3961737486714405
0.3961772208948684
