0.7065974675685651
0.7066009397919929
0.7066044120154209
0.7066078842388487
0.7066113564622766
0.7066148286857045
0.7066183009091322
0.7066217731325601
0.7066252453559879
0.7066287175794158
0.7066321898028437
0.7066356620262716
0.7066391342496994
0.7066426064731273
0.706646078696555
0.7066495509199829
0.7066530231434108
0.7066564953668386
0.7066599675902665
0.7066634398136943
0.7066669120371223
0.7066703842605501
0.706673856483978
0.7066773287074058
0.7066808009308336
0.7066842731542615
0.7066877453776893
0.7066912176011172
0.706694689824545
0.706698162047973
0.7067016342714008
0.7067051064948286
0.7067085787182565
0.7067120509416844
0.7067155231651122
0.7067189953885401
0.7067224676119679
0.7067259398353957
0.7067294120588237
0.7067328842822515
0.7067363565056793
0.7067398287291072
0.7067433009525351
0.7067467731759629
0.7067502453993908
0.7067537176228186
0.7067571898462465
0.7067606620696744
0.7067641342931021
0.70676760651653
0.7067710787399579
0.7067745509633858
0.7067780231868136
0.7067814954102415
0.7067849676336693
0.7067884398570972
0.706791912080525
0.7067953843039528
0.7067988565273807
0.7068023287508085
0.7068058009742365
0.7068092731976643
0.7068127454210922
0.70681621764452
0.7068196898679479
0.7068231620913757
0.7068266343148035
0.7068301065382314
0.7068335787616593
0.7068370509850872
0.706840523208515
0.7068439954319429
0.7068474676553707
0.7068509398787985
0.7068544121022264
0.7068578843256543
0.7068613565490821
0.70686482877251
0.7068683009959379
0.7068717732193657
0.7068752454427936
0.7068787176662213
0.7068821898896493
0.7068856621130771
0.706889134336505
0.7068926065599328
0.7068960787833607
0.7068995510067886
0.7069030232302164
0.7069064954536443
0.706909967677072
0.7069134399004999
0.7069169121239278
0.7069203843473557
0.7069238565707835
0.7069273287942114
0.7069308010176393
0.7069342732410671
0.706937745464495
0.7069412176879227
0.7069446899113506
0.7069481621347785
0.7069516343582064
0.7069551065816342
0.7069585788050622
0.70696205102849
0.7069655232519177
0.7069689954753456
0.7069724676987734
0.7069759399222013
0.7069794121456292
0.7069828843690571
0.7069863565924849
0.7069898288159129
0.7069933010393407
0.7069967732627686
0.7070002454861963
0.7070037177096242
0.707007189933052
0.7070106621564799
0.7070141343799078
0.7070176066033356
0.7070210788267636
0.7070245510501914
0.7070280232736192
0.707031495497047
0.7070349677204749
0.7070384399439028
0.7070419121673306
0.7070453843907585
0.7070488566141863
0.7070523288376142
0.707055801061042
0.7070592732844699
0.7070627455078977
0.7070662177313256
0.7070696899547534
0.7070731621781813
0.7070766344016092
0.707080106625037
0.707083578848465
0.7070870510718927
0.7070905232953206
0.7070939955187484
0.7070974677421763
0.7071009399656041
0.707104412189032
0.7071078844124599
0.7071113566358876
0.7071148288593156
0.7071183010827434
0.7071217733061713
0.7071252455295991
0.707128717753027
0.7071321899764549
0.7071356621998828
0.7071391344233106
0.7071426066467384
0.7071460788701662
0.7071495510935941
0.707153023317022
0.7071564955404498
0.7071599677638777
0.7071634399873055
0.7071669122107335
0.7071703844341612
0.7071738566575891
0.707177328881017
0.7071808011044448
0.7071842733278727
0.7071877455513005
0.7071912177747284
0.7071946899981562
0.7071981622215842
0.7072016344450119
0.7072051066684398
0.7072085788918677
0.7072120511152955
0.7072155233387234
0.7072189955621512
0.7072224677855791
0.7072259400090068
0.7072294122324349
0.7072328844558626
0.7072363566792905
0.7072398289027184
0.7072433011261463
0.7072467733495741
0.7072502455730019
0.7072537177964298
0.7072571900198575
0.7072606622432855
0.7072641344667133
0.7072676066901412
0.7072710789135691
0.707274551136997
0.7072780233604248
0.7072814955838527
0.7072849678072805
0.7072884400307083
