0.2795139859423562
0.27951745816578405
0.27952093038921194
0.2795244026126398
0.2795278748360676
0.2795313470594955
0.27953481928292334
0.27953829150635123
0.27954176372977907
0.2795452359532069
0.27954870817663474
0.2795521804000626
0.27955565262349047
0.2795591248469183
0.2795625970703462
0.27956606929377403
0.27956954151720187
0.27957301374062976
0.27957648596405765
0.2795799581874855
0.2795834304109133
0.27958690263434116
0.279590374857769
0.2795938470811969
0.2795973193046247
0.2796007915280526
0.27960426375148045
0.2796077359749083
0.2796112081983362
0.2796146804217641
0.27961815264519185
0.2796216248686197
0.2796250970920476
0.2796285693154754
0.2796320415389033
0.27963551376233114
0.27963898598575904
0.2796424582091869
0.2796459304326147
0.2796494026560426
0.27965287487947044
0.2796563471028983
0.2796598193263261
0.279663291549754
0.27966676377318184
0.27967023599660973
0.27967370822003756
0.27967718044346546
0.2796806526668933
0.27968412489032113
0.27968759711374896
0.2796910693371768
0.2796945415606047
0.27969801378403253
0.27970148600746036
0.27970495823088826
0.27970843045431615
0.279711902677744
0.2797153749011718
0.2797188471245997
0.27972231934802755
0.2797257915714554
0.2797292637948832
0.2797327360183111
0.27973620824173895
0.2797396804651668
0.2797431526885947
0.2797466249120225
0.2797500971354504
0.27975356935887824
0.27975704158230613
0.2797605138057339
0.27976398602916175
0.27976745825258964
0.27977093047601753
0.27977440269944537
0.2797778749228732
0.2797813471463011
0.27978481936972893
0.2797882915931568
0.27979176381658466
0.2797952360400125
0.27979870826344033
0.27980218048686817
0.27980565271029606
0.2798091249337239
0.2798125971571518
0.2798160693805796
0.27981954160400746
0.27982301382743535
0.27982648605086324
0.279829958274291
0.27983343049771886
0.27983690272114675
0.2798403749445746
0.2798438471680025
0.2798473193914303
0.2798507916148582
0.27985426383828604
0.2798577360617139
0.27986120828514177
0.2798646805085696
0.27986815273199744
0.2798716249554253
0.27987509717885317
0.279878569402281
0.2798820416257089
0.27988551384913674
0.2798889860725646
0.27989245829599246
0.2798959305194203
0.2798994027428482
0.279902874966276
0.27990634718970386
0.2799098194131317
0.2799132916365596
0.2799167638599874
0.2799202360834153
0.27992370830684316
0.27992718053027105
0.2799306527536989
0.2799341249771267
0.27993759720055456
0.2799410694239824
0.2799445416474103
0.2799480138708381
0.27995148609426596
0.27995495831769385
0.2799584305411217
0.2799619027645496
0.2799653749879774
0.2799688472114053
0.2799723194348331
0.2799757916582609
0.2799792638816888
0.2799827361051167
0.27998620832854454
0.2799896805519724
0.27999315277540027
0.2799966249988281
0.280000097222256
0.28000356944568383
0.28000704166911167
0.2800105138925395
0.28001398611596734
0.28001745833939523
0.2800209305628231
0.28002440278625096
0.2800278750096788
0.2800313472331067
0.2800348194565345
0.2800382916799624
0.28004176390339025
0.2800452361268181
0.2800487083502459
0.28005218057367376
0.28005565279710165
0.2800591250205295
0.2800625972439574
0.2800660694673852
0.2800695416908131
0.28007301391424094
0.2800764861376688
0.2800799583610966
0.28008343058452445
0.28008690280795234
0.2800903750313802
0.28009384725480807
0.2800973194782359
0.2801007917016638
0.28010426392509163
0.28010773614851947
0.28011120837194736
0.2801146805953752
0.28011815281880303
0.28012162504223087
0.28012509726565876
0.2801285694890866
0.2801320417125145
0.2801355139359423
0.2801389861593702
0.28014245838279805
0.2801459306062259
0.2801494028296537
0.2801528750530816
0.28015634727650945
0.2801598194999373
0.2801632917233652
0.280166763946793
0.2801702361702209
0.28017370839364875
0.28017718061707664
0.2801806528405045
0.28018412506393225
0.28018759728736015
0.280191069510788
0.2801945417342159
0.2801980139576437
0.28020148618107155
0.28020495840449944
