0.1906250661892591
0.19062853841268698
0.19063201063611476
0.19063548285954263
0.19063895508297046
0.19064242730639835
0.1906458995298262
0.19064937175325408
0.19065284397668195
0.19065631620010975
0.19065978842353762
0.19066326064696545
0.19066673287039335
0.1906702050938212
0.19067367731724905
0.19067714954067694
0.19068062176410472
0.1906840939875326
0.19068756621096047
0.1906910384343883
0.1906945106578162
0.19069798288124404
0.19070145510467193
0.19070492732809977
0.19070839955152757
0.19071187177495547
0.1907153439983833
0.1907188162218112
0.19072228844523903
0.1907257606686669
0.19072923289209473
0.19073270511552257
0.19073617733895046
0.1907396495623783
0.19074312178580616
0.19074659400923405
0.19075006623266183
0.19075353845608972
0.19075701067951756
0.19076048290294542
0.1907639551263733
0.19076742734980115
0.19077089957322904
0.19077437179665682
0.19077784402008469
0.19078131624351252
0.1907847884669404
0.1907882606903683
0.19079173291379614
0.190795205137224
0.1907986773606518
0.19080214958407968
0.19080562180750757
0.1908090940309354
0.19081256625436327
0.1908160384777911
0.190819510701219
0.1908229829246469
0.19082645514807467
0.19082992737150253
0.19083339959493037
0.19083687181835826
0.19084034404178615
0.190843816265214
0.19084728848864183
0.19085076071206963
0.19085423293549753
0.19085770515892536
0.19086117738235325
0.19086464960578112
0.19086812182920893
0.1908715940526368
0.19087506627606463
0.19087853849949252
0.19088201072292038
0.19088548294634822
0.1908889551697761
0.1908924273932039
0.19089589961663178
0.19089937184005965
0.19090284406348748
0.19090631628691537
0.1909097885103432
0.1909132607337711
0.19091673295719896
0.19092020518062675
0.19092367740405464
0.19092714962748247
0.19093062185091036
0.1909340940743382
0.19093756629776606
0.19094103852119396
0.19094451074462174
0.19094798296804963
0.19095145519147746
0.19095492741490533
0.19095839963833322
0.19096187186176106
0.19096534408518895
0.19096881630861673
0.1909722885320446
0.19097576075547248
0.19097923297890032
0.1909827052023282
0.19098617742575605
0.19098964964918388
0.1909931218726117
0.19099659409603958
0.19100006631946748
0.1910035385428953
0.19100701076632318
0.19101048298975098
0.19101395521317885
0.19101742743660674
0.19102089966003458
0.19102437188346244
0.19102784410689028
0.19103131633031817
0.19103478855374606
0.19103826077717384
0.1910417330006017
0.19104520522402954
0.19104867744745743
0.19105214967088532
0.19105562189431316
0.19105909411774102
0.1910625663411688
0.1910660385645967
0.19106951078802453
0.19107298301145242
0.1910764552348803
0.19107992745830812
0.19108339968173602
0.1910868719051638
0.1910903441285917
0.19109381635201955
0.1910972885754474
0.19110076079887528
0.19110423302230312
0.19110770524573095
0.19111117746915882
0.19111464969258665
0.19111812191601454
0.19112159413944238
0.19112506636287027
0.19112853858629814
0.19113201080972594
0.1911354830331538
0.19113895525658164
0.19114242748000954
0.19114589970343737
0.19114937192686524
0.19115284415029313
0.1911563163737209
0.1911597885971488
0.19116326082057664
0.1911667330440045
0.1911702052674324
0.19117367749086023
0.19117714971428812
0.1911806219377159
0.19118409416114376
0.19118756638457166
0.1911910386079995
0.19119451083142738
0.19119798305485522
0.19120145527828308
0.19120492750171092
0.19120839972513876
0.19121187194856665
0.19121534417199448
0.19121881639542235
0.19122228861885018
0.19122576084227808
0.1912292330657059
0.19123270528913375
0.1912361775125616
0.19123964973598945
0.19124312195941734
0.19124659418284523
0.191250066406273
0.19125353862970088
0.1912570108531287
0.1912604830765566
0.1912639552999845
0.19126742752341233
0.1912708997468402
0.19127437197026798
0.19127784419369587
0.1912813164171237
0.1912847886405516
0.19128826086397946
0.1912917330874073
0.1912952053108352
0.19129867753426297
0.19130214975769086
0.19130562198111872
0.19130909420454656
0.19131256642797445
0.1913160386514023
