0.3607640141541716
0.3607674863775994
0.36077095860102726
0.3607744308244551
0.36077790304788304
0.3607813752713109
0.36078484749473866
0.3607883197181665
0.3607917919415944
0.3607952641650223
0.3607987363884501
0.36080220861187795
0.36080568083530584
0.3608091530587337
0.36081262528216157
0.3608160975055894
0.36081956972901724
0.3608230419524451
0.36082651417587297
0.3608299863993008
0.3608334586227287
0.36083693084615653
0.3608404030695844
0.36084387529301226
0.3608473475164401
0.36085081973986793
0.3608542919632958
0.36085776418672366
0.3608612364101515
0.36086470863357933
0.3608681808570072
0.3608716530804351
0.36087512530386295
0.3608785975272908
0.3608820697507186
0.3608855419741465
0.36088901419757435
0.3608924864210022
0.36089595864443
0.3608994308678579
0.3609029030912858
0.36090637531471365
0.3609098475381415
0.3609133197615694
0.36091679198499726
0.3609202642084251
0.36092373643185294
0.3609272086552807
0.3609306808787086
0.3609341531021365
0.36093762532556434
0.3609410975489922
0.36094456977242
0.36094804199584796
0.3609515142192758
0.36095498644270363
0.36095845866613147
0.3609619308895593
0.36096540311298714
0.36096887533641503
0.36097234755984287
0.36097581978327076
0.3609792920066986
0.3609827642301265
0.3609862364535543
0.36098970867698216
0.36099318090041005
0.3609966531238379
0.3610001253472657
0.36100359757069356
0.36100706979412145
0.36101054201754934
0.3610140142409772
0.361017486464405
0.36102095868783285
0.3610244309112607
0.3610279031346886
0.3610313753581164
0.36103484758154425
0.3610383198049721
0.3610417920284
0.36104526425182787
0.3610487364752557
0.36105220869868354
0.36105568092211143
0.36105915314553927
0.36106262536896716
0.361066097592395
0.36106956981582283
0.36107304203925067
0.36107651426267856
0.3610799864861064
0.3610834587095343
0.3610869309329621
0.36109040315639
0.36109387537981785
0.3610973476032457
0.3611008198266735
0.3611042920501014
0.36110776427352925
0.3611112364969571
0.3611147087203849
0.3611181809438128
0.3611216531672407
0.36112512539066854
0.3611285976140964
0.3611320698375242
0.3611355420609521
0.36113901428437994
0.3611424865078078
0.3611459587312356
0.3611494309546635
0.3611529031780914
0.36115637540151924
0.3611598476249471
0.36116331984837496
0.3611667920718028
0.36117026429523064
0.3611737365186585
0.3611772087420863
0.3611806809655142
0.3611841531889421
0.36118762541236993
0.36119109763579776
0.3611945698592256
0.3611980420826535
0.3612015143060814
0.3612049865295092
0.36120845875293706
0.3612119309763649
0.36121540319979273
0.3612188754232206
0.36122234764664846
0.36122581987007635
0.3612292920935042
0.3612327643169321
0.3612362365403599
0.36123970876378775
0.3612431809872156
0.3612466532106435
0.3612501254340713
0.36125359765749915
0.36125706988092704
0.36126054210435493
0.36126401432778277
0.3612674865512106
0.36127095877463844
0.3612744309980663
0.36127790322149417
0.361281375444922
0.36128484766834984
0.3612883198917777
0.36129179211520557
0.36129526433863346
0.3612987365620613
0.36130220878548913
0.361305681008917
0.36130915323234486
0.3613126254557727
0.36131609767920053
0.3613195699026284
0.36132304212605626
0.36132651434948415
0.361329986572912
0.3613334587963399
0.3613369310197677
0.3613404032431956
0.36134387546662344
0.3613473476900513
0.3613508199134791
0.361354292136907
0.36135776436033484
0.3613612365837627
0.3613647088071905
0.3613681810306184
0.3613716532540463
0.36137512547747414
0.36137859770090197
0.3613820699243298
0.36138554214775764
0.36138901437118554
0.36139248659461337
0.3613959588180412
0.3613994310414691
0.361402903264897
0.3614063754883248
0.36140984771175266
0.36141331993518055
0.3614167921586084
0.3614202643820362
0.36142373660546406
0.3614272088288919
0.3614306810523198
0.3614341532757477
0.3614376254991755
0.36144109772260336
0.3614445699460312
0.3614480421694591
0.3614515143928869
0.36145498661631476
