0.9468753287761558
0.9468788009995839
0.9468822732230114
0.9468857454464394
0.9468892176698671
0.9468926898932951
0.946896162116723
0.9468996343401508
0.9469031065635787
0.9469065787870065
0.9469100510104346
0.9469135232338621
0.9469169954572902
0.9469204676807178
0.9469239399041459
0.9469274121275737
0.9469308843510015
0.9469343565744294
0.9469378287978572
0.946941301021285
0.9469447732447128
0.9469482454681409
0.9469517176915685
0.9469551899149966
0.9469586621384242
0.9469621343618523
0.9469656065852801
0.946969078808708
0.946972551032136
0.9469760232555635
0.9469794954789916
0.9469829677024192
0.9469864399258473
0.9469899121492749
0.946993384372703
0.9469968565961308
0.9470003288195586
0.9470038010429866
0.9470072732664143
0.9470107454898423
0.94701421771327
0.947017689936698
0.9470211621601258
0.9470246343835537
0.9470281066069814
0.9470315788304093
0.9470350510538371
0.947038523277265
0.947041995500693
0.9470454677241207
0.9470489399475487
0.9470524121709765
0.9470558843944044
0.9470593566178321
0.94706282884126
0.9470663010646878
0.9470697732881157
0.9470732455115437
0.9470767177349714
0.9470801899583994
0.947083662181827
0.947087134405255
0.9470906066286828
0.9470940788521107
0.9470975510755387
0.9471010232989664
0.9471044955223944
0.9471079677458221
0.9471114399692501
0.9471149121926778
0.9471183844161057
0.9471218566395335
0.9471253288629614
0.9471288010863892
0.9471322733098171
0.9471357455332451
0.9471392177566728
0.9471426899801008
0.9471461622035285
0.9471496344269564
0.9471531066503842
0.9471565788738121
0.9471600510972399
0.9471635233206678
0.9471669955440958
0.9471704677675234
0.9471739399909515
0.9471774122143791
0.9471808844378071
0.9471843566612349
0.9471878288846628
0.9471913011080908
0.9471947733315185
0.9471982455549465
0.9472017177783741
0.9472051900018021
0.94720866222523
0.9472121344486578
0.9472156066720856
0.9472190788955135
0.9472225511189413
0.9472260233423692
0.9472294955657972
0.9472329677892248
0.9472364400126528
0.9472399122360807
0.9472433844595085
0.9472468566829364
0.9472503289063642
0.9472538011297921
0.9472572733532199
0.9472607455766479
0.9472642178000755
0.9472676900235035
0.9472711622469312
0.9472746344703592
0.9472781066937871
0.9472815789172149
0.9472850511406429
0.9472885233640705
0.9472919955874985
0.9472954678109262
0.9472989400343542
0.9473024122577821
0.9473058844812099
0.9473093567046378
0.9473128289280656
0.9473163011514935
0.9473197733749212
0.9473232455983492
0.9473267178217769
0.9473301900452049
0.9473336622686328
0.9473371344920606
0.9473406067154885
0.9473440789389163
0.9473475511623441
0.9473510233857719
0.9473544956091999
0.9473579678326276
0.9473614400560556
0.9473649122794833
0.9473683845029113
0.9473718567263392
0.947375328949767
0.947378801173195
0.9473822733966226
0.9473857456200506
0.9473892178434783
0.9473926900669063
0.9473961622903342
0.947399634513762
0.9474031067371899
0.9474065789606176
0.9474100511840456
0.9474135234074733
0.9474169956309013
0.947420467854329
0.947423940077757
0.9474274123011849
0.9474308845246127
0.9474343567480406
0.9474378289714683
0.9474413011948962
0.947444773418324
0.9474482456417521
0.9474517178651797
0.9474551900886077
0.9474586623120353
0.9474621345354634
0.9474656067588912
0.947469078982319
0.9474725512057471
0.9474760234291747
0.9474794956526028
0.9474829678760304
0.9474864400994585
0.947489912322886
0.9474933845463142
0.9474968567697419
0.9475003289931697
0.9475038012165978
0.9475072734400254
0.9475107456634535
0.9475142178868811
0.9475176901103092
0.947521162333737
0.9475246345571648
0.9475281067805926
0.9475315790040205
0.9475350512274483
0.9475385234508762
0.9475419956743042
0.9475454678977318
0.9475489401211599
0.9475524123445876
0.9475558845680155
0.9475593567914433
0.9475628290148712
0.947566301238299
