0.6163196584443258
0.6163231306677537
0.6163266028911816
0.6163300751146094
0.6163335473380374
0.6163370195614651
0.616340491784893
0.6163439640083208
0.6163474362317487
0.6163509084551765
0.6163543806786044
0.6163578529020323
0.61636132512546
0.616364797348888
0.6163682695723158
0.6163717417957437
0.6163752140191715
0.6163786862425994
0.6163821584660272
0.6163856306894551
0.616389102912883
0.6163925751363107
0.6163960473597387
0.6163995195831665
0.6164029918065944
0.6164064640300222
0.6164099362534501
0.6164134084768779
0.6164168807003059
0.6164203529237336
0.6164238251471615
0.6164272973705893
0.6164307695940172
0.6164342418174451
0.6164377140408729
0.6164411862643008
0.6164446584877286
0.6164481307111566
0.6164516029345843
0.6164550751580122
0.6164585473814401
0.6164620196048679
0.6164654918282958
0.6164689640517236
0.6164724362751515
0.6164759084985793
0.6164793807220073
0.616482852945435
0.6164863251688629
0.6164897973922908
0.6164932696157186
0.6164967418391465
0.6165002140625743
0.6165036862860022
0.6165071585094299
0.616510630732858
0.6165141029562857
0.6165175751797136
0.6165210474031415
0.6165245196265693
0.6165279918499972
0.616531464073425
0.6165349362968529
0.6165384085202806
0.6165418807437086
0.6165453529671364
0.6165488251905643
0.6165522974139921
0.6165557696374201
0.6165592418608479
0.6165627140842758
0.6165661863077035
0.6165696585311313
0.6165731307545593
0.6165766029779871
0.616580075201415
0.6165835474248429
0.6165870196482708
0.6165904918716986
0.6165939640951265
0.6165974363185542
0.6166009085419821
0.61660438076541
0.6166078529888378
0.6166113252122657
0.6166147974356936
0.6166182696591215
0.6166217418825493
0.6166252141059771
0.6166286863294049
0.6166321585528328
0.6166356307762607
0.6166391029996885
0.6166425752231164
0.6166460474465443
0.6166495196699722
0.6166529918934
0.6166564641168278
0.6166599363402556
0.6166634085636835
0.6166668807871114
0.6166703530105392
0.6166738252339671
0.6166772974573949
0.6166807696808229
0.6166842419042506
0.6166877141276785
0.6166911863511063
0.6166946585745342
0.6166981307979621
0.61670160302139
0.6167050752448178
0.6167085474682457
0.6167120196916736
0.6167154919151013
0.6167189641385292
0.616722436361957
0.6167259085853849
0.6167293808088128
0.6167328530322407
0.6167363252556685
0.6167397974790964
0.6167432697025242
0.616746741925952
0.6167502141493799
0.6167536863728077
0.6167571585962356
0.6167606308196635
0.6167641030430914
0.6167675752665192
0.616771047489947
0.6167745197133749
0.6167779919368027
0.6167814641602306
0.6167849363836584
0.6167884086070863
0.6167918808305142
0.6167953530539421
0.6167988252773698
0.6168022975007977
0.6168057697242256
0.6168092419476534
0.6168127141710813
0.6168161863945091
0.616819658617937
0.6168231308413649
0.6168266030647928
0.6168300752882205
0.6168335475116485
0.6168370197350763
0.6168404919585042
0.616843964181932
0.6168474364053599
0.6168509086287877
0.6168543808522156
0.6168578530756434
0.6168613252990712
0.6168647975224992
0.616868269745927
0.6168717419693549
0.6168752141927827
0.6168786864162106
0.6168821586396384
0.6168856308630662
0.6168891030864941
0.6168925753099219
0.6168960475333499
0.6168995197567777
0.6169029919802056
0.6169064642036334
0.6169099364270613
0.616913408650489
0.6169168808739169
0.6169203530973448
0.6169238253207726
0.6169272975442005
0.6169307697676284
0.6169342419910563
0.6169377142144841
0.616941186437912
0.6169446586613397
0.6169481308847676
0.6169516031081955
0.6169550753316233
0.6169585475550513
0.6169620197784791
0.616965492001907
0.6169689642253348
0.6169724364487627
0.6169759086721904
0.6169793808956184
0.6169828531190462
0.6169863253424741
0.616989797565902
0.6169932697893298
0.6169967420127577
0.6170002142361855
0.6170036864596133
0.6170071586830411
0.6170106309064691
