0.7128474697387047
0.7128509419621326
0.7128544141855605
0.7128578864089883
0.7128613586324162
0.7128648308558441
0.712868303079272
0.7128717753026997
0.7128752475261276
0.7128787197495554
0.7128821919729833
0.7128856641964112
0.712889136419839
0.7128926086432669
0.7128960808666948
0.7128995530901227
0.7129030253135504
0.7129064975369783
0.7129099697604061
0.712913441983834
0.7129169142072618
0.7129203864306898
0.7129238586541177
0.7129273308775455
0.7129308031009733
0.7129342753244011
0.712937747547829
0.7129412197712568
0.7129446919946847
0.7129481642181126
0.7129516364415405
0.7129551086649683
0.7129585808883961
0.712962053111824
0.7129655253352518
0.7129689975586797
0.7129724697821075
0.7129759420055354
0.7129794142289632
0.7129828864523912
0.712986358675819
0.7129898308992468
0.7129933031226747
0.7129967753461025
0.7130002475695304
0.7130037197929582
0.7130071920163861
0.7130106642398139
0.7130141364632419
0.7130176086866696
0.7130210809100976
0.7130245531335254
0.7130280253569533
0.7130314975803811
0.7130349698038089
0.7130384420272368
0.7130419142506647
0.7130453864740925
0.7130488586975203
0.7130523309209483
0.7130558031443761
0.713059275367804
0.7130627475912318
0.7130662198146597
0.7130696920380875
0.7130731642615153
0.7130766364849432
0.7130801087083711
0.713083580931799
0.7130870531552268
0.7130905253786547
0.7130939976020825
0.7130974698255104
0.7131009420489381
0.713104414272366
0.7131078864957939
0.7131113587192217
0.7131148309426497
0.7131183031660775
0.7131217753895054
0.7131252476129332
0.7131287198363611
0.7131321920597888
0.7131356642832167
0.7131391365066446
0.7131426087300724
0.7131460809535004
0.7131495531769282
0.7131530254003561
0.7131564976237839
0.7131599698472117
0.7131634420706395
0.7131669142940674
0.7131703865174953
0.7131738587409232
0.7131773309643511
0.7131808031877789
0.7131842754112068
0.7131877476346346
0.7131912198580624
0.7131946920814902
0.7131981643049182
0.713201636528346
0.7132051087517739
0.7132085809752018
0.7132120531986296
0.7132155254220575
0.7132189976454852
0.7132224698689131
0.7132259420923409
0.7132294143157688
0.7132328865391967
0.7132363587626246
0.7132398309860525
0.7132433032094803
0.7132467754329082
0.7132502476563359
0.7132537198797638
0.7132571921031916
0.7132606643266196
0.7132641365500474
0.7132676087734753
0.7132710809969032
0.713274553220331
0.7132780254437588
0.7132814976671866
0.7132849698906145
0.7132884421140423
0.7132919143374703
0.7132953865608981
0.713298858784326
0.7133023310077539
0.7133058032311818
0.7133092754546095
0.7133127476780374
0.7133162199014652
0.713319692124893
0.7133231643483209
0.7133266365717488
0.7133301087951768
0.7133335810186046
0.7133370532420324
0.7133405254654602
0.7133439976888881
0.7133474699123159
0.7133509421357438
0.7133544143591717
0.7133578865825995
0.7133613588060274
0.7133648310294552
0.7133683032528831
0.7133717754763109
0.7133752476997388
0.7133787199231666
0.7133821921465945
0.7133856643700224
0.7133891365934502
0.713392608816878
0.7133960810403059
0.7133995532637338
0.7134030254871616
0.7134064977105895
0.7134099699340173
0.7134134421574452
0.713416914380873
0.7134203866043008
0.7134238588277289
0.7134273310511566
0.7134308032745845
0.7134342754980123
0.7134377477214402
0.713441219944868
0.7134446921682959
0.7134481643917238
0.7134516366151517
0.7134551088385794
0.7134585810620073
0.7134620532854352
0.713465525508863
0.7134689977322909
0.7134724699557187
0.7134759421791466
0.7134794144025743
0.7134828866260023
0.7134863588494302
0.713489831072858
0.7134933032962859
0.7134967755197137
0.7135002477431416
0.7135037199665694
0.7135071921899973
0.7135106644134251
0.713514136636853
0.7135176088602808
0.7135210810837087
0.7135245533071366
0.7135280255305644
0.7135314977539923
0.71353496997742
0.7135384422008479
