0.656597450207448
0.6566009224308758
0.6566043946543038
0.6566078668777315
0.6566113391011594
0.6566148113245872
0.6566182835480151
0.656621755771443
0.6566252279948708
0.6566287002182987
0.6566321724417264
0.6566356446651544
0.6566391168885822
0.6566425891120101
0.656646061335438
0.6566495335588658
0.6566530057822937
0.6566564780057215
0.6566599502291494
0.6566634224525771
0.6566668946760051
0.6566703668994329
0.6566738391228608
0.6566773113462886
0.6566807835697166
0.6566842557931444
0.6566877280165723
0.65669120024
0.6566946724634278
0.6566981446868558
0.6567016169102836
0.6567050891337115
0.6567085613571394
0.6567120335805673
0.6567155058039951
0.656718978027423
0.6567224502508507
0.6567259224742786
0.6567293946977065
0.6567328669211343
0.6567363391445622
0.6567398113679901
0.656743283591418
0.6567467558148458
0.6567502280382737
0.6567537002617014
0.6567571724851293
0.6567606447085572
0.656764116931985
0.6567675891554129
0.6567710613788407
0.6567745336022687
0.6567780058256965
0.6567814780491243
0.6567849502725521
0.65678842249598
0.6567918947194078
0.6567953669428357
0.6567988391662636
0.6568023113896915
0.6568057836131194
0.6568092558365471
0.656812728059975
0.6568162002834028
0.6568196725068307
0.6568231447302586
0.6568266169536865
0.6568300891771143
0.6568335614005422
0.6568370336239701
0.6568405058473978
0.6568439780708257
0.6568474502942535
0.6568509225176814
0.6568543947411093
0.6568578669645372
0.656861339187965
0.6568648114113929
0.6568682836348207
0.6568717558582485
0.6568752280816764
0.6568787003051042
0.6568821725285321
0.65688564475196
0.6568891169753879
0.6568925891988157
0.6568960614222435
0.6568995336456714
0.6569030058690992
0.6569064780925271
0.6569099503159549
0.6569134225393828
0.6569168947628107
0.6569203669862386
0.6569238392096663
0.6569273114330942
0.6569307836565221
0.6569342558799499
0.6569377281033778
0.6569412003268056
0.6569446725502335
0.6569481447736614
0.6569516169970893
0.656955089220517
0.656958561443945
0.6569620336673728
0.6569655058908007
0.6569689781142285
0.6569724503376564
0.6569759225610842
0.6569793947845121
0.65698286700794
0.6569863392313677
0.6569898114547957
0.6569932836782235
0.6569967559016514
0.6570002281250792
0.6570037003485071
0.657007172571935
0.6570106447953628
0.6570141170187906
0.6570175892422184
0.6570210614656463
0.6570245336890742
0.6570280059125021
0.6570314781359299
0.6570349503593578
0.6570384225827856
0.6570418948062134
0.6570453670296413
0.6570488392530691
0.6570523114764971
0.6570557836999249
0.6570592559233528
0.6570627281467806
0.6570662003702085
0.6570696725936362
0.6570731448170641
0.657076617040492
0.6570800892639198
0.6570835614873478
0.6570870337107756
0.6570905059342035
0.6570939781576313
0.6570974503810592
0.6571009226044869
0.6571043948279149
0.6571078670513427
0.6571113392747706
0.6571148114981984
0.6571182837216263
0.6571217559450542
0.657125228168482
0.6571287003919098
0.6571321726153376
0.6571356448387656
0.6571391170621934
0.6571425892856213
0.6571460615090492
0.657149533732477
0.6571530059559049
0.6571564781793326
0.6571599504027605
0.6571634226261883
0.6571668948496163
0.6571703670730441
0.657173839296472
0.6571773115198998
0.6571807837433277
0.6571842559667556
0.6571877281901833
0.6571912004136112
0.657194672637039
0.657198144860467
0.6572016170838948
0.6572050893073227
0.6572085615307506
0.6572120337541784
0.6572155059776063
0.657218978201034
0.6572224504244619
0.6572259226478897
0.6572293948713177
0.6572328670947455
0.6572363393181734
0.6572398115416013
0.6572432837650292
0.6572467559884569
0.6572502282118848
0.6572537004353126
0.6572571726587405
0.6572606448821684
0.6572641171055962
0.6572675893290241
0.6572710615524519
0.6572745337758799
0.6572780059993076
0.6572814782227355
0.6572849504461633
0.6572884226695912
