0.676736346089009
0.676739818312437
0.6767432905358648
0.6767467627592927
0.6767502349827205
0.6767537072061482
0.6767571794295761
0.676760651653004
0.6767641238764319
0.6767675960998597
0.6767710683232877
0.6767745405467155
0.6767780127701434
0.6767814849935712
0.676784957216999
0.6767884294404269
0.6767919016638547
0.6767953738872826
0.6767988461107104
0.6768023183341383
0.6768057905575662
0.6768092627809941
0.6768127350044219
0.6768162072278497
0.6768196794512775
0.6768231516747054
0.6768266238981333
0.6768300961215611
0.6768335683449891
0.6768370405684169
0.6768405127918448
0.6768439850152725
0.6768474572387004
0.6768509294621282
0.6768544016855561
0.676857873908984
0.6768613461324118
0.6768648183558398
0.6768682905792676
0.6768717628026955
0.6768752350261232
0.6768787072495511
0.676882179472979
0.6768856516964069
0.6768891239198347
0.6768925961432625
0.6768960683666904
0.6768995405901183
0.6769030128135461
0.6769064850369739
0.6769099572604018
0.6769134294838296
0.6769169017072576
0.6769203739306854
0.6769238461541133
0.6769273183775412
0.676930790600969
0.6769342628243968
0.6769377350478246
0.6769412072712525
0.6769446794946803
0.6769481517181083
0.6769516239415361
0.676955096164964
0.6769585683883917
0.6769620406118196
0.6769655128352475
0.6769689850586753
0.6769724572821032
0.676975929505531
0.676979401728959
0.6769828739523868
0.6769863461758147
0.6769898183992425
0.6769932906226703
0.6769967628460982
0.677000235069526
0.6770037072929539
0.6770071795163817
0.6770106517398097
0.6770141239632375
0.6770175961866653
0.6770210684100932
0.6770245406335211
0.6770280128569489
0.6770314850803768
0.6770349573038046
0.6770384295272325
0.6770419017506604
0.6770453739740881
0.677048846197516
0.6770523184209438
0.6770557906443718
0.6770592628677996
0.6770627350912275
0.6770662073146553
0.6770696795380832
0.6770731517615111
0.6770766239849388
0.6770800962083667
0.6770835684317946
0.6770870406552225
0.6770905128786503
0.6770939851020782
0.677097457325506
0.6771009295489339
0.6771044017723618
0.6771078739957895
0.6771113462192174
0.6771148184426453
0.6771182906660732
0.677121762889501
0.6771252351129289
0.6771287073363567
0.6771321795597846
0.6771356517832124
0.6771391240066402
0.6771425962300681
0.6771460684534959
0.6771495406769239
0.6771530129003517
0.6771564851237796
0.6771599573472074
0.6771634295706352
0.6771669017940631
0.677170374017491
0.6771738462409188
0.6771773184643467
0.6771807906877746
0.6771842629112024
0.6771877351346303
0.677191207358058
0.6771946795814859
0.6771981518049138
0.6772016240283417
0.6772050962517695
0.6772085684751974
0.6772120406986253
0.6772155129220531
0.677218985145481
0.6772224573689087
0.6772259295923366
0.6772294018157645
0.6772328740391924
0.6772363462626202
0.6772398184860481
0.677243290709476
0.6772467629329038
0.6772502351563316
0.6772537073797594
0.6772571796031873
0.6772606518266152
0.6772641240500431
0.6772675962734709
0.6772710684968989
0.6772745407203267
0.6772780129437544
0.6772814851671823
0.6772849573906101
0.6772884296140381
0.6772919018374659
0.6772953740608938
0.6772988462843216
0.6773023185077495
0.6773057907311774
0.6773092629546053
0.677312735178033
0.6773162074014609
0.6773196796248887
0.6773231518483166
0.6773266240717445
0.6773300962951723
0.6773335685186003
0.677337040742028
0.6773405129654559
0.6773439851888837
0.6773474574123116
0.6773509296357394
0.6773544018591673
0.6773578740825952
0.677361346306023
0.677364818529451
0.6773682907528787
0.6773717629763066
0.6773752351997344
0.6773787074231623
0.6773821796465901
0.677385651870018
0.6773891240934459
0.6773925963168737
0.6773960685403015
0.6773995407637294
0.6774030129871573
0.6774064852105851
0.677409957434013
0.6774134296574408
0.6774169018808687
0.6774203741042966
0.6774238463277243
0.6774273185511523
