0.38506957814915904
0.38507305037258693
0.38507652259601477
0.3850799948194426
0.38508346704287044
0.38508693926629833
0.3850904114897262
0.38509388371315406
0.3850973559365819
0.38510082816000973
0.3851043003834377
0.3851077726068655
0.3851112448302933
0.38511471705372113
0.385118189277149
0.3851216615005769
0.38512513372400475
0.3851286059474326
0.3851320781708605
0.3851355503942883
0.3851390226177162
0.38514249484114405
0.3851459670645719
0.3851494392879997
0.3851529115114276
0.38515638373485545
0.3851598559582833
0.3851633281817112
0.385166800405139
0.3851702726285669
0.38517374485199474
0.3851772170754226
0.38518068929885046
0.3851841615222783
0.38518763374570614
0.385191105969134
0.3851945781925618
0.38519805041598976
0.3852015226394176
0.38520499486284543
0.38520846708627327
0.38521193930970116
0.385215411533129
0.38521888375655683
0.38522235597998467
0.3852258282034125
0.38522930042684045
0.3852327726502683
0.3852362448736961
0.38523971709712396
0.38524318932055185
0.38524666154397974
0.3852501337674076
0.38525360599083536
0.38525707821426325
0.3852605504376911
0.385264022661119
0.3852674948845468
0.38527096710797465
0.38527443933140254
0.38527791155483043
0.38528138377825827
0.3852848560016861
0.38528832822511394
0.3852918004485418
0.38529527267196967
0.3852987448953975
0.38530221711882534
0.38530568934225323
0.3853091615656811
0.38531263378910896
0.3853161060125368
0.38531957823596463
0.3853230504593925
0.38532652268282036
0.3853299949062482
0.38533346712967603
0.3853369393531039
0.3853404115765318
0.38534388379995965
0.3853473560233875
0.3853508282468153
0.3853543004702432
0.38535777269367105
0.3853612449170989
0.3853647171405267
0.3853681893639546
0.3853716615873825
0.38537513381081034
0.3853786060342382
0.38538207825766607
0.3853855504810939
0.3853890227045218
0.38539249492794964
0.3853959671513774
0.3853994393748053
0.3854029115982332
0.38540638382166104
0.38540985604508887
0.38541332826851676
0.3854168004919446
0.3854202727153725
0.38542374493880033
0.38542721716222816
0.385430689385656
0.3854341616090839
0.38543763383251173
0.38544110605593956
0.3854445782793674
0.38544805050279535
0.3854515227262232
0.385454994949651
0.38545846717307886
0.38546193939650675
0.3854654116199346
0.3854688838433624
0.38547235606679026
0.3854758282902181
0.38547930051364604
0.3854827727370739
0.3854862449605017
0.38548971718392955
0.38549318940735744
0.3854966616307853
0.3855001338542131
0.38550360607764095
0.38550707830106884
0.3855105505244967
0.38551402274792457
0.3855174949713524
0.38552096719478024
0.38552443941820813
0.385527911641636
0.38553138386506386
0.3855348560884917
0.38553832831191953
0.38554180053534737
0.38554527275877526
0.3855487449822031
0.38555221720563093
0.3855556894290588
0.3855591616524867
0.38556263387591455
0.3855661060993424
0.3855695783227702
0.3855730505461981
0.38557652276962595
0.3855799949930538
0.3855834672164816
0.3855869394399095
0.3855904116633374
0.38559388388676524
0.3855973561101931
0.3856008283336209
0.3856043005570488
0.38560777278047664
0.3856112450039045
0.3856147172273323
0.3856181894507602
0.3856216616741881
0.38562513389761593
0.38562860612104377
0.38563207834447166
0.3856355505678995
0.38563902279132733
0.38564249501475517
0.385645967238183
0.3856494394616109
0.3856529116850388
0.3856563839084666
0.38565985613189446
0.38566332835532235
0.3856668005787502
0.3856702728021781
0.3856737450256059
0.38567721724903375
0.3856806894724616
0.3856841616958895
0.3856876339193173
0.38569110614274515
0.385694578366173
0.38569805058960094
0.3857015228130288
0.3857049950364566
0.38570846725988445
0.3857119394833123
0.3857154117067402
0.385718883930168
0.38572235615359585
0.3857258283770237
0.38572930060045163
0.38573277282387947
0.3857362450473073
0.38573971727073514
0.38574318949416303
0.38574666171759087
0.3857501339410187
0.38575360616444654
0.38575707838787443
0.38576055061130227
