0.43229181676799194
0.4322952889914198
0.4322987612148476
0.43230223343827545
0.4323057056617034
0.43230917788513124
0.43231265010855907
0.4323161223319869
0.43231959455541474
0.43232306677884264
0.43232653900227047
0.4323300112256983
0.43233348344912614
0.4323369556725541
0.4323404278959819
0.43234390011940976
0.4323473723428376
0.43235084456626544
0.4323543167896933
0.43235778901312116
0.432361261236549
0.43236473345997684
0.4323682056834048
0.4323716779068326
0.43237515013026045
0.4323786223536883
0.4323820945771161
0.4323855668005441
0.4323890390239719
0.43239251124739975
0.4323959834708275
0.4323994556942555
0.4324029279176833
0.43240640014111115
0.432409872364539
0.4324133445879668
0.43241681681139477
0.4324202890348226
0.43242376125825044
0.4324272334816783
0.43243070570510617
0.432434177928534
0.43243765015196184
0.4324411223753897
0.4324445945988175
0.43244806682224546
0.4324515390456733
0.43245501126910113
0.43245848349252897
0.43246195571595686
0.4324654279393847
0.43246890016281253
0.43247237238624037
0.4324758446096682
0.43247931683309615
0.432482789056524
0.4324862612799518
0.43248973350337966
0.43249320572680755
0.4324966779502354
0.4325001501736632
0.43250362239709106
0.4325070946205189
0.43251056684394684
0.4325140390673747
0.4325175112908025
0.43252098351423035
0.4325244557376583
0.43252792796108613
0.43253140018451397
0.4325348724079418
0.4325383446313696
0.43254181685479753
0.43254528907822537
0.4325487613016532
0.43255223352508104
0.432555705748509
0.4325591779719368
0.43256265019536466
0.4325661224187925
0.43256959464222033
0.4325730668656482
0.43257653908907606
0.4325800113125039
0.43258348353593173
0.4325869557593597
0.4325904279827875
0.43259390020621535
0.4325973724296432
0.432600844653071
0.4326043168764989
0.43260778909992675
0.4326112613233546
0.4326147335467824
0.4326182057702104
0.4326216779936382
0.43262515021706605
0.4326286224404939
0.4326320946639217
0.4326355668873496
0.43263903911077745
0.4326425113342053
0.4326459835576331
0.43264945578106107
0.4326529280044889
0.43265640022791674
0.4326598724513446
0.4326633446747724
0.43266681689820036
0.4326702891216282
0.43267376134505603
0.43267723356848387
0.43268070579191176
0.4326841780153396
0.43268765023876743
0.43269112246219527
0.4326945946856231
0.43269806690905105
0.4327015391324789
0.4327050113559067
0.43270848357933456
0.43271195580276245
0.4327154280261903
0.4327189002496181
0.43272237247304596
0.4327258446964738
0.43272931691990174
0.4327327891433296
0.4327362613667574
0.43273973359018525
0.43274320581361314
0.432746678037041
0.4327501502604688
0.43275362248389665
0.4327570947073245
0.43276056693075243
0.43276403915418027
0.4327675113776081
0.43277098360103594
0.43277445582446383
0.43277792804789167
0.4327814002713195
0.43278487249474734
0.4327883447181752
0.4327918169416031
0.43279528916503096
0.4327987613884588
0.43280223361188663
0.4328057058353146
0.4328091780587424
0.43281265028217025
0.4328161225055981
0.4328195947290259
0.4328230669524538
0.43282653917588165
0.4328300113993095
0.4328334836227373
0.43283695584616527
0.4328404280695931
0.43284390029302094
0.4328473725164488
0.4328508447398766
0.4328543169633045
0.43285778918673234
0.4328612614101602
0.432864733633588
0.43286820585701596
0.4328716780804438
0.43287515030387164
0.4328786225272995
0.4328820947507273
0.4328855669741552
0.43288903919758304
0.4328925114210109
0.4328959836444387
0.43289945586786666
0.4329029280912945
0.43290640031472233
0.43290987253815016
0.432913344761578
0.4329168169850059
0.43292028920843373
0.43292376143186156
0.4329272336552894
0.43293070587871735
0.4329341781021452
0.432937650325573
0.43294112254900086
0.4329445947724287
0.43294806699585664
0.4329515392192845
0.4329550114427123
0.43295848366614015
0.43296195588956804
0.4329654281129959
0.4329689003364237
0.43297237255985155
0.4329758447832794
0.43297931700670733
0.43298278923013517
