0.10312503580730405
0.10312850803073194
0.10313198025415976
0.10313545247758765
0.10313892470101553
0.10314239692444337
0.1031458691478712
0.10314934137129904
0.10315281359472692
0.1031562858181548
0.10315975804158263
0.10316323026501051
0.10316670248843834
0.10317017471186618
0.10317364693529406
0.1031771191587219
0.10318059138214977
0.10318406360557761
0.1031875358290055
0.10319100805243328
0.10319448027586116
0.10319795249928905
0.10320142472271687
0.10320489694614476
0.1032083691695726
0.10321184139300048
0.10321531361642836
0.10321878583985615
0.10322225806328403
0.10322573028671186
0.10322920251013974
0.10323267473356762
0.10323614695699546
0.10323961918042333
0.10324309140385113
0.103246563627279
0.10325003585070688
0.10325350807413472
0.10325698029756261
0.10326045252099045
0.10326392474441833
0.1032673969678461
0.103270869191274
0.10327434141470188
0.10327781363812971
0.10328128586155759
0.10328475808498543
0.10328823030841326
0.10329170253184114
0.10329517475526898
0.10329864697869685
0.10330211920212469
0.10330559142555257
0.10330906364898045
0.10331253587240824
0.10331600809583612
0.10331948031926395
0.10332295254269183
0.10332642476611967
0.10332989698954756
0.10333336921297544
0.10333684143640322
0.10334031365983111
0.10334378588325893
0.10334725810668682
0.1033507303301147
0.10335420255354254
0.10335767477697042
0.10336114700039821
0.10336461922382609
0.10336809144725397
0.1033715636706818
0.10337503589410968
0.10337850811753752
0.1033819803409654
0.10338545256439323
0.10338892478782107
0.10339239701124894
0.10339586923467678
0.10339934145810467
0.10340281368153251
0.10340628590496038
0.10340975812838822
0.10341323035181606
0.10341670257524394
0.10342017479867177
0.10342364702209965
0.10342711924552753
0.10343059146895532
0.1034340636923832
0.10343753591581104
0.10344100813923891
0.10344448036266679
0.10344795258609463
0.1034514248095225
0.1034548970329503
0.10345836925637818
0.10346184147980607
0.10346531370323389
0.10346878592666178
0.10347225815008962
0.1034757303735175
0.10347920259694528
0.10348267482037317
0.10348614704380105
0.10348961926722888
0.10349309149065676
0.1034965637140846
0.10350003593751247
0.10350350816094035
0.10350698038436815
0.10351045260779602
0.10351392483122386
0.10351739705465174
0.10352086927807963
0.10352434150150745
0.10352781372493529
0.10353128594836312
0.103534758171791
0.10353823039521884
0.10354170261864673
0.10354517484207461
0.10354864706550239
0.10355211928893028
0.10355559151235812
0.103559063735786
0.10356253595921387
0.10356600818264171
0.10356948040606959
0.10357295262949738
0.10357642485292526
0.10357989707635314
0.10358336929978097
0.10358684152320885
0.10359031374663669
0.10359378597006456
0.10359725819349246
0.10360073041692024
0.10360420264034813
0.10360767486377595
0.10361114708720384
0.10361461931063168
0.10361809153405956
0.10362156375748743
0.10362503598091523
0.1036285082043431
0.10363198042777094
0.10363545265119882
0.1036389248746267
0.10364239709805453
0.10364586932148241
0.1036493415449102
0.10365281376833808
0.10365628599176596
0.1036597582151938
0.10366323043862169
0.10366670266204951
0.10367017488547735
0.10367364710890524
0.10367711933233306
0.10368059155576095
0.10368406377918879
0.10368753600261667
0.10369100822604445
0.10369448044947234
0.10369795267290022
0.10370142489632805
0.10370489711975593
0.10370836934318377
0.10371184156661165
0.10371531379003952
0.10371878601346732
0.1037222582368952
0.10372573046032303
0.10372920268375091
0.1037326749071788
0.10373614713060662
0.10373961935403452
0.1037430915774623
0.10374656380089019
0.10375003602431801
0.1037535082477459
0.10375698047117378
0.10376045269460162
0.1037639249180295
0.10376739714145729
0.10377086936488517
0.10377434158831304
0.10377781381174088
0.10378128603516876
0.1037847582585966
0.10378823048202443
0.10379170270545231
0.10379517492888014
0.10379864715230802
0.10380211937573586
0.10380559159916375
0.10380906382259163
0.10381253604601941
0.1038160082694473
