0.04826390564718947
0.04826737787061731
0.04827085009404514
0.04827432231747297
0.0482777945409009
0.048281266764328735
0.04828473898775657
0.04828821121118441
0.048291683434612244
0.04829515565804017
0.048298627881468006
0.048302100104895836
0.04830557232832367
0.04830904455175151
0.048312516775179434
0.04831598899860727
0.04831946122203511
0.04832293344546303
0.04832640566889077
0.0483298778923187
0.048333350115746535
0.04833682233917437
0.0483402945626023
0.04834376678603013
0.04834723900945797
0.048350711232885805
0.048354183456313635
0.04835765567974157
0.0483611279031694
0.04836460012659723
0.04836807235002507
0.048371544573452996
0.04837501679688083
0.04837848902030867
0.0483819612437365
0.048385433467164334
0.04838890569059226
0.048392377914020096
0.04839585013744793
0.04839932236087577
0.048402794584303604
0.04840626680773153
0.04840973903115937
0.048413211254587196
0.04841668347801513
0.04842015570144296
0.048423627924870795
0.04842710014829863
0.04843057237172647
0.048434044595154394
0.04843751681858223
0.04844098904201006
0.048444461265437895
0.04844793348886573
0.04845140571229366
0.048454877935721494
0.04845835015914933
0.048461822382577166
0.04846529460600509
0.04846876682943293
0.04847223905286076
0.048475711276288594
0.04847918349971643
0.048482655723144356
0.04848612794657219
0.04848960017000003
0.048493072393427955
0.048496544616855694
0.04850001684028363
0.04850348906371146
0.04850696128713929
0.04851043351056722
0.048513905733995055
0.04851737795742289
0.04852085018085073
0.04852432240427856
0.04852779462770649
0.04853126685113432
0.048534739074562155
0.04853821129798999
0.04854168352141783
0.048545155744845754
0.04854862796827359
0.048552100191701426
0.048555572415129256
0.04855904463855719
0.04856251686198493
0.048565989085412854
0.04856946130884069
0.04857293353226853
0.04857640575569645
0.04857987797912429
0.04858335020255212
0.04858682242598005
0.04859029464940779
0.04859376687283572
0.04859723909626355
0.04860071131969139
0.048604183543119316
0.04860765576654715
0.04861112798997499
0.04861460021340282
0.04861807243683065
0.04862154466025849
0.048625016883686416
0.04862848910711425
0.04863196133054209
0.048635433553970014
0.04863890577739775
0.04864237800082569
0.048645850224253516
0.04864932244768135
0.04865279467110928
0.048656266894537115
0.04865973911796495
0.04866321134139279
0.048666683564820616
0.04867015578824855
0.04867362801167638
0.048677100235104215
0.04868057245853214
0.04868404468195989
0.04868751690538781
0.04869098912881565
0.048694461352243486
0.048697933575671315
0.04870140579909925
0.04870487802252708
0.048708350245954914
0.04871182246938275
0.048715294692810586
0.04871876691623851
0.04872223913966635
0.04872571136309418
0.04872918358652211
0.04873265580994985
0.048736128033377776
0.04873960025680561
0.04874307248023345
0.048746544703661375
0.04875001692708921
0.04875348915051705
0.048756961373944974
0.04876043359737271
0.04876390582080064
0.048767378044228475
0.04877085026765631
0.04877432249108415
0.048777794714512074
0.04878126693793991
0.04878473916136774
0.048788211384795575
0.04879168360822341
0.04879515583165134
0.048798628055079174
0.04880210027850701
0.048805572501934846
0.048809044725362676
0.04881251694879061
0.04881598917221844
0.048819461395646274
0.0488229336190742
0.048826405842501946
0.04882987806592987
0.04883335028935771
0.048836822512785545
0.04884029473621347
0.04884376695964131
0.04884723918306914
0.04885071140649697
0.04885418362992481
0.048857655853352736
0.04886112807678057
0.04886460030020841
0.04886807252363624
0.04887154474706417
0.048875016970492
0.048878489193919836
0.04888196141734767
0.04888543364077551
0.048888905864203434
0.04889237808763127
0.04889585031105911
0.048899322534486936
0.04890279475791477
0.0489062669813427
0.048909739204770535
0.04891321142819837
0.0489166836516263
0.04892015587505413
0.04892362809848197
0.0489271003219098
0.048930572545337635
0.04893404476876556
0.0489375169921934
0.04894098921562123
0.04894446143904907
0.048947933662476906
0.04895140588590483
0.04895487810933267
