0.7586808189863955
0.7586842912098234
0.7586877634332512
0.7586912356566791
0.7586947078801068
0.7586981801035347
0.7587016523269626
0.7587051245503905
0.7587085967738184
0.7587120689972462
0.7587155412206741
0.7587190134441019
0.7587224856675298
0.7587259578909575
0.7587294301143854
0.7587329023378133
0.7587363745612411
0.7587398467846691
0.7587433190080969
0.7587467912315248
0.7587502634549526
0.7587537356783804
0.7587572079018082
0.7587606801252361
0.758764152348664
0.7587676245720919
0.7587710967955198
0.7587745690189476
0.7587780412423755
0.7587815134658032
0.7587849856892311
0.7587884579126589
0.7587919301360869
0.7587954023595147
0.7587988745829426
0.7588023468063704
0.7588058190297983
0.7588092912532262
0.7588127634766539
0.7588162357000818
0.7588197079235096
0.7588231801469376
0.7588266523703655
0.7588301245937933
0.7588335968172212
0.758837069040649
0.7588405412640769
0.7588440134875046
0.7588474857109325
0.7588509579343604
0.7588544301577882
0.7588579023812161
0.758861374604644
0.7588648468280719
0.7588683190514997
0.7588717912749275
0.7588752634983553
0.7588787357217832
0.758882207945211
0.758885680168639
0.7588891523920668
0.7588926246154947
0.7588960968389225
0.7588995690623503
0.7589030412857782
0.758906513509206
0.7589099857326339
0.7589134579560617
0.7589169301794897
0.7589204024029176
0.7589238746263454
0.7589273468497733
0.7589308190732011
0.7589342912966289
0.7589377635200567
0.7589412357434846
0.7589447079669125
0.7589481801903403
0.7589516524137682
0.758955124637196
0.758958596860624
0.7589620690840518
0.7589655413074796
0.7589690135309075
0.7589724857543353
0.7589759579777632
0.7589794302011911
0.7589829024246189
0.7589863746480469
0.7589898468714746
0.7589933190949025
0.7589967913183303
0.7590002635417582
0.759003735765186
0.7590072079886139
0.7590106802120418
0.7590141524354695
0.7590176246588974
0.7590210968823253
0.7590245691057532
0.759028041329181
0.7590315135526089
0.7590349857760367
0.7590384579994646
0.7590419302228923
0.7590454024463202
0.7590488746697481
0.759052346893176
0.7590558191166039
0.7590592913400317
0.7590627635634596
0.7590662357868874
0.7590697080103153
0.759073180233743
0.759076652457171
0.7590801246805989
0.7590835969040267
0.7590870691274546
0.7590905413508824
0.7590940135743103
0.7590974857977381
0.759100958021166
0.7591044302445938
0.7591079024680217
0.7591113746914496
0.7591148469148774
0.7591183191383053
0.7591217913617331
0.759125263585161
0.7591287358085888
0.7591322080320168
0.7591356802554444
0.7591391524788724
0.7591426247023002
0.7591460969257281
0.759149569149156
0.7591530413725838
0.7591565135960117
0.7591599858194394
0.7591634580428673
0.7591669302662951
0.7591704024897231
0.759173874713151
0.7591773469365788
0.7591808191600067
0.7591842913834345
0.7591877636068624
0.7591912358302901
0.759194708053718
0.7591981802771459
0.7592016525005738
0.7592051247240017
0.7592085969474295
0.7592120691708574
0.7592155413942853
0.759219013617713
0.7592224858411408
0.7592259580645687
0.7592294302879966
0.7592329025114245
0.7592363747348523
0.7592398469582803
0.7592433191817081
0.759246791405136
0.7592502636285637
0.7592537358519916
0.7592572080754194
0.7592606802988473
0.7592641525222752
0.7592676247457031
0.759271096969131
0.7592745691925588
0.7592780414159866
0.7592815136394144
0.7592849858628423
0.7592884580862701
0.759291930309698
0.7592954025331259
0.7592988747565538
0.7593023469799816
0.7593058192034094
0.7593092914268373
0.7593127636502651
0.759316235873693
0.7593197080971208
0.7593231803205487
0.7593266525439767
0.7593301247674044
0.7593335969908324
0.7593370692142601
0.759340541437688
0.7593440136611158
0.7593474858845437
0.7593509581079716
0.7593544303313994
0.7593579025548273
0.7593613747782552
0.759364847001683
0.7593683192251108
0.7593717914485387
