0.8461808493683505
0.8461843215917784
0.8461877938152061
0.846191266038634
0.8461947382620618
0.8461982104854897
0.8462016827089175
0.8462051549323455
0.8462086271557734
0.8462120993792012
0.8462155716026291
0.8462190438260568
0.8462225160494847
0.8462259882729125
0.8462294604963405
0.8462329327197682
0.8462364049431962
0.8462398771666239
0.8462433493900519
0.8462468216134797
0.8462502938369075
0.8462537660603354
0.8462572382837632
0.8462607105071912
0.8462641827306191
0.8462676549540469
0.8462711271774748
0.8462745994009025
0.8462780716243304
0.8462815438477582
0.8462850160711861
0.8462884882946139
0.8462919605180418
0.8462954327414696
0.8462989049648976
0.8463023771883255
0.8463058494117532
0.8463093216351811
0.8463127938586089
0.8463162660820368
0.8463197383054646
0.8463232105288927
0.8463266827523203
0.8463301549757484
0.8463336271991762
0.846337099422604
0.8463405716460318
0.8463440438694596
0.8463475160928875
0.8463509883163153
0.8463544605397434
0.8463579327631712
0.8463614049865991
0.8463648772100268
0.8463683494334547
0.8463718216568825
0.8463752938803104
0.8463787661037382
0.8463822383271661
0.8463857105505939
0.8463891827740216
0.8463926549974498
0.8463961272208775
0.8463995994443054
0.8464030716677332
0.8464065438911611
0.8464100161145889
0.8464134883380168
0.8464169605614448
0.8464204327848724
0.8464239050083004
0.8464273772317282
0.8464308494551561
0.8464343216785839
0.8464377939020118
0.8464412661254396
0.8464447383488675
0.8464482105722955
0.8464516827957231
0.8464551550191511
0.8464586272425789
0.8464620994660068
0.8464655716894346
0.8464690439128625
0.8464725161362903
0.8464759883597182
0.8464794605831459
0.8464829328065738
0.8464864050300018
0.8464898772534296
0.8464933494768575
0.8464968217002853
0.8465002939237132
0.846503766147141
0.8465072383705688
0.8465107105939969
0.8465141828174245
0.8465176550408525
0.8465211272642803
0.8465245994877082
0.846528071711136
0.8465315439345639
0.8465350161579916
0.8465384883814195
0.8465419606048475
0.8465454328282752
0.8465489050517032
0.846552377275131
0.8465558494985589
0.8465593217219867
0.8465627939454146
0.8465662661688423
0.8465697383922702
0.8465732106156982
0.8465766828391259
0.8465801550625539
0.8465836272859817
0.8465870995094096
0.8465905717328374
0.8465940439562653
0.846597516179693
0.8466009884031209
0.8466044606265487
0.8466079328499766
0.8466114050734046
0.8466148772968325
0.8466183495202603
0.8466218217436882
0.8466252939671159
0.8466287661905437
0.8466322384139716
0.8466357106373996
0.8466391828608273
0.8466426550842553
0.8466461273076832
0.846649599531111
0.8466530717545389
0.8466565439779666
0.8466600162013945
0.8466634884248223
0.8466669606482503
0.8466704328716782
0.846673905095106
0.8466773773185339
0.8466808495419617
0.8466843217653895
0.8466877939888173
0.8466912662122452
0.846694738435673
0.8466982106591009
0.8467016828825287
0.8467051551059567
0.8467086273293846
0.8467120995528123
0.8467155717762402
0.846719043999668
0.8467225162230959
0.8467259884465237
0.8467294606699517
0.8467329328933794
0.8467364051168074
0.846739877340235
0.846743349563663
0.8467468217870909
0.8467502940105187
0.8467537662339466
0.8467572384573744
0.8467607106808024
0.8467641829042303
0.8467676551276581
0.846771127351086
0.8467745995745137
0.8467780717979416
0.8467815440213694
0.8467850162447973
0.8467884884682251
0.846791960691653
0.8467954329150807
0.8467989051385088
0.8468023773619366
0.8468058495853644
0.8468093218087923
0.8468127940322201
0.846816266255648
0.8468197384790758
0.8468232107025038
0.8468266829259314
0.8468301551493594
0.8468336273727873
0.8468370995962151
0.846840571819643
0.8468440440430708
0.8468475162664987
0.8468509884899265
0.8468544607133546
0.8468579329367824
0.8468614051602102
0.846864877383638
0.8468683496070658
0.8468718218304937
