0.8357641790847844
0.8357676513082122
0.8357711235316402
0.835774595755068
0.8357780679784959
0.8357815402019236
0.8357850124253515
0.8357884846487793
0.8357919568722073
0.8357954290956351
0.835798901319063
0.8358023735424909
0.8358058457659187
0.8358093179893465
0.8358127902127743
0.8358162624362022
0.83581973465963
0.835823206883058
0.8358266791064858
0.8358301513299137
0.8358336235533416
0.8358370957767693
0.8358405680001972
0.835844040223625
0.8358475124470529
0.8358509846704808
0.8358544568939087
0.8358579291173365
0.8358614013407644
0.8358648735641923
0.83586834578762
0.8358718180110479
0.8358752902344757
0.8358787624579036
0.8358822346813314
0.8358857069047593
0.8358891791281872
0.8358926513516152
0.835896123575043
0.8358995957984708
0.8359030680218986
0.8359065402453264
0.8359100124687543
0.8359134846921821
0.8359169569156101
0.8359204291390379
0.8359239013624659
0.8359273735858936
0.8359308458093215
0.8359343180327493
0.8359377902561772
0.835941262479605
0.8359447347030329
0.8359482069264608
0.8359516791498887
0.8359551513733164
0.8359586235967443
0.8359620958201722
0.8359655680436
0.8359690402670279
0.8359725124904557
0.8359759847138836
0.8359794569373113
0.8359829291607392
0.8359864013841672
0.835989873607595
0.8359933458310229
0.8359968180544507
0.8360002902778786
0.8360037625013064
0.8360072347247343
0.8360107069481622
0.8360141791715899
0.8360176513950179
0.8360211236184456
0.8360245958418736
0.8360280680653014
0.8360315402887293
0.8360350125121571
0.836038484735585
0.8360419569590128
0.8360454291824407
0.8360489014058685
0.8360523736292964
0.8360558458527243
0.8360593180761521
0.83606279029958
0.8360662625230078
0.8360697347464358
0.8360732069698634
0.8360766791932914
0.8360801514167192
0.8360836236401471
0.836087095863575
0.8360905680870028
0.8360940403104307
0.8360975125338584
0.8361009847572863
0.8361044569807142
0.8361079292041421
0.83611140142757
0.8361148736509978
0.8361183458744257
0.8361218180978535
0.8361252903212814
0.8361287625447091
0.836132234768137
0.8361357069915649
0.8361391792149929
0.8361426514384206
0.8361461236618485
0.8361495958852764
0.8361530681087042
0.836156540332132
0.8361600125555598
0.8361634847789878
0.8361669570024155
0.8361704292258435
0.8361739014492713
0.8361773736726993
0.8361808458961271
0.836184318119555
0.8361877903429827
0.8361912625664105
0.8361947347898384
0.8361982070132663
0.8362016792366942
0.8362051514601221
0.83620862368355
0.8362120959069778
0.8362155681304057
0.8362190403538334
0.8362225125772613
0.8362259848006891
0.836229457024117
0.8362329292475449
0.8362364014709728
0.8362398736944007
0.8362433459178285
0.8362468181412563
0.8362502903646841
0.836253762588112
0.8362572348115399
0.8362607070349677
0.8362641792583956
0.8362676514818234
0.8362711237052514
0.8362745959286791
0.836278068152107
0.8362815403755348
0.8362850125989627
0.8362884848223905
0.8362919570458184
0.8362954292692463
0.8362989014926742
0.836302373716102
0.8363058459395298
0.8363093181629577
0.8363127903863855
0.8363162626098134
0.8363197348332412
0.8363232070566692
0.836326679280097
0.8363301515035249
0.8363336237269527
0.8363370959503805
0.8363405681738084
0.8363440403972362
0.8363475126206641
0.836350984844092
0.8363544570675199
0.8363579292909477
0.8363614015143755
0.8363648737378034
0.8363683459612312
0.8363718181846591
0.8363752904080869
0.8363787626315148
0.8363822348549426
0.8363857070783705
0.8363891793017983
0.8363926515252262
0.8363961237486541
0.8363995959720819
0.8364030681955098
0.8364065404189376
0.8364100126423655
0.8364134848657933
0.8364169570892213
0.836420429312649
0.836423901536077
0.8364273737595048
0.8364308459829326
0.8364343182063605
0.8364377904297883
0.8364412626532162
0.836444734876644
0.836448207100072
0.8364516793234998
0.8364551515469276
