0.06284724404418193
0.06285071626760977
0.0628541884910377
0.06285766071446544
0.06286113293789337
0.06286460516132121
0.06286807738474903
0.06287154960817697
0.0628750218316048
0.06287849405503264
0.06288196627846047
0.06288543850188831
0.06288891072531623
0.06289238294874407
0.0628958551721719
0.06289932739559974
0.06290279961902767
0.0629062718424555
0.06290974406588333
0.06291321628931117
0.062916688512739
0.06292016073616694
0.06292363295959477
0.0629271051830226
0.06293057740645043
0.06293404962987827
0.0629375218533062
0.06294099407673404
0.06294446630016187
0.06294793852358979
0.06295141074701753
0.06295488297044546
0.0629583551938733
0.06296182741730114
0.06296529964072906
0.06296877186415689
0.06297224408758473
0.06297571631101256
0.0629791885344404
0.06298266075786833
0.06298613298129616
0.06298960520472399
0.06299307742815183
0.06299654965157976
0.0630000218750076
0.06300349409843543
0.06300696632186327
0.06301043854529109
0.06301391076871903
0.06301738299214686
0.0630208552155747
0.06302432743900253
0.06302779966243037
0.06303127188585829
0.06303474410928613
0.06303821633271396
0.0630416885561419
0.06304516077956963
0.06304863300299755
0.06305210522642539
0.06305557744985323
0.06305904967328116
0.063062521896709
0.06306599412013683
0.06306946634356465
0.06307293856699249
0.06307641079042042
0.06307988301384826
0.0630833552372761
0.06308682746070393
0.06309029968413185
0.06309377190755969
0.06309724413098752
0.06310071635441536
0.0631041885778432
0.06310766080127111
0.06311113302469895
0.06311460524812679
0.06311807747155472
0.06312154969498246
0.06312502191841039
0.06312849414183822
0.06313196636526605
0.06313543858869398
0.06313891081212182
0.06314238303554966
0.06314585525897749
0.06314932748240533
0.06315279970583325
0.06315627192926108
0.06315974415268892
0.06316321637611676
0.0631666885995446
0.06317016082297251
0.06317363304640035
0.06317710526982818
0.06318057749325602
0.06318404971668395
0.0631875219401117
0.06319099416353961
0.06319446638696745
0.06319793861039529
0.06320141083382322
0.06320488305725105
0.06320835528067889
0.06321182750410681
0.06321529972753455
0.06321877195096248
0.06322224417439032
0.06322571639781815
0.06322918862124607
0.06323266084467391
0.06323613306810175
0.06323960529152958
0.06324307751495742
0.06324654973838535
0.06325002196181317
0.06325349418524101
0.06325696640866885
0.06326043863209678
0.06326391085552452
0.06326738307895245
0.06327085530238027
0.06327432752580811
0.06327779974923604
0.06328127197266388
0.06328474419609172
0.06328821641951955
0.06329168864294739
0.06329516086637531
0.06329863308980314
0.06330210531323098
0.06330557753665891
0.06330904976008665
0.06331252198351457
0.06331599420694241
0.06331946643037024
0.06332293865379818
0.06332641087722601
0.06332988310065384
0.06333335532408167
0.06333682754750951
0.06334029977093734
0.06334377199436528
0.06334724421779311
0.06335071644122095
0.06335418866464887
0.06335766088807661
0.06336113311150454
0.06336460533493238
0.06336807755836021
0.06337154978178813
0.06337502200521597
0.0633784942286438
0.06338196645207164
0.06338543867549948
0.06338891089892741
0.06339238312235523
0.06339585534578307
0.0633993275692109
0.06340279979263884
0.06340627201606668
0.06340974423949451
0.06341321646292233
0.06341668868635017
0.0634201609097781
0.06342363313320594
0.06342710535663378
0.06343057758006161
0.06343404980348945
0.06343752202691737
0.0634409942503452
0.06344446647377304
0.06344793869720097
0.06345141092062871
0.06345488314405663
0.06345835536748447
0.0634618275909123
0.06346529981434024
0.06346877203776807
0.0634722442611959
0.06347571648462373
0.06347918870805157
0.0634826609314795
0.06348613315490734
0.06348960537833517
0.06349307760176301
0.06349654982519093
0.06350002204861876
0.0635034942720466
0.06350696649547444
0.06351043871890227
0.06351391094233019
0.06351738316575803
0.06352085538918587
0.0635243276126137
0.06352779983604154
0.06353127205946946
0.06353474428289729
0.06353821650632513
