0.6871530163725751
0.687156488596003
0.6871599608194308
0.6871634330428587
0.6871669052662865
0.6871703774897144
0.6871738497131422
0.6871773219365702
0.687180794159998
0.6871842663834258
0.6871877386068537
0.6871912108302815
0.6871946830537093
0.6871981552771372
0.6872016275005651
0.6872050997239929
0.6872085719474209
0.6872120441708487
0.6872155163942766
0.6872189886177044
0.6872224608411323
0.68722593306456
0.6872294052879879
0.6872328775114158
0.6872363497348436
0.6872398219582716
0.6872432941816994
0.6872467664051273
0.687250238628555
0.687253710851983
0.6872571830754108
0.6872606552988386
0.6872641275222665
0.6872675997456943
0.6872710719691222
0.6872745441925501
0.687278016415978
0.6872814886394057
0.6872849608628336
0.6872884330862614
0.6872919053096893
0.6872953775331172
0.687298849756545
0.687302321979973
0.6873057942034008
0.6873092664268287
0.6873127386502564
0.6873162108736843
0.6873196830971121
0.6873231553205401
0.6873266275439679
0.6873300997673957
0.6873335719908237
0.6873370442142515
0.6873405164376793
0.6873439886611071
0.687347460884535
0.6873509331079629
0.6873544053313908
0.6873578775548186
0.6873613497782465
0.6873648220016743
0.6873682942251021
0.68737176644853
0.6873752386719578
0.6873787108953857
0.6873821831188135
0.6873856553422415
0.6873891275656693
0.6873925997890972
0.6873960720125251
0.6873995442359528
0.6874030164593807
0.6874064886828085
0.6874099609062364
0.6874134331296642
0.6874169053530922
0.68742037757652
0.6874238497999479
0.6874273220233758
0.6874307942468035
0.6874342664702314
0.6874377386936592
0.6874412109170871
0.6874446831405149
0.6874481553639429
0.6874516275873707
0.6874550998107986
0.6874585720342264
0.6874620442576543
0.6874655164810821
0.6874689887045099
0.6874724609279378
0.6874759331513656
0.6874794053747936
0.6874828775982214
0.6874863498216492
0.6874898220450771
0.687493294268505
0.6874967664919328
0.6875002387153607
0.6875037109387885
0.6875071831622164
0.6875106553856443
0.687514127609072
0.6875175998324999
0.6875210720559277
0.6875245442793557
0.6875280165027835
0.6875314887262114
0.6875349609496392
0.6875384331730671
0.6875419053964948
0.6875453776199227
0.6875488498433506
0.6875523220667785
0.6875557942902064
0.6875592665136342
0.6875627387370621
0.6875662109604899
0.6875696831839178
0.6875731554073456
0.6875766276307734
0.6875800998542013
0.6875835720776292
0.6875870443010571
0.6875905165244849
0.6875939887479128
0.6875974609713406
0.6876009331947686
0.6876044054181963
0.6876078776416242
0.687611349865052
0.6876148220884798
0.6876182943119078
0.6876217665353356
0.6876252387587635
0.6876287109821912
0.6876321832056191
0.687635655429047
0.6876391276524749
0.6876425998759027
0.6876460720993306
0.6876495443227585
0.6876530165461863
0.6876564887696142
0.6876599609930419
0.6876634332164698
0.6876669054398977
0.6876703776633256
0.6876738498867534
0.6876773221101813
0.6876807943336092
0.687684266557037
0.6876877387804649
0.6876912110038926
0.6876946832273205
0.6876981554507484
0.6877016276741763
0.6877050998976041
0.687708572121032
0.6877120443444599
0.6877155165678877
0.6877189887913155
0.6877224610147433
0.6877259332381712
0.6877294054615991
0.687732877685027
0.6877363499084548
0.6877398221318828
0.6877432943553106
0.6877467665787385
0.6877502388021662
0.687753711025594
0.687757183249022
0.6877606554724498
0.6877641276958777
0.6877675999193055
0.6877710721427334
0.6877745443661613
0.6877780165895891
0.6877814888130169
0.6877849610364448
0.6877884332598726
0.6877919054833005
0.6877953777067284
0.6877988499301562
0.6878023221535842
0.687805794377012
0.6878092666004398
0.6878127388238676
0.6878162110472955
0.6878196832707233
0.6878231554941512
0.6878266277175791
0.6878300999410069
0.6878335721644349
0.6878370443878626
0.6878405166112905
0.6878439888347183
