0.5010418406395281
0.5010453128629558
0.5010487850863837
0.5010522573098115
0.5010557295332394
0.5010592017566673
0.5010626739800951
0.501066146203523
0.5010696184269507
0.5010730906503787
0.5010765628738065
0.5010800350972344
0.5010835073206622
0.5010869795440902
0.501090451767518
0.5010939239909458
0.5010973962143737
0.5011008684378014
0.5011043406612294
0.5011078128846572
0.5011112851080851
0.5011147573315129
0.5011182295549409
0.5011217017783687
0.5011251740017966
0.5011286462252244
0.5011321184486522
0.5011355906720801
0.5011390628955079
0.5011425351189358
0.5011460073423636
0.5011494795657916
0.5011529517892194
0.5011564240126473
0.501159896236075
0.5011633684595029
0.5011668406829308
0.5011703129063586
0.5011737851297865
0.5011772573532143
0.5011807295766423
0.5011842018000701
0.501187674023498
0.5011911462469257
0.5011946184703536
0.5011980906937815
0.5012015629172093
0.5012050351406372
0.501208507364065
0.501211979587493
0.5012154518109208
0.5012189240343486
0.5012223962577764
0.5012258684812043
0.5012293407046322
0.50123281292806
0.5012362851514879
0.5012397573749157
0.5012432295983437
0.5012467018217714
0.5012501740451993
0.5012536462686271
0.501257118492055
0.5012605907154829
0.5012640629389108
0.5012675351623386
0.5012710073857665
0.5012744796091944
0.5012779518326221
0.50128142405605
0.5012848962794778
0.5012883685029057
0.5012918407263336
0.5012953129497615
0.5012987851731893
0.5013022573966172
0.501305729620045
0.5013092018434728
0.5013126740669007
0.5013161462903285
0.5013196185137564
0.5013230907371843
0.5013265629606122
0.50133003518404
0.5013335074074678
0.5013369796308957
0.5013404518543235
0.5013439240777514
0.5013473963011792
0.5013508685246071
0.501354340748035
0.5013578129714629
0.5013612851948906
0.5013647574183185
0.5013682296417464
0.5013717018651743
0.5013751740886021
0.5013786463120299
0.5013821185354578
0.5013855907588857
0.5013890629823136
0.5013925352057413
0.5013960074291692
0.5013994796525971
0.501402951876025
0.5014064240994528
0.5014098963228807
0.5014133685463085
0.5014168407697364
0.5014203129931643
0.501423785216592
0.5014272574400199
0.5014307296634478
0.5014342018868757
0.5014376741103035
0.5014411463337314
0.5014446185571592
0.501448090780587
0.5014515630040149
0.5014550352274427
0.5014585074508706
0.5014619796742985
0.5014654518977264
0.5014689241211542
0.5014723963445821
0.5014758685680099
0.5014793407914377
0.5014828130148656
0.5014862852382934
0.5014897574617213
0.5014932296851492
0.5014967019085771
0.5015001741320049
0.5015036463554328
0.5015071185788605
0.5015105908022885
0.5015140630257163
0.5015175352491441
0.501521007472572
0.5015244796959999
0.5015279519194278
0.5015314241428556
0.5015348963662835
0.5015383685897112
0.5015418408131392
0.501545313036567
0.5015487852599949
0.5015522574834227
0.5015557297068506
0.5015592019302785
0.5015626741537063
0.5015661463771341
0.5015696186005619
0.5015730908239899
0.5015765630474177
0.5015800352708456
0.5015835074942734
0.5015869797177013
0.5015904519411292
0.501593924164557
0.5015973963879848
0.5016008686114126
0.5016043408348406
0.5016078130582684
0.5016112852816963
0.5016147575051241
0.501618229728552
0.5016217019519799
0.5016251741754076
0.5016286463988355
0.5016321186222633
0.5016355908456913
0.5016390630691191
0.501642535292547
0.5016460075159748
0.5016494797394028
0.5016529519628306
0.5016564241862584
0.5016598964096862
0.501663368633114
0.501666840856542
0.5016703130799698
0.5016737853033977
0.5016772575268255
0.5016807297502535
0.5016842019736812
0.5016876741971091
0.5016911464205369
0.5016946186439648
0.5016980908673927
0.5017015630908205
0.5017050353142484
0.5017085075376762
0.5017119797611042
0.5017154519845319
0.5017189242079598
0.5017223964313876
0.5017258686548155
0.5017293408782434
0.5017328131016712
