0.16006950002413195
0.16007297224755984
0.16007644447098762
0.1600799166944155
0.16008338891784335
0.16008686114127121
0.16009033336469905
0.16009380558812694
0.16009727781155478
0.16010075003498261
0.16010422225841048
0.16010769448183831
0.1601111667052662
0.1601146389286941
0.1601181111521219
0.16012158337554974
0.16012505559897758
0.16012852782240547
0.16013200004583336
0.1601354722692612
0.16013894449268906
0.16014241671611684
0.16014588893954473
0.16014936116297263
0.16015283338640046
0.16015630560982833
0.16015977783325616
0.16016325005668405
0.16016672228011183
0.16017019450353973
0.1601736667269676
0.16017713895039543
0.16018061117382332
0.16018408339725115
0.16018755562067905
0.1601910278441069
0.1601945000675347
0.16019797229096258
0.16020144451439042
0.1602049167378183
0.16020838896124617
0.160211861184674
0.1602153334081019
0.16021880563152968
0.16022227785495757
0.16022575007838544
0.16022922230181327
0.16023269452524116
0.160236166748669
0.16023963897209684
0.16024311119552467
0.16024658341895254
0.16025005564238043
0.16025352786580827
0.16025700008923616
0.16026047231266394
0.1602639445360918
0.1602674167595197
0.16027088898294753
0.16027436120637542
0.16027783342980326
0.16028130565323112
0.160284777876659
0.1602882501000868
0.16029172232351468
0.16029519454694252
0.16029866677037038
0.16030213899379822
0.1603056112172261
0.16030908344065398
0.16031255566408179
0.16031602788750965
0.16031950011093749
0.16032297233436538
0.16032644455779327
0.1603299167812211
0.16033338900464897
0.16033686122807675
0.16034033345150464
0.16034380567493253
0.16034727789836037
0.16035075012178823
0.16035422234521607
0.16035769456864396
0.1603611667920718
0.16036463901549963
0.1603681112389275
0.16037158346235533
0.16037505568578322
0.16037852790921106
0.1603820001326389
0.16038547235606676
0.1603889445794946
0.1603924168029225
0.16039588902635032
0.16039936124977822
0.16040283347320608
0.16040630569663386
0.16040977792006175
0.1604132501434896
0.16041672236691748
0.16042019459034534
0.16042366681377318
0.16042713903720107
0.16043061126062885
0.16043408348405674
0.1604375557074846
0.16044102793091244
0.16044450015434034
0.16044797237776817
0.16045144460119604
0.16045491682462384
0.1604583890480517
0.1604618612714796
0.16046533349490744
0.16046880571833533
0.16047227794176316
0.16047575016519103
0.16047922238861886
0.1604826946120467
0.1604861668354746
0.16048963905890243
0.1604931112823303
0.16049658350575818
0.16050005572918596
0.16050352795261386
0.1605070001760417
0.16051047239946956
0.1605139446228974
0.16051741684632528
0.16052088906975315
0.16052436129318096
0.16052783351660882
0.16053130574003666
0.16053477796346455
0.16053825018689244
0.16054172241032028
0.16054519463374814
0.16054866685717592
0.1605521390806038
0.1605556113040317
0.16055908352745954
0.1605625557508874
0.16056602797431524
0.16056950019774313
0.160572972421171
0.1605764446445988
0.16057991686802667
0.1605833890914545
0.1605868613148824
0.16059033353831023
0.1605938057617381
0.16059727798516593
0.16060075020859377
0.16060422243202166
0.1606076946554495
0.1606111668788774
0.16061463910230525
0.1606181113257331
0.16062158354916092
0.16062505577258876
0.16062852799601665
0.16063200021944452
0.16063547244287235
0.16063894466630024
0.16064241688972802
0.16064588911315592
0.16064936133658378
0.16065283356001162
0.1606563057834395
0.16065977800686734
0.1606632502302952
0.16066672245372302
0.16067019467715088
0.16067366690057877
0.1606771391240066
0.1606806113474345
0.16068408357086233
0.1606875557942902
0.1606910280177181
0.16069450024114587
0.16069797246457376
0.1607014446880016
0.16070491691142946
0.16070838913485735
0.1607118613582852
0.16071533358171305
0.16071880580514086
0.16072227802856873
0.16072575025199662
0.16072922247542445
0.16073269469885235
0.16073616692228015
0.160739639145708
0.16074311136913583
0.16074658359256372
0.1607500558159916
0.16075352803941945
0.1607570002628473
0.16076047248627515
