0.7322919209346946
0.7322953931581226
0.7322988653815504
0.7323023376049784
0.7323058098284062
0.7323092820518341
0.7323127542752619
0.7323162264986898
0.7323196987221176
0.7323231709455454
0.7323266431689733
0.7323301153924011
0.7323335876158291
0.7323370598392569
0.7323405320626848
0.7323440042861126
0.7323474765095405
0.7323509487329682
0.7323544209563961
0.732357893179824
0.7323613654032519
0.7323648376266798
0.7323683098501076
0.7323717820735355
0.7323752542969633
0.7323787265203912
0.7323821987438189
0.7323856709672468
0.7323891431906747
0.7323926154141025
0.7323960876375305
0.7323995598609583
0.7324030320843862
0.732406504307814
0.7324099765312418
0.7324134487546696
0.7324169209780976
0.7324203932015254
0.7324238654249533
0.7324273376483812
0.732430809871809
0.7324342820952369
0.7324377543186646
0.7324412265420925
0.7324446987655203
0.7324481709889482
0.7324516432123761
0.732455115435804
0.7324585876592319
0.7324620598826597
0.7324655321060876
0.7324690043295153
0.7324724765529432
0.732475948776371
0.732479420999799
0.7324828932232268
0.7324863654466547
0.7324898376700826
0.7324933098935104
0.7324967821169382
0.732500254340366
0.7325037265637939
0.7325071987872217
0.7325106710106497
0.7325141432340775
0.7325176154575055
0.7325210876809333
0.732524559904361
0.7325280321277889
0.7325315043512167
0.7325349765746446
0.7325384487980724
0.7325419210215003
0.7325453932449282
0.7325488654683561
0.732552337691784
0.7325558099152119
0.7325592821386396
0.7325627543620675
0.7325662265854953
0.7325696988089231
0.7325731710323511
0.7325766432557789
0.7325801154792068
0.7325835877026347
0.7325870599260625
0.7325905321494903
0.7325940043729182
0.732597476596346
0.7326009488197739
0.7326044210432017
0.7326078932666296
0.7326113654900576
0.7326148377134853
0.7326183099369132
0.732621782160341
0.7326252543837689
0.7326287266071967
0.7326321988306246
0.7326356710540525
0.7326391432774803
0.7326426155009081
0.732646087724336
0.7326495599477639
0.7326530321711917
0.7326565043946196
0.7326599766180474
0.7326634488414753
0.7326669210649032
0.732670393288331
0.7326738655117588
0.7326773377351867
0.7326808099586146
0.7326842821820424
0.7326877544054703
0.7326912266288981
0.732694698852326
0.7326981710757537
0.7327016432991817
0.7327051155226096
0.7327085877460374
0.7327120599694653
0.7327155321928931
0.732719004416321
0.7327224766397488
0.7327259488631767
0.7327294210866045
0.7327328933100324
0.7327363655334602
0.7327398377568881
0.732743309980316
0.7327467822037438
0.7327502544271717
0.7327537266505995
0.7327571988740273
0.7327606710974551
0.7327641433208831
0.732767615544311
0.7327710877677388
0.7327745599911667
0.7327780322145945
0.7327815044380224
0.7327849766614501
0.732788448884878
0.7327919211083059
0.7327953933317338
0.7327988655551616
0.7328023377785896
0.7328058100020174
0.7328092822254452
0.7328127544488731
0.7328162266723008
0.7328196988957287
0.7328231711191566
0.7328266433425845
0.7328301155660123
0.7328335877894403
0.7328370600128681
0.732840532236296
0.7328440044597238
0.7328474766831516
0.7328509489065794
0.7328544211300072
0.7328578933534352
0.7328613655768631
0.732864837800291
0.7328683100237188
0.7328717822471467
0.7328752544705744
0.7328787266940023
0.7328821989174301
0.732885671140858
0.7328891433642859
0.7328926155877137
0.7328960878111417
0.7328995600345695
0.7329030322579974
0.7329065044814251
0.732909976704853
0.7329134489282808
0.7329169211517087
0.7329203933751366
0.7329238655985644
0.7329273378219924
0.7329308100454202
0.732934282268848
0.7329377544922758
0.7329412267157037
0.7329446989391315
0.7329481711625594
0.7329516433859873
0.7329551156094152
0.7329585878328431
0.7329620600562708
0.7329655322796987
0.7329690045031265
0.7329724767265544
0.7329759489499822
0.7329794211734102
0.732982893396838
