0.3815973547213037
0.3816008269447316
0.3816042991681594
0.3816077713915873
0.38161124361501514
0.381614715838443
0.38161818806187087
0.3816216602852987
0.38162513250872654
0.3816286047321544
0.38163207695558227
0.3816355491790101
0.381639021402438
0.38164249362586583
0.38164596584929367
0.38164943807272156
0.3816529102961494
0.38165638251957723
0.38165985474300507
0.3816633269664329
0.3816667991898608
0.3816702714132887
0.3816737436367165
0.38167721586014436
0.38168068808357225
0.38168416030700014
0.381687632530428
0.3816911047538558
0.38169457697728365
0.38169804920071154
0.3817015214241394
0.3817049936475672
0.38170846587099505
0.38171193809442294
0.38171541031785083
0.38171888254127867
0.3817223547647065
0.38172582698813434
0.3817292992115622
0.38173277143499007
0.3817362436584179
0.38173971588184574
0.38174318810527363
0.3817466603287015
0.38175013255212936
0.3817536047755572
0.3817570769989851
0.3817605492224129
0.38176402144584076
0.3817674936692686
0.38177096589269643
0.3817744381161243
0.3817779103395522
0.38178138256298005
0.3817848547864079
0.3817883270098357
0.3817917992332636
0.38179527145669145
0.3817987436801193
0.3818022159035471
0.381805688126975
0.3818091603504029
0.38181263257383075
0.3818161047972586
0.3818195770206864
0.38182304924411437
0.3818265214675422
0.38182999369097004
0.3818334659143979
0.3818369381378257
0.3818404103612536
0.38184388258468144
0.3818473548081093
0.38185082703153717
0.381854299254965
0.3818577714783929
0.38186124370182073
0.38186471592524857
0.3818681881486764
0.3818716603721043
0.38187513259553213
0.38187860481895997
0.38188207704238786
0.3818855492658157
0.3818890214892436
0.3818924937126714
0.38189596593609926
0.38189943815952715
0.381902910382955
0.3819063826063828
0.38190985482981066
0.3819133270532385
0.3819167992766664
0.3819202715000943
0.3819237437235221
0.38192721594694995
0.38193068817037784
0.38193416039380573
0.3819376326172335
0.38194110484066135
0.3819445770640892
0.38194804928751713
0.38195152151094497
0.3819549937343728
0.38195846595780064
0.38196193818122853
0.3819654104046564
0.38196888262808426
0.3819723548515121
0.38197582707493993
0.38197929929836777
0.38198277152179566
0.3819862437452235
0.38198971596865133
0.3819931881920792
0.3819966604155071
0.38200013263893495
0.3820036048623628
0.3820070770857906
0.38201054930921846
0.38201402153264635
0.3820174937560742
0.382020965979502
0.3820244382029299
0.3820279104263578
0.38203138264978564
0.3820348548732135
0.3820383270966413
0.3820417993200692
0.38204527154349704
0.3820487437669249
0.3820522159903527
0.3820556882137806
0.3820591604372085
0.38206263266063634
0.3820661048840642
0.382069577107492
0.38207304933091996
0.38207652155434774
0.3820799937777756
0.3820834660012034
0.3820869382246313
0.3820904104480592
0.38209388267148703
0.38209735489491486
0.38210082711834276
0.3821042993417706
0.3821077715651985
0.3821112437886263
0.38211471601205416
0.382118188235482
0.3821216604589099
0.3821251326823377
0.38212860490576556
0.38213207712919345
0.3821355493526213
0.3821390215760492
0.382142493799477
0.38214596602290485
0.3821494382463327
0.3821529104697606
0.3821563826931884
0.38215985491661625
0.3821633271400441
0.382166799363472
0.38217027158689987
0.3821737438103277
0.38217721603375554
0.38218068825718343
0.38218416048061127
0.3821876327040391
0.38219110492746694
0.3821945771508948
0.3821980493743227
0.38220152159775056
0.3822049938211784
0.38220846604460623
0.3822119382680341
0.382215410491462
0.3822188827148898
0.38222235493831763
0.3822258271617455
0.38222929938517336
0.38223277160860125
0.3822362438320291
0.3822397160554569
0.3822431882788848
0.3822466605023127
0.38225013272574054
0.3822536049491684
0.3822570771725962
0.38226054939602405
0.38226402161945194
0.3822674938428798
0.3822709660663076
0.3822744382897355
0.3822779105131634
0.38228138273659124
0.38228485496001907
0.3822883271834469
