0.4545140467062662
0.45451751892969405
0.4545209911531219
0.45452446337654984
0.4545279355999777
0.4545314078234055
0.45453488004683335
0.4545383522702612
0.4545418244936891
0.4545452967171169
0.45454876894054475
0.4545522411639726
0.45455571338740053
0.45455918561082836
0.4545626578342562
0.45456613005768404
0.4545696022811119
0.45457307450453976
0.4545765467279676
0.45458001895139544
0.4545834911748233
0.4545869633982512
0.45459043562167906
0.4545939078451069
0.45459738006853473
0.45460085229196256
0.45460432451539046
0.4546077967388183
0.45461126896224613
0.45461474118567397
0.4546182134091019
0.45462168563252975
0.4546251578559576
0.4546286300793854
0.45463210230281326
0.4546355745262412
0.454639046749669
0.4546425189730968
0.45464599119652466
0.4546494634199526
0.45465293564338044
0.4546564078668083
0.4546598800902361
0.45466335231366395
0.4546668245370919
0.45467029676051973
0.45467376898394757
0.4546772412073754
0.4546807134308033
0.45468418565423113
0.45468765787765897
0.4546911301010868
0.45469460232451464
0.4546980745479426
0.4547015467713704
0.45470501899479826
0.4547084912182261
0.454711963441654
0.4547154356650818
0.45471890788850966
0.4547223801119375
0.45472585233536533
0.4547293245587933
0.4547327967822211
0.45473626900564895
0.4547397412290768
0.4547432134525047
0.4547466856759325
0.45475015789936035
0.4547536301227882
0.454757102346216
0.45476057456964397
0.4547640467930718
0.45476751901649964
0.4547709912399275
0.4547744634633554
0.45477793568678326
0.45478140791021104
0.4547848801336389
0.4547883523570667
0.45479182458049466
0.4547952968039225
0.45479876902735034
0.45480224125077817
0.4548057134742061
0.45480918569763396
0.4548126579210618
0.4548161301444896
0.45481960236791746
0.45482307459134536
0.4548265468147732
0.454830019038201
0.45483349126162886
0.4548369634850568
0.45484043570848465
0.4548439079319125
0.4548473801553403
0.45485085237876816
0.45485432460219605
0.4548577968256239
0.4548612690490517
0.45486474127247956
0.4548682134959075
0.45487168571933534
0.4548751579427632
0.454878630166191
0.45488210238961885
0.45488557461304674
0.4548890468364746
0.4548925190599024
0.45489599128333025
0.4548994635067582
0.45490293573018603
0.45490640795361387
0.4549098801770417
0.45491335240046954
0.4549168246238975
0.4549202968473253
0.4549237690707531
0.45492724129418094
0.4549307135176089
0.4549341857410367
0.45493765796446456
0.4549411301878924
0.45494460241132023
0.4549480746347482
0.454951546858176
0.45495501908160385
0.4549584913050317
0.4549619635284596
0.4549654357518874
0.45496890797531525
0.4549723801987431
0.4549758524221709
0.45497932464559887
0.4549827968690267
0.45498626909245454
0.4549897413158824
0.45499321353931027
0.4549966857627381
0.45500015798616594
0.4550036302095938
0.4550071024330216
0.45501057465644956
0.4550140468798774
0.45501751910330523
0.45502099132673307
0.45502446355016096
0.4550279357735888
0.45503140799701663
0.45503488022044447
0.4550383524438723
0.45504182466730025
0.4550452968907281
0.4550487691141559
0.45505224133758376
0.4550557135610117
0.45505918578443955
0.4550626580078673
0.45506613023129516
0.455069602454723
0.45507307467815095
0.4550765469015788
0.4550800191250066
0.45508349134843445
0.4550869635718624
0.45509043579529024
0.4550939080187181
0.4550973802421459
0.45510085246557375
0.45510432468900164
0.4551077969124295
0.4551112691358573
0.45511474135928515
0.4551182135827131
0.45512168580614093
0.45512515802956877
0.4551286302529966
0.45513210247642444
0.45513557469985233
0.45513904692328017
0.455142519146708
0.45514599137013584
0.4551494635935638
0.4551529358169916
0.45515640804041946
0.4551598802638473
0.45516335248727513
0.455166824710703
0.45517029693413086
0.4551737691575587
0.45517724138098653
0.4551807136044145
0.4551841858278423
0.45518765805127015
0.455191130274698
0.4551946024981258
0.45519807472155377
0.4552015469449816
0.4552050191684094
