0.1267361551167205
0.12673962734014835
0.12674309956357624
0.1267465717870041
0.1267500440104319
0.12675351623385978
0.1267569884572876
0.1267604606807155
0.12676393290414337
0.1267674051275712
0.1267708773509991
0.12677434957442688
0.12677782179785477
0.1267812940212826
0.12678476624471047
0.12678823846813836
0.1267917106915662
0.1267951829149941
0.12679865513842187
0.12680212736184973
0.12680559958527762
0.12680907180870546
0.12681254403213335
0.1268160162555612
0.12681948847898905
0.1268229607024169
0.12682643292584472
0.12682990514927261
0.12683337737270045
0.12683684959612831
0.12684032181955615
0.12684379404298404
0.12684726626641188
0.12685073848983972
0.12685421071326758
0.12685768293669542
0.1268611551601233
0.1268646273835512
0.12686809960697898
0.12687157183040687
0.12687504405383468
0.12687851627726257
0.12688198850069046
0.1268854607241183
0.12688893294754616
0.12689240517097397
0.12689587739440183
0.12689934961782973
0.12690282184125756
0.12690629406468543
0.12690976628811326
0.12691323851154115
0.12691671073496893
0.12692018295839683
0.1269236551818247
0.12692712740525253
0.12693059962868042
0.12693407185210825
0.12693754407553615
0.126941016298964
0.1269444885223918
0.12694796074581968
0.12695143296924752
0.1269549051926754
0.12695837741610327
0.1269618496395311
0.12696532186295895
0.12696879408638678
0.12697226630981467
0.12697573853324254
0.12697921075667037
0.12698268298009827
0.12698615520352605
0.12698962742695394
0.12699309965038177
0.12699657187380964
0.12700004409723753
0.12700351632066537
0.12700698854409326
0.12701046076752104
0.12701393299094893
0.1270174052143768
0.12702087743780463
0.12702434966123252
0.12702782188466036
0.12703129410808822
0.1270347663315161
0.1270382385549439
0.12704171077837179
0.12704518300179962
0.12704865522522749
0.12705212744865532
0.1270555996720832
0.1270590718955111
0.12706254411893889
0.12706601634236675
0.12706948856579459
0.12707296078922248
0.12707643301265037
0.1270799052360782
0.12708337745950607
0.12708684968293385
0.12709032190636174
0.12709379412978963
0.12709726635321747
0.12710073857664533
0.12710421080007317
0.127107683023501
0.1271111552469289
0.12711462747035673
0.1271180996937846
0.12712157191721243
0.12712504414064033
0.1271285163640681
0.127131988587496
0.12713546081092386
0.1271389330343517
0.1271424052577796
0.12714587748120743
0.12714934970463532
0.12715282192806318
0.127156294151491
0.12715976637491885
0.1271632385983467
0.12716671082177458
0.12717018304520245
0.12717365526863028
0.12717712749205817
0.12718059971548595
0.12718407193891385
0.1271875441623417
0.12719101638576955
0.12719448860919744
0.12719796083262527
0.12720143305605316
0.12720490527948095
0.1272083775029088
0.1272118497263367
0.12721532194976454
0.12721879417319243
0.12722226639662026
0.1272257386200481
0.12722921084347596
0.1272326830669038
0.1272361552903317
0.12723962751375953
0.1272430997371874
0.12724657196061528
0.12725004418404307
0.12725351640747096
0.1272569886308988
0.12726046085432666
0.12726393307775455
0.12726740530118238
0.12727087752461028
0.12727434974803806
0.12727782197146592
0.12728129419489376
0.12728476641832165
0.12728823864174954
0.12729171086517738
0.12729518308860524
0.12729865531203302
0.1273021275354609
0.1273055997588888
0.12730907198231664
0.1273125442057445
0.12731601642917234
0.12731948865260023
0.12732296087602812
0.1273264330994559
0.12732990532288377
0.1273333775463116
0.1273368497697395
0.12734032199316733
0.12734379421659522
0.12734726644002303
0.12735073866345087
0.12735421088687876
0.1273576831103066
0.1273611553337345
0.12736462755716235
0.12736809978059016
0.12737157200401802
0.12737504422744586
0.12737851645087375
0.12738198867430162
0.12738546089772945
0.12738893312115734
0.12739240534458512
0.12739587756801302
0.12739934979144088
0.12740282201486872
0.1274062942382966
0.12740976646172444
0.12741323868515234
0.12741671090858012
0.12742018313200798
0.12742365535543587
0.1274271275788637
