0.42673625928342335
0.4267397315068512
0.42674320373027913
0.42674667595370697
0.4267501481771348
0.4267536204005626
0.4267570926239904
0.42676056484741837
0.4267640370708462
0.42676750929427404
0.4267709815177019
0.4267744537411298
0.42677792596455766
0.4267813981879855
0.42678487041141333
0.42678834263484117
0.42679181485826906
0.4267952870816969
0.42679875930512473
0.42680223152855257
0.4268057037519805
0.42680917597540835
0.4268126481988362
0.426816120422264
0.42681959264569186
0.42682306486911975
0.4268265370925476
0.4268300093159754
0.42683348153940326
0.4268369537628312
0.42684042598625904
0.4268438982096869
0.4268473704331147
0.42685084265654255
0.42685431487997044
0.4268577871033983
0.4268612593268261
0.42686473155025395
0.4268682037736819
0.42687167599710973
0.42687514822053757
0.4268786204439654
0.42688209266739324
0.4268855648908212
0.426889037114249
0.4268925093376768
0.42689598156110464
0.4268994537845326
0.4269029260079604
0.42690639823138826
0.4269098704548161
0.42691334267824393
0.4269168149016719
0.4269202871250997
0.42692375934852755
0.4269272315719554
0.4269307037953833
0.4269341760188111
0.42693764824223895
0.4269411204656668
0.4269445926890946
0.4269480649125226
0.4269515371359504
0.42695500935937825
0.4269584815828061
0.426961953806234
0.4269654260296618
0.42696889825308965
0.4269723704765175
0.4269758426999453
0.42697931492337327
0.4269827871468011
0.42698625937022894
0.4269897315936568
0.42699320381708467
0.4269966760405125
0.42700014826394034
0.4270036204873682
0.427007092710796
0.42701056493422396
0.4270140371576518
0.42701750938107963
0.42702098160450747
0.4270244538279354
0.42702792605136325
0.4270313982747911
0.42703487049821887
0.4270383427216467
0.42704181494507465
0.4270452871685025
0.4270487593919303
0.42705223161535816
0.4270557038387861
0.42705917606221394
0.4270626482856418
0.4270661205090696
0.42706959273249745
0.42707306495592534
0.4270765371793532
0.427080009402781
0.42708348162620885
0.4270869538496368
0.42709042607306463
0.42709389829649247
0.4270973705199203
0.42710084274334814
0.42710431496677603
0.42710778719020387
0.4271112594136317
0.42711473163705954
0.4271182038604875
0.4271216760839153
0.42712514830734316
0.427128620530771
0.42713209275419883
0.42713556497762667
0.42713903720105456
0.4271425094244824
0.42714598164791023
0.4271494538713382
0.427152926094766
0.42715639831819385
0.4271598705416217
0.4271633427650495
0.4271668149884775
0.4271702872119053
0.42717375943533314
0.4271772316587609
0.4271807038821889
0.4271841761056167
0.42718764832904454
0.4271911205524724
0.4271945927759002
0.42719806499932816
0.427201537222756
0.42720500944618384
0.4272084816696117
0.42721195389303956
0.4272154261164674
0.42721889833989524
0.4272223705633231
0.4272258427867509
0.42722931501017886
0.4272327872336067
0.42723625945703453
0.42723973168046236
0.42724320390389026
0.4272466761273181
0.42725014835074593
0.42725362057417376
0.4272570927976016
0.42726056502102944
0.4272640372444574
0.4272675094678852
0.42727098169131306
0.42727445391474095
0.4272779261381688
0.4272813983615966
0.42728487058502446
0.4272883428084523
0.42729181503188024
0.4272952872553081
0.4272987594787359
0.42730223170216375
0.4273057039255917
0.42730917614901953
0.42731264837244737
0.4273161205958752
0.427319592819303
0.42732306504273093
0.42732653726615877
0.4273300094895866
0.42733348171301444
0.4273369539364424
0.4273404261598702
0.42734389838329806
0.4273473706067259
0.42735084283015373
0.4273543150535816
0.42735778727700946
0.4273612595004373
0.42736473172386513
0.4273682039472931
0.4273716761707209
0.42737514839414875
0.4273786206175766
0.4273820928410044
0.42738556506443226
0.42738903728786015
0.427392509511288
0.4273959817347158
0.42739945395814377
0.4274029261815716
0.42740639840499944
0.4274098706284273
0.4274133428518551
0.427416815075283
0.42742028729871084
0.4274237595221387
0.4274272317455665
