0.5156251790365205
0.5156286512599483
0.5156321234833762
0.5156355957068041
0.515639067930232
0.5156425401536597
0.5156460123770876
0.5156494846005155
0.5156529568239433
0.5156564290473712
0.515659901270799
0.5156633734942269
0.5156668457176548
0.5156703179410826
0.5156737901645104
0.5156772623879383
0.5156807346113662
0.5156842068347941
0.5156876790582219
0.5156911512816498
0.5156946235050776
0.5156980957285054
0.5157015679519333
0.5157050401753611
0.515708512398789
0.5157119846222169
0.5157154568456448
0.5157189290690726
0.5157224012925005
0.5157258735159282
0.5157293457393561
0.515732817962784
0.5157362901862118
0.5157397624096397
0.5157432346330676
0.5157467068564955
0.5157501790799233
0.5157536513033512
0.5157571235267789
0.5157605957502068
0.5157640679736347
0.5157675401970625
0.5157710124204904
0.5157744846439183
0.5157779568673462
0.515781429090774
0.5157849013142018
0.5157883735376296
0.5157918457610575
0.5157953179844854
0.5157987902079132
0.5158022624313411
0.515805734654769
0.5158092068781969
0.5158126791016246
0.5158161513250525
0.5158196235484803
0.5158230957719083
0.5158265679953361
0.515830040218764
0.5158335124421918
0.5158369846656197
0.5158404568890476
0.5158439291124753
0.5158474013359032
0.515850873559331
0.515854345782759
0.5158578180061868
0.5158612902296147
0.5158647624530425
0.5158682346764704
0.5158717068998983
0.515875179123326
0.5158786513467539
0.5158821235701817
0.5158855957936097
0.5158890680170375
0.5158925402404654
0.5158960124638932
0.515899484687321
0.5159029569107489
0.5159064291341767
0.5159099013576046
0.5159133735810324
0.5159168458044604
0.5159203180278882
0.5159237902513161
0.5159272624747439
0.5159307346981719
0.5159342069215996
0.5159376791450274
0.5159411513684553
0.5159446235918831
0.5159480958153111
0.5159515680387389
0.5159550402621668
0.5159585124855945
0.5159619847090225
0.5159654569324503
0.5159689291558782
0.515972401379306
0.5159758736027339
0.5159793458261618
0.5159828180495896
0.5159862902730175
0.5159897624964452
0.5159932347198732
0.515996706943301
0.5160001791667289
0.5160036513901567
0.5160071236135846
0.5160105958370125
0.5160140680604403
0.5160175402838681
0.5160210125072959
0.5160244847307239
0.5160279569541517
0.5160314291775796
0.5160349014010074
0.5160383736244353
0.5160418458478632
0.516045318071291
0.5160487902947188
0.5160522625181466
0.5160557347415746
0.5160592069650024
0.5160626791884303
0.5160661514118581
0.516069623635286
0.5160730958587139
0.5160765680821416
0.5160800403055695
0.5160835125289973
0.5160869847524253
0.5160904569758531
0.516093929199281
0.5160974014227088
0.5161008736461367
0.5161043458695646
0.5161078180929924
0.5161112903164202
0.5161147625398481
0.516118234763276
0.5161217069867038
0.5161251792101317
0.5161286514335595
0.5161321236569874
0.5161355958804152
0.5161390681038431
0.5161425403272709
0.5161460125506988
0.5161494847741267
0.5161529569975545
0.5161564292209824
0.5161599014444102
0.516163373667838
0.5161668458912659
0.5161703181146938
0.5161737903381216
0.5161772625615495
0.5161807347849774
0.5161842070084052
0.5161876792318331
0.5161911514552608
0.5161946236786887
0.5161980959021166
0.5162015681255445
0.5162050403489723
0.5162085125724002
0.5162119847958281
0.516215457019256
0.5162189292426838
0.5162224014661115
0.5162258736895394
0.5162293459129673
0.5162328181363952
0.516236290359823
0.5162397625832509
0.5162432348066788
0.5162467070301067
0.5162501792535344
0.5162536514769623
0.5162571237003901
0.516260595923818
0.5162640681472459
0.5162675403706737
0.5162710125941016
0.5162744848175295
0.5162779570409574
0.5162814292643851
0.516284901487813
0.5162883737112408
0.5162918459346687
0.5162953181580966
0.5162987903815244
0.5163022626049523
0.5163057348283802
0.516309207051808
0.5163126792752358
0.5163161514986637
