0.4517362679639819
0.45173974018740976
0.4517432124108377
0.4517466846342655
0.4517501568576933
0.45175362908112116
0.451757101304549
0.45176057352797694
0.4517640457514048
0.4517675179748326
0.45177099019826045
0.4517744624216884
0.45177793464511623
0.45178140686854407
0.4517848790919719
0.45178835131539974
0.45179182353882763
0.45179529576225547
0.4517987679856833
0.45180224020911114
0.4518057124325391
0.4518091846559669
0.45181265687939476
0.4518161291028226
0.45181960132625043
0.4518230735496783
0.45182654577310616
0.451830017996534
0.45183349021996183
0.4518369624433898
0.4518404346668176
0.45184390689024545
0.4518473791136733
0.4518508513371011
0.451854323560529
0.45185779578395685
0.4518612680073847
0.4518647402308125
0.45186821245424047
0.4518716846776683
0.45187515690109614
0.451878629124524
0.4518821013479518
0.45188557357137976
0.45188904579480754
0.4518925180182354
0.4518959902416632
0.45189946246509116
0.451902934688519
0.45190640691194683
0.45190987913537467
0.4519133513588025
0.45191682358223045
0.4519202958056583
0.4519237680290861
0.45192724025251396
0.45193071247594185
0.4519341846993697
0.4519376569227975
0.45194112914622536
0.4519446013696532
0.45194807359308115
0.451951545816509
0.4519550180399368
0.45195849026336465
0.45196196248679255
0.4519654347102204
0.4519689069336482
0.45197237915707605
0.4519758513805039
0.45197932360393184
0.4519827958273597
0.4519862680507875
0.45198974027421535
0.45199321249764324
0.4519966847210711
0.4520001569444989
0.45200362916792675
0.4520071013913546
0.45201057361478253
0.45201404583821037
0.4520175180616382
0.45202099028506604
0.452024462508494
0.45202793473192177
0.4520314069553496
0.45203487917877744
0.4520383514022053
0.4520418236256332
0.45204529584906106
0.4520487680724889
0.45205224029591673
0.4520557125193447
0.4520591847427725
0.45206265696620035
0.4520661291896282
0.452069601413056
0.4520730736364839
0.45207654585991175
0.4520800180833396
0.4520834903067674
0.45208696253019537
0.4520904347536232
0.45209390697705104
0.4520973792004789
0.4521008514239067
0.4521043236473346
0.45210779587076244
0.4521112680941903
0.4521147403176181
0.45211821254104606
0.4521216847644739
0.45212515698790173
0.45212862921132957
0.4521321014347574
0.4521355736581853
0.45213904588161313
0.45214251810504097
0.4521459903284688
0.45214946255189675
0.4521529347753246
0.4521564069987524
0.45215987922218026
0.4521633514456081
0.45216682366903604
0.4521702958924638
0.45217376811589166
0.4521772403393195
0.45218071256274744
0.4521841847861753
0.4521876570096031
0.45219112923303095
0.4521946014564588
0.45219807367988674
0.4522015459033146
0.4522050181267424
0.45220849035017024
0.45221196257359814
0.452215434797026
0.4522189070204538
0.45222237924388164
0.4522258514673095
0.45222932369073743
0.45223279591416526
0.4522362681375931
0.45223974036102094
0.45224321258444883
0.45224668480787666
0.4522501570313045
0.45225362925473234
0.4522571014781602
0.4522605737015881
0.45226404592501596
0.4522675181484438
0.45227099037187163
0.4522744625952995
0.45227793481872736
0.4522814070421552
0.45228487926558303
0.45228835148901086
0.4522918237124388
0.45229529593586665
0.4522987681592945
0.4523022403827223
0.45230571260615027
0.4523091848295781
0.4523126570530059
0.4523161292764337
0.45231960149986156
0.4523230737232895
0.45232654594671734
0.4523300181701452
0.452333490393573
0.45233696261700096
0.4523404348404288
0.45234390706385663
0.45234737928728447
0.4523508515107123
0.4523543237341402
0.45235779595756803
0.45236126818099587
0.4523647404044237
0.45236821262785165
0.4523716848512795
0.4523751570747073
0.45237862929813516
0.452382101521563
0.4523855737449909
0.4523890459684187
0.45239251819184656
0.4523959904152744
0.45239946263870234
0.4524029348621302
0.452406407085558
0.45240987930898585
0.4524133515324137
0.4524168237558416
0.4524202959792694
0.45242376820269725
0.4524272404261251
