0.2177084089265309
0.21771188114995868
0.21771535337338654
0.21771882559681438
0.21772229782024227
0.21772577004367016
0.217729242267098
0.21773271449052586
0.21773618671395367
0.21773965893738154
0.21774313116080943
0.21774660338423726
0.21775007560766513
0.21775354783109296
0.21775702005452086
0.21776049227794875
0.21776396450137653
0.2177674367248044
0.21777090894823223
0.21777438117166012
0.21777785339508796
0.21778132561851585
0.2177847978419437
0.2177882700653715
0.21779174228879938
0.21779521451222722
0.2177986867356551
0.21780215895908298
0.2178056311825108
0.21780910340593865
0.21781257562936648
0.21781604785279438
0.21781952007622224
0.21782299229965008
0.21782646452307797
0.2178299367465058
0.21783340896993364
0.2178368811933615
0.21784035341678934
0.21784382564021723
0.21784729786364507
0.21785077008707296
0.21785424231050074
0.2178577145339286
0.2178611867573565
0.21786465898078433
0.21786813120421222
0.21787160342764006
0.21787507565106792
0.21787854787449581
0.2178820200979236
0.2178854923213515
0.21788896454477932
0.2178924367682072
0.21789590899163508
0.21789938121506292
0.2179028534384908
0.2179063256619186
0.21790979788534645
0.21791327010877434
0.21791674233220218
0.21792021455563007
0.2179236867790579
0.21792715900248577
0.21793063122591355
0.21793410344934144
0.21793757567276933
0.21794104789619717
0.21794452011962503
0.21794799234305287
0.2179514645664807
0.2179549367899086
0.21795840901333643
0.2179618812367643
0.21796535346019213
0.21796882568362003
0.21797229790704792
0.2179757701304757
0.21797924235390356
0.2179827145773314
0.2179861868007593
0.21798965902418713
0.21799313124761502
0.21799660347104288
0.21800007569447066
0.21800354791789855
0.2180070201413264
0.21801049236475428
0.21801396458818215
0.21801743681160998
0.21802090903503787
0.21802438125846565
0.21802785348189355
0.2180313257053214
0.21803479792874925
0.21803827015217714
0.21804174237560497
0.21804521459903287
0.21804868682246067
0.2180521590458885
0.2180556312693164
0.21805910349274424
0.21806257571617213
0.21806604793959997
0.21806952016302783
0.21807299238645567
0.2180764646098835
0.2180799368333114
0.21808340905673923
0.2180868812801671
0.21809035350359499
0.21809382572702277
0.21809729795045066
0.2181007701738785
0.21810424239730636
0.21810771462073425
0.21811118684416209
0.21811465906758998
0.21811813129101776
0.21812160351444562
0.21812507573787351
0.21812854796130135
0.21813202018472924
0.21813549240815708
0.21813896463158494
0.21814243685501272
0.21814590907844061
0.2181493813018685
0.21815285352529634
0.2181563257487242
0.21815979797215204
0.21816327019557993
0.2181667424190078
0.2181702146424356
0.21817368686586347
0.2181771590892913
0.2181806313127192
0.2181841035361471
0.21818757575957493
0.21819104798300273
0.21819452020643057
0.21819799242985846
0.21820146465328635
0.2182049368767142
0.21820840910014205
0.21821188132356983
0.21821535354699773
0.21821882577042556
0.21822229799385345
0.21822577021728132
0.21822924244070915
0.21823271466413705
0.21823618688756483
0.21823965911099272
0.21824313133442058
0.21824660355784842
0.2182500757812763
0.21825354800470415
0.21825702022813204
0.2182604924515599
0.21826396467498768
0.21826743689841557
0.2182709091218434
0.2182743813452713
0.21827785356869914
0.218281325792127
0.2182847980155549
0.21828827023898267
0.21829174246241057
0.2182952146858384
0.21829868690926627
0.21830215913269416
0.218305631356122
0.21830910357954986
0.21831257580297767
0.21831604802640553
0.21831952024983342
0.21832299247326126
0.21832646469668915
0.21832993692011698
0.2183334091435448
0.21833688136697268
0.21834035359040052
0.2183438258138284
0.21834729803725625
0.2183507702606841
0.2183542424841119
0.21835771470753979
0.21836118693096768
0.2183646591543955
0.21836813137782338
0.2183716036012512
0.2183750758246791
0.218378548048107
0.21838202027153478
0.21838549249496264
0.21838896471839048
0.21839243694181837
0.21839590916524626
0.2183993813886741
