0.9711808927711434
0.9711843649945712
0.9711878372179991
0.9711913094414268
0.9711947816648547
0.9711982538882827
0.9712017261117104
0.9712051983351384
0.971208670558566
0.9712121427819941
0.9712156150054219
0.9712190872288498
0.9712225594522778
0.9712260316757054
0.9712295038991334
0.9712329761225611
0.9712364483459891
0.9712399205694169
0.9712433927928448
0.9712468650162726
0.9712503372397004
0.9712538094631282
0.9712572816865561
0.9712607539099841
0.9712642261334118
0.9712676983568398
0.9712711705802676
0.9712746428036955
0.9712781150271232
0.9712815872505511
0.9712850594739789
0.9712885316974068
0.9712920039208348
0.9712954761442625
0.9712989483676905
0.9713024205911182
0.9713058928145462
0.9713093650379739
0.9713128372614018
0.9713163094848298
0.9713197817082575
0.9713232539316855
0.9713267261551132
0.9713301983785412
0.971333670601969
0.9713371428253968
0.9713406150488246
0.9713440872722525
0.9713475594956805
0.9713510317191082
0.9713545039425362
0.9713579761659639
0.9713614483893919
0.9713649206128196
0.9713683928362475
0.9713718650596753
0.9713753372831032
0.971378809506531
0.9713822817299589
0.9713857539533869
0.9713892261768146
0.9713926984002426
0.9713961706236702
0.9713996428470982
0.971403115070526
0.9714065872939539
0.9714100595173819
0.9714135317408096
0.9714170039642376
0.9714204761876652
0.9714239484110933
0.9714274206345209
0.9714308928579489
0.9714343650813768
0.9714378373048046
0.9714413095282326
0.9714447817516603
0.9714482539750883
0.9714517261985159
0.9714551984219439
0.9714586706453718
0.9714621428687996
0.9714656150922275
0.9714690873156553
0.9714725595390832
0.971476031762511
0.971479503985939
0.9714829762093666
0.9714864484327946
0.9714899206562225
0.9714933928796503
0.9714968651030782
0.971500337326506
0.9715038095499339
0.9715072817733617
0.9715107539967897
0.9715142262202173
0.9715176984436453
0.971521170667073
0.971524642890501
0.9715281151139289
0.9715315873373567
0.9715350595607847
0.9715385317842123
0.9715420040076403
0.971545476231068
0.971548948454496
0.9715524206779239
0.9715558929013517
0.9715593651247796
0.9715628373482074
0.9715663095716353
0.971569781795063
0.971573254018491
0.9715767262419187
0.9715801984653467
0.9715836706887746
0.9715871429122024
0.9715906151356303
0.9715940873590581
0.971597559582486
0.9716010318059137
0.9716045040293417
0.9716079762527694
0.9716114484761974
0.9716149206996251
0.9716183929230531
0.971621865146481
0.9716253373699087
0.9716288095933369
0.9716322818167644
0.9716357540401925
0.9716392262636201
0.9716426984870481
0.971646170710476
0.9716496429339038
0.9716531151573317
0.9716565873807594
0.9716600596041873
0.9716635318276151
0.9716670040510432
0.9716704762744708
0.9716739484978989
0.9716774207213267
0.9716808929447546
0.9716843651681824
0.9716878373916101
0.971691309615038
0.9716947818384658
0.9716982540618939
0.9717017262853215
0.9717051985087496
0.9717086707321771
0.9717121429556053
0.971715615179033
0.9717190874024609
0.9717225596258889
0.9717260318493166
0.9717295040727446
0.9717329762961722
0.9717364485196003
0.9717399207430281
0.971743392966456
0.9717468651898837
0.9717503374133116
0.9717538096367394
0.9717572818601673
0.9717607540835953
0.971764226307023
0.971767698530451
0.9717711707538788
0.9717746429773066
0.9717781152007344
0.9717815874241623
0.9717850596475901
0.971788531871018
0.971792004094446
0.9717954763178737
0.9717989485413017
0.9718024207647293
0.9718058929881573
0.9718093652115851
0.971812837435013
0.971816309658441
0.9718197818818687
0.9718232541052967
0.9718267263287244
0.9718301985521524
0.9718336707755801
0.971837142999008
0.9718406152224358
0.9718440874458637
0.9718475596692917
0.9718510318927194
0.9718545041161474
0.971857976339575
0.971861448563003
0.9718649207864308
0.9718683930098587
0.9718718652332865
