0.900347534842894
0.9003510070663219
0.9003544792897499
0.9003579515131777
0.9003614237366055
0.9003648959600333
0.9003683681834612
0.900371840406889
0.9003753126303169
0.9003787848537447
0.9003822570771726
0.9003857293006003
0.9003892015240282
0.9003926737474562
0.900396145970884
0.9003996181943119
0.9004030904177397
0.9004065626411676
0.9004100348645954
0.9004135070880233
0.9004169793114513
0.9004204515348789
0.9004239237583069
0.9004273959817347
0.9004308682051626
0.9004343404285904
0.9004378126520183
0.9004412848754461
0.900444757098874
0.900448229322302
0.9004517015457298
0.9004551737691576
0.9004586459925854
0.9004621182160133
0.9004655904394411
0.900469062662869
0.9004725348862967
0.9004760071097246
0.9004794793331524
0.9004829515565803
0.9004864237800083
0.9004898960034362
0.900493368226864
0.9004968404502919
0.9005003126737197
0.9005037848971474
0.9005072571205753
0.9005107293440033
0.900514201567431
0.900517673790859
0.9005211460142869
0.9005246182377147
0.9005280904611426
0.9005315626845704
0.9005350349079982
0.900538507131426
0.900541979354854
0.9005454515782819
0.9005489238017097
0.9005523960251376
0.9005558682485654
0.9005593404719933
0.900562812695421
0.9005662849188489
0.9005697571422767
0.9005732293657046
0.9005767015891324
0.9005801738125604
0.9005836460359883
0.9005871182594161
0.900590590482844
0.9005940627062717
0.9005975349296996
0.9006010071531274
0.9006044793765554
0.9006079515999831
0.9006114238234111
0.900614896046839
0.9006183682702668
0.9006218404936946
0.9006253127171224
0.9006287849405503
0.9006322571639781
0.9006357293874061
0.900639201610834
0.9006426738342618
0.9006461460576897
0.9006496182811174
0.9006530905045453
0.9006565627279731
0.900660034951401
0.9006635071748288
0.9006669793982567
0.9006704516216845
0.9006739238451125
0.9006773960685404
0.9006808682919681
0.900684340515396
0.9006878127388238
0.9006912849622517
0.9006947571856795
0.9006982294091075
0.9007017016325352
0.9007051738559632
0.900708646079391
0.9007121183028188
0.9007155905262467
0.9007190627496745
0.9007225349731024
0.9007260071965302
0.9007294794199583
0.9007329516433858
0.900736423866814
0.9007398960902417
0.9007433683136695
0.9007468405370974
0.9007503127605252
0.9007537849839531
0.9007572572073809
0.900760729430809
0.9007642016542365
0.9007676738776647
0.9007711461010924
0.9007746183245203
0.9007780905479481
0.900781562771376
0.9007850349948038
0.9007885072182316
0.9007919794416597
0.9007954516650872
0.9007989238885153
0.9008023961119431
0.900805868335371
0.9008093405587988
0.9008128127822267
0.9008162850056545
0.9008197572290824
0.9008232294525104
0.900826701675938
0.900830173899366
0.9008336461227938
0.9008371183462217
0.9008405905696495
0.9008440627930774
0.9008475350165052
0.900851007239933
0.9008544794633611
0.9008579516867888
0.9008614239102167
0.9008648961336445
0.9008683683570724
0.9008718405805002
0.9008753128039281
0.9008787850273559
0.9008822572507837
0.9008857294742115
0.9008892016976394
0.9008926739210674
0.9008961461444952
0.9008996183679231
0.9009030905913509
0.9009065628147788
0.9009100350382065
0.9009135072616344
0.9009169794850624
0.9009204517084901
0.9009239239319181
0.9009273961553459
0.9009308683787738
0.9009343406022016
0.9009378128256295
0.9009412850490572
0.9009447572724851
0.9009482294959131
0.9009517017193409
0.9009551739427688
0.9009586461661966
0.9009621183896245
0.9009655906130523
0.9009690628364802
0.9009725350599079
0.9009760072833358
0.9009794795067636
0.9009829517301915
0.9009864239536195
0.9009898961770473
0.9009933684004752
0.900996840623903
0.9010003128473308
0.9010037850707586
0.9010072572941865
0.9010107295176145
0.9010142017410422
0.9010176739644702
0.901021146187898
0.9010246184113259
0.9010280906347536
0.9010315628581815
0.9010350350816093
0.9010385073050372
