0.4559029360774084
0.45590640830083623
0.45590988052426407
0.4559133527476919
0.4559168249711198
0.45592029719454763
0.45592376941797547
0.4559272416414033
0.45593071386483125
0.4559341860882591
0.4559376583116869
0.45594113053511476
0.4559446027585426
0.4559480749819705
0.4559515472053983
0.45595501942882616
0.455958491652254
0.45596196387568194
0.4559654360991098
0.4559689083225376
0.45597238054596545
0.4559758527693933
0.4559793249928212
0.455982797216249
0.45598626943967685
0.4559897416631047
0.45599321388653263
0.45599668610996047
0.4560001583333883
0.45600363055681614
0.456007102780244
0.4560105750036719
0.4560140472270997
0.45601751945052754
0.4560209916739554
0.4560244638973833
0.45602793612081116
0.456031408344239
0.45603488056766683
0.45603835279109467
0.4560418250145226
0.45604529723795045
0.4560487694613783
0.4560522416848061
0.456055713908234
0.45605918613166185
0.4560626583550897
0.4560661305785175
0.45606960280194536
0.4560730750253733
0.45607654724880115
0.456080019472229
0.4560834916956568
0.4560869639190847
0.45609043614251255
0.4560939083659404
0.4560973805893682
0.45610085281279605
0.456104325036224
0.45610779725965184
0.4561112694830797
0.4561147417065075
0.4561182139299354
0.45612168615336324
0.4561251583767911
0.4561286306002189
0.45613210282364675
0.4561355750470747
0.45613904727050253
0.45614251949393037
0.4561459917173582
0.45614946394078615
0.456152936164214
0.45615640838764177
0.4561598806110696
0.45616335283449744
0.4561668250579254
0.4561702972813532
0.45617376950478106
0.4561772417282089
0.45618071395163684
0.4561841861750647
0.4561876583984925
0.45619113062192035
0.4561946028453482
0.4561980750687761
0.4562015472922039
0.45620501951563175
0.4562084917390596
0.45621196396248753
0.45621543618591537
0.4562189084093432
0.45622238063277104
0.4562258528561989
0.45622932507962677
0.4562327973030546
0.45623626952648244
0.4562397417499103
0.4562432139733382
0.45624668619676606
0.4562501584201939
0.45625363064362173
0.45625710286704957
0.45626057509047746
0.4562640473139053
0.45626751953733313
0.45627099176076097
0.4562744639841889
0.45627793620761675
0.4562814084310446
0.4562848806544724
0.45628835287790026
0.4562918251013282
0.45629529732475604
0.4562987695481838
0.45630224177161166
0.4563057139950396
0.45630918621846744
0.4563126584418953
0.4563161306653231
0.45631960288875095
0.4563230751121789
0.45632654733560674
0.45633001955903457
0.4563334917824624
0.4563369640058903
0.45634043622931814
0.45634390845274597
0.4563473806761738
0.45635085289960164
0.4563543251230296
0.45635779734645743
0.45636126956988526
0.4563647417933131
0.456368214016741
0.45637168624016883
0.45637515846359666
0.4563786306870245
0.45638210291045234
0.4563855751338803
0.4563890473573081
0.45639251958073596
0.4563959918041638
0.4563994640275917
0.4564029362510195
0.45640640847444736
0.4564098806978752
0.45641335292130303
0.456416825144731
0.4564202973681588
0.45642376959158665
0.4564272418150145
0.45643071403844243
0.45643418626187027
0.4564376584852981
0.4564411307087259
0.4564446029321537
0.45644807515558167
0.4564515473790095
0.45645501960243734
0.4564584918258652
0.4564619640492931
0.45646543627272096
0.4564689084961488
0.45647238071957663
0.45647585294300447
0.45647932516643236
0.4564827973898602
0.45648626961328803
0.45648974183671587
0.4564932140601438
0.45649668628357165
0.4565001585069995
0.4565036307304273
0.45650710295385516
0.45651057517728305
0.4565140474007109
0.4565175196241387
0.45652099184756656
0.4565244640709945
0.45652793629442234
0.4565314085178502
0.456534880741278
0.45653835296470585
0.45654182518813374
0.4565452974115616
0.4565487696349894
0.45655224185841725
0.4565557140818452
0.45655918630527303
0.45656265852870087
0.4565661307521287
0.45656960297555654
0.4565730751989845
0.4565765474224123
0.45658001964584016
0.45658349186926794
0.4565869640926959
0.4565904363161237
0.45659390853955156
