0.6045140987896176
0.6045175710130455
0.6045210432364733
0.6045245154599013
0.604527987683329
0.6045314599067569
0.6045349321301847
0.6045384043536126
0.6045418765770405
0.6045453488004683
0.6045488210238962
0.604552293247324
0.604555765470752
0.6045592376941797
0.6045627099176076
0.6045661821410354
0.6045696543644633
0.6045731265878912
0.604576598811319
0.6045800710347469
0.6045835432581746
0.6045870154816027
0.6045904877050304
0.6045939599284583
0.6045974321518861
0.604600904375314
0.6046043765987419
0.6046078488221698
0.6046113210455976
0.6046147932690255
0.6046182654924533
0.6046217377158811
0.604625209939309
0.6046286821627368
0.6046321543861647
0.6046356266095926
0.6046390988330205
0.6046425710564483
0.6046460432798761
0.604649515503304
0.6046529877267318
0.6046564599501597
0.6046599321735875
0.6046634043970154
0.6046668766204433
0.6046703488438712
0.6046738210672989
0.6046772932907268
0.6046807655141547
0.6046842377375825
0.6046877099610104
0.6046911821844382
0.6046946544078661
0.604698126631294
0.6047015988547219
0.6047050710781496
0.6047085433015775
0.6047120155250054
0.6047154877484332
0.6047189599718611
0.6047224321952889
0.6047259044187168
0.6047293766421447
0.6047328488655725
0.6047363210890003
0.6047397933124283
0.6047432655358561
0.604746737759284
0.6047502099827118
0.6047536822061397
0.6047571544295675
0.6047606266529953
0.6047640988764232
0.604767571099851
0.6047710433232789
0.6047745155467068
0.6047779877701347
0.6047814599935625
0.6047849322169904
0.6047884044404181
0.604791876663846
0.6047953488872739
0.6047988211107017
0.6048022933341296
0.6048057655575575
0.6048092377809854
0.6048127100044132
0.6048161822278411
0.6048196544512688
0.6048231266746967
0.6048265988981246
0.6048300711215524
0.6048335433449803
0.6048370155684082
0.6048404877918361
0.6048439600152639
0.6048474322386918
0.6048509044621195
0.6048543766855474
0.6048578489089753
0.6048613211324031
0.6048647933558311
0.6048682655792589
0.6048717378026868
0.6048752100261146
0.6048786822495424
0.6048821544729702
0.6048856266963982
0.604889098919826
0.6048925711432539
0.6048960433666818
0.6048995155901096
0.6049029878135375
0.6049064600369652
0.6049099322603931
0.6049134044838209
0.6049168767072489
0.6049203489306767
0.6049238211541046
0.6049272933775325
0.6049307656009603
0.6049342378243882
0.6049377100478159
0.6049411822712438
0.6049446544946716
0.6049481267180996
0.6049515989415274
0.6049550711649553
0.6049585433883831
0.604962015611811
0.6049654878352388
0.6049689600586666
0.6049724322820945
0.6049759045055223
0.6049793767289503
0.6049828489523781
0.604986321175806
0.6049897933992339
0.6049932656226618
0.6049967378460895
0.6050002100695173
0.6050036822929452
0.605007154516373
0.605010626739801
0.6050140989632288
0.6050175711866567
0.6050210434100846
0.6050245156335124
0.6050279878569402
0.6050314600803681
0.6050349323037959
0.6050384045272238
0.6050418767506517
0.6050453489740795
0.6050488211975074
0.6050522934209352
0.6050557656443631
0.6050592378677909
0.6050627100912188
0.6050661823146466
0.6050696545380745
0.6050731267615024
0.6050765989849302
0.605080071208358
0.6050835434317858
0.6050870156552138
0.6050904878786416
0.6050939601020695
0.6050974323254973
0.6051009045489252
0.6051043767723531
0.6051078489957809
0.6051113212192087
0.6051147934426366
0.6051182656660645
0.6051217378894923
0.6051252101129202
0.605128682336348
0.6051321545597759
0.6051356267832038
0.6051390990066315
0.6051425712300594
0.6051460434534873
0.6051495156769152
0.605152987900343
0.6051564601237709
0.6051599323471987
0.6051634045706266
0.6051668767940545
0.6051703490174823
0.6051738212409101
0.605177293464338
0.6051807656877659
0.6051842379111937
0.6051877101346216
0.6051911823580494
0.6051946545814773
0.6051981268049051
0.605201599028333
0.6052050712517608
