0.9961809014517019
0.9961843736751298
0.9961878458985576
0.9961913181219856
0.9961947903454133
0.9961982625688413
0.9962017347922689
0.9962052070156969
0.9962086792391248
0.9962121514625526
0.9962156236859805
0.9962190959094083
0.9962225681328362
0.9962260403562639
0.996229512579692
0.9962329848031196
0.9962364570265476
0.9962399292499753
0.9962434014734033
0.9962468736968312
0.996250345920259
0.996253818143687
0.9962572903671146
0.9962607625905426
0.9962642348139703
0.9962677070373983
0.9962711792608262
0.996274651484254
0.9962781237076819
0.9962815959311097
0.9962850681545377
0.9962885403779653
0.9962920126013933
0.996295484824821
0.996298957048249
0.9963024292716769
0.9963059014951047
0.9963093737185326
0.9963128459419603
0.9963163181653882
0.996319790388816
0.996323262612244
0.9963267348356717
0.9963302070590997
0.9963336792825274
0.9963371515059554
0.9963406237293833
0.996344095952811
0.996347568176239
0.9963510403996667
0.9963545126230947
0.9963579848465224
0.9963614570699504
0.996364929293378
0.9963684015168061
0.996371873740234
0.9963753459636617
0.9963788181870898
0.9963822904105174
0.9963857626339455
0.9963892348573731
0.9963927070808011
0.996396179304229
0.9963996515276567
0.9964031237510846
0.9964065959745124
0.9964100681979403
0.9964135404213681
0.9964170126447962
0.9964204848682238
0.9964239570916519
0.9964274293150797
0.9964309015385076
0.9964343737619353
0.9964378459853632
0.996441318208791
0.9964447904322188
0.9964482626556469
0.9964517348790745
0.9964552071025026
0.9964586793259301
0.9964621515493582
0.996465623772786
0.9964690959962139
0.9964725682196419
0.9964760404430696
0.9964795126664976
0.9964829848899253
0.9964864571133533
0.996489929336781
0.9964934015602089
0.9964968737836367
0.9965003460070646
0.9965038182304924
0.9965072904539203
0.9965107626773483
0.996514234900776
0.996517707124204
0.9965211793476317
0.9965246515710596
0.9965281237944874
0.9965315960179153
0.9965350682413431
0.996538540464771
0.996542012688199
0.9965454849116266
0.9965489571350546
0.9965524293584823
0.9965559015819103
0.9965593738053381
0.996562846028766
0.996566318252194
0.9965697904756217
0.9965732626990497
0.9965767349224773
0.9965802071459053
0.9965836793693331
0.996587151592761
0.9965906238161888
0.9965940960396167
0.9965975682630445
0.9966010404864724
0.9966045127099004
0.996607984933328
0.996611457156756
0.9966149293801838
0.9966184016036117
0.9966218738270395
0.9966253460504674
0.9966288182738952
0.996632290497323
0.996635762720751
0.9966392349441787
0.9966427071676067
0.9966461793910344
0.9966496516144624
0.9966531238378902
0.9966565960613181
0.9966600682847461
0.9966635405081737
0.9966670127316017
0.9966704849550294
0.9966739571784574
0.9966774294018852
0.9966809016253131
0.9966843738487409
0.9966878460721688
0.9966913182955968
0.9966947905190244
0.9966982627424524
0.9967017349658801
0.9967052071893081
0.996708679412736
0.9967121516361638
0.9967156238595917
0.9967190960830195
0.9967225683064472
0.9967260405298751
0.9967295127533031
0.9967329849767308
0.9967364572001588
0.9967399294235865
0.9967434016470145
0.9967468738704424
0.9967503460938701
0.9967538183172981
0.9967572905407258
0.9967607627641538
0.9967642349875815
0.9967677072110095
0.9967711794344374
0.9967746516578652
0.996778123881293
0.9967815961047208
0.9967850683281488
0.9967885405515765
0.9967920127750045
0.9967954849984322
0.9967989572218602
0.9968024294452881
0.9968059016687159
0.9968093738921437
0.9968128461155715
0.9968163183389994
0.9968197905624272
0.9968232627858552
0.9968267350092829
0.9968302072327109
0.9968336794561388
0.9968371516795665
0.9968406239029944
0.9968440961264222
0.9968475683498502
0.9968510405732779
0.9968545127967059
0.9968579850201336
0.9968614572435616
0.9968649294669892
0.9968684016904172
0.9968718739138451
