0.5961807625627648
0.5961842347861926
0.5961877070096204
0.5961911792330483
0.5961946514564761
0.5961981236799041
0.5962015959033319
0.5962050681267598
0.5962085403501876
0.5962120125736156
0.5962154847970433
0.5962189570204712
0.596222429243899
0.5962259014673268
0.5962293736907548
0.5962328459141826
0.5962363181376105
0.5962397903610382
0.5962432625844662
0.596246734807894
0.5962502070313219
0.5962536792547497
0.5962571514781776
0.5962606237016055
0.5962640959250333
0.5962675681484612
0.5962710403718889
0.5962745125953169
0.5962779848187447
0.5962814570421726
0.5962849292656004
0.5962884014890283
0.5962918737124562
0.596295345935884
0.5962988181593118
0.5963022903827397
0.5963057626061676
0.5963092348295954
0.5963127070530233
0.5963161792764511
0.596319651499879
0.5963231237233069
0.5963265959467346
0.5963300681701625
0.5963335403935903
0.5963370126170183
0.5963404848404461
0.596343957063874
0.5963474292873018
0.5963509015107297
0.5963543737341576
0.5963578459575855
0.5963613181810132
0.596364790404441
0.596368262627869
0.5963717348512968
0.5963752070747247
0.5963786792981525
0.5963821515215804
0.5963856237450083
0.5963890959684361
0.5963925681918639
0.5963960404152918
0.5963995126387197
0.5964029848621475
0.5964064570855754
0.5964099293090032
0.596413401532431
0.596416873755859
0.5964203459792868
0.5964238182027146
0.5964272904261425
0.5964307626495704
0.5964342348729982
0.5964377070964261
0.5964411793198539
0.5964446515432817
0.5964481237667096
0.5964515959901375
0.5964550682135653
0.5964585404369932
0.5964620126604211
0.5964654848838489
0.5964689571072768
0.5964724293307045
0.5964759015541324
0.5964793737775603
0.5964828460009882
0.596486318224416
0.5964897904478439
0.5964932626712718
0.5964967348946997
0.5965002071181275
0.5965036793415553
0.5965071515649831
0.596510623788411
0.5965140960118389
0.5965175682352667
0.5965210404586946
0.5965245126821225
0.5965279849055504
0.5965314571289781
0.596534929352406
0.5965384015758338
0.5965418737992617
0.5965453460226896
0.5965488182461174
0.5965522904695454
0.5965557626929732
0.5965592349164011
0.5965627071398288
0.5965661793632567
0.5965696515866845
0.5965731238101124
0.5965765960335403
0.5965800682569681
0.596583540480396
0.5965870127038239
0.5965904849272518
0.5965939571506795
0.5965974293741074
0.5966009015975352
0.5966043738209631
0.596607846044391
0.5966113182678188
0.5966147904912467
0.5966182627146746
0.5966217349381024
0.5966252071615302
0.5966286793849581
0.5966321516083859
0.5966356238318139
0.5966390960552417
0.5966425682786696
0.5966460405020974
0.5966495127255252
0.5966529849489531
0.5966564571723809
0.5966599293958088
0.5966634016192366
0.5966668738426646
0.5966703460660924
0.5966738182895203
0.5966772905129482
0.5966807627363759
0.5966842349598038
0.5966877071832316
0.5966911794066595
0.5966946516300873
0.5966981238535153
0.5967015960769431
0.596705068300371
0.5967085405237987
0.5967120127472266
0.5967154849706545
0.5967189571940823
0.5967224294175102
0.596725901640938
0.596729373864366
0.5967328460877938
0.5967363183112216
0.5967397905346494
0.5967432627580774
0.5967467349815052
0.596750207204933
0.5967536794283609
0.5967571516517887
0.5967606238752167
0.5967640960986444
0.5967675683220723
0.5967710405455001
0.5967745127689281
0.5967779849923559
0.5967814572157838
0.5967849294392116
0.5967884016626395
0.5967918738860674
0.5967953461094951
0.596798818332923
0.5968022905563509
0.5968057627797788
0.5968092350032066
0.5968127072266345
0.5968161794500623
0.5968196516734902
0.596823123896918
0.5968265961203458
0.5968300683437737
0.5968335405672015
0.5968370127906295
0.5968404850140573
0.5968439572374852
0.596847429460913
0.5968509016843409
0.5968543739077687
0.5968578461311965
0.5968613183546244
0.5968647905780522
0.5968682628014802
0.596871735024908
