0.5336807408613684
0.5336842130847962
0.5336876853082241
0.5336911575316519
0.5336946297550798
0.5336981019785076
0.5337015742019355
0.5337050464253633
0.5337085186487912
0.5337119908722191
0.5337154630956469
0.5337189353190748
0.5337224075425026
0.5337258797659304
0.5337293519893583
0.5337328242127862
0.533736296436214
0.5337397686596419
0.5337432408830698
0.5337467131064976
0.5337501853299255
0.5337536575533532
0.5337571297767811
0.533760602000209
0.5337640742236369
0.5337675464470647
0.5337710186704926
0.5337744908939205
0.5337779631173483
0.5337814353407762
0.5337849075642039
0.5337883797876318
0.5337918520110597
0.5337953242344876
0.5337987964579154
0.5338022686813433
0.5338057409047712
0.5338092131281991
0.5338126853516268
0.5338161575750546
0.5338196297984825
0.5338231020219104
0.5338265742453383
0.5338300464687661
0.533833518692194
0.5338369909156219
0.5338404631390498
0.5338439353624775
0.5338474075859054
0.5338508798093332
0.5338543520327611
0.533857824256189
0.5338612964796168
0.5338647687030447
0.5338682409264726
0.5338717131499005
0.5338751853733282
0.5338786575967561
0.5338821298201839
0.5338856020436118
0.5338890742670397
0.5338925464904675
0.5338960187138954
0.5338994909373233
0.5339029631607511
0.5339064353841789
0.5339099076076068
0.5339133798310346
0.5339168520544625
0.5339203242778904
0.5339237965013182
0.533927268724746
0.5339307409481739
0.5339342131716018
0.5339376853950296
0.5339411576184575
0.5339446298418853
0.5339481020653133
0.5339515742887411
0.5339550465121689
0.5339585187355967
0.5339619909590246
0.5339654631824525
0.5339689354058803
0.5339724076293082
0.533975879852736
0.533979352076164
0.5339828242995918
0.5339862965230197
0.5339897687464474
0.5339932409698753
0.5339967131933032
0.534000185416731
0.5340036576401589
0.5340071298635867
0.5340106020870147
0.5340140743104425
0.5340175465338703
0.5340210187572981
0.534024490980726
0.5340279632041539
0.5340314354275817
0.5340349076510096
0.5340383798744374
0.5340418520978654
0.5340453243212931
0.534048796544721
0.5340522687681488
0.5340557409915767
0.5340592132150046
0.5340626854384324
0.5340661576618603
0.534069629885288
0.5340731021087161
0.5340765743321438
0.5340800465555717
0.5340835187789995
0.5340869910024275
0.5340904632258553
0.5340939354492832
0.534097407672711
0.5341008798961387
0.5341043521195667
0.5341078243429945
0.5341112965664224
0.5341147687898502
0.5341182410132782
0.534121713236706
0.5341251854601339
0.5341286576835617
0.5341321299069896
0.5341356021304174
0.5341390743538452
0.5341425465772731
0.5341460188007009
0.5341494910241289
0.5341529632475567
0.5341564354709846
0.5341599076944124
0.5341633799178402
0.5341668521412681
0.5341703243646959
0.5341737965881238
0.5341772688115516
0.5341807410349796
0.5341842132584074
0.5341876854818353
0.534191157705263
0.5341946299286909
0.5341981021521188
0.5342015743755466
0.5342050465989745
0.5342085188224023
0.5342119910458303
0.5342154632692581
0.534218935492686
0.5342224077161137
0.5342258799395416
0.5342293521629695
0.5342328243863974
0.5342362966098252
0.534239768833253
0.534243241056681
0.5342467132801088
0.5342501855035366
0.5342536577269644
0.5342571299503923
0.5342606021738202
0.5342640743972481
0.5342675466206759
0.5342710188441038
0.5342744910675317
0.5342779632909594
0.5342814355143873
0.5342849077378151
0.534288379961243
0.5342918521846709
0.5342953244080988
0.5342987966315266
0.5343022688549545
0.5343057410783824
0.5343092133018101
0.534312685525238
0.5343161577486658
0.5343196299720937
0.5343231021955216
0.5343265744189495
0.5343300466423773
0.5343335188658052
0.534336991089233
0.5343404633126608
0.5343439355360887
0.5343474077595165
0.5343508799829444
0.5343543522063723
0.5343578244298002
0.534361296653228
0.5343647688766558
0.5343682411000837
0.5343717133235116
