0.9114586498120312
0.9114621220354591
0.9114655942588868
0.9114690664823147
0.9114725387057425
0.9114760109291704
0.9114794831525982
0.9114829553760261
0.9114864275994541
0.911489899822882
0.9114933720463098
0.9114968442697376
0.9115003164931654
0.9115037887165932
0.9115072609400211
0.9115107331634491
0.9115142053868768
0.9115176776103048
0.9115211498337327
0.9115246220571604
0.9115280942805883
0.9115315665040161
0.911535038727444
0.9115385109508718
0.9115419831742998
0.9115454553977275
0.9115489276211555
0.9115523998445834
0.9115558720680111
0.911559344291439
0.9115628165148668
0.9115662887382947
0.9115697609617225
0.9115732331851505
0.9115767054085782
0.9115801776320062
0.911583649855434
0.9115871220788618
0.9115905943022897
0.9115940665257175
0.9115975387491454
0.9116010109725732
0.9116044831960011
0.9116079554194289
0.9116114276428569
0.9116148998662847
0.9116183720897125
0.9116218443131404
0.9116253165365682
0.9116287887599961
0.9116322609834239
0.9116357332068519
0.9116392054302795
0.9116426776537075
0.9116461498771354
0.9116496221005632
0.9116530943239911
0.9116565665474189
0.9116600387708468
0.9116635109942746
0.9116669832177026
0.9116704554411305
0.9116739276645582
0.9116773998879861
0.9116808721114139
0.9116843443348418
0.9116878165582696
0.9116912887816975
0.9116947610051253
0.9116982332285531
0.9117017054519809
0.9117051776754089
0.9117086498988368
0.9117121221222646
0.9117155943456925
0.9117190665691203
0.9117225387925482
0.911726011015976
0.9117294832394041
0.9117329554628316
0.9117364276862597
0.9117398999096873
0.9117433721331153
0.9117468443565432
0.911750316579971
0.9117537888033989
0.9117572610268266
0.9117607332502548
0.9117642054736825
0.9117676776971104
0.9117711499205382
0.9117746221439661
0.9117780943673939
0.9117815665908218
0.9117850388142495
0.9117885110376773
0.9117919832611052
0.911795455484533
0.9117989277079611
0.9118023999313889
0.9118058721548168
0.9118093443782446
0.9118128166016725
0.9118162888251002
0.9118197610485281
0.9118232332719561
0.9118267054953838
0.9118301777188118
0.9118336499422396
0.9118371221656675
0.9118405943890953
0.9118440666125232
0.9118475388359509
0.9118510110593788
0.9118544832828068
0.9118579555062346
0.9118614277296625
0.9118648999530903
0.9118683721765182
0.911871844399946
0.9118753166233738
0.9118787888468016
0.9118822610702295
0.9118857332936573
0.9118892055170852
0.9118926777405132
0.911896149963941
0.9118996221873689
0.9119030944107966
0.9119065666342245
0.9119100388576523
0.9119135110810802
0.9119169833045082
0.9119204555279359
0.9119239277513639
0.9119273999747917
0.9119308721982196
0.9119343444216473
0.9119378166450752
0.911941288868503
0.9119447610919309
0.9119482333153589
0.9119517055387867
0.9119551777622146
0.9119586499856424
0.9119621222090702
0.911965594432498
0.9119690666559259
0.9119725388793537
0.9119760111027816
0.9119794833262094
0.9119829555496373
0.9119864277730653
0.911989899996493
0.9119933722199209
0.9119968444433487
0.9120003166667766
0.9120037888902044
0.9120072611136323
0.9120107333370603
0.912014205560488
0.912017677783916
0.9120211500073439
0.9120246222307716
0.9120280944541994
0.9120315666776273
0.9120350389010551
0.912038511124483
0.912041983347911
0.9120454555713386
0.9120489277947667
0.9120524000181945
0.9120558722416223
0.9120593444650502
0.912062816688478
0.9120662889119059
0.9120697611353337
0.9120732333587617
0.9120767055821896
0.9120801778056173
0.9120836500290452
0.912087122252473
0.9120905944759009
0.9120940666993287
0.9120975389227566
0.9121010111461844
0.9121044833696123
0.91210795559304
0.912111427816468
0.9121149000398959
0.9121183722633237
0.9121218444867516
0.9121253167101794
0.9121287889336073
0.912132261157035
0.912135733380463
0.9121392056038907
0.9121426778273187
0.9121461500507466
0.9121496222741744
