0.18437506401911943
0.18437853624254727
0.18438200846597516
0.184385480689403
0.1843889529128309
0.18439242513625867
0.18439589735968656
0.18439936958311443
0.18440284180654226
0.18440631402997015
0.184409786253398
0.18441325847682585
0.1844167307002537
0.18442020292368153
0.18442367514710942
0.18442714737053725
0.18443061959396512
0.184434091817393
0.1844375640408208
0.18444103626424868
0.18444450848767652
0.18444798071110438
0.18445145293453227
0.1844549251579601
0.184458397381388
0.18446186960481578
0.18446534182824367
0.1844688140516715
0.18447228627509937
0.18447575849852726
0.1844792307219551
0.18448270294538296
0.18448617516881077
0.18448964739223864
0.18449311961566653
0.18449659183909436
0.18450006406252223
0.18450353628595006
0.18450700850937796
0.18451048073280585
0.18451395295623363
0.1845174251796615
0.18452089740308933
0.18452436962651722
0.18452784184994506
0.18453131407337295
0.1845347862968008
0.18453825852022862
0.18454173074365648
0.18454520296708432
0.1845486751905122
0.18455214741394008
0.1845556196373679
0.18455909186079575
0.18456256408422358
0.18456603630765148
0.18456950853107934
0.18457298075450718
0.18457645297793507
0.18457992520136285
0.18458339742479074
0.18458686964821863
0.18459034187164644
0.18459381409507433
0.18459728631850217
0.18460075854193006
0.18460423076535784
0.18460770298878573
0.1846111752122136
0.18461464743564143
0.18461811965906932
0.18462159188249716
0.18462506410592502
0.18462853632935292
0.1846320085527807
0.1846354807762086
0.18463895299963642
0.1846424252230643
0.18464589744649218
0.18464936966992002
0.1846528418933479
0.1846563141167757
0.18465978634020355
0.18466325856363144
0.18466673078705928
0.18467020301048717
0.184673675233915
0.18467714745734284
0.18468061968077068
0.18468409190419854
0.18468756412762644
0.18469103635105427
0.18469450857448214
0.18469798079790997
0.1847014530213378
0.1847049252447657
0.18470839746819354
0.1847118696916214
0.18471534191504924
0.18471881413847713
0.18472228636190502
0.1847257585853328
0.1847292308087607
0.1847327030321885
0.1847361752556164
0.18473964747904428
0.18474311970247212
0.18474659192589998
0.1847500641493278
0.18475353637275566
0.1847570085961835
0.18476048081961138
0.18476395304303925
0.18476742526646708
0.18477089748989498
0.18477436971332276
0.18477784193675065
0.1847813141601785
0.18478478638360635
0.18478825860703424
0.18479173083046208
0.18479520305388997
0.1847986752773178
0.1848021475007456
0.1848056197241735
0.18480909194760134
0.18481256417102923
0.18481603639445707
0.1848195086178849
0.18482298084131277
0.1848264530647406
0.1848299252881685
0.18483339751159633
0.1848368697350242
0.1848403419584521
0.18484381418187987
0.18484728640530776
0.1848507586287356
0.18485423085216346
0.18485770307559135
0.1848611752990192
0.18486464752244708
0.18486811974587486
0.18487159196930275
0.18487506419273061
0.18487853641615845
0.18488200863958634
0.18488548086301418
0.18488895308644204
0.18489242530986985
0.18489589753329772
0.1848993697567256
0.18490284198015344
0.1849063142035813
0.18490978642700914
0.18491325865043703
0.18491673087386487
0.1849202030972927
0.18492367532072057
0.1849271475441484
0.1849306197675763
0.1849340919910042
0.18493756421443203
0.18494103643785986
0.18494450866128767
0.18494798088471556
0.18495145310814345
0.1849549253315713
0.18495839755499915
0.18496186977842696
0.18496534200185483
0.18496881422528266
0.18497228644871055
0.18497575867213842
0.18497923089556625
0.18498270311899415
0.18498617534242193
0.18498964756584982
0.18499311978927768
0.18499659201270552
0.1850000642361334
0.18500353645956125
0.18500700868298914
0.185010480906417
0.1850139531298448
0.18501742535327267
0.1850208975767005
0.1850243698001284
0.18502784202355624
0.1850313142469841
0.185034786470412
0.18503825869383977
0.18504173091726767
0.1850452031406955
0.18504867536412337
0.18505214758755126
0.1850556198109791
0.18505909203440693
0.18506256425783477
0.18506603648126263
