0.7468752593316873
0.7468787315551151
0.746882203778543
0.7468856760019709
0.7468891482253986
0.7468926204488266
0.7468960926722544
0.7468995648956823
0.7469030371191101
0.746906509342538
0.7469099815659658
0.7469134537893937
0.7469169260128214
0.7469203982362493
0.7469238704596773
0.7469273426831051
0.746930814906533
0.7469342871299608
0.7469377593533887
0.7469412315768165
0.7469447038002444
0.7469481760236723
0.7469516482471
0.7469551204705279
0.7469585926939558
0.7469620649173837
0.7469655371408115
0.7469690093642394
0.7469724815876672
0.746975953811095
0.7469794260345228
0.7469828982579508
0.7469863704813787
0.7469898427048065
0.7469933149282344
0.7469967871516622
0.7470002593750901
0.7470037315985179
0.7470072038219457
0.7470106760453736
0.7470141482688015
0.7470176204922293
0.7470210927156572
0.7470245649390851
0.7470280371625129
0.7470315093859408
0.7470349816093685
0.7470384538327964
0.7470419260562243
0.7470453982796522
0.74704887050308
0.7470523427265079
0.7470558149499358
0.7470592871733636
0.7470627593967915
0.7470662316202192
0.7470697038436471
0.7470731760670749
0.7470766482905029
0.7470801205139308
0.7470835927373586
0.7470870649607865
0.7470905371842143
0.7470940094076421
0.7470974816310699
0.7471009538544978
0.7471044260779257
0.7471078983013536
0.7471113705247814
0.7471148427482094
0.7471183149716372
0.7471217871950651
0.7471252594184928
0.7471287316419206
0.7471322038653485
0.7471356760887764
0.7471391483122043
0.7471426205356322
0.7471460927590601
0.7471495649824879
0.7471530372059157
0.7471565094293435
0.7471599816527714
0.7471634538761992
0.7471669260996271
0.747170398323055
0.7471738705464829
0.7471773427699108
0.7471808149933385
0.7471842872167664
0.7471877594401942
0.7471912316636221
0.7471947038870499
0.7471981761104778
0.7472016483339057
0.7472051205573335
0.7472085927807615
0.7472120650041892
0.7472155372276171
0.7472190094510449
0.7472224816744728
0.7472259538979006
0.7472294261213285
0.7472328983447564
0.7472363705681843
0.7472398427916122
0.7472433150150399
0.7472467872384678
0.7472502594618956
0.7472537316853235
0.7472572039087513
0.7472606761321793
0.7472641483556071
0.747267620579035
0.7472710928024628
0.7472745650258906
0.7472780372493185
0.7472815094727463
0.7472849816961742
0.747288453919602
0.74729192614303
0.7472953983664578
0.7472988705898856
0.7473023428133135
0.7473058150367413
0.7473092872601692
0.747312759483597
0.7473162317070249
0.7473197039304527
0.7473231761538806
0.7473266483773084
0.7473301206007363
0.7473335928241642
0.747337065047592
0.7473405372710199
0.7473440094944477
0.7473474817178756
0.7473509539413034
0.7473544261647314
0.7473578983881591
0.747361370611587
0.7473648428350149
0.7473683150584427
0.7473717872818706
0.7473752595052984
0.7473787317287263
0.747382203952154
0.747385676175582
0.7473891483990098
0.7473926206224378
0.7473960928458656
0.7473995650692935
0.7474030372927213
0.7474065095161492
0.747409981739577
0.7474134539630047
0.7474169261864326
0.7474203984098605
0.7474238706332885
0.7474273428567163
0.7474308150801442
0.747434287303572
0.7474377595269999
0.7474412317504276
0.7474447039738555
0.7474481761972834
0.7474516484207112
0.7474551206441391
0.747458592867567
0.7474620650909949
0.7474655373144227
0.7474690095378506
0.7474724817612783
0.7474759539847062
0.747479426208134
0.7474828984315619
0.7474863706549899
0.7474898428784177
0.7474933151018456
0.7474967873252734
0.7475002595487013
0.747503731772129
0.7475072039955569
0.7475106762189848
0.7475141484424126
0.7475176206658405
0.7475210928892684
0.7475245651126963
0.747528037336124
0.7475315095595519
0.7475349817829797
0.7475384540064076
0.7475419262298355
0.7475453984532634
0.7475488706766912
0.7475523429001191
0.747555815123547
0.7475592873469747
0.7475627595704026
0.7475662317938304
