0.8142363938320811
0.8142398660555091
0.8142433382789369
0.8142468105023648
0.8142502827257926
0.8142537549492205
0.8142572271726483
0.8142606993960761
0.814264171619504
0.8142676438429319
0.8142711160663598
0.8142745882897876
0.8142780605132155
0.8142815327366433
0.8142850049600712
0.814288477183499
0.8142919494069268
0.8142954216303547
0.8142988938537826
0.8143023660772105
0.8143058383006383
0.8143093105240662
0.814312782747494
0.8143162549709219
0.8143197271943498
0.8143231994177775
0.8143266716412054
0.8143301438646332
0.8143336160880612
0.814337088311489
0.8143405605349169
0.8143440327583447
0.8143475049817726
0.8143509772052003
0.8143544494286282
0.8143579216520561
0.814361393875484
0.8143648660989119
0.8143683383223397
0.8143718105457676
0.8143752827691954
0.8143787549926232
0.814382227216051
0.814385699439479
0.8143891716629068
0.8143926438863347
0.8143961161097626
0.8143995883331904
0.8144030605566183
0.814406532780046
0.8144100050034739
0.8144134772269017
0.8144169494503297
0.8144204216737576
0.8144238938971854
0.8144273661206133
0.8144308383440411
0.814434310567469
0.8144377827908967
0.8144412550143246
0.8144447272377524
0.8144481994611803
0.8144516716846082
0.8144551439080362
0.814458616131464
0.8144620883548919
0.8144655605783196
0.8144690328017475
0.8144725050251753
0.8144759772486031
0.8144794494720311
0.8144829216954589
0.8144863939188869
0.8144898661423146
0.8144933383657426
0.8144968105891703
0.8145002828125982
0.814503755036026
0.8145072272594539
0.8145106994828818
0.8145141717063097
0.8145176439297375
0.8145211161531654
0.8145245883765933
0.814528060600021
0.8145315328234489
0.8145350050468767
0.8145384772703046
0.8145419494937324
0.8145454217171603
0.8145488939405883
0.814552366164016
0.8145558383874439
0.8145593106108717
0.8145627828342996
0.8145662550577274
0.8145697272811553
0.8145731995045832
0.814576671728011
0.814580143951439
0.8145836161748667
0.8145870883982946
0.8145905606217224
0.8145940328451503
0.8145975050685781
0.814600977292006
0.8146044495154339
0.8146079217388618
0.8146113939622895
0.8146148661857174
0.8146183384091453
0.8146218106325731
0.814625282856001
0.8146287550794288
0.8146322273028568
0.8146356995262845
0.8146391717497125
0.8146426439731402
0.8146461161965681
0.814649588419996
0.8146530606434238
0.8146565328668517
0.8146600050902795
0.8146634773137074
0.8146669495371353
0.8146704217605631
0.814673893983991
0.8146773662074188
0.8146808384308467
0.8146843106542745
0.8146877828777024
0.8146912551011302
0.814694727324558
0.814698199547986
0.8147016717714138
0.8147051439948416
0.8147086162182695
0.8147120884416974
0.8147155606651252
0.8147190328885531
0.8147225051119809
0.8147259773354089
0.8147294495588365
0.8147329217822645
0.8147363940056923
0.8147398662291203
0.8147433384525481
0.814746810675976
0.8147502828994038
0.8147537551228317
0.8147572273462594
0.8147606995696873
0.8147641717931152
0.8147676440165431
0.814771116239971
0.8147745884633988
0.8147780606868267
0.8147815329102545
0.8147850051336823
0.8147884773571101
0.814791949580538
0.8147954218039659
0.8147988940273938
0.8148023662508217
0.8148058384742495
0.8148093106976774
0.8148127829211051
0.814816255144533
0.8148197273679609
0.8148231995913887
0.8148266718148166
0.8148301440382444
0.8148336162616724
0.8148370884851002
0.8148405607085281
0.8148440329319558
0.8148475051553837
0.8148509773788115
0.8148544496022394
0.8148579218256673
0.8148613940490952
0.8148648662725231
0.8148683384959509
0.8148718107193788
0.8148752829428065
0.8148787551662344
0.8148822273896622
0.8148856996130902
0.814889171836518
0.8148926440599459
0.8148961162833738
0.8148995885068016
0.8149030607302294
0.8149065329536572
0.8149100051770851
0.8149134774005129
0.8149169496239409
0.8149204218473688
0.8149238940707966
0.8149273662942245
