0.5350696302325104
0.5350731024559384
0.5350765746793662
0.5350800469027941
0.5350835191262219
0.5350869913496498
0.5350904635730777
0.5350939357965054
0.5350974080199333
0.5351008802433611
0.5351043524667891
0.5351078246902169
0.5351112969136448
0.5351147691370726
0.5351182413605005
0.5351217135839283
0.5351251858073561
0.535128658030784
0.5351321302542118
0.5351356024776398
0.5351390747010676
0.5351425469244955
0.5351460191479233
0.5351494913713511
0.535152963594779
0.5351564358182068
0.5351599080416347
0.5351633802650625
0.5351668524884905
0.5351703247119183
0.5351737969353462
0.535177269158774
0.535180741382202
0.5351842136056297
0.5351876858290575
0.5351911580524854
0.5351946302759132
0.5351981024993412
0.535201574722769
0.5352050469461969
0.5352085191696246
0.5352119913930526
0.5352154636164804
0.5352189358399083
0.5352224080633361
0.535225880286764
0.5352293525101919
0.5352328247336197
0.5352362969570476
0.5352397691804753
0.5352432414039033
0.5352467136273311
0.535250185850759
0.5352536580741868
0.5352571302976147
0.5352606025210426
0.5352640747444704
0.5352675469678982
0.535271019191326
0.535274491414754
0.5352779636381818
0.5352814358616097
0.5352849080850375
0.5352883803084654
0.5352918525318933
0.535295324755321
0.5352987969787489
0.5353022692021767
0.5353057414256047
0.5353092136490325
0.5353126858724604
0.5353161580958882
0.5353196303193161
0.535323102542744
0.5353265747661718
0.5353300469895996
0.5353335192130274
0.5353369914364554
0.5353404636598832
0.5353439358833111
0.5353474081067389
0.5353508803301668
0.5353543525535946
0.5353578247770225
0.5353612970004503
0.5353647692238782
0.5353682414473061
0.5353717136707339
0.5353751858941618
0.5353786581175896
0.5353821303410174
0.5353856025644453
0.5353890747878732
0.535392547011301
0.5353960192347289
0.5353994914581568
0.5354029636815846
0.5354064359050125
0.5354099081284402
0.5354133803518681
0.535416852575296
0.5354203247987239
0.5354237970221517
0.5354272692455796
0.5354307414690075
0.5354342136924353
0.5354376859158632
0.5354411581392909
0.5354446303627188
0.5354481025861467
0.5354515748095746
0.5354550470330024
0.5354585192564303
0.5354619914798582
0.5354654637032861
0.5354689359267139
0.5354724081501416
0.5354758803735695
0.5354793525969974
0.5354828248204253
0.5354862970438531
0.535489769267281
0.5354932414907089
0.5354967137141368
0.5355001859375645
0.5355036581609924
0.5355071303844202
0.5355106026078481
0.535514074831276
0.5355175470547038
0.5355210192781317
0.5355244915015596
0.5355279637249875
0.5355314359484152
0.5355349081718431
0.5355383803952709
0.5355418526186988
0.5355453248421267
0.5355487970655545
0.5355522692889824
0.5355557415124103
0.5355592137358381
0.5355626859592659
0.5355661581826938
0.5355696304061216
0.5355731026295495
0.5355765748529774
0.5355800470764052
0.535583519299833
0.535586991523261
0.5355904637466888
0.5355939359701166
0.5355974081935445
0.5356008804169723
0.5356043526404003
0.5356078248638281
0.535611297087256
0.5356147693106837
0.5356182415341116
0.5356217137575395
0.5356251859809673
0.5356286582043952
0.535632130427823
0.535635602651251
0.5356390748746788
0.5356425470981067
0.5356460193215344
0.5356494915449623
0.5356529637683902
0.535656435991818
0.5356599082152459
0.5356633804386737
0.5356668526621017
0.5356703248855295
0.5356737971089574
0.5356772693323851
0.535680741555813
0.5356842137792409
0.5356876860026687
0.5356911582260966
0.5356946304495244
0.5356981026729524
0.5357015748963802
0.535705047119808
0.5357085193432358
0.5357119915666637
0.5357154637900916
0.5357189360135194
0.5357224082369473
0.5357258804603751
0.5357293526838031
0.5357328249072308
0.5357362971306587
0.5357397693540865
0.5357432415775145
0.5357467138009423
0.5357501860243702
0.535753658247798
0.5357571304712258
0.5357606026946538
