0.2267361898389548
0.22673966206238266
0.22674313428581047
0.22674660650923834
0.22675007873266623
0.22675355095609406
0.22675702317952193
0.22676049540294976
0.22676396762637765
0.2267674398498055
0.22677091207323333
0.2267743842966612
0.22677785652008903
0.22678132874351692
0.2267848009669448
0.2267882731903726
0.22679174541380048
0.22679521763722832
0.22679868986065618
0.22680216208408402
0.2268056343075119
0.22680910653093977
0.22681257875436758
0.22681605097779545
0.22681952320122328
0.22682299542465117
0.22682646764807904
0.22682993987150687
0.22683341209493477
0.22683688431836255
0.22684035654179044
0.2268438287652183
0.22684730098864614
0.22685077321207403
0.22685424543550187
0.22685771765892976
0.22686118988235762
0.22686466210578543
0.2268681343292133
0.22687160655264113
0.22687507877606902
0.22687855099949686
0.22688202322292472
0.22688549544635256
0.2268889676697804
0.2268924398932083
0.22689591211663612
0.226899384340064
0.22690285656349188
0.22690632878691966
0.22690980101034755
0.2269132732337754
0.22691674545720325
0.22692021768063114
0.22692368990405898
0.22692716212748687
0.22693063435091465
0.22693410657434254
0.2269375787977704
0.22694105102119824
0.22694452324462613
0.22694799546805397
0.22695146769148183
0.22695493991490964
0.2269584121383375
0.2269618843617654
0.22696535658519323
0.2269688288086211
0.22697230103204893
0.22697577325547683
0.22697924547890472
0.2269827177023325
0.22698618992576036
0.2269896621491882
0.2269931343726161
0.22699660659604398
0.22700007881947182
0.22700355104289965
0.2270070232663275
0.22701049548975535
0.2270139677131832
0.22701743993661108
0.22702091216003895
0.22702438438346678
0.22702785660689462
0.22703132883032245
0.22703480105375035
0.2270382732771782
0.22704174550060605
0.22704521772403394
0.22704868994746172
0.2270521621708896
0.2270556343943175
0.2270591066177453
0.2270625788411732
0.22706605106460104
0.22706952328802893
0.2270729955114568
0.2270764677348846
0.22707993995831247
0.2270834121817403
0.2270868844051682
0.22709035662859603
0.2270938288520239
0.22709730107545179
0.22710077329887957
0.22710424552230746
0.2271077177457353
0.22711118996916316
0.22711466219259105
0.22711813441601889
0.22712160663944678
0.22712507886287456
0.22712855108630242
0.2271320233097303
0.22713549553315815
0.22713896775658604
0.22714243998001388
0.2271459122034417
0.22714938442686958
0.2271528566502974
0.2271563288737253
0.22715980109715314
0.227163273320581
0.22716674554400884
0.22717021776743668
0.22717368999086457
0.2271771622142924
0.22718063443772027
0.2271841066611481
0.227187578884576
0.2271910511080039
0.22719452333143167
0.22719799555485956
0.22720146777828737
0.22720494000171526
0.22720841222514315
0.227211884448571
0.22721535667199885
0.22721882889542666
0.22722230111885452
0.22722577334228236
0.22722924556571025
0.22723271778913812
0.22723619001256595
0.22723966223599384
0.22724313445942163
0.22724660668284952
0.22725007890627738
0.22725355112970522
0.2272570233531331
0.22726049557656094
0.22726396779998884
0.22726744002341667
0.22727091224684448
0.22727438447027237
0.2272778566937002
0.2272813289171281
0.22728480114055596
0.22728827336398377
0.22729174558741164
0.22729521781083947
0.22729869003426736
0.2273021622576952
0.22730563448112306
0.22730910670455096
0.22731257892797874
0.22731605115140663
0.22731952337483446
0.22732299559826233
0.22732646782169022
0.22732994004511806
0.22733341226854595
0.22733688449197373
0.22734035671540162
0.22734382893882948
0.22734730116225732
0.2273507733856852
0.22735424560911305
0.2273577178325409
0.2273611900559688
0.22736466227939658
0.22736813450282448
0.2273716067262523
0.22737507894968018
0.227378551173108
0.2273820233965359
0.22738549561996374
0.22738896784339158
0.22739244006681944
0.22739591229024728
0.22739938451367517
0.22740285673710306
0.22740632896053084
0.22740980118395873
0.22741327340738654
0.22741674563081443
0.22742021785424232
0.22742369007767016
0.22742716230109802
