0.26354175817422154
0.26354523039764943
0.26354870262107727
0.26355217484450516
0.263555647067933
0.26355911929136083
0.2635625915147887
0.26356606373821656
0.26356953596164445
0.2635730081850723
0.2635764804085001
0.26357995263192796
0.2635834248553558
0.2635868970787837
0.2635903693022115
0.2635938415256394
0.26359731374906725
0.2636007859724951
0.263604258195923
0.26360773041935087
0.26361120264277865
0.2636146748662065
0.2636181470896344
0.2636216193130622
0.2636250915364901
0.26362856375991794
0.26363203598334584
0.26363550820677367
0.2636389804302015
0.2636424526536294
0.26364592487705724
0.2636493971004851
0.2636528693239129
0.2636563415473408
0.26365981377076864
0.26366328599419653
0.26366675821762436
0.26367023044105226
0.2636737026644801
0.26367717488790793
0.26368064711133576
0.2636841193347636
0.2636875915581915
0.26369106378161933
0.26369453600504716
0.26369800822847506
0.26370148045190295
0.2637049526753308
0.2637084248987586
0.2637118971221865
0.26371536934561435
0.2637188415690422
0.26372231379247
0.2637257860158979
0.26372925823932575
0.2637327304627536
0.2637362026861815
0.26373967490960937
0.2637431471330372
0.26374661935646504
0.26375009157989293
0.2637535638033207
0.2637570360267486
0.26376050825017644
0.26376398047360433
0.26376745269703217
0.26377092492046
0.2637743971438879
0.2637778693673158
0.2637813415907436
0.26378481381417146
0.2637882860375993
0.26379175826102713
0.26379523048445497
0.26379870270788286
0.26380217493131075
0.2638056471547386
0.2638091193781664
0.2638125916015943
0.26381606382502215
0.26381953604845004
0.2638230082718778
0.26382648049530566
0.26382995271873355
0.2638334249421614
0.2638368971655893
0.2638403693890171
0.263843841612445
0.26384731383587284
0.2638507860593007
0.26385425828272857
0.2638577305061564
0.26386120272958424
0.2638646749530121
0.26386814717643997
0.2638716193998678
0.2638750916232957
0.26387856384672354
0.2638820360701514
0.26388550829357926
0.2638889805170071
0.263892452740435
0.2638959249638628
0.26389939718729066
0.2639028694107185
0.2639063416341464
0.2639098138575742
0.2639132860810021
0.26391675830442995
0.26392023052785785
0.2639237027512857
0.2639271749747135
0.26393064719814135
0.2639341194215692
0.2639375916449971
0.2639410638684249
0.26394453609185275
0.26394800831528065
0.26395148053870854
0.2639549527621364
0.2639584249855642
0.2639618972089921
0.2639653694324199
0.2639688416558478
0.2639723138792756
0.2639757861027035
0.26397925832613134
0.2639827305495592
0.26398620277298707
0.26398967499641496
0.2639931472198428
0.26399661944327063
0.26400009166669847
0.2640035638901263
0.2640070361135542
0.26401050833698203
0.2640139805604099
0.26401745278383776
0.2640209250072656
0.2640243972306935
0.2640278694541214
0.2640313416775492
0.26403481390097705
0.2640382861244049
0.2640417583478327
0.26404523057126056
0.26404870279468845
0.26405217501811634
0.2640556472415442
0.264059119464972
0.2640625916883999
0.26406606391182774
0.2640695361352556
0.2640730083586834
0.26407648058211125
0.26407995280553914
0.264083425028967
0.26408689725239487
0.2640903694758227
0.2640938416992506
0.26409731392267843
0.26410078614610627
0.26410425836953416
0.264107730592962
0.26411120281638983
0.26411467503981767
0.26411814726324556
0.2641216194866734
0.2641250917101013
0.2641285639335291
0.264132036156957
0.26413550838038485
0.2641389806038127
0.2641424528272405
0.2641459250506684
0.26414939727409625
0.2641528694975241
0.264156341720952
0.2641598139443798
0.2641632861678077
0.26416675839123555
0.26417023061466344
0.2641737028380913
0.2641771750615191
0.26418064728494695
0.2641841195083748
0.2641875917318027
0.2641910639552305
0.26419453617865835
0.26419800840208624
0.26420148062551413
0.26420495284894197
0.2642084250723698
0.26421189729579764
0.2642153695192255
0.26421884174265337
0.2642223139660812
0.2642257861895091
0.26422925841293693
0.26423273063636477
