0.6684030098621562
0.6684064820855841
0.6684099543090118
0.6684134265324397
0.6684168987558676
0.6684203709792955
0.6684238432027233
0.6684273154261512
0.6684307876495791
0.6684342598730069
0.6684377320964348
0.6684412043198625
0.6684446765432904
0.6684481487667183
0.6684516209901462
0.668455093213574
0.6684585654370019
0.6684620376604298
0.6684655098838576
0.6684689821072854
0.6684724543307132
0.6684759265541412
0.668479398777569
0.6684828710009969
0.6684863432244247
0.6684898154478526
0.6684932876712805
0.6684967598947084
0.6685002321181361
0.6685037043415639
0.6685071765649918
0.6685106487884196
0.6685141210118476
0.6685175932352754
0.6685210654587034
0.6685245376821312
0.668528009905559
0.6685314821289868
0.6685349543524147
0.6685384265758425
0.6685418987992704
0.6685453710226983
0.6685488432461261
0.6685523154695541
0.6685557876929819
0.6685592599164097
0.6685627321398375
0.6685662043632654
0.6685696765866933
0.6685731488101211
0.668576621033549
0.6685800932569768
0.6685835654804047
0.6685870377038325
0.6685905099272604
0.6685939821506882
0.6685974543741161
0.6686009265975439
0.6686043988209718
0.6686078710443997
0.6686113432678275
0.6686148154912555
0.6686182877146832
0.6686217599381111
0.6686252321615389
0.6686287043849668
0.6686321766083946
0.6686356488318226
0.6686391210552504
0.6686425932786781
0.668646065502106
0.6686495377255339
0.6686530099489618
0.6686564821723896
0.6686599543958175
0.6686634266192453
0.6686668988426733
0.668670371066101
0.668673843289529
0.6686773155129568
0.6686807877363846
0.6686842599598125
0.6686877321832403
0.6686912044066682
0.668694676630096
0.668698148853524
0.6687016210769517
0.6687050933003796
0.6687085655238075
0.6687120377472353
0.6687155099706632
0.668718982194091
0.6687224544175189
0.6687259266409468
0.6687293988643747
0.6687328710878024
0.6687363433112303
0.6687398155346581
0.668743287758086
0.6687467599815139
0.6687502322049417
0.6687537044283696
0.6687571766517973
0.6687606488752252
0.6687641210986531
0.668767593322081
0.6687710655455089
0.6687745377689368
0.6687780099923646
0.6687814822157925
0.6687849544392203
0.668788426662648
0.668791898886076
0.6687953711095038
0.6687988433329317
0.6688023155563596
0.6688057877797875
0.6688092600032153
0.6688127322266432
0.668816204450071
0.6688196766734988
0.6688231488969267
0.6688266211203545
0.6688300933437824
0.6688335655672102
0.6688370377906382
0.668840510014066
0.6688439822374939
0.6688474544609216
0.6688509266843495
0.6688543989077774
0.6688578711312052
0.6688613433546331
0.668864815578061
0.6688682878014889
0.6688717600249167
0.6688752322483446
0.6688787044717723
0.6688821766952002
0.6688856489186281
0.6688891211420559
0.6688925933654838
0.6688960655889116
0.6688995378123396
0.6689030100357674
0.6689064822591952
0.668909954482623
0.6689134267060509
0.6689168989294788
0.6689203711529067
0.6689238433763345
0.6689273155997624
0.6689307878231903
0.668934260046618
0.6689377322700459
0.6689412044934737
0.6689446767169016
0.6689481489403295
0.6689516211637574
0.6689550933871852
0.6689585656106131
0.668962037834041
0.6689655100574687
0.6689689822808966
0.6689724545043244
0.6689759267277524
0.6689793989511802
0.6689828711746081
0.6689863433980359
0.6689898156214638
0.6689932878448916
0.6689967600683194
0.6690002322917473
0.6690037045151751
0.669007176738603
0.6690106489620309
0.6690141211854588
0.6690175934088866
0.6690210656323144
0.6690245378557423
0.6690280100791701
0.669031482302598
0.6690349545260258
0.6690384267494537
0.6690418989728816
0.6690453711963095
0.6690488434197372
0.6690523156431653
0.669055787866593
0.6690592600900209
0.6690627323134487
0.6690662045368765
0.6690696767603044
0.6690731489837323
0.6690766212071602
0.6690800934305879
0.6690835656540158
0.6690870378774437
0.6690905101008716
0.6690939823242994
