0.956597554374151
0.9566010265975786
0.9566044988210066
0.9566079710444343
0.9566114432678623
0.9566149154912902
0.956618387714718
0.9566218599381459
0.9566253321615736
0.9566288043850015
0.9566322766084293
0.9566357488318573
0.956639221055285
0.956642693278713
0.9566461655021409
0.9566496377255687
0.9566531099489965
0.9566565821724243
0.9566600543958522
0.95666352661928
0.956666998842708
0.9566704710661357
0.9566739432895637
0.9566774155129913
0.9566808877364193
0.9566843599598472
0.956687832183275
0.956691304406703
0.9566947766301307
0.9566982488535587
0.9567017210769864
0.9567051933004144
0.9567086655238423
0.95671213774727
0.9567156099706979
0.9567190821941257
0.9567225544175537
0.9567260266409814
0.9567294988644094
0.9567329710878371
0.9567364433112651
0.956739915534693
0.9567433877581207
0.9567468599815486
0.9567503322049764
0.9567538044284043
0.9567572766518321
0.9567607488752601
0.9567642210986878
0.9567676933221158
0.9567711655455434
0.9567746377689714
0.9567781099923993
0.9567815822158271
0.956785054439255
0.9567885266626828
0.9567919988861109
0.9567954711095384
0.9567989433329664
0.9568024155563941
0.9568058877798221
0.95680936000325
0.9568128322266778
0.9568163044501059
0.9568197766735335
0.9568232488969616
0.9568267211203891
0.9568301933438172
0.956833665567245
0.9568371377906729
0.9568406100141007
0.9568440822375285
0.9568475544609564
0.9568510266843842
0.9568544989078123
0.9568579711312398
0.9568614433546679
0.9568649155780957
0.9568683878015236
0.9568718600249514
0.9568753322483793
0.9568788044718071
0.956882276695235
0.956885748918663
0.9568892211420905
0.9568926933655186
0.9568961655889462
0.9568996378123743
0.9569031100358021
0.95690658225923
0.956910054482658
0.9569135267060856
0.9569169989295137
0.9569204711529413
0.9569239433763693
0.9569274155997971
0.956930887823225
0.9569343600466528
0.9569378322700807
0.9569413044935084
0.9569447767169363
0.9569482489403643
0.956951721163792
0.95695519338722
0.9569586656106478
0.9569621378340757
0.9569656100575035
0.9569690822809314
0.9569725545043591
0.956976026727787
0.956979498951215
0.9569829711746427
0.9569864433980707
0.9569899156214984
0.9569933878449264
0.9569968600683542
0.957000332291782
0.95700380451521
0.9570072767386377
0.9570107489620657
0.9570142211854934
0.9570176934089214
0.9570211656323492
0.9570246378557771
0.9570281100792049
0.9570315823026327
0.9570350545260605
0.9570385267494884
0.9570419989729164
0.9570454711963441
0.9570489434197721
0.9570524156431999
0.9570558878666278
0.9570593600900555
0.9570628323134834
0.9570663045369112
0.9570697767603391
0.9570732489837671
0.9570767212071948
0.9570801934306228
0.9570836656540505
0.9570871378774785
0.9570906101009062
0.9570940823243341
0.9570975545477621
0.9571010267711898
0.9571044989946178
0.9571079712180455
0.9571114434414735
0.9571149156649014
0.9571183878883291
0.957121860111757
0.9571253323351848
0.9571288045586128
0.9571322767820405
0.9571357490054685
0.9571392212288962
0.9571426934523242
0.9571461656757521
0.9571496378991798
0.9571531101226077
0.9571565823460355
0.9571600545694634
0.9571635267928912
0.9571669990163192
0.9571704712397469
0.9571739434631749
0.9571774156866025
0.9571808879100305
0.9571843601334584
0.9571878323568862
0.9571913045803142
0.9571947768037419
0.9571982490271699
0.9572017212505975
0.9572051934740256
0.9572086656974532
0.9572121379208812
0.9572156101443091
0.9572190823677369
0.9572225545911649
0.9572260268145926
0.9572294990380206
0.9572329712614482
0.9572364434848762
0.9572399157083041
0.9572433879317319
0.9572468601551598
0.9572503323785876
0.9572538046020155
0.9572572768254433
0.9572607490488713
0.9572642212722989
0.9572676934957269
0.9572711657191546
0.9572746379425826
0.9572781101660105
0.9572815823894383
0.9572850546128662
0.957288526836294
