0.12395837637443625
0.12396184859786404
0.12396532082129193
0.12396879304471976
0.12397226526814764
0.12397573749157552
0.12397920971500336
0.12398268193843123
0.12398615416185903
0.1239896263852869
0.12399309860871478
0.12399657083214262
0.1240000430555705
0.12400351527899833
0.12400698750242622
0.124010459725854
0.12401393194928188
0.12401740417270977
0.1240208763961376
0.12402434861956549
0.12402782084299332
0.1240312930664212
0.12403476528984908
0.12403823751327687
0.12404170973670475
0.12404518196013259
0.12404865418356047
0.12405212640698834
0.12405559863041618
0.12405907085384402
0.12406254307727185
0.12406601530069973
0.12406948752412757
0.12407295974755544
0.12407643197098334
0.12407990419441117
0.124083376417839
0.12408684864126683
0.12409032086469472
0.1240937930881226
0.12409726531155044
0.12410073753497831
0.1241042097584061
0.12410768198183399
0.12411115420526186
0.1241146264286897
0.12411809865211758
0.12412157087554541
0.12412504309897329
0.12412851532240117
0.12413198754582896
0.12413545976925684
0.12413893199268468
0.12414240421611256
0.12414587643954039
0.12414934866296828
0.12415282088639616
0.12415629310982394
0.12415976533325183
0.12416323755667966
0.12416670978010755
0.12417018200353543
0.12417365422696326
0.12417712645039114
0.12418059867381893
0.12418407089724681
0.12418754312067469
0.12419101534410253
0.1241944875675304
0.12419795979095824
0.12420143201438608
0.12420490423781395
0.12420837646124179
0.12421184868466967
0.1242153209080975
0.1242187931315254
0.12422226535495323
0.12422573757838105
0.12422920980180895
0.12423268202523678
0.12423615424866466
0.1242396264720925
0.12424309869552037
0.12424657091894825
0.12425004314237605
0.12425351536580392
0.12425698758923176
0.12426045981265964
0.12426393203608752
0.12426740425951535
0.12427087648294323
0.12427434870637102
0.1242778209297989
0.12428129315322674
0.12428476537665462
0.12428823760008251
0.12429170982351034
0.12429518204693822
0.124298654270366
0.1243021264937939
0.12430559871722177
0.12430907094064961
0.12431254316407749
0.12431601538750532
0.1243194876109332
0.12432295983436104
0.12432643205778887
0.12432990428121675
0.12433337650464459
0.12433684872807246
0.12434032095150035
0.12434379317492814
0.12434726539835601
0.12435073762178385
0.12435420984521173
0.12435768206863956
0.12436115429206746
0.12436462651549533
0.12436809873892311
0.124371570962351
0.12437504318577884
0.12437851540920672
0.1243819876326346
0.12438545985606243
0.12438893207949031
0.1243924043029181
0.12439587652634598
0.12439934874977386
0.1244028209732017
0.12440629319662957
0.12440976542005741
0.12441323764348529
0.12441670986691318
0.12442018209034096
0.12442365431376885
0.12442712653719668
0.12443059876062457
0.1244340709840524
0.12443754320748028
0.12444101543090812
0.12444448765433595
0.12444795987776383
0.12445143210119167
0.12445490432461954
0.12445837654804742
0.12446184877147522
0.1244653209949031
0.12446879321833093
0.12447226544175881
0.12447573766518669
0.12447920988861452
0.12448268211204241
0.1244861543354702
0.12448962655889807
0.12449309878232596
0.12449657100575379
0.12450004322918168
0.12450351545260951
0.12450698767603739
0.12451045989946517
0.12451393212289306
0.12451740434632094
0.12452087656974878
0.12452434879317666
0.12452782101660449
0.12453129324003237
0.12453476546346025
0.12453823768688804
0.12454170991031592
0.12454518213374376
0.12454865435717163
0.12455212658059953
0.12455559880402735
0.12455907102745524
0.12456254325088302
0.12456601547431091
0.12456948769773873
0.12457295992116663
0.1245764321445945
0.12457990436802234
0.12458337659145018
0.12458684881487801
0.12459032103830589
0.12459379326173377
0.1245972654851616
0.12460073770858948
0.12460420993201728
0.12460768215544515
0.12461115437887303
0.12461462660230087
0.12461809882572875
0.12462157104915658
0.12462504327258447
0.12462851549601235
0.12463198771944013
0.12463545994286802
0.12463893216629585
0.12464240438972374
0.12464587661315157
0.12464934883657945
