0.1961806236738276
0.1961840958972555
0.19618756812068333
0.1961910403441112
0.1961945125675391
0.19619798479096692
0.19620145701439481
0.1962049292378226
0.19620840146125046
0.19621187368467835
0.1962153459081062
0.19621881813153408
0.19622229035496191
0.19622576257838978
0.19622923480181767
0.19623270702524545
0.19623617924867334
0.19623965147210118
0.19624312369552904
0.19624659591895693
0.19625006814238477
0.19625354036581266
0.19625701258924044
0.1962604848126683
0.19626395703609614
0.19626742925952403
0.19627090148295193
0.19627437370637976
0.1962778459298076
0.1962813181532354
0.1962847903766633
0.1962882626000912
0.19629173482351903
0.1962952070469469
0.1962986792703747
0.19630215149380256
0.19630562371723045
0.1963090959406583
0.19631256816408615
0.196316040387514
0.19631951261094188
0.19632298483436966
0.19632645705779755
0.19632992928122542
0.19633340150465325
0.19633687372808115
0.19634034595150898
0.19634381817493687
0.19634729039836474
0.19635076262179252
0.1963542348452204
0.19635770706864825
0.19636117929207614
0.196364651515504
0.19636812373893184
0.19637159596235973
0.1963750681857875
0.1963785404092154
0.19638201263264327
0.1963854848560711
0.196388957079499
0.19639242930292683
0.19639590152635467
0.1963993737497825
0.19640284597321037
0.19640631819663826
0.1964097904200661
0.19641326264349399
0.19641673486692182
0.19642020709034963
0.19642367931377752
0.19642715153720536
0.19643062376063325
0.19643409598406109
0.19643756820748895
0.19644104043091684
0.19644451265434462
0.1964479848777725
0.19645145710120035
0.1964549293246282
0.1964584015480561
0.19646187377148394
0.19646534599491183
0.1964688182183396
0.19647229044176748
0.1964757626651953
0.1964792348886232
0.1964827071120511
0.19648617933547893
0.1964896515589068
0.19649312378233458
0.19649659600576247
0.19650006822919036
0.1965035404526182
0.19650701267604606
0.1965104848994739
0.1965139571229018
0.19651742934632963
0.19652090156975746
0.19652437379318533
0.19652784601661316
0.19653131824004105
0.1965347904634689
0.19653826268689673
0.1965417349103246
0.19654520713375243
0.19654867935718032
0.19655215158060815
0.19655562380403604
0.1965590960274639
0.1965625682508917
0.19656604047431958
0.19656951269774742
0.1965729849211753
0.19657645714460317
0.196579929368031
0.1965834015914589
0.19658687381488668
0.19659034603831457
0.19659381826174244
0.19659729048517027
0.19660076270859816
0.196604234932026
0.1966077071554539
0.19661117937888167
0.19661465160230954
0.19661812382573743
0.19662159604916526
0.19662506827259316
0.196628540496021
0.19663201271944886
0.1966354849428767
0.19663895716630453
0.19664242938973242
0.19664590161316026
0.19664937383658812
0.196652846060016
0.19665631828344385
0.19665979050687168
0.19666326273029952
0.19666673495372738
0.19667020717715528
0.1966736794005831
0.196677151624011
0.19668062384743878
0.19668409607086665
0.19668756829429448
0.19669104051772238
0.19669451274115027
0.1966979849645781
0.19670145718800597
0.19670492941143375
0.19670840163486164
0.19671187385828953
0.19671534608171737
0.19671881830514523
0.19672229052857307
0.19672576275200096
0.19672923497542885
0.19673270719885663
0.1967361794222845
0.19673965164571233
0.19674312386914022
0.19674659609256806
0.19675006831599595
0.19675354053942382
0.1967570127628516
0.1967604849862795
0.19676395720970732
0.19676742943313522
0.19677090165656308
0.19677437387999092
0.19677784610341875
0.1967813183268466
0.19678479055027448
0.19678826277370234
0.19679173499713018
0.19679520722055807
0.19679867944398585
0.19680215166741374
0.1968056238908416
0.19680909611426944
0.19681256833769734
0.19681604056112517
0.19681951278455306
0.19682298500798084
0.1968264572314087
0.1968299294548366
0.19683340167826444
0.19683687390169233
0.19684034612512016
0.19684381834854803
0.19684729057197592
0.1968507627954037
0.1968542350188316
0.19685770724225943
0.1968611794656873
0.19686465168911518
0.19686812391254302
0.1968715961359709
