0.5232640705778023
0.5232675428012301
0.523271015024658
0.5232744872480859
0.5232779594715137
0.5232814316949416
0.5232849039183693
0.5232883761417972
0.5232918483652251
0.523295320588653
0.5232987928120808
0.5233022650355087
0.5233057372589366
0.5233092094823644
0.5233126817057923
0.52331615392922
0.5233196261526479
0.5233230983760758
0.5233265705995037
0.5233300428229315
0.5233335150463594
0.5233369872697873
0.5233404594932151
0.523343931716643
0.5233474039400707
0.5233508761634986
0.5233543483869265
0.5233578206103544
0.5233612928337822
0.5233647650572101
0.523368237280638
0.5233717095040659
0.5233751817274936
0.5233786539509214
0.5233821261743493
0.5233855983977772
0.5233890706212051
0.5233925428446329
0.5233960150680608
0.5233994872914887
0.5234029595149166
0.5234064317383443
0.5234099039617722
0.5234133761852
0.5234168484086279
0.5234203206320558
0.5234237928554836
0.5234272650789115
0.5234307373023394
0.5234342095257672
0.523437681749195
0.5234411539726229
0.5234446261960507
0.5234480984194786
0.5234515706429065
0.5234550428663343
0.5234585150897622
0.52346198731319
0.5234654595366179
0.5234689317600457
0.5234724039834736
0.5234758762069014
0.5234793484303293
0.5234828206537572
0.523486292877185
0.5234897651006128
0.5234932373240407
0.5234967095474686
0.5235001817708964
0.5235036539943243
0.5235071262177521
0.5235105984411801
0.5235140706646079
0.5235175428880358
0.5235210151114635
0.5235244873348914
0.5235279595583193
0.5235314317817471
0.523534904005175
0.5235383762286028
0.5235418484520308
0.5235453206754586
0.5235487928988865
0.5235522651223142
0.5235557373457421
0.52355920956917
0.5235626817925978
0.5235661540160257
0.5235696262394535
0.5235730984628815
0.5235765706863093
0.5235800429097371
0.5235835151331649
0.5235869873565928
0.5235904595800207
0.5235939318034485
0.5235974040268764
0.5236008762503042
0.5236043484737322
0.5236078206971599
0.5236112929205878
0.5236147651440156
0.5236182373674435
0.5236217095908714
0.5236251818142992
0.5236286540377271
0.5236321262611549
0.5236355984845829
0.5236390707080106
0.5236425429314385
0.5236460151548663
0.5236494873782943
0.5236529596017221
0.52365643182515
0.5236599040485778
0.5236633762720055
0.5236668484954335
0.5236703207188613
0.5236737929422892
0.523677265165717
0.523680737389145
0.5236842096125728
0.5236876818360007
0.5236911540594285
0.5236946262828563
0.5236980985062842
0.523701570729712
0.5237050429531399
0.5237085151765677
0.5237119873999957
0.5237154596234235
0.5237189318468514
0.5237224040702791
0.523725876293707
0.5237293485171349
0.5237328207405627
0.5237362929639906
0.5237397651874184
0.5237432374108464
0.5237467096342742
0.5237501818577021
0.5237536540811298
0.5237571263045577
0.5237605985279856
0.5237640707514134
0.5237675429748413
0.5237710151982691
0.5237744874216971
0.5237779596451249
0.5237814318685527
0.5237849040919805
0.5237883763154084
0.5237918485388363
0.5237953207622642
0.523798792985692
0.5238022652091199
0.5238057374325478
0.5238092096559755
0.5238126818794034
0.5238161541028312
0.5238196263262591
0.523823098549687
0.5238265707731149
0.5238300429965427
0.5238335152199706
0.5238369874433985
0.5238404596668262
0.5238439318902541
0.5238474041136819
0.5238508763371098
0.5238543485605377
0.5238578207839656
0.5238612930073934
0.5238647652308213
0.5238682374542492
0.5238717096776769
0.5238751819011048
0.5238786541245326
0.5238821263479605
0.5238855985713884
0.5238890707948163
0.5238925430182441
0.523896015241672
0.5238994874650998
0.5239029596885276
0.5239064319119555
0.5239099041353833
0.5239133763588112
0.5239168485822391
0.523920320805667
0.5239237930290948
0.5239272652525226
0.5239307374759505
0.5239342096993784
0.5239376819228062
0.5239411541462341
0.5239446263696619
0.5239480985930898
0.5239515708165177
0.5239550430399454
