0.9350697691214476
0.9350732413448756
0.9350767135683032
0.9350801857917312
0.935083658015159
0.9350871302385869
0.9350906024620147
0.9350940746854426
0.9350975469088704
0.9351010191322983
0.9351044913557263
0.9351079635791539
0.9351114358025819
0.9351149080260098
0.9351183802494376
0.9351218524728654
0.9351253246962933
0.9351287969197211
0.935132269143149
0.935135741366577
0.9351392135900046
0.9351426858134326
0.9351461580368603
0.9351496302602883
0.9351531024837162
0.935156574707144
0.935160046930572
0.9351635191539996
0.9351669913774276
0.9351704636008553
0.9351739358242833
0.9351774080477112
0.935180880271139
0.9351843524945669
0.9351878247179947
0.9351912969414227
0.9351947691648503
0.9351982413882783
0.935201713611706
0.935205185835134
0.9352086580585619
0.9352121302819897
0.9352156025054176
0.9352190747288454
0.9352225469522732
0.935226019175701
0.935229491399129
0.9352329636225567
0.9352364358459847
0.9352399080694124
0.9352433802928404
0.9352468525162683
0.935250324739696
0.935253796963124
0.9352572691865517
0.9352607414099797
0.9352642136334074
0.9352676858568354
0.9352711580802631
0.9352746303036911
0.935278102527119
0.9352815747505467
0.9352850469739747
0.9352885191974024
0.9352919914208304
0.9352954636442581
0.9352989358676861
0.935302408091114
0.9353058803145418
0.9353093525379697
0.9353128247613974
0.9353162969848253
0.9353197692082531
0.9353232414316811
0.9353267136551088
0.9353301858785368
0.9353336581019647
0.9353371303253925
0.9353406025488203
0.9353440747722481
0.935347546995676
0.9353510192191038
0.9353544914425319
0.9353579636659595
0.9353614358893875
0.9353649081128151
0.9353683803362431
0.935371852559671
0.9353753247830988
0.9353787970065269
0.9353822692299545
0.9353857414533826
0.9353892136768102
0.9353926859002383
0.935396158123666
0.935399630347094
0.9354031025705217
0.9354065747939495
0.9354100470173774
0.9354135192408052
0.9354169914642333
0.9354204636876609
0.935423935911089
0.9354274081345167
0.9354308803579446
0.9354343525813724
0.9354378248048003
0.9354412970282281
0.935444769251656
0.935448241475084
0.9354517136985115
0.9354551859219397
0.9354586581453672
0.9354621303687953
0.9354656025922231
0.935469074815651
0.935472547039079
0.9354760192625067
0.9354794914859347
0.9354829637093623
0.9354864359327904
0.9354899081562181
0.935493380379646
0.9354968526030738
0.9355003248265017
0.9355037970499295
0.9355072692733574
0.9355107414967854
0.935514213720213
0.935517685943641
0.9355211581670688
0.9355246303904967
0.9355281026139245
0.9355315748373524
0.9355350470607802
0.9355385192842081
0.9355419915076361
0.9355454637310637
0.9355489359544917
0.9355524081779194
0.9355558804013474
0.9355593526247752
0.9355628248482031
0.9355662970716311
0.9355697692950588
0.9355732415184868
0.9355767137419144
0.9355801859653424
0.9355836581887702
0.9355871304121981
0.9355906026356259
0.9355940748590538
0.9355975470824816
0.9356010193059094
0.9356044915293374
0.9356079637527651
0.9356114359761931
0.9356149081996209
0.9356183804230488
0.9356218526464766
0.9356253248699045
0.9356287970933322
0.9356322693167601
0.9356357415401881
0.9356392137636158
0.9356426859870438
0.9356461582104715
0.9356496304338995
0.9356531026573273
0.9356565748807552
0.9356600471041832
0.9356635193276108
0.9356669915510388
0.9356704637744665
0.9356739359978945
0.9356774082213224
0.9356808804447502
0.9356843526681781
0.9356878248916058
0.9356912971150338
0.9356947693384615
0.9356982415618895
0.9357017137853172
0.9357051860087452
0.9357086582321731
0.9357121304556009
0.9357156026790288
0.9357190749024565
0.9357225471258844
0.9357260193493122
0.9357294915727402
0.9357329637961679
0.9357364360195959
0.9357399082430236
0.9357433804664516
0.9357468526898794
0.9357503249133072
0.9357537971367351
0.9357572693601629
0.9357607415835909
