0.8107641704042259
0.8107676426276538
0.8107711148510816
0.8107745870745094
0.8107780592979372
0.8107815315213651
0.8107850037447929
0.8107884759682208
0.8107919481916487
0.8107954204150766
0.8107988926385044
0.8108023648619322
0.8108058370853601
0.8108093093087879
0.8108127815322158
0.8108162537556436
0.8108197259790716
0.8108231982024993
0.8108266704259273
0.810830142649355
0.8108336148727829
0.8108370870962108
0.8108405593196386
0.8108440315430665
0.8108475037664943
0.8108509759899222
0.8108544482133501
0.810857920436778
0.8108613926602058
0.8108648648836337
0.8108683371070615
0.8108718093304893
0.8108752815539172
0.810878753777345
0.8108822260007729
0.8108856982242008
0.8108891704476286
0.8108926426710565
0.8108961148944844
0.8108995871179122
0.8109030593413401
0.8109065315647679
0.8109100037881958
0.8109134760116237
0.8109169482350514
0.8109204204584793
0.8109238926819071
0.8109273649053351
0.8109308371287629
0.8109343093521908
0.8109377815756186
0.8109412537990465
0.8109447260224742
0.8109481982459021
0.81095167046933
0.8109551426927579
0.8109586149161858
0.8109620871396136
0.8109655593630415
0.8109690315864693
0.8109725038098972
0.8109759760333249
0.8109794482567528
0.8109829204801807
0.8109863927036086
0.8109898649270365
0.8109933371504643
0.8109968093738922
0.81100028159732
0.8110037538207479
0.8110072260441756
0.8110106982676035
0.8110141704910315
0.8110176427144592
0.8110211149378872
0.811024587161315
0.8110280593847429
0.8110315316081707
0.8110350038315985
0.8110384760550263
0.8110419482784542
0.8110454205018821
0.81104889272531
0.8110523649487379
0.8110558371721657
0.8110593093955936
0.8110627816190213
0.8110662538424492
0.811069726065877
0.811073198289305
0.8110766705127328
0.8110801427361607
0.8110836149595885
0.8110870871830164
0.8110905594064443
0.811094031629872
0.8110975038532999
0.8111009760767277
0.8111044483001557
0.8111079205235836
0.8111113927470114
0.8111148649704393
0.8111183371938671
0.811121809417295
0.8111252816407227
0.8111287538641506
0.8111322260875785
0.8111356983110063
0.8111391705344342
0.8111426427578621
0.81114611498129
0.8111495872047179
0.8111530594281456
0.8111565316515734
0.8111600038750013
0.8111634760984291
0.8111669483218571
0.8111704205452849
0.8111738927687129
0.8111773649921407
0.8111808372155686
0.8111843094389963
0.8111877816624242
0.811191253885852
0.8111947261092799
0.8111981983327078
0.8112016705561357
0.8112051427795635
0.8112086150029914
0.8112120872264192
0.811215559449847
0.8112190316732749
0.8112225038967027
0.8112259761201306
0.8112294483435584
0.8112329205669863
0.8112363927904142
0.811239865013842
0.8112433372372699
0.8112468094606977
0.8112502816841256
0.8112537539075534
0.8112572261309813
0.8112606983544092
0.811264170577837
0.811267642801265
0.8112711150246927
0.8112745872481206
0.8112780594715484
0.8112815316949763
0.8112850039184041
0.811288476141832
0.8112919483652599
0.8112954205886876
0.8112988928121155
0.8113023650355434
0.8113058372589713
0.8113093094823991
0.811312781705827
0.8113162539292548
0.8113197261526828
0.8113231983761104
0.8113266705995384
0.8113301428229662
0.8113336150463941
0.811337087269822
0.8113405594932498
0.8113440317166777
0.8113475039401055
0.8113509761635334
0.8113544483869611
0.8113579206103891
0.811361392833817
0.8113648650572448
0.8113683372806727
0.8113718095041005
0.8113752817275284
0.8113787539509562
0.811382226174384
0.8113856983978119
0.8113891706212398
0.8113926428446677
0.8113961150680955
0.8113995872915234
0.8114030595149512
0.8114065317383791
0.8114100039618068
0.8114134761852348
0.8114169484086626
0.8114204206320905
0.8114238928555183
0.8114273650789463
0.8114308373023741
0.811434309525802
0.8114377817492298
0.8114412539726575
0.8114447261960854
0.8114481984195132
0.8114516706429412
0.8114551428663691
