0.41215292088643085
0.4121563931098587
0.4121598653332865
0.4121633375567144
0.41216680978014225
0.41217028200357014
0.412173754226998
0.41217722645042587
0.4121806986738537
0.41218417089728154
0.41218764312070943
0.4121911153441372
0.4121945875675651
0.41219805979099294
0.41220153201442084
0.41220500423784867
0.4122084764612765
0.4122119486847044
0.4122154209081323
0.4122188931315601
0.41222236535498796
0.4122258375784158
0.41222930980184364
0.4122327820252715
0.41223625424869936
0.4122397264721272
0.4122431986955551
0.412246670918983
0.4122501431424108
0.41225361536583865
0.41225708758926655
0.4122605598126944
0.4122640320361222
0.41226750425955005
0.4122709764829779
0.4122744487064058
0.4122779209298337
0.4122813931532615
0.41228486537668935
0.41228833760011724
0.4122918098235451
0.4122952820469729
0.41229875427040075
0.41230222649382864
0.4123056987172565
0.4123091709406843
0.4123126431641122
0.41231611538754004
0.41231958761096793
0.41232305983439577
0.41232653205782366
0.4123300042812515
0.4123334765046793
0.41233694872810717
0.41234042095153506
0.4123438931749629
0.41234736539839073
0.4123508376218186
0.41235430984524646
0.41235778206867435
0.4123612542921022
0.41236472651553
0.41236819873895786
0.41237167096238575
0.4123751431858136
0.4123786154092414
0.4123820876326693
0.41238555985609715
0.41238903207952504
0.4123925043029529
0.4123959765263807
0.4123994487498086
0.41240292097323644
0.4124063931966643
0.4124098654200921
0.41241333764352
0.41241680986694784
0.41242028209037573
0.41242375431380357
0.41242722653723146
0.4124306987606593
0.41243417098408713
0.41243764320751497
0.4124411154309428
0.4124445876543707
0.41244805987779853
0.4124515321012264
0.41245500432465426
0.4124584765480821
0.41246194877151
0.4124654209949379
0.4124688932183657
0.41247236544179355
0.4124758376652214
0.4124793098886492
0.4124827821120771
0.41248625433550495
0.4124897265589328
0.4124931987823607
0.4124966710057886
0.4125001432292164
0.41250361545264425
0.4125070876760721
0.4125105598994999
0.4125140321229278
0.41251750434635565
0.4125209765697835
0.4125244487932114
0.41252792101663927
0.4125313932400671
0.41253486546349494
0.41253833768692283
0.41254180991035067
0.4125452821337785
0.41254875435720634
0.41255222658063423
0.41255569880406207
0.4125591710274899
0.4125626432509178
0.41256611547434563
0.4125695876977735
0.41257305992120136
0.4125765321446292
0.41258000436805703
0.41258347659148487
0.41258694881491276
0.41259042103834065
0.4125938932617685
0.4125973654851963
0.4126008377086242
0.41260430993205205
0.41260778215547994
0.4126112543789078
0.4126147266023356
0.41261819882576345
0.41262167104919134
0.4126251432726192
0.412628615496047
0.4126320877194749
0.41263555994290274
0.41263903216633063
0.41264250438975847
0.4126459766131863
0.41264944883661414
0.41265292106004203
0.41265639328346987
0.4126598655068977
0.4126633377303256
0.41266680995375343
0.4126702821771813
0.41267375440060916
0.41267722662403705
0.4126806988474649
0.4126841710708927
0.41268764329432056
0.4126911155177484
0.4126945877411763
0.4126980599646041
0.412701532188032
0.41270500441145985
0.4127084766348877
0.4127119488583156
0.4127154210817434
0.41271889330517125
0.4127223655285991
0.412725837752027
0.4127293099754548
0.4127327821988827
0.41273625442231054
0.4127397266457384
0.4127431988691663
0.41274667109259416
0.412750143316022
0.41275361553944984
0.4127570877628777
0.4127605599863055
0.4127640322097334
0.41276750443316124
0.4127709766565891
0.41277444888001696
0.41277792110344486
0.4127813933268727
0.41278486555030053
0.41278833777372836
0.4127918099971562
0.4127952822205841
0.41279875444401193
0.4128022266674398
0.41280569889086766
0.4128091711142955
0.4128126433377234
0.4128161155611512
0.4128195877845791
0.41282306000800695
0.4128265322314348
0.4128300044548626
0.41283347667829046
0.41283694890171835
0.41284042112514624
0.4128438933485741
