0.34131956295818155
0.34132303518160945
0.3413265074050373
0.3413299796284651
0.34133345185189296
0.34133692407532085
0.3413403962987487
0.3413438685221766
0.3413473407456044
0.34135081296903225
0.34135428519246014
0.341357757415888
0.3413612296393158
0.34136470186274365
0.34136817408617154
0.34137164630959943
0.34137511853302727
0.3413785907564551
0.341382062979883
0.3413855352033109
0.34138900742673867
0.3413924796501665
0.34139595187359434
0.34139942409702223
0.3414028963204501
0.34140636854387796
0.3414098407673058
0.34141331299073363
0.3414167852141615
0.3414202574375894
0.34142372966101725
0.3414272018844451
0.3414306741078729
0.34143414633130076
0.34143761855472865
0.3414410907781565
0.3414445630015844
0.3414480352250122
0.3414515074484401
0.34145497967186794
0.3414584518952958
0.3414619241187236
0.3414653963421515
0.34146886856557934
0.3414723407890072
0.34147581301243507
0.34147928523586296
0.3414827574592908
0.34148622968271863
0.34148970190614647
0.3414931741295743
0.3414966463530022
0.34150011857643003
0.34150359079985787
0.3415070630232857
0.3415105352467136
0.3415140074701415
0.3415174796935693
0.34152095191699716
0.34152442414042505
0.3415278963638529
0.3415313685872807
0.34153484081070856
0.34153831303413645
0.3415417852575643
0.3415452574809922
0.34154872970442
0.3415522019278479
0.34155567415127575
0.34155914637470364
0.3415626185981315
0.3415660908215593
0.34156956304498715
0.34157303526841504
0.3415765074918429
0.3415799797152707
0.34158345193869855
0.34158692416212644
0.3415903963855543
0.34159386860898217
0.34159734083241
0.34160081305583784
0.3416042852792657
0.34160775750269357
0.3416112297261214
0.34161470194954924
0.34161817417297713
0.341621646396405
0.34162511861983286
0.3416285908432607
0.3416320630666886
0.3416355352901164
0.34163900751354426
0.3416424797369721
0.34164595196039993
0.3416494241838278
0.3416528964072557
0.34165636863068355
0.3416598408541114
0.3416633130775392
0.3416667853009671
0.341670257524395
0.3416737297478228
0.3416772019712506
0.3416806741946785
0.34168414641810635
0.34168761864153424
0.3416910908649621
0.34169456308838997
0.3416980353118178
0.3417015075352457
0.34170497975867353
0.34170845198210137
0.3417119242055292
0.3417153964289571
0.34171886865238493
0.34172234087581277
0.34172581309924066
0.34172928532266855
0.3417327575460964
0.3417362297695242
0.34173970199295206
0.3417431742163799
0.3417466464398078
0.3417501186632356
0.34175359088666346
0.3417570631100913
0.3417605353335192
0.3417640075569471
0.3417674797803749
0.34177095200380275
0.34177442422723064
0.3417778964506585
0.3417813686740863
0.34178484089751415
0.34178831312094204
0.3417917853443699
0.34179525756779777
0.3417987297912256
0.34180220201465344
0.34180567423808134
0.34180914646150923
0.34181261868493706
0.34181609090836484
0.3418195631317927
0.34182303535522063
0.34182650757864846
0.3418299798020763
0.34183345202550414
0.34183692424893203
0.34184039647235986
0.34184386869578776
0.3418473409192156
0.34185081314264343
0.34185428536607126
0.34185775758949916
0.341861229812927
0.34186470203635483
0.3418681742597827
0.3418716464832106
0.34187511870663845
0.3418785909300663
0.3418820631534942
0.341885535376922
0.34188900760034985
0.3418924798237777
0.3418959520472055
0.3418994242706334
0.3419028964940613
0.34190636871748914
0.341909840940917
0.3419133131643448
0.3419167853877727
0.34192025761120054
0.3419237298346284
0.3419272020580562
0.3419306742814841
0.34193414650491194
0.34193761872833983
0.34194109095176767
0.34194456317519556
0.3419480353986234
0.3419515076220513
0.34195497984547907
0.3419584520689069
0.3419619242923348
0.3419653965157627
0.3419688687391905
0.34197234096261836
0.34197581318604625
0.34197928540947414
0.341982757632902
0.3419862298563298
0.34198970207975765
0.3419931743031855
0.3419966465266134
0.3420001187500412
0.34200359097346905
0.3420070631968969
0.3420105354203248
