0.42395848054113905
0.42396195276456694
0.4239654249879948
0.4239688972114226
0.42397236943485045
0.4239758416582783
0.42397931388170623
0.42398278610513407
0.4239862583285619
0.42398973055198974
0.4239932027754177
0.4239966749988455
0.4240001472222733
0.42400361944570114
0.424007091669129
0.4240105638925569
0.42401403611598476
0.4240175083394126
0.42402098056284043
0.4240244527862684
0.4240279250096962
0.42403139723312405
0.4240348694565519
0.4240383416799797
0.4240418139034076
0.42404528612683545
0.4240487583502633
0.4240522305736911
0.42405570279711907
0.4240591750205469
0.42406264724397474
0.4240661194674026
0.4240695916908304
0.4240730639142583
0.42407653613768614
0.424080008361114
0.4240834805845418
0.42408695280796976
0.4240904250313976
0.42409389725482544
0.42409736947825327
0.4241008417016811
0.424104313925109
0.42410778614853684
0.4241112583719647
0.4241147305953925
0.42411820281882046
0.4241216750422483
0.42412514726567613
0.42412861948910396
0.4241320917125318
0.42413556393595975
0.4241390361593876
0.42414250838281536
0.4241459806062432
0.42414945282967115
0.424152925053099
0.4241563972765268
0.42415986949995466
0.4241633417233825
0.42416681394681044
0.4241702861702383
0.4241737583936661
0.42417723061709395
0.42418070284052184
0.4241841750639497
0.4241876472873775
0.42419111951080535
0.4241945917342332
0.42419806395766113
0.42420153618108897
0.4242050084045168
0.42420848062794464
0.42421195285137253
0.42421542507480037
0.4242188972982282
0.42422236952165604
0.4242258417450839
0.4242293139685118
0.42423278619193966
0.4242362584153675
0.42423973063879533
0.4242432028622232
0.42424667508565106
0.4242501473090789
0.42425361953250673
0.42425709175593457
0.4242605639793625
0.42426403620279035
0.4242675084262182
0.424270980649646
0.42427445287307397
0.4242779250965018
0.42428139731992964
0.4242848695433574
0.42428834176678526
0.4242918139902132
0.42429528621364104
0.4242987584370689
0.4243022306604967
0.42430570288392466
0.4243091751073525
0.42431264733078033
0.42431611955420817
0.424319591777636
0.4243230640010639
0.42432653622449173
0.42433000844791957
0.4243334806713474
0.42433695289477535
0.4243404251182032
0.424343897341631
0.42434736956505886
0.4243508417884867
0.4243543140119146
0.4243577862353424
0.42436125845877026
0.4243647306821981
0.42436820290562605
0.4243716751290539
0.4243751473524817
0.42437861957590955
0.4243820917993374
0.4243855640227653
0.4243890362461931
0.42439250846962095
0.4243959806930488
0.42439945291647674
0.4244029251399046
0.4244063973633324
0.42440986958676025
0.4244133418101881
0.42441681403361603
0.42442028625704387
0.4244237584804717
0.4244272307038995
0.42443070292732743
0.42443417515075527
0.4244376473741831
0.42444111959761094
0.4244445918210388
0.4244480640444667
0.42445153626789456
0.4244550084913224
0.42445848071475023
0.4244619529381781
0.42446542516160596
0.4244688973850338
0.42447236960846163
0.42447584183188947
0.4244793140553174
0.42448278627874525
0.4244862585021731
0.4244897307256009
0.4244932029490288
0.42449667517245665
0.4245001473958845
0.4245036196193123
0.42450709184274016
0.4245105640661681
0.42451403628959594
0.4245175085130238
0.4245209807364516
0.4245244529598795
0.42452792518330734
0.4245313974067352
0.424534869630163
0.42453834185359085
0.4245418140770188
0.42454528630044663
0.42454875852387447
0.4245522307473023
0.42455570297073025
0.4245591751941581
0.4245626474175859
0.42456611964101376
0.42456959186444154
0.4245730640878695
0.4245765363112973
0.42458000853472516
0.424583480758153
0.42458695298158095
0.4245904252050088
0.4245938974284366
0.42459736965186445
0.4246008418752923
0.4246043140987202
0.424607786322148
0.42461125854557585
0.4246147307690037
0.42461820299243164
0.4246216752158595
0.4246251474392873
0.42462861966271515
0.424632091886143
0.4246355641095709
0.4246390363329987
0.42464250855642655
0.4246459807798544
0.42464945300328233
