0.09687503363716446
0.0968785058605923
0.09688197808402012
0.09688545030744801
0.09688892253087585
0.09689239475430372
0.09689586697773156
0.09689933920115944
0.09690281142458732
0.09690628364801511
0.09690975587144299
0.09691322809487082
0.0969167003182987
0.09692017254172658
0.09692364476515442
0.09692711698858231
0.09693058921201009
0.09693406143543797
0.0969375336588658
0.0969410058822937
0.09694447810572157
0.09694795032914941
0.09695142255257728
0.09695489477600507
0.09695836699943296
0.09696183922286084
0.09696531144628867
0.09696878366971655
0.09697225589314439
0.09697572811657226
0.0969792003400001
0.09698267256342794
0.09698614478685581
0.09698961701028365
0.09699308923371153
0.09699656145713942
0.0970000336805672
0.09700350590399508
0.09700697812742291
0.0970104503508508
0.09701392257427863
0.09701739479770652
0.0970208670211344
0.09702433924456218
0.09702781146799007
0.0970312836914179
0.09703475591484578
0.09703822813827366
0.0970417003617015
0.09704517258512937
0.09704864480855717
0.09705211703198505
0.09705558925541292
0.09705906147884076
0.09706253370226864
0.09706600592569647
0.09706947814912437
0.09707295037255215
0.09707642259598002
0.09707989481940792
0.09708336704283575
0.09708683926626363
0.09709031148969147
0.09709378371311934
0.09709725593654718
0.09710072815997502
0.0971042003834029
0.09710767260683073
0.09711114483025861
0.09711461705368649
0.09711808927711428
0.09712156150054216
0.09712503372397
0.09712850594739787
0.09713197817082575
0.09713545039425359
0.09713892261768148
0.09714239484110926
0.09714586706453714
0.09714933928796497
0.09715281151139286
0.09715628373482074
0.09715975595824858
0.09716322818167646
0.09716670040510424
0.09717017262853213
0.09717364485196
0.09717711707538784
0.09718058929881572
0.09718406152224356
0.09718753374567143
0.09719100596909933
0.0971944781925271
0.09719795041595498
0.09720142263938282
0.0972048948628107
0.09720836708623859
0.09721183930966643
0.0972153115330943
0.09721878375652208
0.09722225597994998
0.0972257282033778
0.09722920042680569
0.09723267265023357
0.0972361448736614
0.09723961709708924
0.09724308932051708
0.09724656154394495
0.09725003376737283
0.09725350599080067
0.09725697821422855
0.09726045043765634
0.09726392266108422
0.0972673948845121
0.09727086710793993
0.09727433933136781
0.09727781155479565
0.09728128377822354
0.09728475600165132
0.0972882282250792
0.09729170044850709
0.09729517267193492
0.0972986448953628
0.09730211711879064
0.09730558934221852
0.0973090615656464
0.09731253378907419
0.09731600601250207
0.0973194782359299
0.09732295045935778
0.09732642268278566
0.0973298949062135
0.09733336712964137
0.09733683935306917
0.09734031157649704
0.09734378379992494
0.09734725602335276
0.09735072824678065
0.09735420047020849
0.09735767269363631
0.09736114491706414
0.09736461714049204
0.09736808936391991
0.09737156158734775
0.09737503381077563
0.09737850603420346
0.0973819782576313
0.09738545048105918
0.09738892270448701
0.09739239492791489
0.09739586715134273
0.0973993393747706
0.0974028115981985
0.09740628382162628
0.09740975604505415
0.09741322826848199
0.09741670049190987
0.09742017271533776
0.0974236449387656
0.09742711716219347
0.09743058938562126
0.09743406160904915
0.09743753383247698
0.09744100605590486
0.09744447827933274
0.09744795050276057
0.09745142272618845
0.09745489494961625
0.09745836717304412
0.097461839396472
0.09746531161989984
0.09746878384332772
0.09747225606675555
0.09747572829018343
0.09747920051361127
0.0974826727370391
0.097486144960467
0.09748961718389482
0.09749308940732271
0.09749656163075059
0.09750003385417837
0.09750350607760626
0.0975069783010341
0.09751045052446197
0.09751392274788981
0.09751739497131769
0.09752086719474556
0.09752433941817336
0.09752781164160124
0.09753128386502907
0.09753475608845695
0.09753822831188483
0.09754170053531266
0.09754517275874056
0.09754864498216834
0.09755211720559621
0.0975555894290241
0.09755906165245193
0.09756253387587982
0.09756600609930766
