0.0670139121576084
0.06701738438103623
0.06702085660446407
0.067024328827892
0.06702780105131974
0.06703127327474766
0.0670347454981755
0.06703821772160333
0.06704168994503126
0.0670451621684591
0.06704863439188694
0.06705210661531476
0.0670555788387426
0.06705905106217053
0.06706252328559836
0.0670659955090262
0.06706946773245404
0.06707293995588187
0.06707641217930979
0.06707988440273763
0.06708335662616546
0.0670868288495933
0.06709030107302122
0.06709377329644897
0.06709724551987689
0.06710071774330473
0.06710418996673256
0.0671076621901605
0.06711113441358833
0.06711460663701616
0.06711807886044409
0.06712155108387183
0.06712502330729976
0.0671284955307276
0.06713196775415543
0.06713543997758335
0.06713891220101119
0.06714238442443902
0.06714585664786686
0.0671493288712947
0.06715280109472262
0.06715627331815045
0.06715974554157829
0.06716321776500613
0.06716668998843406
0.0671701622118618
0.06717363443528972
0.06717710665871755
0.06718057888214539
0.06718405110557332
0.06718752332900116
0.067190995552429
0.06719446777585682
0.06719793999928465
0.06720141222271259
0.06720488444614042
0.06720835666956826
0.06721182889299618
0.06721530111642393
0.06721877333985185
0.06722224556327969
0.06722571778670752
0.06722919001013546
0.06723266223356328
0.06723613445699111
0.06723960668041895
0.06724307890384679
0.06724655112727462
0.06725002335070256
0.06725349557413039
0.06725696779755821
0.06726044002098615
0.06726391224441389
0.06726738446784182
0.06727085669126966
0.06727432891469749
0.06727780113812541
0.06728127336155325
0.06728474558498108
0.06728821780840892
0.06729169003183676
0.06729516225526468
0.06729863447869251
0.06730210670212035
0.06730557892554818
0.06730905114897612
0.06731252337240395
0.06731599559583178
0.06731946781925961
0.06732294004268745
0.06732641226611538
0.06732988448954322
0.06733335671297105
0.06733682893639888
0.06734030115982671
0.06734377338325465
0.06734724560668248
0.06735071783011032
0.06735419005353824
0.06735766227696599
0.06736113450039391
0.06736460672382175
0.06736807894724958
0.06737155117067752
0.06737502339410534
0.06737849561753317
0.06738196784096101
0.06738544006438885
0.06738891228781678
0.06739238451124462
0.06739585673467244
0.06739932895810027
0.06740280118152821
0.06740627340495604
0.06740974562838388
0.06741321785181172
0.06741669007523955
0.06742016229866747
0.06742363452209531
0.06742710674552314
0.06743057896895098
0.06743405119237882
0.06743752341580674
0.06744099563923457
0.06744446786266241
0.06744794008609034
0.06745141230951808
0.06745488453294601
0.06745835675637384
0.06746182897980167
0.0674653012032296
0.06746877342665744
0.06747224565008528
0.06747571787351311
0.06747919009694094
0.06748266232036887
0.0674861345437967
0.06748960676722454
0.06749307899065238
0.0674965512140803
0.06750002343750813
0.06750349566093597
0.0675069678843638
0.06751044010779164
0.06751391233121957
0.0675173845546474
0.06752085677807523
0.06752432900150317
0.0675278012249309
0.06753127344835884
0.06753474567178668
0.0675382178952145
0.06754169011864243
0.06754516234207027
0.0675486345654981
0.06755210678892594
0.06755557901235378
0.0675590512357817
0.06756252345920953
0.06756599568263737
0.0675694679060652
0.06757294012949304
0.06757641235292096
0.0675798845763488
0.06758335679977663
0.06758682902320447
0.0675903012466324
0.06759377347006014
0.06759724569348807
0.0676007179169159
0.06760419014034373
0.06760766236377166
0.0676111345871995
0.06761460681062734
0.06761807903405526
0.067621551257483
0.06762502348091093
0.06762849570433876
0.0676319679277666
0.06763544015119452
0.06763891237462236
0.06764238459805019
0.06764585682147803
0.06764932904490586
0.0676528012683338
0.06765627349176163
0.06765974571518946
0.06766321793861729
0.06766669016204523
0.06767016238547297
0.0676736346089009
0.06767710683232873
0.06768057905575656
0.06768405127918449
0.06768752350261233
0.06769099572604016
0.067694467949468
0.06769794017289583
0.06770141239632375
0.06770488461975159
