0.23923619417923409
0.23923966640266195
0.23924313862608979
0.23924661084951762
0.23925008307294546
0.23925355529637335
0.2392570275198012
0.23926049974322905
0.23926397196665694
0.23926744419008472
0.2392709164135126
0.23927438863694048
0.2392778608603683
0.2392813330837962
0.23928480530722404
0.23928827753065193
0.2392917497540798
0.23929522197750758
0.23929869420093547
0.2393021664243633
0.2393056386477912
0.23930911087121903
0.2393125830946469
0.2393160553180748
0.23931952754150257
0.23932299976493046
0.2393264719883583
0.23932994421178616
0.23933341643521405
0.2393368886586419
0.23934036088206978
0.23934383310549756
0.23934730532892542
0.23935077755235332
0.23935424977578115
0.23935772199920904
0.23936119422263688
0.2393646664460647
0.23936813866949258
0.23937161089292042
0.2393750831163483
0.23937855533977614
0.239382027563204
0.23938549978663184
0.23938897201005968
0.23939244423348757
0.2393959164569154
0.23939938868034327
0.2394028609037711
0.239406333127199
0.2394098053506269
0.23941327757405467
0.23941674979748254
0.23942022202091037
0.23942369424433826
0.23942716646776616
0.239430638691194
0.23943411091462186
0.23943758313804964
0.23944105536147753
0.23944452758490536
0.23944799980833326
0.23945147203176112
0.23945494425518896
0.23945841647861685
0.23946188870204463
0.23946536092547252
0.23946883314890038
0.23947230537232822
0.2394757775957561
0.23947924981918395
0.2394827220426118
0.23948619426603965
0.23948966648946748
0.23949313871289538
0.2394966109363232
0.2395000831597511
0.23950355538317897
0.23950702760660675
0.23951049983003464
0.23951397205346248
0.23951744427689037
0.2395209165003182
0.23952438872374607
0.23952786094717396
0.23953133317060174
0.23953480539402963
0.23953827761745747
0.23954174984088533
0.23954522206431322
0.23954869428774106
0.23955216651116895
0.23955563873459673
0.2395591109580246
0.2395625831814525
0.23956605540488032
0.23956952762830822
0.23957299985173605
0.23957647207516392
0.2395799442985918
0.2395834165220196
0.23958688874544748
0.23959036096887532
0.23959383319230318
0.23959730541573102
0.2396007776391589
0.23960424986258674
0.23960772208601458
0.23961119430944244
0.23961466653287028
0.23961813875629817
0.23962161097972606
0.23962508320315387
0.2396285554265817
0.23963202765000954
0.23963549987343744
0.23963897209686533
0.23964244432029316
0.23964591654372103
0.2396493887671488
0.2396528609905767
0.2396563332140046
0.23965980543743243
0.2396632776608603
0.23966674988428813
0.23967022210771602
0.2396736943311438
0.2396771665545717
0.23968063877799956
0.2396841110014274
0.23968758322485528
0.23969105544828312
0.239694527671711
0.23969799989513887
0.23970147211856666
0.23970494434199455
0.23970841656542238
0.23971188878885027
0.23971536101227814
0.23971883323570597
0.23972230545913387
0.23972577768256165
0.23972924990598954
0.23973272212941737
0.23973619435284524
0.23973966657627313
0.23974313879970097
0.2397466110231288
0.23975008324655664
0.2397535554699845
0.2397570276934124
0.23976049991684023
0.23976397214026812
0.2397674443636959
0.23977091658712377
0.23977438881055166
0.2397778610339795
0.2397813332574074
0.23978480548083522
0.2397882777042631
0.23979174992769098
0.23979522215111876
0.23979869437454665
0.2398021665979745
0.23980563882140235
0.2398091110448302
0.23981258326825808
0.23981605549168594
0.23981952771511375
0.23982299993854161
0.23982647216196945
0.23982994438539734
0.23983341660882523
0.23983688883225307
0.23984036105568093
0.23984383327910871
0.2398473055025366
0.2398507777259645
0.23985424994939233
0.2398577221728202
0.23986119439624803
0.23986466661967587
0.23986813884310376
0.2398716110665316
0.23987508328995946
0.2398785555133873
0.2398820277368152
0.23988549996024303
0.23988897218367086
0.23989244440709873
0.23989591663052656
0.23989938885395445
0.2399028610773823
0.23990633330081018
0.23990980552423805
0.23991327774766583
0.23991674997109372
0.23992022219452155
0.23992369441794945
0.2399271666413773
