0.5128474002942361
0.512850872517664
0.5128543447410919
0.5128578169645198
0.5128612891879476
0.5128647614113755
0.5128682336348034
0.5128717058582312
0.5128751780816591
0.5128786503050868
0.5128821225285147
0.5128855947519426
0.5128890669753705
0.5128925391987983
0.5128960114222262
0.5128994836456541
0.5129029558690819
0.5129064280925097
0.5129099003159375
0.5129133725393654
0.5129168447627933
0.5129203169862212
0.512923789209649
0.5129272614330769
0.5129307336565048
0.5129342058799327
0.5129376781033604
0.5129411503267883
0.5129446225502161
0.512948094773644
0.5129515669970719
0.5129550392204997
0.5129585114439276
0.5129619836673555
0.5129654558907834
0.5129689281142111
0.512972400337639
0.5129758725610668
0.5129793447844947
0.5129828170079226
0.5129862892313504
0.5129897614547783
0.5129932336782062
0.512996705901634
0.5130001781250618
0.5130036503484897
0.5130071225719175
0.5130105947953454
0.5130140670187733
0.5130175392422011
0.513021011465629
0.5130244836890568
0.5130279559124847
0.5130314281359125
0.5130349003593404
0.5130383725827682
0.5130418448061961
0.513045317029624
0.5130487892530518
0.5130522614764796
0.5130557336999075
0.5130592059233354
0.5130626781467632
0.5130661503701911
0.5130696225936189
0.5130730948170469
0.5130765670404747
0.5130800392639026
0.5130835114873303
0.5130869837107582
0.5130904559341861
0.5130939281576139
0.5130974003810418
0.5131008726044696
0.5131043448278976
0.5131078170513254
0.5131112892747532
0.513114761498181
0.5131182337216089
0.5131217059450368
0.5131251781684646
0.5131286503918925
0.5131321226153203
0.5131355948387483
0.513139067062176
0.5131425392856039
0.5131460115090317
0.5131494837324596
0.5131529559558875
0.5131564281793153
0.5131599004027432
0.513163372626171
0.513166844849599
0.5131703170730267
0.5131737892964546
0.5131772615198824
0.5131807337433104
0.5131842059667382
0.513187678190166
0.5131911504135939
0.5131946226370216
0.5131980948604496
0.5132015670838774
0.5132050393073053
0.5132085115307331
0.5132119837541611
0.5132154559775889
0.5132189282010168
0.5132224004244446
0.5132258726478724
0.5132293448713003
0.5132328170947281
0.513236289318156
0.5132397615415838
0.5132432337650118
0.5132467059884396
0.5132501782118675
0.5132536504352952
0.5132571226587231
0.513260594882151
0.5132640671055788
0.5132675393290067
0.5132710115524345
0.5132744837758625
0.5132779559992903
0.5132814282227182
0.5132849004461459
0.5132883726695738
0.5132918448930017
0.5132953171164295
0.5132987893398574
0.5133022615632852
0.5133057337867132
0.513309206010141
0.5133126782335689
0.5133161504569966
0.5133196226804245
0.5133230949038524
0.5133265671272802
0.5133300393507081
0.5133335115741359
0.5133369837975639
0.5133404560209917
0.5133439282444195
0.5133474004678473
0.5133508726912752
0.5133543449147031
0.513357817138131
0.5133612893615588
0.5133647615849867
0.5133682338084146
0.5133717060318423
0.5133751782552702
0.513378650478698
0.5133821227021259
0.5133855949255538
0.5133890671489817
0.5133925393724095
0.5133960115958374
0.5133994838192653
0.513402956042693
0.5134064282661209
0.5134099004895487
0.5134133727129766
0.5134168449364045
0.5134203171598324
0.5134237893832602
0.5134272616066881
0.513430733830116
0.5134342060535437
0.5134376782769716
0.5134411505003994
0.5134446227238273
0.5134480949472552
0.5134515671706831
0.5134550393941109
0.5134585116175387
0.5134619838409666
0.5134654560643945
0.5134689282878223
0.5134724005112501
0.513475872734678
0.5134793449581059
0.5134828171815338
0.5134862894049615
0.5134897616283894
0.5134932338518173
0.5134967060752452
0.513500178298673
0.5135036505221009
0.5135071227455287
0.5135105949689566
0.5135140671923845
0.5135175394158122
0.5135210116392401
0.513524483862668
0.5135279560860959
0.5135314283095237
0.5135349005329516
0.5135383727563794
