0.5829863135369144
0.5829897857603422
0.5829932579837701
0.582996730207198
0.5830002024306258
0.5830036746540537
0.5830071468774815
0.5830106191009095
0.5830140913243372
0.5830175635477651
0.5830210357711929
0.5830245079946209
0.5830279802180487
0.5830314524414766
0.5830349246649044
0.5830383968883321
0.5830418691117601
0.5830453413351879
0.5830488135586158
0.5830522857820436
0.5830557580054716
0.5830592302288994
0.5830627024523273
0.5830661746757551
0.583069646899183
0.5830731191226108
0.5830765913460386
0.5830800635694665
0.5830835357928943
0.5830870080163223
0.5830904802397501
0.583093952463178
0.5830974246866057
0.5831008969100336
0.5831043691334615
0.5831078413568893
0.5831113135803172
0.583114785803745
0.583118258027173
0.5831217302506008
0.5831252024740287
0.5831286746974564
0.5831321469208843
0.5831356191443122
0.58313909136774
0.5831425635911679
0.5831460358145957
0.5831495080380237
0.5831529802614515
0.5831564524848794
0.5831599247083071
0.583163396931735
0.5831668691551629
0.5831703413785908
0.5831738136020186
0.5831772858254465
0.5831807580488744
0.5831842302723022
0.58318770249573
0.5831911747191578
0.5831946469425857
0.5831981191660136
0.5832015913894415
0.5832050636128693
0.5832085358362972
0.5832120080597251
0.5832154802831528
0.5832189525065807
0.5832224247300085
0.5832258969534364
0.5832293691768643
0.5832328414002922
0.58323631362372
0.5832397858471479
0.5832432580705758
0.5832467302940035
0.5832502025174314
0.5832536747408592
0.5832571469642871
0.583260619187715
0.5832640914111429
0.5832675636345707
0.5832710358579986
0.5832745080814264
0.5832779803048542
0.5832814525282821
0.5832849247517099
0.5832883969751378
0.5832918691985657
0.5832953414219936
0.5832988136454214
0.5833022858688492
0.5833057580922771
0.583309230315705
0.5833127025391328
0.5833161747625607
0.5833196469859885
0.5833231192094164
0.5833265914328443
0.583330063656272
0.5833335358796999
0.5833370081031278
0.5833404803265557
0.5833439525499835
0.5833474247734114
0.5833508969968392
0.5833543692202671
0.583357841443695
0.5833613136671227
0.5833647858905506
0.5833682581139785
0.5833717303374064
0.5833752025608342
0.5833786747842621
0.5833821470076899
0.5833856192311178
0.5833890914545456
0.5833925636779734
0.5833960359014013
0.5833995081248292
0.5834029803482571
0.5834064525716849
0.5834099247951128
0.5834133970185406
0.5834168692419686
0.5834203414653963
0.5834238136888241
0.583427285912252
0.5834307581356799
0.5834342303591078
0.5834377025825356
0.5834411748059635
0.5834446470293913
0.5834481192528193
0.583451591476247
0.5834550636996749
0.5834585359231027
0.5834620081465306
0.5834654803699585
0.5834689525933863
0.5834724248168142
0.5834758970402419
0.58347936926367
0.5834828414870977
0.5834863137105256
0.5834897859339534
0.5834932581573813
0.5834967303808092
0.583500202604237
0.5835036748276649
0.5835071470510926
0.5835106192745206
0.5835140914979484
0.5835175637213763
0.5835210359448041
0.583524508168232
0.5835279803916599
0.5835314526150877
0.5835349248385155
0.5835383970619433
0.5835418692853713
0.5835453415087991
0.583548813732227
0.5835522859556548
0.5835557581790828
0.5835592304025106
0.5835627026259383
0.5835661748493662
0.583569647072794
0.583573119296222
0.5835765915196498
0.5835800637430777
0.5835835359665055
0.5835870081899335
0.5835904804133613
0.5835939526367891
0.5835974248602169
0.5836008970836448
0.5836043693070727
0.5836078415305005
0.5836113137539284
0.5836147859773562
0.5836182582007842
0.583621730424212
0.5836252026476398
0.5836286748710676
0.5836321470944955
0.5836356193179234
0.5836390915413512
0.5836425637647791
0.5836460359882069
0.5836495082116349
0.5836529804350626
0.5836564526584905
0.5836599248819183
0.5836633971053462
0.5836668693287741
0.5836703415522019
0.5836738137756298
0.5836772859990575
