0.7628474870998219
0.7628509593232498
0.7628544315466775
0.7628579037701054
0.7628613759935333
0.7628648482169612
0.7628683204403891
0.7628717926638169
0.7628752648872448
0.7628787371106726
0.7628822093341004
0.7628856815575283
0.7628891537809561
0.7628926260043841
0.7628960982278119
0.7628995704512398
0.7629030426746676
0.7629065148980955
0.7629099871215232
0.7629134593449511
0.762916931568379
0.7629204037918068
0.7629238760152347
0.7629273482386626
0.7629308204620905
0.7629342926855183
0.7629377649089462
0.7629412371323739
0.7629447093558019
0.7629481815792296
0.7629516538026576
0.7629551260260854
0.7629585982495133
0.7629620704729412
0.762965542696369
0.7629690149197969
0.7629724871432246
0.7629759593666525
0.7629794315900803
0.7629829038135083
0.7629863760369362
0.762989848260364
0.7629933204837919
0.7629967927072197
0.7630002649306475
0.7630037371540753
0.7630072093775032
0.7630106816009311
0.763014153824359
0.7630176260477869
0.7630210982712147
0.7630245704946426
0.7630280427180703
0.7630315149414982
0.763034987164926
0.763038459388354
0.7630419316117817
0.7630454038352097
0.7630488760586375
0.7630523482820655
0.7630558205054933
0.7630592927289211
0.7630627649523489
0.7630662371757767
0.7630697093992046
0.7630731816226324
0.7630766538460604
0.7630801260694883
0.7630835982929162
0.763087070516344
0.7630905427397718
0.7630940149631996
0.7630974871866275
0.7631009594100553
0.7631044316334832
0.7631079038569111
0.763111376080339
0.7631148483037667
0.7631183205271946
0.7631217927506225
0.7631252649740503
0.7631287371974782
0.763132209420906
0.7631356816443339
0.7631391538677618
0.7631426260911895
0.7631460983146175
0.7631495705380453
0.7631530427614732
0.763156514984901
0.7631599872083289
0.7631634594317567
0.7631669316551846
0.7631704038786125
0.7631738761020403
0.7631773483254682
0.763180820548896
0.7631842927723239
0.7631877649957517
0.7631912372191796
0.7631947094426074
0.7631981816660354
0.7632016538894631
0.763205126112891
0.7632085983363188
0.7632120705597467
0.7632155427831746
0.7632190150066024
0.7632224872300303
0.7632259594534581
0.7632294316768861
0.763232903900314
0.7632363761237417
0.7632398483471696
0.7632433205705974
0.7632467927940253
0.7632502650174531
0.763253737240881
0.7632572094643089
0.7632606816877366
0.7632641539111645
0.7632676261345924
0.7632710983580203
0.7632745705814481
0.763278042804876
0.7632815150283038
0.7632849872517317
0.7632884594751594
0.7632919316985874
0.7632954039220152
0.7632988761454432
0.7633023483688709
0.7633058205922988
0.7633092928157267
0.7633127650391545
0.7633162372625824
0.7633197094860101
0.7633231817094381
0.763326653932866
0.7633301261562938
0.7633335983797217
0.7633370706031496
0.7633405428265774
0.7633440150500053
0.763347487273433
0.7633509594968609
0.7633544317202887
0.7633579039437166
0.7633613761671445
0.7633648483905724
0.7633683206140003
0.7633717928374281
0.763375265060856
0.7633787372842837
0.7633822095077116
0.7633856817311395
0.7633891539545673
0.7633926261779953
0.7633960984014231
0.763399570624851
0.7634030428482788
0.7634065150717066
0.7634099872951344
0.7634134595185623
0.7634169317419902
0.763420403965418
0.7634238761888459
0.7634273484122738
0.7634308206357017
0.7634342928591294
0.7634377650825573
0.7634412373059851
0.763444709529413
0.7634481817528408
0.7634516539762687
0.7634551261996966
0.7634585984231245
0.7634620706465524
0.7634655428699801
0.763469015093408
0.7634724873168358
0.7634759595402637
0.7634794317636915
0.7634829039871195
0.7634863762105474
0.7634898484339752
0.763493320657403
0.7634967928808308
0.7635002651042587
0.7635037373276865
0.7635072095511144
0.7635106817745423
0.7635141539979702
0.7635176262213981
0.7635210984448259
0.7635245706682537
0.7635280428916815
0.7635315151151094
0.7635349873385372
0.7635384595619652
