0.9579864437452931
0.9579899159687206
0.9579933881921487
0.9579968604155765
0.9580003326390044
0.9580038048624324
0.9580072770858601
0.9580107493092881
0.9580142215327158
0.9580176937561438
0.9580211659795715
0.9580246382029994
0.9580281104264272
0.9580315826498551
0.9580350548732829
0.9580385270967108
0.9580419993201388
0.9580454715435665
0.9580489437669945
0.9580524159904222
0.9580558882138501
0.9580593604372779
0.9580628326607058
0.9580663048841336
0.9580697771075615
0.9580732493309895
0.9580767215544171
0.9580801937778451
0.9580836660012728
0.9580871382247008
0.9580906104481286
0.9580940826715565
0.9580975548949845
0.9581010271184122
0.9581044993418402
0.9581079715652678
0.9581114437886958
0.9581149160121236
0.9581183882355515
0.9581218604589793
0.9581253326824072
0.9581288049058352
0.9581322771292629
0.9581357493526909
0.9581392215761185
0.9581426937995465
0.9581461660229743
0.9581496382464022
0.95815311046983
0.9581565826932579
0.9581600549166857
0.9581635271401135
0.9581669993635415
0.9581704715869692
0.9581739438103972
0.9581774160338249
0.9581808882572529
0.9581843604806807
0.9581878327041086
0.9581913049275366
0.9581947771509642
0.9581982493743922
0.9582017215978199
0.9582051938212479
0.9582086660446756
0.9582121382681036
0.9582156104915314
0.9582190827149593
0.9582225549383873
0.9582260271618149
0.9582294993852429
0.9582329716086706
0.9582364438320986
0.9582399160555265
0.9582433882789543
0.9582468605023822
0.95825033272581
0.9582538049492378
0.9582572771726656
0.9582607493960936
0.9582642216195213
0.9582676938429493
0.9582711660663772
0.958274638289805
0.9582781105132329
0.9582815827366606
0.9582850549600885
0.9582885271835163
0.9582919994069443
0.958295471630372
0.9582989438538
0.9583024160772277
0.9583058883006557
0.9583093605240836
0.9583128327475113
0.9583163049709393
0.958319777194367
0.958323249417795
0.9583267216412227
0.9583301938646507
0.9583336660880786
0.9583371383115064
0.9583406105349342
0.958344082758362
0.9583475549817899
0.9583510272052177
0.9583544994286457
0.9583579716520734
0.9583614438755014
0.9583649160989293
0.958368388322357
0.9583718605457849
0.9583753327692127
0.9583788049926406
0.9583822772160684
0.9583857494394964
0.9583892216629241
0.9583926938863521
0.9583961661097797
0.9583996383332077
0.9584031105566356
0.9584065827800634
0.9584100550034914
0.9584135272269191
0.9584169994503471
0.9584204716737748
0.9584239438972028
0.9584274161206306
0.9584308883440584
0.9584343605674863
0.9584378327909141
0.958441305014342
0.9584447772377698
0.9584482494611979
0.9584517216846254
0.9584551939080534
0.9584586661314813
0.9584621383549091
0.958465610578337
0.9584690828017648
0.9584725550251927
0.9584760272486205
0.9584794994720486
0.9584829716954761
0.9584864439189043
0.9584899161423318
0.9584933883657599
0.9584968605891877
0.9585003328126155
0.9585038050360436
0.9585072772594712
0.9585107494828993
0.9585142217063268
0.9585176939297549
0.9585211661531827
0.9585246383766106
0.9585281106000384
0.9585315828234663
0.9585350550468941
0.958538527270322
0.95854199949375
0.9585454717171775
0.9585489439406056
0.9585524161640334
0.9585558883874613
0.9585593606108891
0.958562832834317
0.9585663050577448
0.9585697772811727
0.9585732495046007
0.9585767217280283
0.9585801939514563
0.958583666174884
0.958587138398312
0.9585906106217398
0.9585940828451677
0.9585975550685957
0.9586010272920233
0.9586044995154513
0.958607971738879
0.958611443962307
0.9586149161857348
0.9586183884091627
0.9586218606325905
0.9586253328560184
0.9586288050794464
0.958632277302874
0.958635749526302
0.9586392217497297
0.9586426939731577
0.9586461661965855
0.9586496384200134
0.9586531106434412
0.9586565828668691
0.9586600550902968
0.9586635273137247
0.9586669995371527
0.9586704717605804
0.9586739439840084
0.9586774162074361
