0.4961807278405305
0.49618420006395836
0.4961876722873862
0.49619114451081403
0.49619461673424187
0.4961980889576698
0.49620156118109765
0.4962050334045255
0.4962085056279533
0.4962119778513812
0.49621545007480905
0.4962189222982369
0.4962223945216647
0.49622586674509256
0.4962293389685205
0.49623281119194834
0.4962362834153762
0.496239755638804
0.4962432278622319
0.49624670008565974
0.4962501723090876
0.4962536445325154
0.49625711675594325
0.4962605889793712
0.49626406120279903
0.49626753342622687
0.4962710056496547
0.49627447787308265
0.49627795009651043
0.49628142231993827
0.4962848945433661
0.49628836676679394
0.4962918389902219
0.4962953112136497
0.49629878343707756
0.4963022556605054
0.49630572788393335
0.4963092001073612
0.496312672330789
0.49631614455421685
0.4963196167776447
0.4963230890010726
0.4963265612245004
0.49633003344792825
0.4963335056713561
0.49633697789478404
0.4963404501182119
0.4963439223416397
0.49634739456506755
0.4963508667884954
0.4963543390119233
0.4963578112353511
0.49636128345877895
0.4963647556822068
0.49636822790563473
0.49637170012906257
0.4963751723524904
0.49637864457591824
0.4963821167993461
0.49638558902277397
0.4963890612462018
0.49639253346962964
0.4963960056930575
0.4963994779164854
0.49640295013991326
0.4964064223633411
0.49640989458676893
0.49641336681019677
0.4964168390336247
0.4964203112570525
0.49642378348048033
0.49642725570390817
0.4964307279273361
0.49643420015076395
0.4964376723741918
0.4964411445976196
0.49644461682104746
0.4964480890444754
0.49645156126790324
0.4964550334913311
0.4964585057147589
0.4964619779381868
0.49646545016161464
0.4964689223850425
0.4964723946084703
0.49647586683189815
0.4964793390553261
0.49648281127875393
0.49648628350218177
0.4964897557256096
0.4964932279490375
0.49649670017246533
0.49650017239589317
0.496503644619321
0.49650711684274884
0.4965105890661768
0.4965140612896046
0.49651753351303246
0.4965210057364603
0.4965244779598882
0.496527950183316
0.49653142240674386
0.4965348946301717
0.49653836685359953
0.4965418390770275
0.4965453113004553
0.49654878352388315
0.496552255747311
0.49655572797073894
0.49655920019416677
0.49656267241759455
0.4965661446410224
0.4965696168644502
0.4965730890878782
0.496576561311306
0.49658003353473384
0.4965835057581617
0.49658697798158963
0.49659045020501746
0.4965939224284453
0.49659739465187314
0.496600866875301
0.49660433909872886
0.4966078113221567
0.49661128354558454
0.4966147557690124
0.4966182279924403
0.49662170021586816
0.496625172439296
0.49662864466272383
0.49663211688615166
0.49663558910957956
0.4966390613330074
0.49664253355643523
0.49664600577986306
0.496649478003291
0.49665295022671885
0.4966564224501467
0.4966598946735745
0.49666336689700236
0.49666683912043025
0.4966703113438581
0.4966737835672859
0.49667725579071376
0.4966807280141417
0.49668420023756954
0.4966876724609974
0.4966911446844252
0.49669461690785305
0.496698089131281
0.49670156135470883
0.4967050335781366
0.49670850580156445
0.4967119780249924
0.49671545024842023
0.49671892247184807
0.4967223946952759
0.49672586691870374
0.4967293391421317
0.4967328113655595
0.49673628358898736
0.4967397558124152
0.4967432280358431
0.4967467002592709
0.49675017248269876
0.4967536447061266
0.49675711692955443
0.4967605891529824
0.4967640613764102
0.49676753359983805
0.4967710058232659
0.4967744780466938
0.4967779502701216
0.49678142249354945
0.4967848947169773
0.4967883669404051
0.49679183916383307
0.4967953113872609
0.49679878361068874
0.4968022558341166
0.49680572805754447
0.4968092002809723
0.49681267250440014
0.496816144727828
0.4968196169512558
0.49682308917468376
0.4968265613981116
0.49683003362153944
0.49683350584496727
0.4968369780683952
0.49684045029182305
0.49684392251525084
0.49684739473867867
0.4968508669621065
0.49685433918553445
0.4968578114089623
0.4968612836323901
0.49686475585581796
0.4968682280792459
0.49687170030267375
