0.1711806149932691
0.17118408721669692
0.17118755944012481
0.17119103166355262
0.17119450388698051
0.17119797611040835
0.1712014483338362
0.17120492055726408
0.17120839278069191
0.17121186500411978
0.17121533722754767
0.17121880945097545
0.17122228167440334
0.17122575389783118
0.17122922612125904
0.17123269834468693
0.17123617056811477
0.17123964279154263
0.17124311501497044
0.1712465872383983
0.17125005946182614
0.17125353168525403
0.17125700390868193
0.17126047613210976
0.17126394835553763
0.1712674205789654
0.1712708928023933
0.1712743650258212
0.17127783724924903
0.1712813094726769
0.17128478169610473
0.17128825391953262
0.17129172614296048
0.1712951983663883
0.17129867058981615
0.171302142813244
0.17130561503667188
0.17130908726009977
0.17131255948352758
0.17131603170695542
0.17131950393038325
0.17132297615381115
0.17132644837723898
0.17132992060066687
0.17133339282409474
0.17133686504752252
0.1713403372709504
0.17134380949437825
0.17134728171780614
0.171350753941234
0.17135422616466184
0.17135769838808973
0.1713611706115175
0.1713646428349454
0.17136811505837327
0.1713715872818011
0.171375059505229
0.17137853172865683
0.1713820039520847
0.1713854761755125
0.17138894839894037
0.17139242062236826
0.1713958928457961
0.17139936506922399
0.17140283729265182
0.17140630951607969
0.17140978173950758
0.17141325396293536
0.17141672618636325
0.17142019840979109
0.17142367063321895
0.17142714285664684
0.17143061508007468
0.17143408730350254
0.17143755952693035
0.1714410317503582
0.1714445039737861
0.17144797619721394
0.17145144842064183
0.17145492064406964
0.17145839286749748
0.17146186509092531
0.1714653373143532
0.1714688095377811
0.17147228176120893
0.1714757539846368
0.17147922620806458
0.17148269843149247
0.17148617065492036
0.1714896428783482
0.17149311510177606
0.1714965873252039
0.1715000595486318
0.17150353177205965
0.17150700399548746
0.17151047621891533
0.17151394844234316
0.17151742066577105
0.17152089288919894
0.17152436511262675
0.17152783733605464
0.17153130955948243
0.17153478178291032
0.17153825400633815
0.17154172622976605
0.1715451984531939
0.17154867067662175
0.17155214290004964
0.17155561512347742
0.1715590873469053
0.17156255957033317
0.171566031793761
0.1715695040171889
0.17157297624061674
0.17157644846404457
0.17157992068747244
0.17158339291090027
0.17158686513432816
0.171590337357756
0.1715938095811839
0.1715972818046117
0.17160075402803954
0.17160422625146743
0.17160769847489526
0.17161117069832316
0.171614642921751
0.17161811514517886
0.17162158736860675
0.17162505959203453
0.17162853181546242
0.17163200403889026
0.17163547626231812
0.171638948485746
0.17164242070917385
0.1716458929326017
0.17164936515602952
0.17165283737945738
0.17165630960288528
0.1716597818263131
0.171663254049741
0.1716667262731688
0.1716701984965967
0.17167367072002448
0.17167714294345238
0.17168061516688027
0.1716840873903081
0.17168755961373597
0.1716910318371638
0.1716945040605917
0.17169797628401953
0.17170144850744737
0.17170492073087523
0.17170839295430307
0.17171186517773096
0.17171533740115882
0.17171880962458663
0.1717222818480145
0.17172575407144233
0.17172922629487022
0.17173269851829812
0.17173617074172592
0.17173964296515382
0.1717431151885816
0.1717465874120095
0.17175005963543732
0.17175353185886522
0.17175700408229308
0.17176047630572092
0.1717639485291488
0.1717674207525766
0.17177089297600448
0.17177436519943234
0.17177783742286018
0.17178130964628807
0.1717847818697159
0.17178825409314377
0.17179172631657166
0.17179519853999944
0.17179867076342734
0.17180214298685517
0.17180561521028306
0.17180908743371093
0.17181255965713876
0.1718160318805666
0.17181950410399444
0.17182297632742233
0.17182644855085016
0.17182992077427803
0.17183339299770592
0.17183686522113376
0.1718403374445616
0.17184380966798943
0.1718472818914173
0.17185075411484518
0.17185422633827302
0.17185769856170088
0.1718611707851287
0.17186464300855656
0.17186811523198445
0.17187158745541228
