0.3767362419223062
0.37673971414573404
0.37674318636916193
0.3767466585925898
0.37675013081601766
0.3767536030394455
0.37675707526287333
0.3767605474863012
0.37676401970972906
0.3767674919331569
0.37677096415658473
0.3767744363800126
0.3767779086034405
0.37678138082686835
0.3767848530502962
0.376788325273724
0.3767917974971519
0.37679526972057975
0.3767987419440076
0.3768022141674354
0.3768056863908633
0.3768091586142912
0.37681263083771904
0.3768161030611469
0.37681957528457477
0.3768230475080026
0.37682651973143044
0.3768299919548583
0.3768334641782861
0.376836936401714
0.3768404086251419
0.37684388084856973
0.37684735307199757
0.37685082529542546
0.3768542975188533
0.3768577697422812
0.37686124196570897
0.3768647141891368
0.3768681864125647
0.3768716586359926
0.3768751308594204
0.37687860308284826
0.3768820753062761
0.37688554752970405
0.3768890197531319
0.3768924919765597
0.37689596419998755
0.3768994364234154
0.3769029086468433
0.3769063808702711
0.37690985309369895
0.3769133253171268
0.37691679754055474
0.3769202697639826
0.3769237419874104
0.37692721421083825
0.3769306864342661
0.376934158657694
0.3769376308811218
0.37694110310454965
0.37694457532797754
0.3769480475514054
0.37695151977483327
0.3769549919982611
0.37695846422168894
0.37696193644511683
0.37696540866854467
0.3769688808919725
0.37697235311540034
0.37697582533882823
0.37697929756225607
0.37698276978568396
0.3769862420091118
0.37698971423253963
0.3769931864559675
0.3769966586793954
0.37700013090282325
0.37700360312625103
0.37700707534967887
0.3770105475731068
0.37701401979653465
0.3770174920199625
0.3770209642433903
0.3770244364668182
0.3770279086902461
0.37703138091367394
0.3770348531371018
0.3770383253605296
0.3770417975839575
0.37704526980738534
0.3770487420308132
0.377052214254241
0.3770556864776689
0.3770591587010968
0.37706263092452463
0.37706610314795247
0.37706957537138036
0.37707304759480814
0.37707651981823603
0.37707999204166387
0.3770834642650917
0.3770869364885196
0.3770904087119475
0.3770938809353753
0.37709735315880316
0.37710082538223105
0.3771042976056589
0.3771077698290867
0.37711124205251456
0.3771147142759424
0.3771181864993703
0.3771216587227982
0.377125130946226
0.37712860316965385
0.3771320753930817
0.37713554761650964
0.3771390198399375
0.3771424920633653
0.3771459642867931
0.377149436510221
0.3771529087336489
0.3771563809570767
0.37715985318050455
0.3771633254039324
0.37716679762736033
0.37717026985078816
0.377173742074216
0.37717721429764384
0.3771806865210717
0.37718415874449956
0.3771876309679274
0.37719110319135524
0.37719457541478313
0.37719804763821096
0.37720151986163886
0.3772049920850667
0.37720846430849453
0.3772119365319224
0.37721540875535026
0.3772188809787781
0.37722235320220593
0.3772258254256338
0.37722929764906166
0.37723276987248955
0.3772362420959174
0.3772397143193452
0.3772431865427731
0.37724665876620095
0.3772501309896288
0.3772536032130566
0.37725707543648446
0.3772605476599124
0.37726401988334024
0.3772674921067681
0.3772709643301959
0.3772744365536238
0.3772779087770517
0.37728138100047953
0.37728485322390737
0.37728832544733515
0.3772917976707631
0.37729526989419093
0.37729874211761877
0.3773022143410466
0.3773056865644745
0.3773091587879024
0.3773126310113302
0.37731610323475806
0.3773195754581859
0.37732304768161373
0.3773265199050416
0.37732999212846946
0.3773334643518973
0.3773369365753252
0.3773404087987531
0.3773438810221809
0.37734735324560875
0.37735082546903664
0.3773542976924645
0.3773577699158923
0.37736124213932015
0.377364714362748
0.3773681865861759
0.37737165880960377
0.3773751310330316
0.37737860325645944
0.3773820754798873
0.37738554770331517
0.377389019926743
0.37739249215017084
0.3773959643735987
0.37739943659702657
0.37740290882045446
0.3774063810438823
0.37740985326731014
0.37741332549073797
0.3774167977141659
0.37742026993759376
0.3774237421610216
0.3774272143844494
