0.30243066056620155
0.30243413278962944
0.3024376050130573
0.3024410772364851
0.30244454945991295
0.30244802168334084
0.30245149390676873
0.30245496613019657
0.3024584383536244
0.3024619105770523
0.30246538280048013
0.30246885502390797
0.3024723272473358
0.3024757994707637
0.30247927169419153
0.3024827439176194
0.30248621614104726
0.3024896883644751
0.302493160587903
0.3024966328113309
0.30250010503475866
0.3025035772581865
0.30250704948161433
0.3025105217050423
0.3025139939284701
0.30251746615189795
0.3025209383753258
0.3025244105987537
0.3025278828221815
0.3025313550456094
0.30253482726903724
0.3025382994924651
0.3025417717158929
0.3025452439393208
0.30254871616274864
0.3025521883861765
0.30255566060960437
0.30255913283303226
0.3025626050564601
0.30256607727988793
0.30256954950331577
0.30257302172674366
0.3025764939501715
0.30257996617359934
0.30258343839702717
0.302586910620455
0.30259038284388295
0.3025938550673108
0.3025973272907386
0.30260079951416646
0.30260427173759435
0.3026077439610222
0.30261121618445
0.30261468840787786
0.30261816063130575
0.3026216328547336
0.3026251050781615
0.3026285773015893
0.3026320495250172
0.30263552174844505
0.30263899397187294
0.3026424661953007
0.30264593841872856
0.30264941064215645
0.30265288286558434
0.3026563550890122
0.30265982731244
0.30266329953586785
0.3026667717592958
0.30267024398272363
0.30267371620615147
0.3026771884295793
0.30268066065300714
0.30268413287643503
0.30268760509986287
0.3026910773232907
0.30269454954671854
0.30269802177014643
0.3027014939935743
0.30270496621700216
0.30270843844043
0.30271191066385783
0.3027153828872857
0.30271885511071356
0.3027223273341414
0.3027257995575693
0.3027292717809971
0.302732744004425
0.30273621622785285
0.3027396884512807
0.3027431606747086
0.3027466328981364
0.30275010512156425
0.3027535773449921
0.3027570495684199
0.30276052179184787
0.3027639940152757
0.30276746623870354
0.3027709384621314
0.30277441068555927
0.3027778829089871
0.302781355132415
0.3027848273558428
0.3027882995792706
0.3027917718026985
0.3027952440261264
0.30279871624955423
0.30280218847298207
0.30280566069640996
0.30280913291983785
0.3028126051432657
0.3028160773666935
0.30281954959012136
0.30282302181354925
0.3028264940369771
0.3028299662604049
0.30283343848383276
0.3028369107072606
0.30284038293068855
0.3028438551541164
0.3028473273775442
0.30285079960097205
0.3028542718243999
0.3028577440478278
0.3028612162712556
0.30286468849468345
0.30286816071811135
0.3028716329415392
0.3028751051649671
0.3028785773883949
0.3028820496118228
0.30288552183525064
0.3028889940586785
0.3028924662821063
0.30289593850553415
0.30289941072896204
0.30290288295238993
0.30290635517581777
0.3029098273992456
0.30291329962267344
0.3029167718461014
0.3029202440695292
0.30292371629295706
0.30292718851638484
0.3029306607398127
0.3029341329632406
0.30293760518666846
0.3029410774100963
0.30294454963352413
0.302948021856952
0.3029514940803799
0.30295496630380775
0.3029584385272356
0.3029619107506634
0.3029653829740913
0.30296885519751915
0.302972327420947
0.3029757996443749
0.3029792718678027
0.3029827440912306
0.30298621631465844
0.3029896885380863
0.30299316076151417
0.302996632984942
0.30300010520836984
0.3030035774317977
0.3030070496552255
0.30301052187865346
0.3030139941020813
0.30301746632550913
0.30302093854893697
0.30302441077236486
0.3030278829957927
0.30303135521922053
0.30303482744264837
0.3030382996660762
0.3030417718895041
0.303045244112932
0.3030487163363598
0.30305218855978766
0.30305566078321555
0.30305913300664344
0.3030626052300713
0.3030660774534991
0.30306954967692695
0.30307302190035484
0.3030764941237827
0.3030799663472105
0.30308343857063835
0.3030869107940662
0.30309038301749414
0.30309385524092197
0.3030973274643498
0.30310079968777764
0.3031042719112055
0.3031077441346334
0.3031112163580612
0.30311468858148904
0.30311816080491694
0.3031216330283448
