0.7996530554350887
0.7996565276585166
0.7996599998819444
0.7996634721053723
0.7996669443288001
0.7996704165522279
0.7996738887756559
0.7996773609990837
0.7996808332225116
0.7996843054459394
0.7996877776693673
0.799691249892795
0.799694722116223
0.7996981943396508
0.7997016665630786
0.7997051387865065
0.7997086110099344
0.7997120832333623
0.7997155554567901
0.799719027680218
0.7997224999036457
0.7997259721270736
0.7997294443505014
0.7997329165739293
0.7997363887973573
0.7997398610207851
0.799743333244213
0.7997468054676408
0.7997502776910687
0.7997537499144964
0.7997572221379243
0.7997606943613522
0.7997641665847801
0.799767638808208
0.7997711110316358
0.7997745832550637
0.7997780554784915
0.7997815277019193
0.7997849999253471
0.799788472148775
0.7997919443722029
0.7997954165956308
0.7997988888190586
0.7998023610424865
0.7998058332659144
0.7998093054893421
0.79981277771277
0.7998162499361978
0.7998197221596257
0.7998231943830535
0.7998266666064815
0.7998301388299094
0.7998336110533372
0.7998370832767651
0.7998405555001928
0.7998440277236207
0.7998474999470485
0.7998509721704764
0.7998544443939043
0.7998579166173322
0.7998613888407601
0.7998648610641879
0.7998683332876158
0.7998718055110435
0.7998752777344714
0.7998787499578992
0.7998822221813271
0.799885694404755
0.799889166628183
0.7998926388516107
0.7998961110750387
0.7998995832984664
0.7999030555218943
0.7999065277453221
0.79990999996875
0.7999134721921779
0.7999169444156056
0.7999204166390336
0.7999238888624614
0.7999273610858894
0.7999308333093171
0.799934305532745
0.7999377777561728
0.7999412499796007
0.7999447222030285
0.7999481944264564
0.7999516666498843
0.7999551388733122
0.79995861109674
0.7999620833201678
0.7999655555435957
0.7999690277670235
0.7999724999904514
0.7999759722138792
0.7999794444373071
0.7999829166607351
0.7999863888841627
0.7999898611075907
0.7999933333310185
0.7999968055544464
0.8000002777778742
0.8000037500013021
0.80000722222473
0.8000106944481578
0.8000141666715856
0.8000176388950134
0.8000211111184414
0.8000245833418692
0.8000280555652971
0.8000315277887249
0.8000350000121528
0.8000384722355806
0.8000419444590086
0.8000454166824363
0.8000488889058642
0.8000523611292921
0.8000558333527199
0.8000593055761478
0.8000627777995756
0.8000662500230035
0.8000697222464312
0.8000731944698593
0.800076666693287
0.8000801389167149
0.8000836111401428
0.8000870833635706
0.8000905555869985
0.8000940278104263
0.8000975000338542
0.800100972257282
0.8001044444807098
0.8001079167041377
0.8001113889275656
0.8001148611509935
0.8001183333744213
0.8001218055978492
0.800125277821277
0.8001287500447049
0.8001322222681326
0.8001356944915605
0.8001391667149884
0.8001426389384164
0.8001461111618442
0.800149583385272
0.8001530556086999
0.8001565278321277
0.8001600000555555
0.8001634722789833
0.8001669445024113
0.8001704167258391
0.8001738889492671
0.8001773611726949
0.8001808333961228
0.8001843056195506
0.8001877778429785
0.8001912500664062
0.8001947222898341
0.800198194513262
0.8002016667366898
0.8002051389601177
0.8002086111835456
0.8002120834069735
0.8002155556304013
0.8002190278538291
0.8002225000772569
0.8002259723006848
0.8002294445241126
0.8002329167475405
0.8002363889709685
0.8002398611943963
0.8002433334178242
0.800246805641252
0.8002502778646798
0.8002537500881076
0.8002572223115355
0.8002606945349634
0.8002641667583912
0.8002676389818192
0.8002711112052469
0.8002745834286749
0.8002780556521026
0.8002815278755305
0.8002850000989583
0.8002884723223862
0.8002919445458141
0.800295416769242
0.8002988889926698
0.8003023612160977
0.8003058334395255
0.8003093056629533
0.8003127778863812
0.800316250109809
0.8003197223332369
0.8003231945566647
0.8003266667800927
0.8003301390035206
0.8003336112269483
0.8003370834503762
0.800340555673804
0.8003440278972319
