0.589236315707054
0.5892397879304819
0.5892432601539098
0.5892467323773376
0.5892502046007655
0.5892536768241933
0.5892571490476212
0.5892606212710491
0.589264093494477
0.5892675657179047
0.5892710379413326
0.5892745101647605
0.5892779823881883
0.5892814546116162
0.589284926835044
0.5892883990584719
0.5892918712818997
0.5892953435053276
0.5892988157287554
0.5893022879521833
0.5893057601756112
0.589309232399039
0.5893127046224669
0.5893161768458947
0.5893196490693225
0.5893231212927504
0.5893265935161783
0.5893300657396061
0.589333537963034
0.5893370101864619
0.5893404824098898
0.5893439546333176
0.5893474268567453
0.5893508990801732
0.5893543713036011
0.589357843527029
0.5893613157504568
0.5893647879738848
0.5893682601973126
0.5893717324207405
0.5893752046441683
0.5893786768675962
0.5893821490910239
0.5893856213144518
0.5893890935378797
0.5893925657613075
0.5893960379847354
0.5893995102081633
0.5894029824315912
0.589406454655019
0.5894099268784468
0.5894133991018746
0.5894168713253025
0.5894203435487304
0.5894238157721582
0.5894272879955861
0.589430760219014
0.5894342324424419
0.5894377046658696
0.5894411768892975
0.5894446491127253
0.5894481213361532
0.5894515935595811
0.5894550657830089
0.5894585380064368
0.5894620102298647
0.5894654824532926
0.5894689546767203
0.5894724269001482
0.589475899123576
0.589479371347004
0.5894828435704318
0.5894863157938597
0.5894897880172875
0.5894932602407154
0.5894967324641432
0.589500204687571
0.5895036769109989
0.5895071491344267
0.5895106213578547
0.5895140935812825
0.5895175658047104
0.5895210380281382
0.589524510251566
0.5895279824749939
0.5895314546984217
0.5895349269218496
0.5895383991452774
0.5895418713687054
0.5895453435921332
0.5895488158155611
0.5895522880389888
0.5895557602624167
0.5895592324858446
0.5895627047092724
0.5895661769327003
0.5895696491561281
0.5895731213795561
0.5895765936029839
0.5895800658264118
0.5895835380498395
0.5895870102732674
0.5895904824966953
0.5895939547201231
0.589597426943551
0.5896008991669788
0.5896043713904068
0.5896078436138346
0.5896113158372625
0.5896147880606902
0.5896182602841182
0.589621732507546
0.5896252047309739
0.5896286769544017
0.5896321491778295
0.5896356214012575
0.5896390936246853
0.5896425658481131
0.5896460380715409
0.5896495102949689
0.5896529825183967
0.5896564547418246
0.5896599269652524
0.5896633991886803
0.5896668714121082
0.5896703436355359
0.5896738158589638
0.5896772880823916
0.5896807603058196
0.5896842325292474
0.5896877047526753
0.5896911769761031
0.589694649199531
0.5896981214229589
0.5897015936463866
0.5897050658698145
0.5897085380932423
0.5897120103166703
0.5897154825400981
0.589718954763526
0.5897224269869538
0.5897258992103817
0.5897293714338095
0.5897328436572373
0.5897363158806652
0.589739788104093
0.589743260327521
0.5897467325509488
0.5897502047743767
0.5897536769978045
0.5897571492212323
0.5897606214446602
0.5897640936680881
0.5897675658915159
0.5897710381149438
0.5897745103383717
0.5897779825617995
0.5897814547852274
0.5897849270086551
0.589788399232083
0.5897918714555109
0.5897953436789388
0.5897988159023666
0.5898022881257945
0.5898057603492224
0.5898092325726502
0.5898127047960781
0.5898161770195058
0.5898196492429337
0.5898231214663616
0.5898265936897895
0.5898300659132173
0.5898335381366452
0.5898370103600731
0.5898404825835009
0.5898439548069287
0.5898474270303565
0.5898508992537844
0.5898543714772123
0.5898578437006402
0.589861315924068
0.5898647881474959
0.5898682603709238
0.5898717325943515
0.5898752048177794
0.5898786770412072
0.5898821492646351
0.589885621488063
0.5898890937114909
0.5898925659349187
0.5898960381583466
0.5898995103817745
0.5899029826052024
0.5899064548286301
0.589909927052058
0.5899133992754858
0.5899168714989137
0.5899203437223416
0.5899238159457694
0.5899272881691973
