0.46562516167540335
0.4656286338988312
0.465632106122259
0.465635578345687
0.46563905056911475
0.4656425227925426
0.4656459950159704
0.4656494672393984
0.4656529394628262
0.46565641168625405
0.4656598839096819
0.4656633561331097
0.46566682835653767
0.4656703005799655
0.46567377280339334
0.4656772450268212
0.46568071725024907
0.4656841894736769
0.46568766169710474
0.4656911339205326
0.4656946061439604
0.46569807836738836
0.4657015505908162
0.46570502281424403
0.46570849503767187
0.46571196726109976
0.4657154394845276
0.46571891170795543
0.46572238393138327
0.4657258561548111
0.46572932837823905
0.4657328006016669
0.4657362728250947
0.46573974504852256
0.46574321727195045
0.4657466894953783
0.4657501617188061
0.46575363394223396
0.4657571061656618
0.46576057838908974
0.4657640506125176
0.4657675228359454
0.46577099505937325
0.4657744672828012
0.46577793950622903
0.4657814117296568
0.46578488395308465
0.4657883561765125
0.46579182839994043
0.46579530062336827
0.4657987728467961
0.46580224507022394
0.4658057172936519
0.4658091895170797
0.46581266174050756
0.4658161339639354
0.46581960618736323
0.4658230784107911
0.46582655063421896
0.4658300228576468
0.46583349508107463
0.4658369673045026
0.4658404395279304
0.46584391175135825
0.4658473839747861
0.4658508561982139
0.4658543284216418
0.46585780064506965
0.4658612728684975
0.4658647450919253
0.4658682173153533
0.4658716895387811
0.46587516176220894
0.4658786339856368
0.4658821062090646
0.4658855784324925
0.46588905065592034
0.4658925228793482
0.465895995102776
0.46589946732620396
0.4659029395496318
0.46590641177305964
0.4659098839964875
0.4659133562199153
0.46591682844334326
0.4659203006667711
0.4659237728901989
0.4659272451136267
0.46593071733705466
0.4659341895604825
0.46593766178391033
0.46594113400733816
0.465944606230766
0.46594807845419395
0.4659515506776218
0.4659550229010496
0.46595849512447746
0.46596196734790535
0.4659654395713332
0.465968911794761
0.46597238401818886
0.4659758562416167
0.46597932846504464
0.4659828006884725
0.4659862729119003
0.46598974513532815
0.46599321735875604
0.4659966895821839
0.4660001618056117
0.46600363402903955
0.4660071062524674
0.46601057847589533
0.46601405069932317
0.466017522922751
0.46602099514617884
0.46602446736960673
0.46602793959303457
0.4660314118164624
0.46603488403989024
0.4660383562633181
0.466041828486746
0.46604530071017386
0.4660487729336017
0.46605224515702953
0.4660557173804575
0.4660591896038853
0.46606266182731315
0.46606613405074093
0.46606960627416877
0.4660730784975967
0.46607655072102455
0.4660800229444524
0.4660834951678802
0.46608696739130817
0.466090439614736
0.46609391183816384
0.4660973840615917
0.4661008562850195
0.4661043285084474
0.46610780073187524
0.4661112729553031
0.4661147451787309
0.46611821740215886
0.4661216896255867
0.46612516184901454
0.46612863407244237
0.4661321062958702
0.4661355785192981
0.46613905074272594
0.46614252296615377
0.4661459951895816
0.46614946741300956
0.4661529396364374
0.4661564118598652
0.46615988408329306
0.4661633563067209
0.4661668285301488
0.4661703007535766
0.46617377297700446
0.4661772452004323
0.46618071742386025
0.4661841896472881
0.4661876618707159
0.46619113409414376
0.4661946063175716
0.46619807854099954
0.4662015507644274
0.4662050229878552
0.466208495211283
0.46621196743471094
0.4662154396581388
0.4662189118815666
0.46622238410499445
0.4662258563284223
0.46622932855185023
0.46623280077527807
0.4662362729987059
0.46623974522213374
0.46624321744556163
0.46624668966898947
0.4662501618924173
0.46625363411584514
0.466257106339273
0.4662605785627009
0.46626405078612876
0.4662675230095566
0.46627099523298443
0.4662744674564123
0.46627793967984016
0.466281411903268
0.46628488412669583
0.46628835635012367
0.4662918285735516
0.46629530079697945
0.4662987730204073
0.4663022452438351
0.466305717467263
0.46630918969069085
0.4663126619141187
0.4663161341375465
