0.9697920034000013
0.9697954756234289
0.9697989478468569
0.9698024200702846
0.9698058922937126
0.9698093645171405
0.9698128367405683
0.9698163089639963
0.969819781187424
0.969823253410852
0.9698267256342796
0.9698301978577076
0.9698336700811355
0.9698371423045633
0.9698406145279912
0.969844086751419
0.969847558974847
0.9698510311982746
0.9698545034217027
0.9698579756451303
0.9698614478685583
0.9698649200919862
0.969868392315414
0.9698718645388419
0.9698753367622697
0.9698788089856976
0.9698822812091253
0.9698857534325533
0.969889225655981
0.969892697879409
0.9698961701028367
0.9698996423262647
0.9699031145496926
0.9699065867731204
0.9699100589965484
0.969913531219976
0.969917003443404
0.9699204756668317
0.9699239478902597
0.9699274201136874
0.9699308923371154
0.9699343645605433
0.969937836783971
0.969941309007399
0.9699447812308267
0.9699482534542547
0.9699517256776824
0.9699551979011104
0.9699586701245383
0.9699621423479661
0.969965614571394
0.9699690867948217
0.9699725590182496
0.9699760312416774
0.9699795034651054
0.9699829756885331
0.9699864479119611
0.969989920135389
0.9699933923588168
0.9699968645822447
0.9700003368056724
0.9700038090291003
0.9700072812525281
0.9700107534759562
0.9700142256993838
0.9700176979228119
0.9700211701462395
0.9700246423696675
0.9700281145930953
0.9700315868165231
0.9700350590399512
0.9700385312633788
0.9700420034868069
0.9700454757102345
0.9700489479336626
0.9700524201570904
0.9700558923805183
0.970059364603946
0.9700628368273739
0.9700663090508017
0.9700697812742295
0.9700732534976576
0.9700767257210852
0.9700801979445133
0.9700836701679411
0.970087142391369
0.9700906146147967
0.9700940868382246
0.9700975590616524
0.9701010312850803
0.9701045035085083
0.970107975731936
0.970111447955364
0.9701149201787916
0.9701183924022196
0.9701218646256474
0.9701253368490753
0.9701288090725033
0.970132281295931
0.970135753519359
0.9701392257427867
0.9701426979662147
0.9701461701896424
0.9701496424130703
0.9701531146364981
0.970156586859926
0.9701600590833538
0.9701635313067817
0.9701670035302097
0.9701704757536374
0.9701739479770654
0.9701774202004931
0.970180892423921
0.9701843646473488
0.9701878368707767
0.9701913090942045
0.9701947813176324
0.9701982535410604
0.970201725764488
0.970205197987916
0.9702086702113437
0.9702121424347717
0.9702156146581995
0.9702190868816274
0.9702225591050554
0.9702260313284831
0.9702295035519111
0.9702329757753387
0.9702364479987667
0.9702399202221945
0.9702433924456224
0.9702468646690502
0.9702503368924781
0.9702538091159059
0.9702572813393338
0.9702607535627618
0.9702642257861894
0.9702676980096174
0.9702711702330452
0.9702746424564731
0.9702781146799009
0.9702815869033288
0.9702850591267566
0.9702885313501844
0.9702920035736124
0.9702954757970401
0.9702989480204681
0.9703024202438958
0.9703058924673238
0.9703093646907516
0.9703128369141795
0.9703163091376075
0.9703197813610351
0.9703232535844631
0.9703267258078908
0.9703301980313188
0.9703336702547467
0.9703371424781745
0.9703406147016024
0.9703440869250302
0.9703475591484582
0.9703510313718858
0.9703545035953138
0.9703579758187415
0.9703614480421695
0.9703649202655974
0.9703683924890252
0.9703718647124531
0.9703753369358809
0.9703788091593087
0.9703822813827365
0.9703857536061645
0.9703892258295922
0.9703926980530202
0.9703961702764479
0.9703996424998759
0.9704031147233038
0.9704065869467315
0.9704100591701595
0.9704135313935872
0.9704170036170152
0.9704204758404429
0.9704239480638709
0.9704274202872986
0.9704308925107266
0.9704343647341545
0.9704378369575822
0.9704413091810102
0.9704447814044379
0.9704482536278659
0.9704517258512936
0.9704551980747216
0.9704586702981495
0.9704621425215773
0.9704656147450051
0.9704690869684329
0.9704725591918608
0.9704760314152886
0.9704795036387166
0.9704829758621443
