0.6579863395785901
0.657989811802018
0.6579932840254459
0.6579967562488737
0.6580002284723016
0.6580037006957293
0.6580071729191573
0.6580106451425851
0.658014117366013
0.6580175895894408
0.6580210618128687
0.6580245340362966
0.6580280062597244
0.6580314784831522
0.65803495070658
0.6580384229300079
0.6580418951534358
0.6580453673768637
0.6580488396002915
0.6580523118237195
0.6580557840471473
0.6580592562705752
0.6580627284940029
0.6580662007174307
0.6580696729408586
0.6580731451642865
0.6580766173877144
0.6580800896111422
0.6580835618345702
0.658087034057998
0.6580905062814258
0.6580939785048536
0.6580974507282815
0.6581009229517093
0.6581043951751372
0.6581078673985651
0.6581113396219929
0.6581148118454208
0.6581182840688486
0.6581217562922765
0.6581252285157043
0.6581287007391322
0.65813217296256
0.6581356451859879
0.6581391174094158
0.6581425896328436
0.6581460618562716
0.6581495340796993
0.6581530063031272
0.658156478526555
0.6581599507499829
0.6581634229734107
0.6581668951968386
0.6581703674202665
0.6581738396436942
0.6581773118671221
0.65818078409055
0.6581842563139779
0.6581877285374057
0.6581912007608336
0.6581946729842614
0.6581981452076894
0.6582016174311172
0.658205089654545
0.6582085618779729
0.6582120341014007
0.6582155063248286
0.6582189785482564
0.6582224507716843
0.6582259229951121
0.6582293952185401
0.6582328674419679
0.6582363396653957
0.6582398118888236
0.6582432841122514
0.6582467563356793
0.6582502285591071
0.658253700782535
0.6582571730059629
0.6582606452293908
0.6582641174528185
0.6582675896762464
0.6582710618996742
0.6582745341231021
0.65827800634653
0.6582814785699578
0.6582849507933857
0.6582884230168135
0.6582918952402415
0.6582953674636692
0.6582988396870971
0.658302311910525
0.6583057841339528
0.6583092563573807
0.6583127285808085
0.6583162008042364
0.6583196730276641
0.6583231452510921
0.6583266174745199
0.6583300896979478
0.6583335619213757
0.6583370341448036
0.6583405063682314
0.6583439785916593
0.658347450815087
0.6583509230385148
0.6583543952619428
0.6583578674853706
0.6583613397087985
0.6583648119322263
0.6583682841556543
0.6583717563790821
0.65837522860251
0.6583787008259377
0.6583821730493656
0.6583856452727935
0.6583891174962213
0.6583925897196492
0.6583960619430771
0.658399534166505
0.6584030063899328
0.6584064786133607
0.6584099508367884
0.6584134230602163
0.6584168952836442
0.658420367507072
0.6584238397304999
0.6584273119539277
0.6584307841773557
0.6584342564007835
0.6584377286242113
0.6584412008476391
0.658444673071067
0.6584481452944948
0.6584516175179227
0.6584550897413506
0.6584585619647785
0.6584620341882064
0.6584655064116341
0.658468978635062
0.6584724508584898
0.6584759230819177
0.6584793953053456
0.6584828675287735
0.6584863397522013
0.6584898119756292
0.6584932841990571
0.6584967564224848
0.6585002286459127
0.6585037008693405
0.6585071730927685
0.6585106453161963
0.6585141175396242
0.658517589763052
0.6585210619864799
0.6585245342099078
0.6585280064333355
0.6585314786567634
0.6585349508801912
0.6585384231036191
0.658541895327047
0.6585453675504749
0.6585488397739027
0.6585523119973306
0.6585557842207584
0.6585592564441862
0.6585627286676141
0.6585662008910419
0.6585696731144698
0.6585731453378977
0.6585766175613256
0.6585800897847534
0.6585835620081814
0.6585870342316091
0.6585905064550369
0.6585939786784648
0.6585974509018926
0.6586009231253205
0.6586043953487484
0.6586078675721763
0.658611339795604
0.6586148120190319
0.6586182842424598
0.6586217564658877
0.6586252286893155
0.6586287009127434
0.6586321731361712
0.6586356453595991
0.658639117583027
0.6586425898064547
0.6586460620298827
0.6586495342533105
0.6586530064767384
0.6586564787001662
0.6586599509235941
0.6586634231470219
0.6586668953704498
0.6586703675938776
0.6586738398173054
0.6586773120407333
