0.8489586281106348
0.8489621003340626
0.8489655725574905
0.8489690447809183
0.8489725170043462
0.848975989227774
0.8489794614512018
0.8489829336746296
0.8489864058980576
0.8489898781214855
0.8489933503449133
0.8489968225683412
0.849000294791769
0.8490037670151969
0.8490072392386246
0.8490107114620525
0.8490141836854803
0.8490176559089083
0.8490211281323362
0.849024600355764
0.8490280725791919
0.8490315448026197
0.8490350170260476
0.8490384892494753
0.8490419614729035
0.849045433696331
0.849048905919759
0.8490523781431869
0.8490558503666147
0.8490593225900426
0.8490627948134704
0.8490662670368982
0.849069739260326
0.8490732114837541
0.8490766837071817
0.8490801559306098
0.8490836281540376
0.8490871003774655
0.8490905726008933
0.849094044824321
0.8490975170477489
0.8491009892711767
0.8491044614946046
0.8491079337180324
0.8491114059414605
0.8491148781648883
0.8491183503883162
0.849121822611744
0.8491252948351719
0.8491287670585996
0.8491322392820275
0.8491357115054555
0.8491391837288831
0.8491426559523112
0.849146128175739
0.8491496003991669
0.8491530726225947
0.8491565448460225
0.8491600170694503
0.8491634892928782
0.8491669615163062
0.849170433739734
0.8491739059631619
0.8491773781865897
0.8491808504100176
0.8491843226334453
0.8491877948568732
0.849191267080301
0.8491947393037289
0.8491982115271567
0.8492016837505846
0.8492051559740126
0.8492086281974404
0.8492121004208683
0.849215572644296
0.8492190448677239
0.8492225170911517
0.8492259893145796
0.8492294615380076
0.8492329337614353
0.8492364059848633
0.8492398782082909
0.849243350431719
0.8492468226551467
0.8492502948785746
0.8492537671020024
0.8492572393254303
0.8492607115488583
0.8492641837722861
0.849267655995714
0.8492711282191417
0.8492746004425696
0.8492780726659974
0.8492815448894253
0.8492850171128531
0.849288489336281
0.8492919615597088
0.8492954337831367
0.8492989060065647
0.8493023782299924
0.8493058504534203
0.8493093226768481
0.849312794900276
0.8493162671237038
0.8493197393471317
0.8493232115705597
0.8493266837939873
0.8493301560174153
0.8493336282408431
0.849337100464271
0.8493405726876988
0.8493440449111267
0.8493475171345545
0.8493509893579824
0.8493544615814104
0.8493579338048383
0.849361406028266
0.8493648782516939
0.8493683504751217
0.8493718226985496
0.8493752949219774
0.8493787671454052
0.8493822393688331
0.8493857115922608
0.8493891838156887
0.8493926560391167
0.8493961282625446
0.8493996004859724
0.8494030727094003
0.8494065449328281
0.849410017156256
0.8494134893796838
0.8494169616031118
0.8494204338265394
0.8494239060499674
0.8494273782733953
0.8494308504968231
0.849434322720251
0.8494377949436788
0.8494412671671067
0.8494447393905344
0.8494482116139624
0.8494516838373901
0.8494551560608181
0.849458628284246
0.8494621005076738
0.8494655727311017
0.8494690449545295
0.8494725171779574
0.8494759894013851
0.849479461624813
0.8494829338482408
0.8494864060716688
0.8494898782950967
0.8494933505185245
0.8494968227419524
0.8495002949653802
0.849503767188808
0.8495072394122358
0.8495107116356637
0.8495141838590915
0.8495176560825195
0.8495211283059474
0.8495246005293752
0.8495280727528031
0.8495315449762308
0.8495350171996587
0.8495384894230865
0.8495419616465145
0.8495454338699422
0.8495489060933702
0.8495523783167981
0.8495558505402259
0.8495593227636538
0.8495627949870815
0.8495662672105094
0.8495697394339372
0.8495732116573652
0.8495766838807931
0.8495801561042209
0.8495836283276488
0.8495871005510766
0.8495905727745044
0.8495940449979322
0.8495975172213601
0.8496009894447879
0.8496044616682158
0.8496079338916436
0.8496114061150717
0.8496148783384995
0.8496183505619272
0.8496218227853551
0.8496252950087829
0.8496287672322108
0.8496322394556386
0.8496357116790667
0.8496391839024943
0.8496426561259224
0.8496461283493499
0.849649600572778
