0.21631951955538872
0.21632299177881656
0.21632646400224445
0.21632993622567223
0.21633340844910012
0.21633688067252801
0.21634035289595582
0.21634382511938371
0.21634729734281155
0.21635076956623944
0.2163542417896673
0.21635771401309511
0.21636118623652298
0.21636465845995081
0.2163681306833787
0.21637160290680654
0.2163750751302344
0.2163785473536623
0.21638201957709008
0.21638549180051797
0.2163889640239458
0.21639243624737367
0.21639590847080156
0.2163993806942294
0.2164028529176573
0.21640632514108507
0.21640979736451296
0.21641326958794083
0.21641674181136866
0.21642021403479655
0.2164236862582244
0.21642715848165223
0.21643063070508006
0.21643410292850793
0.21643757515193582
0.21644104737536365
0.21644451959879152
0.21644799182221935
0.2164514640456472
0.21645493626907508
0.21645840849250292
0.21646188071593078
0.21646535293935862
0.2164688251627865
0.2164722973862144
0.21647576960964218
0.21647924183307007
0.21648271405649788
0.21648618627992577
0.21648965850335367
0.2164931307267815
0.21649660295020937
0.21650007517363717
0.21650354739706504
0.21650701962049287
0.21651049184392077
0.21651396406734863
0.21651743629077647
0.21652090851420436
0.21652438073763214
0.21652785296106003
0.2165313251844879
0.21653479740791573
0.21653826963134362
0.21654174185477146
0.21654521407819935
0.21654868630162719
0.216552158525055
0.21655563074848289
0.21655910297191072
0.2165625751953386
0.21656604741876648
0.21656951964219429
0.21657299186562215
0.21657646408904999
0.21657993631247788
0.2165834085359057
0.21658688075933358
0.21659035298276147
0.21659382520618925
0.21659729742961714
0.21660076965304498
0.21660424187647284
0.21660771409990073
0.21661118632332857
0.21661465854675646
0.21661813077018424
0.21662160299361213
0.21662507521704
0.21662854744046783
0.21663201966389573
0.21663549188732356
0.21663896411075143
0.21664243633417923
0.2166459085576071
0.216649380781035
0.21665285300446283
0.2166563252278907
0.21665979745131853
0.21666326967474642
0.21666674189817425
0.2166702141216021
0.21667368634502995
0.2166771585684578
0.21668063079188568
0.21668410301531357
0.2166875752387414
0.21669104746216925
0.21669451968559705
0.21669799190902495
0.21670146413245284
0.21670493635588067
0.21670840857930854
0.21671188080273635
0.2167153530261642
0.21671882524959205
0.21672229747301994
0.2167257696964478
0.21672924191987564
0.21673271414330353
0.2167361863667313
0.2167396585901592
0.21674313081358706
0.2167466030370149
0.2167500752604428
0.21675354748387063
0.21675701970729852
0.21676049193072638
0.2167639641541542
0.21676743637758206
0.2167709086010099
0.21677438082443778
0.21677785304786565
0.21678132527129348
0.21678479749472138
0.21678826971814916
0.21679174194157705
0.21679521416500488
0.21679868638843275
0.21680215861186064
0.21680563083528848
0.2168091030587163
0.21681257528214415
0.216816047505572
0.2168195197289999
0.21682299195242774
0.21682646417585563
0.2168299363992834
0.2168334086227113
0.21683688084613917
0.216840353069567
0.2168438252929949
0.21684729751642273
0.2168507697398506
0.2168542419632784
0.21685771418670627
0.21686118641013416
0.216864658633562
0.21686813085698986
0.2168716030804177
0.2168750753038456
0.21687854752727348
0.21688201975070126
0.21688549197412912
0.21688896419755696
0.21689243642098485
0.21689590864441274
0.21689938086784058
0.21690285309126844
0.21690632531469625
0.21690979753812412
0.216913269761552
0.21691674198497984
0.2169202142084077
0.21692368643183554
0.21692715865526344
0.21693063087869122
0.2169341031021191
0.21693757532554697
0.2169410475489748
0.2169445197724027
0.21694799199583054
0.21695146421925837
0.21695493644268626
0.21695840866611407
0.21696188088954196
0.2169653531129698
0.2169688253363977
0.21697229755982556
0.21697576978325336
0.21697924200668123
0.21698271423010906
0.21698618645353696
0.21698965867696482
0.21699313090039266
0.21699660312382055
0.21700007534724833
0.21700354757067622
0.21700701979410406
0.21701049201753192
