0.29340287965377765
0.2934063518772055
0.2934098241006333
0.2934132963240612
0.29341676854748905
0.29342024077091694
0.2934237129943448
0.2934271852177726
0.2934306574412005
0.2934341296646284
0.29343760188805623
0.293441074111484
0.29344454633491185
0.2934480185583398
0.29345149078176763
0.29345496300519547
0.2934584352286233
0.29346190745205114
0.29346537967547903
0.2934688518989069
0.29347232412233476
0.2934757963457626
0.29347926856919043
0.2934827407926183
0.29348621301604616
0.293489685239474
0.2934931574629019
0.2934966296863298
0.2935001019097576
0.29350357413318545
0.29350704635661334
0.2935105185800412
0.293513990803469
0.29351746302689685
0.2935209352503247
0.2935244074737526
0.29352787969718047
0.2935313519206083
0.29353482414403614
0.293538296367464
0.29354176859089187
0.2935452408143197
0.29354871303774754
0.2935521852611754
0.29355565748460327
0.2935591297080311
0.293562601931459
0.29356607415488684
0.2935695463783147
0.29357301860174256
0.29357649082517046
0.2935799630485983
0.29358343527202607
0.29358690749545396
0.29359037971888186
0.2935938519423097
0.2935973241657375
0.29360079638916536
0.2936042686125933
0.29360774083602115
0.293611213059449
0.2936146852828768
0.29361815750630466
0.29362162972973255
0.2936251019531604
0.2936285741765882
0.29363204640001606
0.29363551862344395
0.29363899084687184
0.2936424630702997
0.2936459352937275
0.2936494075171554
0.2936528797405832
0.2936563519640111
0.2936598241874389
0.2936632964108668
0.29366676863429464
0.29367024085772253
0.29367371308115037
0.2936771853045782
0.2936806575280061
0.29368412975143393
0.29368760197486177
0.2936910741982896
0.29369454642171744
0.2936980186451454
0.2937014908685732
0.29370496309200106
0.2937084353154289
0.29371190753885673
0.2937153797622846
0.2937188519857125
0.29372232420914035
0.29372579643256813
0.293729268655996
0.2937327408794239
0.29373621310285175
0.2937396853262796
0.2937431575497075
0.29374662977313537
0.2937501019965632
0.29375357421999104
0.2937570464434189
0.2937605186668467
0.2937639908902746
0.29376746311370244
0.2937709353371303
0.29377440756055817
0.29377787978398606
0.2937813520074139
0.29378482423084173
0.29378829645426957
0.29379176867769746
0.2937952409011253
0.29379871312455313
0.29380218534798097
0.29380565757140886
0.2938091297948367
0.2938126020182646
0.2938160742416924
0.2938195464651203
0.29382301868854815
0.293826490911976
0.2938299631354038
0.29383343535883166
0.29383690758225955
0.29384037980568745
0.2938438520291153
0.2938473242525431
0.29385079647597095
0.2938542686993989
0.29385774092282674
0.2938612131462546
0.2938646853696824
0.2938681575931102
0.29387162981653814
0.293875102039966
0.2938785742633938
0.29388204648682165
0.29388551871024954
0.29388899093367743
0.29389246315710527
0.2938959353805331
0.29389940760396094
0.2939028798273888
0.29390635205081667
0.2939098242742445
0.2939132964976724
0.29391676872110023
0.2939202409445281
0.29392371316795596
0.2939271853913838
0.2939306576148117
0.2939341298382395
0.29393760206166736
0.2939410742850952
0.29394454650852303
0.293948018731951
0.2939514909553788
0.29395496317880665
0.2939584354022345
0.2939619076256623
0.2939653798490902
0.29396885207251805
0.2939723242959459
0.2939757965193737
0.2939792687428016
0.2939827409662295
0.29398621318965734
0.2939896854130852
0.29399315763651307
0.29399662985994096
0.2940001020833688
0.29400357430679663
0.29400704653022447
0.29401051875365236
0.2940139909770802
0.29401746320050803
0.29402093542393587
0.2940244076473637
0.29402787987079165
0.2940313520942195
0.2940348243176473
0.29403829654107516
0.294041768764503
0.2940452409879309
0.2940487132113587
0.29405218543478656
0.29405565765821445
0.2940591298816423
0.2940626021050702
0.294066074328498
0.2940695465519259
0.29407301877535375
0.2940764909987816
0.2940799632222094
0.29408343544563725
0.29408690766906515
0.29409037989249304
0.2940938521159209
