0.5288196280623708
0.5288231002857987
0.5288265725092266
0.5288300447326544
0.5288335169560823
0.5288369891795102
0.528840461402938
0.5288439336263658
0.5288474058497936
0.5288508780732215
0.5288543502966494
0.5288578225200773
0.5288612947435051
0.528864766966933
0.5288682391903609
0.5288717114137887
0.5288751836372165
0.5288786558606444
0.5288821280840722
0.5288856003075001
0.528889072530928
0.5288925447543558
0.5288960169777837
0.5288994892012115
0.5289029614246394
0.5289064336480672
0.5289099058714951
0.5289133780949229
0.5289168503183508
0.5289203225417787
0.5289237947652065
0.5289272669886343
0.5289307392120622
0.5289342114354901
0.5289376836589179
0.5289411558823458
0.5289446281057736
0.5289481003292015
0.5289515725526294
0.5289550447760571
0.528958516999485
0.5289619892229129
0.5289654614463408
0.5289689336697686
0.5289724058931965
0.5289758781166243
0.5289793503400522
0.5289828225634801
0.5289862947869078
0.5289897670103357
0.5289932392337636
0.5289967114571915
0.5290001836806193
0.5290036559040472
0.529007128127475
0.529010600350903
0.5290140725743308
0.5290175447977586
0.5290210170211864
0.5290244892446143
0.5290279614680422
0.52903143369147
0.5290349059148979
0.5290383781383257
0.5290418503617537
0.5290453225851814
0.5290487948086093
0.5290522670320371
0.529055739255465
0.5290592114788929
0.5290626837023207
0.5290661559257486
0.5290696281491764
0.5290731003726044
0.5290765725960321
0.52908004481946
0.5290835170428878
0.5290869892663157
0.5290904614897436
0.5290939337131714
0.5290974059365993
0.529100878160027
0.529104350383455
0.5291078226068828
0.5291112948303107
0.5291147670537385
0.5291182392771664
0.5291217115005943
0.5291251837240221
0.52912865594745
0.5291321281708777
0.5291356003943057
0.5291390726177335
0.5291425448411614
0.5291460170645892
0.5291494892880172
0.529152961511445
0.5291564337348729
0.5291599059583006
0.5291633781817284
0.5291668504051564
0.5291703226285842
0.5291737948520121
0.5291772670754399
0.5291807392988679
0.5291842115222957
0.5291876837457236
0.5291911559691513
0.5291946281925792
0.5291981004160071
0.5292015726394349
0.5292050448628628
0.5292085170862906
0.5292119893097186
0.5292154615331464
0.5292189337565743
0.529222405980002
0.5292258782034299
0.5292293504268578
0.5292328226502856
0.5292362948737135
0.5292397670971413
0.5292432393205693
0.529246711543997
0.5292501837674249
0.5292536559908527
0.5292571282142806
0.5292606004377085
0.5292640726611363
0.5292675448845642
0.529271017107992
0.52927448933142
0.5292779615548477
0.5292814337782756
0.5292849060017034
0.5292883782251313
0.5292918504485592
0.5292953226719871
0.5292987948954149
0.5293022671188428
0.5293057393422707
0.5293092115656984
0.5293126837891263
0.5293161560125541
0.529319628235982
0.5293231004594099
0.5293265726828378
0.5293300449062656
0.5293335171296935
0.5293369893531213
0.5293404615765491
0.529343933799977
0.5293474060234048
0.5293508782468327
0.5293543504702606
0.5293578226936885
0.5293612949171163
0.5293647671405441
0.529368239363972
0.5293717115873998
0.5293751838108277
0.5293786560342555
0.5293821282576834
0.5293856004811113
0.5293890727045392
0.529392544927967
0.5293960171513948
0.5293994893748227
0.5294029615982505
0.5294064338216784
0.5294099060451062
0.5294133782685341
0.529416850491962
0.5294203227153899
0.5294237949388176
0.5294272671622455
0.5294307393856734
0.5294342116091013
0.5294376838325291
0.529441156055957
0.5294446282793848
0.5294481005028127
0.5294515727262405
0.5294550449496683
0.5294585171730962
0.5294619893965241
0.529465461619952
0.5294689338433798
0.5294724060668077
0.5294758782902355
0.5294793505136633
0.5294828227370912
0.529486294960519
0.5294897671839469
0.5294932394073748
0.5294967116308027
0.5295001838542305
0.5295036560776584
0.5295071283010861
0.529510600524514
