0.6531252267795926
0.6531286990030205
0.6531321712264483
0.6531356434498761
0.6531391156733041
0.6531425878967319
0.6531460601201599
0.6531495323435876
0.6531530045670155
0.6531564767904433
0.6531599490138712
0.653163421237299
0.6531668934607269
0.6531703656841548
0.6531738379075825
0.6531773101310105
0.6531807823544383
0.6531842545778662
0.653187726801294
0.6531911990247219
0.6531946712481497
0.6531981434715776
0.6532016156950055
0.6532050879184332
0.6532085601418611
0.653212032365289
0.6532155045887169
0.6532189768121447
0.6532224490355726
0.6532259212590004
0.6532293934824283
0.6532328657058561
0.6532363379292839
0.6532398101527119
0.6532432823761397
0.6532467545995676
0.6532502268229954
0.6532536990464233
0.6532571712698511
0.6532606434932791
0.6532641157167068
0.6532675879401347
0.6532710601635625
0.6532745323869904
0.6532780046104183
0.6532814768338461
0.653284949057274
0.6532884212807017
0.6532918935041298
0.6532953657275575
0.6532988379509854
0.6533023101744133
0.6533057823978411
0.653309254621269
0.6533127268446968
0.6533161990681247
0.6533196712915524
0.6533231435149804
0.6533266157384082
0.6533300879618361
0.653333560185264
0.6533370324086918
0.6533405046321197
0.6533439768555475
0.6533474490789754
0.6533509213024032
0.6533543935258311
0.6533578657492589
0.6533613379726868
0.6533648101961146
0.6533682824195426
0.6533717546429704
0.6533752268663982
0.653378699089826
0.6533821713132538
0.6533856435366818
0.6533891157601096
0.6533925879835375
0.6533960602069654
0.6533995324303933
0.6534030046538211
0.653406476877249
0.6534099491006767
0.6534134213241046
0.6534168935475325
0.6534203657709603
0.6534238379943882
0.6534273102178161
0.653430782441244
0.6534342546646718
0.6534377268880996
0.6534411991115274
0.6534446713349553
0.6534481435583832
0.653451615781811
0.6534550880052389
0.6534585602286667
0.6534620324520947
0.6534655046755224
0.6534689768989503
0.6534724491223781
0.653475921345806
0.6534793935692339
0.6534828657926617
0.6534863380160896
0.6534898102395175
0.6534932824629454
0.6534967546863731
0.653500226909801
0.6535036991332288
0.6535071713566567
0.6535106435800846
0.6535141158035124
0.6535175880269403
0.653521060250368
0.653524532473796
0.6535280046972238
0.6535314769206517
0.6535349491440795
0.6535384213675074
0.6535418935909353
0.6535453658143632
0.653548838037791
0.6535523102612188
0.6535557824846467
0.6535592547080745
0.6535627269315024
0.6535661991549302
0.6535696713783581
0.653573143601786
0.6535766158252139
0.6535800880486416
0.6535835602720695
0.6535870324954974
0.6535905047189252
0.6535939769423531
0.6535974491657809
0.6536009213892089
0.6536043936126367
0.6536078658360646
0.6536113380594923
0.6536148102829202
0.6536182825063481
0.6536217547297759
0.6536252269532038
0.6536286991766316
0.6536321714000595
0.6536356436234874
0.6536391158469153
0.653642588070343
0.653646060293771
0.6536495325171988
0.6536530047406267
0.6536564769640545
0.6536599491874823
0.6536634214109102
0.653666893634338
0.653670365857766
0.6536738380811937
0.6536773103046217
0.6536807825280495
0.6536842547514774
0.6536877269749052
0.6536911991983331
0.6536946714217609
0.6536981436451887
0.6537016158686166
0.6537050880920444
0.6537085603154723
0.6537120325389002
0.6537155047623281
0.6537189769857559
0.6537224492091838
0.6537259214326115
0.6537293936560394
0.6537328658794673
0.6537363381028951
0.6537398103263231
0.6537432825497509
0.6537467547731788
0.6537502269966066
0.6537536992200345
0.6537571714434622
0.6537606436668901
0.653764115890318
0.6537675881137458
0.6537710603371737
0.6537745325606016
0.6537780047840295
0.6537814770074573
0.6537849492308851
0.6537884214543129
0.6537918936777409
0.6537953659011687
0.6537988381245965
0.6538023103480245
0.6538057825714523
0.6538092547948802
0.653812727018308
0.6538161992417358
