0.9670142246577168
0.9670176968811448
0.9670211691045725
0.9670246413280005
0.9670281135514284
0.9670315857748562
0.9670350579982842
0.9670385302217118
0.9670420024451398
0.9670454746685675
0.9670489468919955
0.9670524191154234
0.9670558913388512
0.9670593635622791
0.9670628357857068
0.9670663080091347
0.9670697802325625
0.9670732524559905
0.9670767246794182
0.9670801969028462
0.9670836691262741
0.9670871413497019
0.9670906135731298
0.9670940857965575
0.9670975580199854
0.9671010302434132
0.9671045024668412
0.9671079746902689
0.9671114469136969
0.9671149191371246
0.9671183913605526
0.9671218635839804
0.9671253358074082
0.9671288080308362
0.9671322802542639
0.9671357524776919
0.9671392247011196
0.9671426969245476
0.9671461691479755
0.9671496413714032
0.9671531135948311
0.9671565858182589
0.9671600580416868
0.9671635302651146
0.9671670024885426
0.9671704747119703
0.9671739469353983
0.9671774191588262
0.9671808913822539
0.9671843636056818
0.9671878358291096
0.9671913080525375
0.9671947802759653
0.9671982524993933
0.967201724722821
0.967205196946249
0.9672086691696766
0.9672121413931046
0.9672156136165325
0.9672190858399603
0.9672225580633884
0.967226030286816
0.967229502510244
0.9672329747336716
0.9672364469570996
0.9672399191805275
0.9672433914039553
0.9672468636273832
0.967250335850811
0.9672538080742389
0.9672572802976667
0.9672607525210948
0.9672642247445223
0.9672676969679505
0.9672711691913782
0.967274641414806
0.9672781136382339
0.9672815858616617
0.9672850580850896
0.9672885303085174
0.9672920025319455
0.967295474755373
0.9672989469788011
0.9673024192022287
0.9673058914256568
0.9673093636490846
0.9673128358725125
0.9673163080959405
0.967319780319368
0.9673232525427962
0.9673267247662237
0.9673301969896518
0.9673336692130796
0.9673371414365075
0.9673406136599353
0.9673440858833632
0.967347558106791
0.9673510303302189
0.9673545025536469
0.9673579747770745
0.9673614470005025
0.9673649192239303
0.9673683914473582
0.967371863670786
0.9673753358942139
0.9673788081176417
0.9673822803410695
0.9673857525644975
0.9673892247879252
0.9673926970113532
0.9673961692347809
0.9673996414582089
0.9674031136816367
0.9674065859050646
0.9674100581284926
0.9674135303519202
0.9674170025753482
0.9674204747987759
0.9674239470222039
0.9674274192456317
0.9674308914690596
0.9674343636924874
0.9674378359159153
0.9674413081393433
0.9674447803627709
0.9674482525861989
0.9674517248096266
0.9674551970330546
0.9674586692564824
0.9674621414799103
0.9674656137033381
0.967469085926766
0.9674725581501937
0.9674760303736216
0.9674795025970496
0.9674829748204773
0.9674864470439053
0.967489919267333
0.967493391490761
0.9674968637141887
0.9675003359376166
0.9675038081610446
0.9675072803844723
0.9675107526079003
0.967514224831328
0.967517697054756
0.9675211692781837
0.9675246415016117
0.9675281137250394
0.9675315859484673
0.9675350581718953
0.967538530395323
0.967542002618751
0.9675454748421787
0.9675489470656067
0.9675524192890346
0.9675558915124624
0.9675593637358901
0.967562835959318
0.9675663081827458
0.9675697804061737
0.9675732526296017
0.9675767248530294
0.9675801970764574
0.9675836692998853
0.967587141523313
0.9675906137467409
0.9675940859701687
0.9675975581935966
0.9676010304170244
0.9676045026404524
0.9676079748638801
0.9676114470873081
0.9676149193107357
0.9676183915341637
0.9676218637575916
0.9676253359810194
0.9676288082044474
0.9676322804278751
0.9676357526513031
0.9676392248747308
0.9676426970981588
0.9676461693215866
0.9676496415450144
0.9676531137684423
0.9676565859918701
0.967660058215298
0.9676635304387258
0.9676670026621538
0.9676704748855814
0.9676739471090094
0.9676774193324373
0.9676808915558651
0.967684363779293
0.9676878360027208
0.9676913082261487
0.9676947804495765
0.9676982526730045
0.9677017248964321
0.9677051971198601
