0.5913196497637673
0.5913231219871952
0.591326594210623
0.5913300664340508
0.5913335386574786
0.5913370108809066
0.5913404831043344
0.5913439553277623
0.5913474275511901
0.591350899774618
0.5913543719980459
0.5913578442214736
0.5913613164449015
0.5913647886683293
0.5913682608917573
0.5913717331151851
0.591375205338613
0.5913786775620408
0.5913821497854687
0.5913856220088965
0.5913890942323243
0.5913925664557522
0.59139603867918
0.591399510902608
0.5914029831260358
0.5914064553494637
0.5914099275728915
0.5914133997963194
0.5914168720197472
0.5914203442431751
0.5914238164666029
0.5914272886900308
0.5914307609134587
0.5914342331368865
0.5914377053603144
0.5914411775837422
0.59144464980717
0.5914481220305979
0.5914515942540258
0.5914550664774536
0.5914585387008815
0.5914620109243094
0.5914654831477372
0.5914689553711651
0.5914724275945928
0.5914758998180207
0.5914793720414486
0.5914828442648765
0.5914863164883043
0.5914897887117322
0.5914932609351601
0.5914967331585879
0.5915002053820158
0.5915036776054435
0.5915071498288714
0.5915106220522993
0.5915140942757272
0.591517566499155
0.5915210387225829
0.5915245109460108
0.5915279831694386
0.5915314553928664
0.5915349276162942
0.5915383998397221
0.59154187206315
0.5915453442865779
0.5915488165100057
0.5915522887334336
0.5915557609568615
0.5915592331802894
0.5915627054037171
0.591566177627145
0.5915696498505728
0.5915731220740007
0.5915765942974286
0.5915800665208564
0.5915835387442843
0.5915870109677122
0.59159048319114
0.5915939554145678
0.5915974276379957
0.5916008998614235
0.5916043720848514
0.5916078443082793
0.5916113165317071
0.591614788755135
0.5916182609785628
0.5916217332019907
0.5916252054254185
0.5916286776488464
0.5916321498722742
0.5916356220957021
0.59163909431913
0.5916425665425578
0.5916460387659856
0.5916495109894135
0.5916529832128414
0.5916564554362692
0.5916599276596971
0.5916633998831249
0.5916668721065529
0.5916703443299807
0.5916738165534084
0.5916772887768363
0.5916807610002642
0.5916842332236921
0.5916877054471199
0.5916911776705478
0.5916946498939756
0.5916981221174036
0.5917015943408314
0.5917050665642593
0.591708538787687
0.5917120110111149
0.5917154832345428
0.5917189554579706
0.5917224276813985
0.5917258999048263
0.5917293721282543
0.591732844351682
0.5917363165751099
0.5917397887985377
0.5917432610219656
0.5917467332453935
0.5917502054688213
0.5917536776922492
0.591757149915677
0.591760622139105
0.5917640943625327
0.5917675665859606
0.5917710388093885
0.5917745110328163
0.5917779832562442
0.591781455479672
0.5917849277030999
0.5917883999265277
0.5917918721499557
0.5917953443733834
0.5917988165968113
0.5918022888202391
0.5918057610436671
0.5918092332670949
0.5918127054905227
0.5918161777139506
0.5918196499373783
0.5918231221608063
0.5918265943842341
0.591830066607662
0.5918335388310898
0.5918370110545178
0.5918404832779456
0.5918439555013735
0.5918474277248013
0.5918508999482291
0.591854372171657
0.5918578443950848
0.5918613166185127
0.5918647888419405
0.5918682610653685
0.5918717332887963
0.5918752055122242
0.591878677735652
0.5918821499590798
0.5918856221825077
0.5918890944059355
0.5918925666293634
0.5918960388527913
0.5918995110762192
0.591902983299647
0.5919064555230749
0.5919099277465026
0.5919133999699305
0.5919168721933584
0.5919203444167862
0.5919238166402141
0.5919272888636419
0.5919307610870699
0.5919342333104977
0.5919377055339256
0.5919411777573533
0.5919446499807812
0.5919481222042091
0.591951594427637
0.5919550666510648
0.5919585388744926
0.5919620110979206
0.5919654833213484
0.5919689555447762
0.591972427768204
0.5919758999916319
0.5919793722150598
0.5919828444384877
0.5919863166619155
0.5919897888853434
0.5919932611087713
0.591996733332199
0.5920002055556269
0.5920036777790547
0.5920071500024826
0.5920106222259105
