0.7329863656202659
0.7329898378436938
0.7329933100671215
0.7329967822905494
0.7330002545139772
0.7330037267374051
0.7330071989608329
0.7330106711842608
0.7330141434076887
0.7330176156311166
0.7330210878545445
0.7330245600779722
0.7330280323014001
0.7330315045248279
0.7330349767482558
0.7330384489716836
0.7330419211951116
0.7330453934185394
0.7330488656419673
0.7330523378653951
0.7330558100888229
0.7330592823122508
0.7330627545356786
0.7330662267591065
0.7330696989825343
0.7330731712059623
0.73307664342939
0.7330801156528179
0.7330835878762458
0.7330870600996737
0.7330905323231015
0.7330940045465293
0.7330974767699572
0.733100948993385
0.7331044212168129
0.7331078934402407
0.7331113656636687
0.7331148378870965
0.7331183101105244
0.7331217823339522
0.7331252545573801
0.7331287267808079
0.7331321990042358
0.7331356712276637
0.7331391434510914
0.7331426156745193
0.7331460878979472
0.7331495601213751
0.7331530323448029
0.7331565045682308
0.7331599767916586
0.7331634490150865
0.7331669212385143
0.7331703934619421
0.73317386568537
0.7331773379087979
0.7331808101322258
0.7331842823556536
0.7331877545790815
0.7331912268025093
0.7331946990259371
0.7331981712493649
0.7332016434727928
0.7332051156962208
0.7332085879196486
0.7332120601430765
0.7332155323665043
0.7332190045899322
0.73322247681336
0.7332259490367878
0.7332294212602157
0.7332328934836435
0.7332363657070714
0.7332398379304993
0.7332433101539272
0.733246782377355
0.7332502546007829
0.7332537268242106
0.7332571990476385
0.7332606712710663
0.7332641434944943
0.7332676157179222
0.73327108794135
0.7332745601647779
0.7332780323882057
0.7332815046116336
0.7332849768350613
0.7332884490584892
0.7332919212819171
0.733295393505345
0.7332988657287728
0.7333023379522007
0.7333058101756286
0.7333092823990564
0.7333127546224842
0.733316226845912
0.7333196990693399
0.7333231712927678
0.7333266435161957
0.7333301157396235
0.7333335879630514
0.7333370601864793
0.733340532409907
0.7333440046333349
0.7333474768567627
0.7333509490801906
0.7333544213036184
0.7333578935270464
0.7333613657504743
0.7333648379739022
0.73336831019733
0.7333717824207578
0.7333752546441856
0.7333787268676134
0.7333821990910413
0.7333856713144692
0.7333891435378971
0.7333926157613249
0.7333960879847529
0.7333995602081806
0.7334030324316085
0.7334065046550363
0.7334099768784642
0.733413449101892
0.7334169213253199
0.7334203935487478
0.7334238657721756
0.7334273379956036
0.7334308102190313
0.7334342824424592
0.733437754665887
0.7334412268893149
0.7334446991127427
0.7334481713361706
0.7334516435595985
0.7334551157830264
0.7334585880064542
0.733462060229882
0.7334655324533099
0.7334690046767377
0.7334724769001656
0.7334759491235934
0.7334794213470213
0.7334828935704492
0.7334863657938769
0.7334898380173049
0.7334933102407327
0.7334967824641606
0.7335002546875884
0.7335037269110163
0.7335071991344441
0.733510671357872
0.7335141435812998
0.7335176158047277
0.7335210880281556
0.7335245602515834
0.7335280324750113
0.7335315046984391
0.733534976921867
0.7335384491452948
0.7335419213687228
0.7335453935921505
0.7335488658155784
0.7335523380390063
0.7335558102624341
0.733559282485862
0.7335627547092898
0.7335662269327177
0.7335696991561454
0.7335731713795735
0.7335766436030012
0.7335801158264291
0.733583588049857
0.7335870602732848
0.7335905324967127
0.7335940047201405
0.7335974769435684
0.7336009491669961
0.733604421390424
0.7336078936138519
0.7336113658372799
0.7336148380607077
0.7336183102841355
0.7336217825075634
0.7336252547309912
0.733628726954419
0.7336321991778468
0.7336356714012748
0.7336391436247026
0.7336426158481305
0.7336460880715584
0.7336495602949863
0.7336530325184141
0.733656504741842
0.7336599769652697
0.7336634491886975
0.7336669214121255
0.7336703936355533
0.7336738658589812
0.7336773380824091
