0.9079864263841759
0.9079898986076037
0.9079933708310316
0.9079968430544594
0.9080003152778873
0.908003787501315
0.9080072597247429
0.908010731948171
0.9080142041715986
0.9080176763950266
0.9080211486184544
0.9080246208418823
0.9080280930653101
0.908031565288738
0.9080350375121657
0.9080385097355936
0.9080419819590216
0.9080454541824493
0.9080489264058773
0.9080523986293051
0.908055870852733
0.9080593430761608
0.9080628152995887
0.9080662875230164
0.9080697597464443
0.9080732319698721
0.9080767041933
0.908080176416728
0.9080836486401558
0.9080871208635837
0.9080905930870115
0.9080940653104393
0.9080975375338671
0.908101009757295
0.908104481980723
0.9081079542041507
0.9081114264275787
0.9081148986510065
0.9081183708744344
0.9081218430978621
0.90812531532129
0.9081287875447178
0.9081322597681457
0.9081357319915737
0.9081392042150014
0.9081426764384294
0.9081461486618572
0.9081496208852851
0.9081530931087128
0.9081565653321407
0.9081600375555685
0.9081635097789964
0.9081669820024244
0.9081704542258523
0.9081739264492801
0.908177398672708
0.9081808708961358
0.9081843431195635
0.9081878153429914
0.9081912875664192
0.9081947597898471
0.9081982320132749
0.9082017042367028
0.9082051764601308
0.9082086486835587
0.9082121209069864
0.9082155931304143
0.9082190653538421
0.90822253757727
0.9082260098006978
0.9082294820241258
0.9082329542475535
0.9082364264709815
0.9082398986944094
0.9082433709178371
0.908246843141265
0.9082503153646928
0.9082537875881207
0.9082572598115485
0.9082607320349765
0.9082642042584044
0.9082676764818322
0.90827114870526
0.9082746209286878
0.9082780931521157
0.9082815653755435
0.9082850375989714
0.9082885098223992
0.9082919820458271
0.9082954542692548
0.9082989264926828
0.9083023987161107
0.9083058709395385
0.9083093431629664
0.9083128153863942
0.9083162876098221
0.9083197598332499
0.9083232320566779
0.9083267042801055
0.9083301765035335
0.9083336487269614
0.9083371209503892
0.9083405931738171
0.9083440653972449
0.9083475376206728
0.9083510098441006
0.9083544820675286
0.9083579542909564
0.9083614265143842
0.9083648987378121
0.9083683709612399
0.9083718431846678
0.9083753154080956
0.9083787876315235
0.9083822598549512
0.9083857320783791
0.9083892043018069
0.9083926765252349
0.9083961487486628
0.9083996209720906
0.9084030931955185
0.9084065654189463
0.9084100376423742
0.9084135098658019
0.90841698208923
0.9084204543126576
0.9084239265360856
0.9084273987595135
0.9084308709829413
0.9084343432063692
0.908437815429797
0.9084412876532248
0.9084447598766526
0.9084482321000807
0.9084517043235085
0.9084551765469364
0.9084586487703642
0.9084621209937921
0.9084655932172199
0.9084690654406476
0.9084725376640755
0.9084760098875033
0.9084794821109312
0.908482954334359
0.9084864265577871
0.9084898987812149
0.9084933710046428
0.9084968432280706
0.9085003154514985
0.9085037876749262
0.9085072598983541
0.9085107321217821
0.9085142043452097
0.9085176765686378
0.9085211487920656
0.9085246210154935
0.9085280932389213
0.9085315654623491
0.9085350376857769
0.9085385099092048
0.9085419821326328
0.9085454543560605
0.9085489265794885
0.9085523988029163
0.9085558710263442
0.908559343249772
0.9085628154731998
0.9085662876966276
0.9085697599200555
0.9085732321434835
0.9085767043669112
0.9085801765903392
0.908583648813767
0.9085871210371949
0.9085905932606226
0.9085940654840505
0.9085975377074783
0.9086010099309062
0.9086044821543342
0.9086079543777619
0.9086114266011899
0.9086148988246177
0.9086183710480455
0.9086218432714733
0.9086253154949012
0.908628787718329
0.9086322599417569
0.9086357321651849
0.9086392043886126
0.9086426766120406
0.9086461488354683
0.9086496210588962
0.908653093282324
0.9086565655057519
0.9086600377291797
0.9086635099526076
0.9086669821760356
0.9086704543994634
0.9086739266228913
0.908677398846319
