0.375347352551164
0.3753508247745919
0.37535429699801975
0.37535776922144765
0.3753612414448755
0.3753647136683033
0.3753681858917312
0.3753716581151591
0.37537513033858694
0.3753786025620148
0.3753820747854426
0.3753855470088705
0.37538901923229834
0.3753924914557262
0.375395963679154
0.3753994359025819
0.3754029081260098
0.37540638034943763
0.37540985257286547
0.3754133247962933
0.37541679701972114
0.37542026924314903
0.37542374146657687
0.3754272136900047
0.3754306859134326
0.3754341581368605
0.3754376303602883
0.37544110258371616
0.37544457480714405
0.3754480470305719
0.3754515192539997
0.37545499147742756
0.3754584637008554
0.3754619359242833
0.3754654081477112
0.375468880371139
0.37547235259456685
0.37547582481799474
0.3754792970414226
0.37548276926485047
0.37548624148827825
0.3754897137117061
0.375493185935134
0.37549665815856187
0.3755001303819897
0.37550360260541754
0.3755070748288454
0.3755105470522733
0.37551401927570116
0.375517491499129
0.37552096372255683
0.37552443594598467
0.37552790816941256
0.3755313803928404
0.37553485261626823
0.3755383248396961
0.37554179706312396
0.37554526928655185
0.3755487415099797
0.3755522137334075
0.37555568595683536
0.37555915818026325
0.3755626304036911
0.3755661026271189
0.3755695748505468
0.37557304707397465
0.37557651929740254
0.3755799915208304
0.3755834637442582
0.3755869359676861
0.37559040819111394
0.3755938804145418
0.3755973526379696
0.3756008248613975
0.37560429708482534
0.37560776930825324
0.3756112415316811
0.3756147137551089
0.3756181859785368
0.3756216582019647
0.37562513042539253
0.3756286026488203
0.37563207487224815
0.3756355470956761
0.37563901931910393
0.37564249154253176
0.3756459637659596
0.3756494359893875
0.3756529082128154
0.3756563804362432
0.37565985265967106
0.3756633248830989
0.37566679710652673
0.3756702693299546
0.37567374155338246
0.3756772137768103
0.3756806860002382
0.3756841582236661
0.3756876304470939
0.37569110267052175
0.37569457489394964
0.3756980471173774
0.3757015193408053
0.37570499156423315
0.375708463787661
0.3757119360110889
0.37571540823451677
0.3757188804579446
0.37572235268137244
0.37572582490480033
0.37572929712822817
0.375732769351656
0.37573624157508384
0.3757397137985117
0.37574318602193957
0.37574665824536746
0.3757501304687953
0.37575360269222313
0.37575707491565097
0.3757605471390789
0.37576401936250675
0.3757674915859346
0.37577096380936237
0.37577443603279026
0.37577790825621815
0.375781380479646
0.3757848527030738
0.37578832492650166
0.37579179714992955
0.37579526937335744
0.3757987415967853
0.3758022138202131
0.37580568604364095
0.37580915826706884
0.3758126304904967
0.3758161027139245
0.3758195749373524
0.37582304716078024
0.37582651938420814
0.37582999160763597
0.3758334638310638
0.3758369360544917
0.37584040827791954
0.37584388050134737
0.3758473527247752
0.3758508249482031
0.37585429717163094
0.3758577693950588
0.37586124161848666
0.3758647138419145
0.3758681860653424
0.3758716582887702
0.37587513051219806
0.3758786027356259
0.37588207495905374
0.3758855471824817
0.3758890194059095
0.37589249162933736
0.3758959638527652
0.3758994360761931
0.375902908299621
0.3759063805230488
0.37590985274647665
0.3759133249699044
0.3759167971933324
0.3759202694167602
0.37592374164018805
0.3759272138636159
0.3759306860870438
0.37593415831047167
0.3759376305338995
0.37594110275732734
0.3759445749807552
0.375948047204183
0.3759515194276109
0.37595499165103874
0.3759584638744666
0.37596193609789447
0.37596540832132236
0.3759688805447502
0.37597235276817803
0.3759758249916059
0.37597929721503376
0.3759827694384616
0.37598624166188943
0.37598971388531727
0.37599318610874516
0.37599665833217305
0.3760001305556009
0.3760036027790287
0.37600707500245656
0.37601054722588445
0.3760140194493123
0.3760174916727401
0.37602096389616796
0.37602443611959585
0.37602790834302374
0.3760313805664516
0.3760348527898794
0.37603832501330725
