0.617708547815468
0.6177120200388959
0.6177154922623237
0.6177189644857516
0.6177224367091794
0.6177259089326073
0.6177293811560352
0.6177328533794629
0.6177363256028908
0.6177397978263187
0.6177432700497466
0.6177467422731744
0.6177502144966023
0.6177536867200301
0.617757158943458
0.6177606311668858
0.6177641033903136
0.6177675756137415
0.6177710478371694
0.6177745200605973
0.6177779922840251
0.617781464507453
0.6177849367308808
0.6177884089543086
0.6177918811777365
0.6177953534011644
0.6177988256245922
0.61780229784802
0.617805770071448
0.6178092422948758
0.6178127145183037
0.6178161867417314
0.6178196589651593
0.6178231311885872
0.6178266034120151
0.6178300756354429
0.6178335478588708
0.6178370200822987
0.6178404923057265
0.6178439645291544
0.6178474367525821
0.61785090897601
0.6178543811994379
0.6178578534228658
0.6178613256462936
0.6178647978697215
0.6178682700931494
0.6178717423165772
0.617875214540005
0.6178786867634328
0.6178821589868607
0.6178856312102886
0.6178891034337165
0.6178925756571443
0.6178960478805722
0.6178995201040001
0.6179029923274278
0.6179064645508557
0.6179099367742835
0.6179134089977114
0.6179168812211393
0.6179203534445672
0.617923825667995
0.6179272978914229
0.6179307701148508
0.6179342423382786
0.6179377145617064
0.6179411867851343
0.6179446590085621
0.61794813123199
0.6179516034554179
0.6179550756788457
0.6179585479022737
0.6179620201257015
0.6179654923491293
0.6179689645725571
0.617972436795985
0.6179759090194128
0.6179793812428407
0.6179828534662686
0.6179863256896964
0.6179897979131244
0.6179932701365521
0.61799674235998
0.6180002145834078
0.6180036868068357
0.6180071590302635
0.6180106312536914
0.6180141034771193
0.618017575700547
0.618021047923975
0.6180245201474028
0.6180279923708307
0.6180314645942585
0.6180349368176864
0.6180384090411142
0.6180418812645421
0.61804535348797
0.6180488257113977
0.6180522979348256
0.6180557701582535
0.6180592423816814
0.6180627146051092
0.6180661868285371
0.6180696590519649
0.6180731312753929
0.6180766034988207
0.6180800757222485
0.6180835479456764
0.6180870201691042
0.6180904923925321
0.6180939646159599
0.6180974368393878
0.6181009090628156
0.6181043812862436
0.6181078535096713
0.6181113257330992
0.6181147979565271
0.6181182701799549
0.6181217424033828
0.6181252146268106
0.6181286868502385
0.6181321590736663
0.6181356312970943
0.618139103520522
0.6181425757439499
0.6181460479673778
0.6181495201908056
0.6181529924142335
0.6181564646376613
0.6181599368610892
0.618163409084517
0.618166881307945
0.6181703535313727
0.6181738257548006
0.6181772979782284
0.6181807702016563
0.6181842424250842
0.618187714648512
0.6181911868719399
0.6181946590953676
0.6181981313187956
0.6182016035422234
0.6182050757656513
0.6182085479890792
0.6182120202125071
0.6182154924359349
0.6182189646593628
0.6182224368827905
0.6182259091062184
0.6182293813296463
0.6182328535530741
0.618236325776502
0.6182397979999299
0.6182432702233578
0.6182467424467856
0.6182502146702135
0.6182536868936412
0.6182571591170691
0.618260631340497
0.6182641035639248
0.6182675757873527
0.6182710480107806
0.6182745202342085
0.6182779924576363
0.6182814646810642
0.6182849369044919
0.6182884091279198
0.6182918813513477
0.6182953535747755
0.6182988257982034
0.6183022980216312
0.6183057702450592
0.618309242468487
0.6183127146919148
0.6183161869153426
0.6183196591387705
0.6183231313621984
0.6183266035856262
0.6183300758090541
0.618333548032482
0.6183370202559099
0.6183404924793376
0.6183439647027655
0.6183474369261933
0.6183509091496212
0.6183543813730491
0.618357853596477
0.6183613258199048
0.6183647980433327
0.6183682702667606
0.6183717424901883
0.6183752147136162
0.618378686937044
0.6183821591604719
0.6183856313838998
0.6183891036073277
0.6183925758307555
0.6183960480541834
0.6183995202776112
