0.326041779875618
0.3260452520990459
0.3260487243224737
0.32605219654590156
0.3260556687693294
0.32605914099275723
0.3260626132161851
0.32606608543961296
0.32606955766304085
0.3260730298864687
0.3260765021098966
0.3260799743333244
0.32608344655675225
0.32608691878018015
0.326090391003608
0.3260938632270358
0.32609733545046365
0.32610080767389155
0.32610427989731944
0.3261077521207473
0.3261112243441751
0.32611469656760295
0.3261181687910308
0.3261216410144587
0.3261251132378865
0.32612858546131435
0.3261320576847422
0.3261355299081701
0.32613900213159797
0.3261424743550258
0.32614594657845364
0.32614941880188153
0.3261528910253094
0.32615636324873726
0.3261598354721651
0.32616330769559293
0.32616677991902077
0.32617025214244866
0.3261737243658765
0.32617719658930433
0.3261806688127322
0.3261841410361601
0.32618761325958795
0.3261910854830158
0.3261945577064436
0.3261980299298715
0.32620150215329935
0.3262049743767272
0.326208446600155
0.3262119188235829
0.32621539104701075
0.32621886327043864
0.3262223354938665
0.3262258077172943
0.3262292799407222
0.32623275216415004
0.3262362243875779
0.3262396966110057
0.3262431688344336
0.3262466410578615
0.32625011328128933
0.32625358550471717
0.32625705772814506
0.3262605299515729
0.32626400217500073
0.32626747439842857
0.3262709466218564
0.3262744188452843
0.3262778910687122
0.32628136329214
0.32628483551556786
0.3262883077389957
0.3262917799624236
0.3262952521858515
0.3262987244092793
0.32630219663270715
0.326305668856135
0.3263091410795628
0.3263126133029907
0.32631608552641855
0.32631955774984645
0.3263230299732743
0.3263265021967022
0.32632997442013
0.32633344664355785
0.3263369188669857
0.3263403910904136
0.3263438633138414
0.32634733553726925
0.3263508077606971
0.32635427998412503
0.32635775220755286
0.3263612244309807
0.32636469665440854
0.3263681688778364
0.32637164110126426
0.3263751133246921
0.32637858554811994
0.3263820577715478
0.32638552999497566
0.32638900221840356
0.3263924744418314
0.32639594666525923
0.3263994188886871
0.32640289111211496
0.3264063633355428
0.32640983555897063
0.3264133077823985
0.32641678000582636
0.32642025222925425
0.3264237244526821
0.3264271966761099
0.3264306688995378
0.3264341411229657
0.32643761334639354
0.3264410855698214
0.3264445577932492
0.3264480300166771
0.32645150224010494
0.3264549744635328
0.3264584466869606
0.3264619189103885
0.32646539113381634
0.32646886335724423
0.32647233558067207
0.3264758078040999
0.32647928002752774
0.32648275225095563
0.32648622447438347
0.3264896966978113
0.3264931689212392
0.3264966411446671
0.3265001133680949
0.32650358559152276
0.32650705781495065
0.3265105300383785
0.3265140022618063
0.32651747448523416
0.326520946708662
0.3265244189320899
0.3265278911555178
0.3265313633789456
0.32653483560237345
0.3265383078258013
0.3265417800492292
0.326545252272657
0.32654872449608485
0.3265521967195127
0.3265556689429406
0.3265591411663684
0.3265626133897963
0.32656608561322414
0.32656955783665204
0.32657303006007987
0.32657650228350776
0.3265799745069356
0.32658344673036344
0.32658691895379127
0.32659039117721916
0.326593863400647
0.32659733562407484
0.32660080784750267
0.3266042800709306
0.32660775229435846
0.3266112245177863
0.32661469674121413
0.32661816896464196
0.32662164118806986
0.3266251134114977
0.32662858563492553
0.32663205785835336
0.32663553008178126
0.32663900230520915
0.326642474528637
0.3266459467520648
0.3266494189754927
0.32665289119892055
0.3266563634223484
0.3266598356457762
0.3266633078692041
0.32666678009263195
0.32667025231605984
0.3266737245394877
0.3266771967629155
0.3266806689863434
0.3266841412097713
0.3266876134331991
0.3266910856566269
0.32669455788005475
0.3266980301034827
0.32670150232691053
0.32670497455033837
0.3267084467737662
0.3267119189971941
0.32671539122062193
0.3267188634440498
0.32672233566747766
0.3267258078909055
0.32672928011433333
0.3267327523377612
