0.8315975109713579
0.8316009831947858
0.8316044554182137
0.8316079276416415
0.8316113998650695
0.8316148720884972
0.8316183443119252
0.8316218165353529
0.8316252887587808
0.8316287609822086
0.8316322332056365
0.8316357054290644
0.8316391776524923
0.8316426498759201
0.831646122099348
0.8316495943227759
0.8316530665462036
0.8316565387696315
0.8316600109930593
0.8316634832164873
0.831666955439915
0.831670427663343
0.8316738998867708
0.8316773721101987
0.8316808443336265
0.8316843165570543
0.8316877887804822
0.83169126100391
0.8316947332273379
0.8316982054507658
0.8317016776741937
0.8317051498976216
0.8317086221210493
0.8317120943444772
0.831715566567905
0.8317190387913329
0.8317225110147607
0.8317259832381886
0.8317294554616165
0.8317329276850445
0.8317363999084721
0.8317398721319
0.8317433443553279
0.8317468165787557
0.8317502888021836
0.8317537610256114
0.8317572332490394
0.831760705472467
0.8317641776958951
0.8317676499193228
0.8317711221427508
0.8317745943661786
0.8317780665896065
0.8317815388130343
0.8317850110364621
0.83178848325989
0.8317919554833179
0.8317954277067457
0.8317988999301736
0.8318023721536015
0.8318058443770293
0.8318093166004572
0.831812788823885
0.8318162610473129
0.8318197332707407
0.8318232054941685
0.8318266777175964
0.8318301499410242
0.8318336221644522
0.83183709438788
0.8318405666113079
0.8318440388347357
0.8318475110581636
0.8318509832815915
0.8318544555050192
0.8318579277284471
0.8318613999518749
0.8318648721753029
0.8318683443987307
0.8318718166221586
0.8318752888455864
0.8318787610690143
0.831882233292442
0.8318857055158699
0.8318891777392978
0.8318926499627257
0.8318961221861536
0.8318995944095814
0.8319030666330093
0.8319065388564371
0.831910011079865
0.8319134833032927
0.8319169555267207
0.8319204277501485
0.8319238999735764
0.8319273721970043
0.8319308444204321
0.83193431664386
0.8319377888672878
0.8319412610907156
0.8319447333141435
0.8319482055375714
0.8319516777609992
0.8319551499844271
0.831958622207855
0.8319620944312828
0.8319655666547107
0.8319690388781384
0.8319725111015663
0.8319759833249941
0.831979455548422
0.8319829277718499
0.8319863999952778
0.8319898722187057
0.8319933444421335
0.8319968166655614
0.8320002888889891
0.832003761112417
0.8320072333358448
0.8320107055592728
0.8320141777827006
0.8320176500061286
0.8320211222295564
0.8320245944529842
0.832028066676412
0.8320315388998398
0.8320350111232677
0.8320384833466955
0.8320419555701235
0.8320454277935514
0.8320489000169792
0.8320523722404071
0.832055844463835
0.8320593166872627
0.8320627889106906
0.8320662611341184
0.8320697333575462
0.8320732055809741
0.832076677804402
0.83208015002783
0.8320836222512578
0.8320870944746857
0.8320905666981134
0.8320940389215413
0.8320975111449691
0.832100983368397
0.8321044555918249
0.8321079278152527
0.8321114000386807
0.8321148722621083
0.8321183444855363
0.8321218167089641
0.832125288932392
0.8321287611558198
0.8321322333792477
0.8321357056026756
0.8321391778261035
0.8321426500495313
0.8321461222729591
0.832149594496387
0.8321530667198148
0.8321565389432427
0.8321600111666705
0.8321634833900984
0.8321669556135262
0.832170427836954
0.8321739000603819
0.8321773722838098
0.8321808445072377
0.8321843167306655
0.8321877889540934
0.8321912611775212
0.8321947334009491
0.832198205624377
0.8322016778478049
0.8322051500712327
0.8322086222946605
0.8322120945180884
0.8322155667415162
0.8322190389649441
0.8322225111883719
0.8322259834117998
0.8322294556352277
0.8322329278586555
0.8322364000820833
0.8322398723055112
0.8322433445289391
0.8322468167523669
0.8322502889757948
0.8322537611992226
0.8322572334226506
0.8322607056460782
0.8322641778695062
0.832267650092934
0.8322711223163619
0.8322745945397898
0.8322780667632176
0.8322815389866455
0.8322850112100733
0.8322884834335011
