0.4552084913918372
0.45521196361526517
0.455215435838693
0.45521890806212084
0.4552223802855487
0.4552258525089765
0.45522932473240446
0.4552327969558323
0.45523626917926013
0.45523974140268797
0.45524321362611586
0.4552466858495437
0.45525015807297153
0.45525363029639937
0.4552571025198272
0.45526057474325515
0.455264046966683
0.4552675191901108
0.45527099141353866
0.45527446363696655
0.4552779358603944
0.4552814080838222
0.45528488030725006
0.4552883525306779
0.45529182475410584
0.4552952969775337
0.4552987692009615
0.45530224142438935
0.45530571364781725
0.4553091858712451
0.4553126580946729
0.45531613031810075
0.4553196025415286
0.45532307476495654
0.4553265469883844
0.4553300192118122
0.45533349143524005
0.455336963658668
0.45534043588209583
0.45534390810552366
0.45534738032895145
0.4553508525523793
0.45535432477580723
0.45535779699923506
0.4553612692226629
0.45536474144609074
0.4553682136695187
0.4553716858929465
0.45537515811637436
0.4553786303398022
0.45538210256323003
0.4553855747866579
0.45538904701008576
0.4553925192335136
0.45539599145694143
0.4553994636803694
0.4554029359037972
0.45540640812722505
0.4554098803506529
0.4554133525740807
0.4554168247975086
0.45542029702093645
0.4554237692443643
0.4554272414677921
0.45543071369122007
0.4554341859146479
0.45543765813807574
0.4554411303615036
0.4554446025849314
0.4554480748083593
0.45545154703178714
0.455455019255215
0.4554584914786428
0.45546196370207076
0.4554654359254986
0.45546890814892643
0.45547238037235427
0.4554758525957821
0.45547932481921005
0.4554827970426379
0.4554862692660657
0.4554897414894935
0.45549321371292145
0.4554966859363493
0.4555001581597771
0.45550363038320496
0.4555071026066328
0.45551057483006074
0.4555140470534886
0.4555175192769164
0.45552099150034425
0.45552446372377214
0.4555279359472
0.4555314081706278
0.45553488039405565
0.4555383526174835
0.45554182484091144
0.45554529706433927
0.4555487692877671
0.45555224151119494
0.45555571373462284
0.45555918595805067
0.4555626581814785
0.45556613040490634
0.4555696026283342
0.4555730748517621
0.45557654707518996
0.4555800192986178
0.45558349152204564
0.4555869637454735
0.45559043596890136
0.4555939081923292
0.45559738041575704
0.4556008526391849
0.4556043248626128
0.45560779708604066
0.4556112693094685
0.45561474153289633
0.4556182137563243
0.4556216859797521
0.45562515820317995
0.4556286304266078
0.45563210265003556
0.4556355748734635
0.45563904709689135
0.4556425193203192
0.455645991543747
0.45564946376717497
0.4556529359906028
0.45565640821403064
0.4556598804374585
0.4556633526608863
0.4556668248843142
0.45567029710774204
0.4556737693311699
0.4556772415545977
0.45568071377802566
0.4556841860014535
0.45568765822488133
0.45569113044830917
0.455694602671737
0.4556980748951649
0.45570154711859273
0.45570501934202057
0.4557084915654484
0.45571196378887635
0.4557154360123042
0.455718908235732
0.45572238045915986
0.4557258526825877
0.4557293249060156
0.4557327971294434
0.45573626935287126
0.4557397415762991
0.45574321379972704
0.4557466860231549
0.4557501582465827
0.45575363047001055
0.4557571026934384
0.45576057491686633
0.45576404714029417
0.455767519363722
0.45577099158714984
0.45577446381057773
0.45577793603400557
0.4557814082574334
0.45578488048086124
0.4557883527042891
0.455791824927717
0.45579529715114486
0.4557987693745727
0.45580224159800053
0.4558057138214284
0.45580918604485626
0.4558126582682841
0.45581613049171193
0.45581960271513977
0.4558230749385677
0.45582654716199555
0.4558300193854234
0.4558334916088512
0.4558369638322791
0.45584043605570695
0.4558439082791348
0.4558473805025626
0.45585085272599046
0.4558543249494184
0.45585779717284625
0.4558612693962741
0.4558647416197019
0.45586821384312987
0.45587168606655765
0.4558751582899855
0.4558786305134133
0.45588210273684115
0.4558855749602691
0.45588904718369694
0.4558925194071248
0.4558959916305526
0.45589946385398056
