0.9628475565442904
0.9628510287677182
0.9628545009911463
0.9628579732145739
0.962861445438002
0.9628649176614298
0.9628683898848576
0.9628718621082855
0.9628753343317132
0.9628788065551411
0.9628822787785689
0.962885751001997
0.9628892232254246
0.9628926954488527
0.9628961676722803
0.9628996398957084
0.9629031121191362
0.962906584342564
0.962910056565992
0.9629135287894196
0.9629170010128477
0.9629204732362753
0.9629239454597034
0.9629274176831312
0.9629308899065591
0.9629343621299868
0.9629378343534147
0.9629413065768425
0.9629447788002704
0.9629482510236984
0.9629517232471261
0.9629551954705541
0.9629586676939819
0.9629621399174098
0.9629656121408375
0.9629690843642654
0.9629725565876932
0.9629760288111211
0.9629795010345491
0.9629829732579768
0.9629864454814048
0.9629899177048324
0.9629933899282604
0.9629968621516882
0.9630003343751161
0.9630038065985441
0.9630072788219718
0.9630107510453998
0.9630142232688275
0.9630176954922555
0.9630211677156832
0.9630246399391111
0.9630281121625389
0.9630315843859668
0.9630350566093948
0.9630385288328225
0.9630420010562505
0.9630454732796782
0.9630489455031062
0.9630524177265339
0.9630558899499618
0.9630593621733896
0.9630628343968175
0.9630663066202453
0.9630697788436732
0.9630732510671012
0.9630767232905288
0.9630801955139568
0.9630836677373845
0.9630871399608125
0.9630906121842403
0.9630940844076682
0.9630975566310962
0.9631010288545239
0.9631045010779519
0.9631079733013795
0.9631114455248075
0.9631149177482352
0.9631183899716632
0.963121862195091
0.9631253344185189
0.9631288066419469
0.9631322788653746
0.9631357510888026
0.9631392233122302
0.9631426955356582
0.9631461677590861
0.9631496399825139
0.9631531122059417
0.9631565844293696
0.9631600566527974
0.9631635288762253
0.9631670010996533
0.9631704733230809
0.9631739455465089
0.9631774177699368
0.9631808899933646
0.9631843622167925
0.9631878344402203
0.9631913066636482
0.9631947788870759
0.963198251110504
0.9632017233339316
0.9632051955573596
0.9632086677807873
0.9632121400042153
0.9632156122276432
0.963219084451071
0.963222556674499
0.9632260288979266
0.9632295011213546
0.9632329733447823
0.9632364455682103
0.9632399177916382
0.963243390015066
0.9632468622384939
0.9632503344619217
0.9632538066853495
0.9632572789087773
0.9632607511322053
0.963264223355633
0.963267695579061
0.9632711678024889
0.9632746400259167
0.9632781122493446
0.9632815844727723
0.9632850566962002
0.963288528919628
0.963292001143056
0.9632954733664837
0.9632989455899117
0.9633024178133394
0.9633058900367674
0.9633093622601953
0.963312834483623
0.963316306707051
0.9633197789304787
0.9633232511539067
0.9633267233773344
0.9633301956007624
0.9633336678241903
0.9633371400476181
0.963340612271046
0.9633440844944737
0.9633475567179016
0.9633510289413294
0.9633545011647574
0.9633579733881851
0.9633614456116131
0.963364917835041
0.9633683900584687
0.9633718622818966
0.9633753345053244
0.9633788067287523
0.9633822789521801
0.9633857511756081
0.9633892233990358
0.9633926956224638
0.9633961678458914
0.9633996400693194
0.9634031122927473
0.9634065845161751
0.9634100567396032
0.9634135289630308
0.9634170011864589
0.9634204734098865
0.9634239456333146
0.9634274178567424
0.9634308900801702
0.963434362303598
0.9634378345270258
0.9634413067504537
0.9634447789738815
0.9634482511973096
0.9634517234207371
0.9634551956441653
0.963458667867593
0.9634621400910209
0.9634656123144487
0.9634690845378766
0.9634725567613044
0.9634760289847323
0.9634795012081603
0.9634829734315878
0.963486445655016
0.9634899178784435
0.9634933901018716
0.9634968623252994
0.9635003345487273
0.9635038067721553
0.963507278995583
0.963510751219011
0.9635142234424386
0.9635176956658666
0.9635211678892944
0.9635246401127223
0.9635281123361501
0.963531584559578
0.963535056783006
0.9635385290064337
