0.17743061716340872
0.1774340893868366
0.1774375616102644
0.17744103383369228
0.17744450605712012
0.177447978280548
0.17745145050397587
0.1774549227274037
0.1774583949508316
0.17746186717425938
0.17746533939768727
0.17746881162111514
0.17747228384454297
0.17747575606797086
0.1774792282913987
0.17748270051482656
0.1774861727382544
0.17748964496168224
0.17749311718511013
0.17749658940853796
0.17750006163196583
0.17750353385539366
0.1775070060788215
0.1775104783022494
0.17751395052567723
0.17751742274910512
0.17752089497253296
0.17752436719596082
0.1775278394193887
0.1775313116428165
0.17753478386624438
0.17753825608967222
0.17754172831310008
0.17754520053652798
0.1775486727599558
0.17755214498338368
0.17755561720681148
0.17755908943023935
0.17756256165366724
0.17756603387709508
0.17756950610052297
0.17757297832395078
0.17757645054737867
0.17757992277080645
0.17758339499423434
0.17758686721766223
0.17759033944109007
0.17759381166451793
0.17759728388794577
0.17760075611137366
0.1776042283348015
0.17760770055822933
0.1776111727816572
0.17761464500508503
0.17761811722851292
0.1776215894519408
0.17762506167536862
0.17762853389879646
0.1776320061222243
0.1776354783456522
0.17763895056908002
0.1776424227925079
0.17764589501593578
0.17764936723936356
0.17765283946279145
0.1776563116862193
0.17765978390964718
0.17766325613307504
0.17766672835650288
0.17767020057993077
0.17767367280335855
0.17767714502678644
0.1776806172502143
0.17768408947364214
0.17768756169707003
0.17769103392049787
0.17769450614392573
0.17769797836735363
0.1777014505907814
0.1777049228142093
0.17770839503763713
0.177711867261065
0.17771533948449283
0.17771881170792073
0.17772228393134862
0.1777257561547764
0.1777292283782043
0.17773270060163213
0.17773617282506
0.17773964504848788
0.17774311727191572
0.17774658949534355
0.1777500617187714
0.17775353394219925
0.17775700616562715
0.17776047838905498
0.17776395061248285
0.17776742283591065
0.17777089505933852
0.1777743672827664
0.17777783950619425
0.17778131172962214
0.17778478395304995
0.17778825617647784
0.17779172839990562
0.1777952006233335
0.1777986728467614
0.17780214507018924
0.1778056172936171
0.17780908951704494
0.17781256174047283
0.1778160339639007
0.1778195061873285
0.17782297841075637
0.1778264506341842
0.1778299228576121
0.17783339508103996
0.1778368673044678
0.17784033952789569
0.17784381175132347
0.17784728397475136
0.1778507561981792
0.17785422842160706
0.17785770064503495
0.17786117286846279
0.17786464509189068
0.17786811731531846
0.17787158953874635
0.1778750617621742
0.17787853398560205
0.17788200620902994
0.17788547843245778
0.1778889506558856
0.17789242287931348
0.1778958951027413
0.1778993673261692
0.17790283954959704
0.1779063117730249
0.1779097839964528
0.17791325621988058
0.17791672844330847
0.1779202006667363
0.1779236728901642
0.177927145113592
0.1779306173370199
0.1779340895604478
0.17793756178387557
0.17794103400730346
0.1779445062307313
0.17794797845415916
0.17795145067758705
0.1779549229010149
0.17795839512444275
0.17796186734787056
0.17796533957129843
0.17796881179472632
0.17797228401815415
0.17797575624158202
0.17797922846500985
0.17798270068843774
0.17798617291186558
0.17798964513529342
0.1779931173587213
0.17799658958214912
0.178000061805577
0.17800353402900485
0.17800700625243268
0.17801047847586057
0.1780139506992884
0.17801742292271627
0.1780208951461441
0.178024367369572
0.17802783959299986
0.17803131181642767
0.17803478403985554
0.17803825626328337
0.17804172848671126
0.17804520071013913
0.17804867293356696
0.17805214515699486
0.17805561738042264
0.17805908960385053
0.17806256182727837
0.17806603405070626
0.17806950627413412
0.17807297849756196
0.17807645072098985
0.17807992294441763
0.17808339516784552
0.17808686739127338
0.17809033961470122
0.1780938118381291
0.17809728406155695
0.1781007562849848
0.1781042285084127
0.17810770073184048
0.17811117295526838
0.1781146451786962
0.17811811740212408
0.17812158962555197
