0.33993067358703943
0.33993414581046727
0.33993761803389516
0.339941090257323
0.33994456248075083
0.33994803470417867
0.33995150692760656
0.3399549791510344
0.33995845137446223
0.3399619235978901
0.339965395821318
0.33996886804474585
0.3399723402681737
0.3399758124916016
0.3399792847150294
0.33998275693845725
0.3399862291618851
0.3399897013853129
0.33999317360874076
0.3399966458321687
0.34000011805559655
0.3400035902790244
0.3400070625024522
0.3400105347258801
0.34001400694930795
0.3400174791727358
0.3400209513961636
0.3400244236195915
0.34002789584301935
0.34003136806644724
0.3400348402898751
0.34003831251330296
0.3400417847367308
0.3400452569601587
0.34004872918358653
0.34005220140701437
0.3400556736304422
0.3400591458538701
0.34006261807729793
0.34006609030072577
0.3400695625241536
0.34007303474758155
0.3400765069710094
0.3400799791944372
0.34008345141786506
0.3400869236412929
0.3400903958647208
0.3400938680881486
0.34009734031157646
0.3401008125350043
0.3401042847584322
0.3401077569818601
0.3401112292052879
0.34011470142871575
0.34011817365214364
0.3401216458755715
0.3401251180989993
0.34012859032242715
0.34013206254585504
0.3401355347692829
0.34013900699271077
0.3401424792161386
0.34014595143956644
0.34014942366299433
0.3401528958864222
0.34015636810985
0.34015984033327784
0.3401633125567057
0.3401667847801336
0.34017025700356146
0.3401737292269893
0.34017720145041713
0.340180673673845
0.34018414589727286
0.34018761812070075
0.3401910903441286
0.3401945625675564
0.34019803479098426
0.34020150701441215
0.34020497923784
0.3402084514612678
0.3402119236846957
0.3402153959081236
0.34021886813155144
0.3402223403549793
0.3402258125784071
0.340229284801835
0.34023275702526284
0.3402362292486907
0.3402397014721185
0.34024317369554635
0.3402466459189743
0.34025011814240214
0.34025359036582997
0.3402570625892578
0.3402605348126857
0.34026400703611354
0.34026747925954137
0.3402709514829692
0.3402744237063971
0.34027789592982494
0.34028136815325283
0.34028484037668066
0.34028831260010856
0.3402917848235364
0.3402952570469643
0.34029872927039206
0.34030220149381996
0.3403056737172478
0.3403091459406757
0.3403126181641035
0.34031609038753136
0.3403195626109592
0.34032303483438714
0.340326507057815
0.3403299792812428
0.34033345150467065
0.3403369237280985
0.3403403959515264
0.3403438681749542
0.34034734039838205
0.3403508126218099
0.3403542848452378
0.34035775706866567
0.3403612292920935
0.34036470151552134
0.3403681737389492
0.34037164596237707
0.3403751181858049
0.34037859040923274
0.34038206263266063
0.34038553485608847
0.34038900707951636
0.3403924793029442
0.34039595152637203
0.3403994237497999
0.34040289597322776
0.3404063681966556
0.34040984042008343
0.34041331264351127
0.34041678486693916
0.34042025709036705
0.3404237293137949
0.3404272015372227
0.3404306737606506
0.34043414598407845
0.3404376182075063
0.3404410904309341
0.340444562654362
0.34044803487778985
0.34045150710121774
0.3404549793246456
0.3404584515480734
0.3404619237715013
0.3404653959949292
0.34046886821835703
0.34047234044178487
0.3404758126652127
0.3404792848886406
0.34048275711206843
0.34048622933549627
0.3404897015589241
0.34049317378235194
0.3404966460057799
0.3405001182292077
0.34050359045263556
0.3405070626760634
0.34051053489949124
0.3405140071229191
0.34051747934634696
0.3405209515697748
0.3405244237932027
0.3405278960166305
0.3405313682400584
0.34053484046348625
0.34053831268691415
0.340541784910342
0.3405452571337698
0.34054872935719765
0.34055220158062555
0.3405556738040534
0.3405591460274813
0.3405626182509091
0.34056609047433695
0.3405695626977648
0.34057303492119273
0.34057650714462057
0.34057997936804835
0.3405834515914762
0.340586923814904
0.34059039603833197
0.3405938682617598
0.34059734048518764
0.3406008127086155
0.34060428493204337
0.34060775715547126
0.3406112293788991
0.34061470160232693
0.34061817382575477
0.34062164604918266
