0.26423620285979266
0.26423967508322055
0.2642431473066484
0.2642466195300762
0.26425009175350406
0.2642535639769319
0.26425703620035973
0.2642605084237876
0.2642639806472155
0.26426745287064335
0.2642709250940712
0.2642743973174991
0.2642778695409269
0.26428134176435475
0.2642848139877826
0.2642882862112105
0.2642917584346383
0.26429523065806615
0.26429870288149404
0.26430217510492193
0.26430564732834977
0.2643091195517776
0.2643125917752055
0.26431606399863333
0.26431953622206117
0.264323008445489
0.26432648066891684
0.26432995289234473
0.26433342511577257
0.26433689733920046
0.2643403695626283
0.2643438417860562
0.264347314009484
0.26435078623291186
0.2643542584563397
0.2643577306797676
0.2643612029031954
0.26436467512662326
0.26436814735005115
0.264371619573479
0.2643750917969069
0.2643785640203347
0.2643820362437626
0.26438550846719044
0.2643889806906183
0.2643924529140461
0.264395925137474
0.26439939736090184
0.2644028695843297
0.26440634180775757
0.2644098140311854
0.2644132862546133
0.26441675847804114
0.264420230701469
0.2644237029248968
0.26442717514832464
0.26443064737175254
0.2644341195951804
0.26443759181860826
0.2644410640420361
0.264444536265464
0.26444800848889183
0.2644514807123197
0.26445495293574756
0.2644584251591754
0.26446189738260323
0.26446536960603106
0.26446884182945896
0.2644723140528868
0.2644757862763147
0.2644792584997425
0.26448273072317036
0.26448620294659825
0.2644896751700261
0.2644931473934539
0.26449661961688176
0.26450009184030965
0.2645035640637375
0.2645070362871653
0.2645105085105932
0.2645139807340211
0.26451745295744894
0.2645209251808768
0.26452439740430467
0.2645278696277325
0.26453134185116034
0.2645348140745882
0.26453828629801607
0.2645417585214439
0.26454523074487174
0.26454870296829963
0.2645521751917275
0.26455564741515536
0.2645591196385832
0.26456259186201103
0.26456606408543887
0.26456953630886676
0.2645730085322946
0.26457648075572243
0.2645799529791503
0.26458342520257816
0.26458689742600605
0.2645903696494339
0.2645938418728618
0.2645973140962896
0.26460078631971745
0.2646042585431453
0.2646077307665732
0.264611202990001
0.26461467521342885
0.26461814743685674
0.2646216196602846
0.26462509188371247
0.2646285641071403
0.26463203633056814
0.264635508553996
0.2646389807774238
0.2646424530008517
0.2646459252242796
0.26464939744770744
0.26465286967113527
0.26465634189456316
0.264659814117991
0.2646632863414189
0.2646667585648467
0.26467023078827456
0.2646737030117024
0.26467717523513024
0.2646806474585581
0.26468411968198596
0.26468759190541385
0.2646910641288417
0.2646945363522696
0.2646980085756974
0.26470148079912525
0.2647049530225531
0.2647084252459809
0.2647118974694088
0.26471536969283666
0.2647188419162645
0.2647223141396924
0.2647257863631203
0.2647292585865481
0.26473273080997595
0.26473620303340384
0.2647396752568317
0.2647431474802595
0.26474661970368735
0.26475009192711524
0.2647535641505431
0.2647570363739709
0.2647605085973988
0.2647639808208267
0.26476745304425453
0.26477092526768237
0.2647743974911102
0.2647778697145381
0.26478134193796593
0.26478481416139377
0.26478828638482166
0.2647917586082495
0.26479523083167733
0.2647987030551052
0.2648021752785331
0.26480564750196095
0.2648091197253888
0.2648125919488166
0.26481606417224446
0.26481953639567235
0.2648230086191002
0.264826480842528
0.2648299530659559
0.26483342528938375
0.26483689751281164
0.2648403697362395
0.2648438419596673
0.26484731418309515
0.264850786406523
0.2648542586299509
0.26485773085337877
0.2648612030768066
0.26486467530023444
0.26486814752366233
0.26487161974709017
0.26487509197051806
0.2648785641939459
0.26488203641737373
0.26488550864080157
0.2648889808642294
0.2648924530876573
0.2648959253110852
0.264899397534513
0.26490286975794086
0.26490634198136875
0.2649098142047966
0.2649132864282245
0.26491675865165226
0.26492023087508015
0.264923703098508
0.2649271753219358
