0.04479168221933404
0.04479515444276197
0.044798626666189806
0.044802098889617635
0.04480557111304547
0.04480904333647331
0.044812515559901234
0.04481598778332907
0.044819460006756906
0.04482293223018483
0.04482640445361257
0.044829876677040505
0.044833348900468334
0.04483682112389617
0.044840293347324096
0.04484376557075193
0.04484723779417977
0.044850710017607695
0.044854182241035434
0.04485765446446337
0.0448611266878912
0.04486459891131903
0.04486807113474687
0.044871543358174795
0.04487501558160263
0.04487848780503047
0.044881960028458304
0.04488543225188613
0.044888904475314066
0.044892376698741895
0.04489584892216973
0.04489932114559757
0.044902793369025404
0.04490626559245333
0.044909737815881166
0.044913210039309
0.04491668226273693
0.04492015448616467
0.044923626709592594
0.04492709893302043
0.04493057115644827
0.04493404337987619
0.04493751560330403
0.044940987826731865
0.044944460050159694
0.04494793227358753
0.04495140449701546
0.04495487672044329
0.04495834894387113
0.044961821167298965
0.04496529339072689
0.04496876561415473
0.044972237837582564
0.04497571006101039
0.04497918228443823
0.044982654507866156
0.04498612673129399
0.04498959895472183
0.044993071178149664
0.04499654340157749
0.04500001562500543
0.045003487848433256
0.04500696007186109
0.04501043229528902
0.045013904518716855
0.04501737674214469
0.04502084896557253
0.04502432118900036
0.04502779341242829
0.045031265635856126
0.045034737859283955
0.04503821008271179
0.04504168230613963
0.04504515452956755
0.04504862675299539
0.045052098976423226
0.045055571199851055
0.04505904342327899
0.04506251564670682
0.045065987870134654
0.04506946009356249
0.045072932316990326
0.04507640454041825
0.04507987676384609
0.045083348987273925
0.04508682121070185
0.04509029343412959
0.045093765657557516
0.04509723788098535
0.04510071010441319
0.045104182327841115
0.04510765455126895
0.04511112677469679
0.04511459899812462
0.04511807122155245
0.045121543444980386
0.045125015668408215
0.04512848789183605
0.04513196011526389
0.045135432338691724
0.04513890456211955
0.045142376785547486
0.045145849008975315
0.04514932123240315
0.04515279345583108
0.045156265679258824
0.04515973790268675
0.045163210126114586
0.04516668234954242
0.04517015457297035
0.045173626796398185
0.045177099019826014
0.04518057124325395
0.045184043466681686
0.04518751569010961
0.04519098791353745
0.045194460136965285
0.04519793236039321
0.04520140458382105
0.04520487680724888
0.04520834903067671
0.04521182125410455
0.045215293477532385
0.04521876570096031
0.04522223792438815
0.045225710147815984
0.04522918237124391
0.04523265459467165
0.045236126818099576
0.04523959904152741
0.04524307126495525
0.045246543488383174
0.04525001571181101
0.04525348793523885
0.04525696015866668
0.04526043238209451
0.045263904605522445
0.045267376828950275
0.04527084905237811
0.04527432127580604
0.04527779349923378
0.04528126572266171
0.045284737946089546
0.045288210169517375
0.04529168239294521
0.04529515461637314
0.04529862683980097
0.04530209906322881
0.045305571286656646
0.04530904351008448
0.04531251573351241
0.045315987956940244
0.045319460180368074
0.04532293240379601
0.045326404627223746
0.04532987685065167
0.04533334907407951
0.045336821297507345
0.04534029352093527
0.04534376574436311
0.045347237967790936
0.04535071019121877
0.04535418241464661
0.045357654638074535
0.04536112686150237
0.04536459908493021
0.04536807130835804
0.04537154353178597
0.045375015755213806
0.045378487978641635
0.04538196020206947
0.04538543242549731
0.045388904648925234
0.04539237687235307
0.045395849095780906
0.045399321319208735
0.04540279354263657
0.0454062657660645
0.045409737989492334
0.04541321021292017
0.045416682436348096
0.04542015465977584
0.04542362688320377
0.045427099106631605
0.045430571330059434
0.04543404355348737
0.0454375157769152
0.04544098800034303
0.04544446022377087
0.045447932447198705
0.04545140467062663
0.04545487689405447
0.045458349117482304
0.04546182134091013
0.045465293564338066
0.045468765787765895
0.04547223801119373
0.04547571023462157
0.045479182458049404
0.04548265468147733
