0.8100697257186547
0.8100731979420827
0.8100766701655104
0.8100801423889384
0.8100836146123661
0.8100870868357941
0.8100905590592219
0.8100940312826498
0.8100975035060776
0.8101009757295055
0.8101044479529333
0.8101079201763612
0.810111392399789
0.8101148646232169
0.8101183368466448
0.8101218090700726
0.8101252812935005
0.8101287535169283
0.8101322257403561
0.8101356979637839
0.8101391701872118
0.8101426424106398
0.8101461146340676
0.8101495868574955
0.8101530590809233
0.8101565313043512
0.810160003527779
0.8101634757512068
0.8101669479746347
0.8101704201980625
0.8101738924214905
0.8101773646449182
0.8101808368683462
0.810184309091774
0.8101877813152019
0.8101912535386296
0.8101947257620575
0.8101981979854854
0.8102016702089133
0.8102051424323411
0.810208614655769
0.8102120868791969
0.8102155591026247
0.8102190313260526
0.8102225035494803
0.8102259757729083
0.810229447996336
0.810232920219764
0.8102363924431918
0.8102398646666197
0.8102433368900476
0.8102468091134754
0.8102502813369032
0.810253753560331
0.8102572257837589
0.8102606980071868
0.8102641702306147
0.8102676424540426
0.8102711146774704
0.8102745869008983
0.810278059124326
0.8102815313477539
0.8102850035711817
0.8102884757946096
0.8102919480180375
0.8102954202414654
0.8102988924648932
0.8103023646883211
0.810305836911749
0.8103093091351767
0.8103127813586046
0.8103162535820324
0.8103197258054604
0.8103231980288881
0.8103266702523161
0.8103301424757439
0.8103336146991719
0.8103370869225996
0.8103405591460275
0.8103440313694553
0.8103475035928831
0.810350975816311
0.8103544480397389
0.8103579202631668
0.8103613924865947
0.8103648647100226
0.8103683369334503
0.8103718091568782
0.810375281380306
0.8103787536037339
0.8103822258271617
0.8103856980505896
0.8103891702740175
0.8103926424974454
0.8103961147208733
0.810399586944301
0.8104030591677289
0.8104065313911567
0.8104100036145846
0.8104134758380125
0.8104169480614403
0.8104204202848682
0.8104238925082959
0.8104273647317239
0.8104308369551517
0.8104343091785796
0.8104377814020074
0.8104412536254353
0.8104447258488631
0.810448198072291
0.8104516702957189
0.8104551425191467
0.8104586147425746
0.8104620869660024
0.8104655591894303
0.8104690314128581
0.810472503636286
0.8104759758597138
0.8104794480831418
0.8104829203065695
0.8104863925299974
0.8104898647534253
0.8104933369768531
0.810496809200281
0.8105002814237088
0.8105037536471367
0.8105072258705645
0.8105106980939925
0.8105141703174203
0.8105176425408481
0.810521114764276
0.8105245869877038
0.8105280592111317
0.8105315314345595
0.8105350036579874
0.8105384758814151
0.810541948104843
0.8105454203282709
0.8105488925516988
0.8105523647751267
0.8105558369985545
0.8105593092219824
0.8105627814454102
0.810566253668838
0.8105697258922658
0.8105731981156938
0.8105766703391216
0.8105801425625496
0.8105836147859773
0.8105870870094052
0.8105905592328331
0.8105940314562609
0.8105975036796887
0.8106009759031165
0.8106044481265445
0.8106079203499724
0.8106113925734002
0.8106148647968281
0.810618337020256
0.8106218092436838
0.8106252814671117
0.8106287536905394
0.8106322259139673
0.8106356981373951
0.810639170360823
0.8106426425842509
0.8106461148076788
0.8106495870311067
0.8106530592545345
0.8106565314779623
0.8106600037013901
0.810663475924818
0.8106669481482459
0.8106704203716737
0.8106738925951017
0.8106773648185295
0.8106808370419574
0.8106843092653852
0.810687781488813
0.8106912537122408
0.8106947259356687
0.8106981981590966
0.8107016703825245
0.8107051426059523
0.8107086148293802
0.8107120870528081
0.8107155592762358
0.8107190314996637
0.8107225037230915
0.8107259759465194
0.8107294481699472
0.8107329203933751
0.810736392616803
0.8107398648402309
0.8107433370636588
0.8107468092870865
0.8107502815105144
0.8107537537339422
0.8107572259573701
0.810760698180798
