0.35451401198403193
0.35451748420745977
0.3545209564308876
0.3545244286543155
0.3545279008777434
0.3545313731011712
0.35453484532459906
0.3545383175480269
0.3545417897714548
0.3545452619948826
0.35454873421831046
0.3545522064417383
0.3545556786651662
0.354559150888594
0.3545626231120219
0.35456609533544975
0.3545695675588776
0.3545730397823055
0.3545765120057333
0.35457998422916115
0.354583456452589
0.3545869286760169
0.35459040089944477
0.3545938731228726
0.35459734534630044
0.35460081756972833
0.3546042897931562
0.35460776201658406
0.3546112342400119
0.35461470646343973
0.35461817868686757
0.35462165091029546
0.3546251231337233
0.35462859535715113
0.35463206758057897
0.35463553980400686
0.35463901202743475
0.3546424842508626
0.3546459564742904
0.35464942869771826
0.3546529009211461
0.354656373144574
0.3546598453680018
0.3546633175914297
0.35466678981485755
0.35467026203828544
0.3546737342617133
0.35467720648514117
0.354680678708569
0.35468415093199684
0.3546876231554247
0.3546910953788525
0.3546945676022804
0.3546980398257083
0.35470151204913614
0.354704984272564
0.3547084564959918
0.35471192871941964
0.35471540094284754
0.3547188731662754
0.3547223453897032
0.35472581761313104
0.35472928983655894
0.35473276205998683
0.35473623428341466
0.3547397065068425
0.3547431787302704
0.3547466509536983
0.3547501231771261
0.35475359540055396
0.3547570676239818
0.35476053984740963
0.3547640120708375
0.35476748429426536
0.3547709565176932
0.3547744287411211
0.354777900964549
0.3547813731879768
0.35478484541140465
0.3547883176348325
0.3547917898582604
0.3547952620816882
0.35479873430511605
0.3548022065285439
0.3548056787519718
0.3548091509753996
0.3548126231988275
0.35481609542225534
0.3548195676456832
0.35482303986911107
0.3548265120925389
0.35482998431596674
0.3548334565393946
0.35483692876282247
0.35484040098625036
0.3548438732096782
0.35484734543310603
0.3548508176565339
0.3548542898799618
0.3548577621033896
0.35486123432681743
0.35486470655024527
0.35486817877367316
0.35487165099710105
0.3548751232205289
0.3548785954439567
0.35488206766738456
0.35488553989081245
0.35488901211424034
0.3548924843376682
0.354895956561096
0.35489942878452385
0.3549029010079517
0.3549063732313796
0.3549098454548074
0.3549133176782353
0.35491678990166314
0.35492026212509103
0.35492373434851887
0.3549272065719467
0.35493067879537454
0.35493415101880244
0.35493762324223027
0.3549410954656581
0.354944567689086
0.3549480399125139
0.3549515121359417
0.35495498435936956
0.3549584565827974
0.35496192880622524
0.3549654010296531
0.35496887325308096
0.3549723454765088
0.35497581769993664
0.3549792899233645
0.3549827621467924
0.35498623437022025
0.3549897065936481
0.354993178817076
0.3549966510405039
0.35500012326393166
0.3550035954873595
0.3550070677107874
0.3550105399342152
0.3550140121576431
0.35501748438107095
0.3550209566044988
0.3550244288279267
0.35502790105135457
0.3550313732747824
0.35503484549821024
0.3550383177216381
0.35504178994506597
0.3550452621684938
0.35504873439192164
0.3550522066153495
0.35505567883877737
0.3550591510622052
0.3550626232856331
0.35506609550906093
0.35506956773248877
0.3550730399559166
0.3550765121793445
0.35507998440277233
0.35508345662620017
0.35508692884962806
0.35509040107305595
0.3550938732964838
0.3550973455199116
0.3551008177433395
0.35510428996676735
0.3551077621901952
0.355111234413623
0.35511470663705086
0.35511817886047875
0.35512165108390664
0.3551251233073345
0.3551285955307623
0.35513206775419015
0.35513553997761804
0.35513901220104593
0.3551424844244737
0.35514595664790155
0.35514942887132944
0.3551529010947573
0.35515637331818517
0.355159845541613
0.3551633177650409
0.35516678998846873
0.3551702622118966
0.35517373443532446
0.3551772066587523
0.35518067888218013
0.355184151105608
0.35518762332903586
0.3551910955524637
0.35519456777589153
0.3551980399993195
0.3552015122227473
0.35520498444617515
