0.7892363851515227
0.7892398573749505
0.7892433295983784
0.7892468018218062
0.7892502740452341
0.7892537462686618
0.7892572184920897
0.7892606907155176
0.7892641629389454
0.7892676351623733
0.7892711073858012
0.7892745796092291
0.7892780518326569
0.7892815240560848
0.7892849962795125
0.7892884685029404
0.7892919407263682
0.7892954129497961
0.789298885173224
0.7893023573966519
0.7893058296200798
0.7893093018435076
0.7893127740669355
0.7893162462903632
0.7893197185137911
0.789323190737219
0.7893266629606469
0.7893301351840748
0.7893336074075026
0.7893370796309305
0.7893405518543583
0.7893440240777861
0.7893474963012139
0.7893509685246418
0.7893544407480697
0.7893579129714976
0.7893613851949255
0.7893648574183533
0.7893683296417812
0.7893718018652089
0.7893752740886368
0.7893787463120646
0.7893822185354926
0.7893856907589203
0.7893891629823483
0.7893926352057761
0.789396107429204
0.7893995796526319
0.7894030518760596
0.7894065240994875
0.7894099963229153
0.7894134685463432
0.789416940769771
0.789420412993199
0.7894238852166269
0.7894273574400548
0.7894308296634825
0.7894343018869103
0.7894377741103382
0.789441246333766
0.7894447185571939
0.7894481907806218
0.7894516630040497
0.7894551352274776
0.7894586074509055
0.7894620796743332
0.7894655518977611
0.7894690241211889
0.7894724963446168
0.7894759685680446
0.7894794407914725
0.7894829130149004
0.7894863852383281
0.7894898574617562
0.7894933296851839
0.7894968019086118
0.7895002741320396
0.7895037463554675
0.7895072185788953
0.7895106908023232
0.7895141630257511
0.789517635249179
0.7895211074726068
0.7895245796960346
0.7895280519194625
0.7895315241428903
0.7895349963663182
0.789538468589746
0.7895419408131739
0.7895454130366018
0.7895488852600296
0.7895523574834574
0.7895558297068853
0.7895593019303132
0.789562774153741
0.7895662463771689
0.7895697186005967
0.7895731908240246
0.7895766630474526
0.7895801352708802
0.7895836074943082
0.789587079717736
0.7895905519411639
0.7895940241645917
0.7895974963880196
0.7896009686114475
0.7896044408348752
0.7896079130583031
0.789611385281731
0.7896148575051589
0.7896183297285867
0.7896218019520146
0.7896252741754424
0.7896287463988703
0.789632218622298
0.789635690845726
0.7896391630691538
0.7896426352925817
0.7896461075160095
0.7896495797394374
0.7896530519628653
0.7896565241862931
0.789659996409721
0.7896634686331487
0.7896669408565767
0.7896704130800046
0.7896738853034324
0.7896773575268603
0.7896808297502881
0.789684301973716
0.7896877741971438
0.7896912464205716
0.7896947186439995
0.7896981908674273
0.7897016630908552
0.7897051353142831
0.789708607537711
0.7897120797611389
0.7897155519845667
0.7897190242079944
0.7897224964314223
0.7897259686548501
0.7897294408782781
0.7897329131017059
0.7897363853251339
0.7897398575485617
0.7897433297719896
0.7897468019954174
0.7897502742188452
0.789753746442273
0.7897572186657009
0.7897606908891288
0.7897641631125566
0.7897676353359845
0.7897711075594124
0.7897745797828403
0.789778052006268
0.7897815242296959
0.7897849964531237
0.7897884686765516
0.7897919408999794
0.7897954131234073
0.7897988853468352
0.7898023575702631
0.789805829793691
0.7898093020171187
0.7898127742405466
0.7898162464639744
0.7898197186874023
0.7898231909108302
0.789826663134258
0.789830135357686
0.7898336075811138
0.7898370798045417
0.7898405520279694
0.7898440242513973
0.7898474964748251
0.789850968698253
0.7898544409216809
0.7898579131451087
0.7898613853685367
0.7898648575919645
0.7898683298153923
0.7898718020388201
0.789875274262248
0.7898787464856758
0.7898822187091038
0.7898856909325315
0.7898891631559595
0.7898926353793873
0.7898961076028151
0.789899579826243
0.7899030520496708
0.7899065242730987
0.7899099964965265
0.7899134687199544
0.7899169409433822
0.7899204131668102
0.7899238853902381
0.7899273576136658
