0.733680810305837
0.7336842825292648
0.7336877547526927
0.7336912269761204
0.7336946991995483
0.7336981714229761
0.733701643646404
0.733705115869832
0.7337085880932598
0.7337120603166877
0.7337155325401155
0.7337190047635433
0.7337224769869711
0.733725949210399
0.7337294214338269
0.7337328936572547
0.7337363658806826
0.7337398381041105
0.7337433103275384
0.7337467825509661
0.733750254774394
0.7337537269978218
0.7337571992212497
0.7337606714446775
0.7337641436681054
0.7337676158915334
0.7337710881149612
0.7337745603383891
0.7337780325618168
0.7337815047852447
0.7337849770086725
0.7337884492321004
0.7337919214555283
0.7337953936789562
0.733798865902384
0.7338023381258119
0.7338058103492398
0.7338092825726675
0.7338127547960954
0.7338162270195232
0.7338196992429511
0.733823171466379
0.7338266436898069
0.7338301159132347
0.7338335881366626
0.7338370603600904
0.7338405325835182
0.7338440048069461
0.7338474770303739
0.7338509492538018
0.7338544214772296
0.7338578937006576
0.7338613659240855
0.7338648381475132
0.7338683103709411
0.7338717825943689
0.7338752548177968
0.7338787270412246
0.7338821992646525
0.7338856714880804
0.7338891437115083
0.733892615934936
0.733896088158364
0.7338995603817918
0.7339030326052196
0.7339065048286475
0.7339099770520753
0.7339134492755032
0.7339169214989311
0.733920393722359
0.7339238659457867
0.7339273381692147
0.7339308103926425
0.7339342826160704
0.7339377548394982
0.7339412270629261
0.7339446992863539
0.7339481715097816
0.7339516437332096
0.7339551159566375
0.7339585881800654
0.7339620604034932
0.7339655326269211
0.7339690048503489
0.7339724770737768
0.7339759492972046
0.7339794215206324
0.7339828937440603
0.7339863659674881
0.7339898381909161
0.7339933104143439
0.7339967826377718
0.7340002548611996
0.7340037270846275
0.7340071993080552
0.7340106715314831
0.734014143754911
0.7340176159783389
0.7340210882017668
0.7340245604251946
0.7340280326486225
0.7340315048720503
0.7340349770954782
0.7340384493189059
0.7340419215423338
0.7340453937657617
0.7340488659891895
0.7340523382126175
0.7340558104360453
0.7340592826594732
0.734062754882901
0.7340662271063289
0.7340696993297566
0.7340731715531846
0.7340766437766124
0.7340801160000403
0.7340835882234682
0.734087060446896
0.7340905326703239
0.7340940048937517
0.7340974771171795
0.7341009493406073
0.7341044215640352
0.7341078937874631
0.734111366010891
0.7341148382343189
0.7341183104577467
0.7341217826811746
0.7341252549046023
0.7341287271280302
0.734132199351458
0.734135671574886
0.7341391437983138
0.7341426160217417
0.7341460882451696
0.7341495604685974
0.7341530326920253
0.734156504915453
0.7341599771388809
0.7341634493623087
0.7341669215857367
0.7341703938091645
0.7341738660325924
0.7341773382560203
0.734180810479448
0.734184282702876
0.7341877549263037
0.7341912271497316
0.7341946993731594
0.7341981715965873
0.7342016438200152
0.7342051160434432
0.734208588266871
0.7342120604902989
0.7342155327137266
0.7342190049371545
0.7342224771605823
0.7342259493840102
0.7342294216074381
0.7342328938308659
0.7342363660542938
0.7342398382777217
0.7342433105011495
0.7342467827245773
0.7342502549480052
0.734253727171433
0.7342571993948609
0.7342606716182887
0.7342641438417166
0.7342676160651446
0.7342710882885723
0.7342745605120002
0.734278032735428
0.7342815049588559
0.7342849771822837
0.7342884494057116
0.7342919216291395
0.7342953938525673
0.7342988660759951
0.734302338299423
0.7343058105228509
0.7343092827462787
0.7343127549697066
0.7343162271931344
0.7343196994165623
0.7343231716399902
0.734326643863418
0.7343301160868458
0.7343335883102737
0.7343370605337016
0.7343405327571294
0.7343440049805573
0.7343474772039851
0.734350949427413
0.7343544216508407
0.7343578938742688
0.7343613660976966
0.7343648383211244
0.7343683105445523
0.7343717827679801
