0.9065975370130337
0.9066010092364615
0.9066044814598895
0.9066079536833171
0.9066114259067451
0.906614898130173
0.9066183703536008
0.9066218425770287
0.9066253148004565
0.9066287870238844
0.9066322592473122
0.9066357314707402
0.9066392036941678
0.9066426759175958
0.9066461481410237
0.9066496203644515
0.9066530925878794
0.9066565648113072
0.9066600370347351
0.9066635092581629
0.9066669814815909
0.9066704537050185
0.9066739259284465
0.9066773981518744
0.9066808703753022
0.9066843425987301
0.9066878148221579
0.9066912870455858
0.9066947592690136
0.9066982314924414
0.9067017037158692
0.9067051759392972
0.9067086481627251
0.9067121203861529
0.9067155926095808
0.9067190648330086
0.9067225370564365
0.9067260092798642
0.9067294815032922
0.9067329537267199
0.9067364259501479
0.9067398981735758
0.9067433703970036
0.9067468426204315
0.9067503148438593
0.9067537870672872
0.9067572592907149
0.9067607315141429
0.9067642037375708
0.9067676759609986
0.9067711481844265
0.9067746204078543
0.9067780926312822
0.90678156485471
0.9067850370781378
0.9067885093015656
0.9067919815249935
0.9067954537484213
0.9067989259718494
0.9068023981952772
0.9068058704187051
0.9068093426421329
0.9068128148655606
0.9068162870889885
0.9068197593124163
0.9068232315358444
0.906826703759272
0.9068301759827001
0.9068336482061279
0.9068371204295558
0.9068405926529836
0.9068440648764114
0.9068475370998392
0.9068510093232671
0.9068544815466951
0.9068579537701229
0.9068614259935508
0.9068648982169786
0.9068683704404065
0.9068718426638342
0.9068753148872621
0.9068787871106899
0.9068822593341178
0.9068857315575456
0.9068892037809735
0.9068926760044015
0.9068961482278293
0.9068996204512572
0.9069030926746849
0.9069065648981128
0.9069100371215406
0.9069135093449685
0.9069169815683965
0.9069204537918242
0.9069239260152522
0.90692739823868
0.9069308704621079
0.9069343426855356
0.9069378149089635
0.9069412871323913
0.9069447593558192
0.9069482315792472
0.906951703802675
0.9069551760261029
0.9069586482495307
0.9069621204729585
0.9069655926963863
0.9069690649198142
0.906972537143242
0.9069760093666699
0.9069794815900977
0.9069829538135256
0.9069864260369536
0.9069898982603813
0.9069933704838092
0.906996842707237
0.9070003149306649
0.9070037871540927
0.9070072593775206
0.9070107316009486
0.9070142038243763
0.9070176760478043
0.907021148271232
0.9070246204946599
0.9070280927180877
0.9070315649415156
0.9070350371649434
0.9070385093883713
0.9070419816117993
0.9070454538352271
0.907048926058655
0.9070523982820827
0.9070558705055106
0.9070593427289384
0.9070628149523663
0.9070662871757941
0.907069759399222
0.9070732316226497
0.9070767038460776
0.9070801760695056
0.9070836482929335
0.9070871205163613
0.9070905927397891
0.907094064963217
0.9070975371866448
0.9071010094100727
0.9071044816335007
0.9071079538569283
0.9071114260803563
0.9071148983037842
0.907118370527212
0.9071218427506399
0.9071253149740677
0.9071287871974956
0.9071322594209233
0.9071357316443514
0.907139203867779
0.907142676091207
0.9071461483146349
0.9071496205380627
0.9071530927614906
0.9071565649849184
0.9071600372083463
0.907163509431774
0.907166981655202
0.9071704538786297
0.9071739261020577
0.9071773983254856
0.9071808705489134
0.9071843427723413
0.9071878149957691
0.907191287219197
0.9071947594426247
0.9071982316660526
0.9072017038894804
0.9072051761129084
0.9072086483363363
0.9072121205597641
0.907215592783192
0.9072190650066198
0.9072225372300476
0.9072260094534754
0.9072294816769034
0.9072329539003311
0.9072364261237591
0.907239898347187
0.9072433705706148
0.9072468427940427
0.9072503150174704
0.9072537872408983
0.9072572594643261
0.9072607316877541
0.907264203911182
0.9072676761346098
0.9072711483580377
0.9072746205814655
0.9072780928048934
0.9072815650283211
0.907285037251749
0.9072885094751768
