0.10104170175059086
0.10104517397401874
0.10104864619744654
0.10105211842087441
0.10105559064430225
0.10105906286773013
0.10106253509115802
0.10106600731458586
0.10106947953801373
0.10107295176144152
0.1010764239848694
0.10107989620829728
0.10108336843172512
0.101086840655153
0.10109031287858083
0.10109378510200871
0.10109725732543659
0.10110072954886438
0.10110420177229226
0.1011076739957201
0.10111114621914798
0.10111461844257587
0.10111809066600369
0.10112156288943158
0.10112503511285936
0.10112850733628724
0.10113197955971508
0.10113545178314297
0.10113892400657085
0.10114239622999868
0.10114586845342652
0.10114934067685435
0.10115281290028223
0.10115628512371011
0.10115975734713795
0.10116322957056582
0.10116670179399362
0.1011701740174215
0.10117364624084937
0.10117711846427721
0.10118059068770509
0.10118406291113292
0.1011875351345608
0.1011910073579887
0.10119447958141647
0.10119795180484435
0.10120142402827219
0.10120489625170008
0.10120836847512792
0.1012118406985558
0.10121531292198367
0.10121878514541147
0.10122225736883934
0.10122572959226718
0.10122920181569506
0.10123267403912294
0.10123614626255077
0.10123961848597865
0.10124309070940644
0.10124656293283432
0.1012500351562622
0.10125350737969004
0.10125697960311793
0.10126045182654575
0.10126392404997359
0.10126739627340142
0.1012708684968293
0.10127434072025719
0.10127781294368503
0.1012812851671129
0.10128475739054074
0.10128822961396858
0.10129170183739646
0.10129517406082429
0.10129864628425217
0.10130211850768
0.10130559073110788
0.10130906295453576
0.10131253517796356
0.10131600740139143
0.10131947962481927
0.10132295184824715
0.10132642407167504
0.10132989629510286
0.10133336851853075
0.10133684074195853
0.10134031296538641
0.10134378518881425
0.10134725741224214
0.10135072963567002
0.10135420185909785
0.10135767408252573
0.10136114630595353
0.1013646185293814
0.10136809075280928
0.10137156297623712
0.101375035199665
0.10137850742309283
0.10138197964652071
0.10138545186994855
0.10138892409337638
0.10139239631680426
0.1013958685402321
0.10139934076365999
0.10140281298708786
0.10140628521051565
0.10140975743394354
0.10141322965737136
0.10141670188079925
0.10142017410422709
0.10142364632765496
0.10142711855108284
0.10143059077451064
0.10143406299793851
0.10143753522136635
0.10144100744479423
0.1014444796682221
0.10144795189164994
0.10145142411507782
0.10145489633850562
0.10145836856193349
0.10146184078536137
0.1014653130087892
0.1014687852322171
0.10147225745564492
0.10147572967907281
0.1014792019025006
0.10148267412592847
0.10148614634935636
0.1014896185727842
0.10149309079621208
0.10149656301963991
0.10150003524306779
0.10150350746649563
0.10150697968992346
0.10151045191335134
0.10151392413677918
0.10151739636020705
0.10152086858363493
0.10152434080706277
0.1015278130304906
0.10153128525391844
0.10153475747734632
0.10153822970077421
0.10154170192420205
0.10154517414762992
0.1015486463710577
0.1015521185944856
0.10155559081791342
0.10155906304134131
0.10156253526476919
0.10156600748819702
0.1015694797116249
0.1015729519350527
0.10157642415848057
0.10157989638190845
0.10158336860533629
0.10158684082876417
0.101590313052192
0.10159378527561988
0.10159725749904777
0.10160072972247555
0.10160420194590343
0.10160767416933127
0.10161114639275916
0.10161461861618704
0.10161809083961487
0.10162156306304275
0.10162503528647053
0.10162850750989842
0.10163197973332626
0.10163545195675414
0.10163892418018201
0.10164239640360985
0.10164586862703769
0.10164934085046552
0.1016528130738934
0.10165628529732128
0.10165975752074911
0.10166322974417699
0.10166670196760479
0.10167017419103266
0.10167364641446054
0.10167711863788838
0.10168059086131627
0.10168406308474409
0.10168753530817198
0.10169100753159976
0.10169447975502766
0.10169795197845553
0.10170142420188337
0.10170489642531125
0.10170836864873908
0.10171184087216696
0.10171531309559484
0.10171878531902263
0.10172225754245051
0.10172572976587835
0.10172920198930623
0.1017326742127341
