0.3114584414786255
0.31146191370205334
0.31146538592548123
0.31146885814890907
0.3114723303723369
0.31147580259576474
0.3114792748191927
0.3114827470426205
0.31148621926604836
0.3114896914894762
0.31149316371290403
0.3114966359363319
0.31150010815975976
0.3115035803831876
0.31150705260661543
0.3115105248300433
0.3115139970534712
0.31151746927689905
0.3115209415003269
0.3115244137237548
0.3115278859471826
0.31153135817061045
0.3115348303940383
0.3115383026174662
0.311541774840894
0.3115452470643219
0.31154871928774974
0.3115521915111776
0.31155566373460547
0.3115591359580333
0.31156260818146114
0.311566080404889
0.3115695526283168
0.3115730248517447
0.3115764970751726
0.31157996929860043
0.31158344152202827
0.31158691374545616
0.311590385968884
0.3115938581923119
0.3115973304157397
0.31160080263916756
0.3116042748625954
0.3116077470860233
0.3116112193094511
0.31161469153287896
0.31161816375630685
0.31162163597973475
0.3116251082031626
0.3116285804265904
0.31163205265001825
0.31163552487344615
0.311638997096874
0.3116424693203018
0.31164594154372965
0.3116494137671575
0.31165288599058544
0.3116563582140133
0.3116598304374411
0.31166330266086895
0.31166677488429684
0.3116702471077247
0.3116737193311525
0.31167719155458035
0.31168066377800824
0.3116841360014361
0.31168760822486397
0.3116910804482918
0.3116945526717197
0.31169802489514753
0.31170149711857537
0.3117049693420032
0.3117084415654311
0.31171191378885893
0.3117153860122868
0.31171885823571466
0.3117223304591425
0.31172580268257033
0.3117292749059983
0.3117327471294261
0.31173621935285395
0.3117396915762818
0.3117431637997096
0.3117466360231375
0.31175010824656535
0.3117535804699932
0.311757052693421
0.3117605249168489
0.3117639971402768
0.31176746936370464
0.3117709415871325
0.3117744138105603
0.3117778860339882
0.31178135825741604
0.3117848304808439
0.31178830270427177
0.3117917749276996
0.3117952471511275
0.31179871937455533
0.31180219159798317
0.31180566382141106
0.3118091360448389
0.31181260826826673
0.31181608049169457
0.3118195527151224
0.3118230249385503
0.3118264971619782
0.311829969385406
0.31183344160883386
0.31183691383226175
0.3118403860556896
0.3118438582791174
0.31184733050254526
0.3118508027259731
0.311854274949401
0.3118577471728289
0.3118612193962567
0.31186469161968455
0.31186816384311244
0.31187163606654034
0.3118751082899682
0.311878580513396
0.31188205273682384
0.31188552496025174
0.3118889971836796
0.3118924694071074
0.31189594163053525
0.3118994138539631
0.31190288607739103
0.31190635830081886
0.3119098305242467
0.31191330274767454
0.3119167749711024
0.31192024719453026
0.3119237194179581
0.31192719164138594
0.31193066386481383
0.31193413608824166
0.31193760831166956
0.3119410805350974
0.3119445527585253
0.3119480249819531
0.31195149720538096
0.3119549694288088
0.3119584416522367
0.3119619138756645
0.3119653860990924
0.31196885832252025
0.3119723305459481
0.3119758027693759
0.31197927499280387
0.3119827472162317
0.3119862194396595
0.3119896916630873
0.31199316388651516
0.3119966361099431
0.31200010833337094
0.3120035805567988
0.3120070527802266
0.3120105250036545
0.3120139972270824
0.31201746945051023
0.31202094167393807
0.3120244138973659
0.3120278861207938
0.31203135834422163
0.31203483056764947
0.31203830279107736
0.3120417750145052
0.3120452472379331
0.3120487194613609
0.31205219168478876
0.3120556639082166
0.3120591361316445
0.3120626083550723
0.31206608057850016
0.312069552801928
0.3120730250253559
0.3120764972487838
0.3120799694722116
0.31208344169563945
0.31208691391906734
0.3120903861424952
0.312093858365923
0.31209733058935085
0.3121008028127787
0.3121042750362066
0.31210774725963447
0.3121112194830623
0.31211469170649014
0.31211816392991804
0.3121216361533459
0.3121251083767737
0.31212858060020154
0.31213205282362944
0.3121355250470573
0.31213899727048516
0.312142469493913
0.31214594171734084
0.31214941394076867
