0.4968751725261016
0.4968786447495294
0.49688211697295726
0.49688558919638515
0.496889061419813
0.4968925336432408
0.49689600586666866
0.4968994780900966
0.49690295031352444
0.4969064225369523
0.4969098947603801
0.49691336698380795
0.49691683920723584
0.4969203114306637
0.4969237836540915
0.49692725587751935
0.4969307281009473
0.49693420032437513
0.49693767254780297
0.4969411447712308
0.49694461699465864
0.49694808921808653
0.49695156144151437
0.4969550336649422
0.49695850588837004
0.496961978111798
0.4969654503352258
0.49696892255865366
0.4969723947820815
0.49697586700550933
0.4969793392289373
0.4969828114523651
0.4969862836757929
0.49698975589922073
0.4969932281226487
0.4969967003460765
0.49700017256950435
0.4970036447929322
0.49700711701636
0.49701058923978797
0.4970140614632158
0.49701753368664364
0.4970210059100715
0.49702447813349937
0.4970279503569272
0.49703142258035504
0.4970348948037829
0.4970383670272107
0.49704183925063866
0.4970453114740665
0.49704878369749433
0.49705225592092217
0.49705572814435006
0.4970592003677779
0.49706267259120573
0.49706614481463357
0.4970696170380614
0.49707308926148935
0.4970765614849172
0.497080033708345
0.49708350593177286
0.49708697815520075
0.4970904503786286
0.4970939226020564
0.49709739482548426
0.4971008670489121
0.49710433927234005
0.4971078114957679
0.4971112837191957
0.49711475594262355
0.4971182281660515
0.49712170038947934
0.4971251726129072
0.49712864483633495
0.4971321170597628
0.49713558928319074
0.4971390615066186
0.4971425337300464
0.49714600595347425
0.4971494781769022
0.49715295040033003
0.49715642262375787
0.4971598948471857
0.49716336707061354
0.49716683929404143
0.49717031151746927
0.4971737837408971
0.49717725596432494
0.4971807281877529
0.4971842004111807
0.49718767263460856
0.4971911448580364
0.49719461708146423
0.4971980893048921
0.49720156152831996
0.4972050337517478
0.49720850597517563
0.4972119781986036
0.4972154504220314
0.49721892264545925
0.4972223948688871
0.4972258670923149
0.4972293393157428
0.49723281153917065
0.4972362837625985
0.4972397559860263
0.49724322820945427
0.4972467004328821
0.49725017265630994
0.4972536448797378
0.4972571171031656
0.49726058932659356
0.4972640615500214
0.49726753377344923
0.497271005996877
0.49727447822030496
0.4972779504437328
0.49728142266716063
0.49728489489058847
0.4972883671140163
0.49729183933744425
0.4972953115608721
0.4972987837842999
0.49730225600772776
0.49730572823115565
0.4973092004545835
0.4973126726780113
0.49731614490143916
0.497319617124867
0.49732308934829494
0.4973265615717228
0.4973300337951506
0.49733350601857845
0.49733697824200634
0.4973404504654342
0.497343922688862
0.49734739491228985
0.4973508671357177
0.49735433935914564
0.4973578115825735
0.4973612838060013
0.49736475602942914
0.49736822825285704
0.4973717004762849
0.4973751726997127
0.49737864492314054
0.4973821171465684
0.49738558936999633
0.49738906159342416
0.497392533816852
0.49739600604027984
0.4973994782637078
0.4974029504871356
0.49740642271056346
0.4974098949339913
0.4974133671574191
0.497416839380847
0.49742031160427486
0.4974237838277027
0.49742725605113053
0.4974307282745585
0.4974342004979863
0.49743767272141415
0.497441144944842
0.4974446171682698
0.4974480893916977
0.49745156161512555
0.4974550338385534
0.4974585060619812
0.49746197828540917
0.497465450508837
0.49746892273226484
0.4974723949556927
0.4974758671791205
0.4974793394025484
0.49748281162597624
0.4974862838494041
0.4974897560728319
0.49749322829625986
0.4974967005196877
0.49750017274311553
0.49750364496654337
0.4975071171899712
0.4975105894133991
0.49751406163682693
0.49751753386025477
0.4975210060836826
0.49752447830711055
0.4975279505305384
0.4975314227539662
0.49753489497739406
0.4975383672008219
0.49754183942424984
0.4975453116476777
0.4975487838711055
0.49755225609453335
0.49755572831796124
0.4975592005413891
0.4975626727648169
0.49756614498824475
