0.5135418449798073
0.5135453172032352
0.5135487894266629
0.5135522616500908
0.5135557338735187
0.5135592060969466
0.5135626783203744
0.5135661505438023
0.5135696227672301
0.513573094990658
0.5135765672140858
0.5135800394375136
0.5135835116609415
0.5135869838843694
0.5135904561077973
0.5135939283312251
0.513597400554653
0.5136008727780808
0.5136043450015088
0.5136078172249365
0.5136112894483643
0.5136147616717922
0.5136182338952201
0.513621706118648
0.5136251783420758
0.5136286505655037
0.5136321227889314
0.5136355950123594
0.5136390672357872
0.5136425394592151
0.5136460116826429
0.5136494839060708
0.5136529561294987
0.5136564283529265
0.5136599005763544
0.5136633727997821
0.5136668450232101
0.5136703172466379
0.5136737894700658
0.5136772616934936
0.5136807339169215
0.5136842061403494
0.5136876783637772
0.513691150587205
0.5136946228106328
0.5136980950340608
0.5137015672574886
0.5137050394809165
0.5137085117043443
0.5137119839277722
0.5137154561512001
0.5137189283746278
0.5137224005980557
0.5137258728214835
0.5137293450449115
0.5137328172683393
0.5137362894917672
0.513739761715195
0.513743233938623
0.5137467061620508
0.5137501783854787
0.5137536506089064
0.5137571228323342
0.5137605950557622
0.51376406727919
0.5137675395026179
0.5137710117260457
0.5137744839494737
0.5137779561729015
0.5137814283963293
0.5137849006197571
0.513788372843185
0.5137918450666129
0.5137953172900407
0.5137987895134686
0.5138022617368964
0.5138057339603244
0.5138092061837521
0.51381267840718
0.5138161506306078
0.5138196228540357
0.5138230950774636
0.5138265673008914
0.5138300395243193
0.513833511747747
0.513836983971175
0.5138404561946028
0.5138439284180307
0.5138474006414585
0.5138508728648864
0.5138543450883143
0.5138578173117421
0.51386128953517
0.5138647617585977
0.5138682339820257
0.5138717062054535
0.5138751784288814
0.5138786506523092
0.5138821228757371
0.513885595099165
0.5138890673225929
0.5138925395460207
0.5138960117694484
0.5138994839928764
0.5139029562163042
0.5139064284397321
0.5139099006631599
0.5139133728865878
0.5139168451100157
0.5139203173334436
0.5139237895568713
0.5139272617802992
0.5139307340037271
0.5139342062271549
0.5139376784505828
0.5139411506740106
0.5139446228974385
0.5139480951208664
0.5139515673442943
0.513955039567722
0.5139585117911499
0.5139619840145778
0.5139654562380056
0.5139689284614335
0.5139724006848613
0.5139758729082892
0.5139793451317171
0.513982817355145
0.5139862895785727
0.5139897618020006
0.5139932340254285
0.5139967062488563
0.5140001784722842
0.514003650695712
0.5140071229191399
0.5140105951425677
0.5140140673659956
0.5140175395894234
0.5140210118128513
0.5140244840362792
0.5140279562597071
0.5140314284831349
0.5140349007065627
0.5140383729299906
0.5140418451534184
0.5140453173768463
0.5140487896002741
0.514052261823702
0.5140557340471299
0.5140592062705578
0.5140626784939856
0.5140661507174135
0.5140696229408412
0.5140730951642691
0.514076567387697
0.5140800396111248
0.5140835118345527
0.5140869840579806
0.5140904562814085
0.5140939285048363
0.5140974007282642
0.5141008729516919
0.5141043451751198
0.5141078173985477
0.5141112896219755
0.5141147618454034
0.5141182340688313
0.5141217062922592
0.514125178515687
0.5141286507391148
0.5141321229625426
0.5141355951859705
0.5141390674093984
0.5141425396328262
0.5141460118562541
0.514149484079682
0.5141529563031099
0.5141564285265376
0.5141599007499655
0.5141633729733933
0.5141668451968213
0.5141703174202491
0.514173789643677
0.5141772618671048
0.5141807340905327
0.5141842063139606
0.5141876785373883
0.5141911507608162
0.514194622984244
0.514198095207672
0.5142015674310998
0.5142050396545277
0.5142085118779555
0.5142119841013834
0.5142154563248112
0.514218928548239
0.5142224007716669
0.5142258729950947
0.5142293452185227
0.5142328174419505
