0.6197918818721813
0.619795354095609
0.6197988263190369
0.6198022985424647
0.6198057707658926
0.6198092429893205
0.6198127152127483
0.6198161874361762
0.619819659659604
0.619823131883032
0.6198266041064597
0.6198300763298876
0.6198335485533154
0.6198370207767434
0.6198404930001712
0.619843965223599
0.6198474374470269
0.6198509096704546
0.6198543818938826
0.6198578541173104
0.6198613263407383
0.6198647985641662
0.6198682707875941
0.6198717430110219
0.6198752152344498
0.6198786874578776
0.6198821596813054
0.6198856319047333
0.6198891041281611
0.619892576351589
0.6198960485750169
0.6198995207984448
0.6199029930218726
0.6199064652453005
0.6199099374687282
0.6199134096921561
0.619916881915584
0.6199203541390118
0.6199238263624397
0.6199272985858675
0.6199307708092955
0.6199342430327233
0.6199377152561512
0.6199411874795789
0.6199446597030068
0.6199481319264347
0.6199516041498625
0.6199550763732904
0.6199585485967182
0.6199620208201462
0.619965493043574
0.6199689652670018
0.6199724374904296
0.6199759097138575
0.6199793819372854
0.6199828541607132
0.6199863263841411
0.619989798607569
0.6199932708309969
0.6199967430544246
0.6200002152778525
0.6200036875012803
0.6200071597247082
0.6200106319481361
0.620014104171564
0.6200175763949918
0.6200210486184197
0.6200245208418476
0.6200279930652753
0.6200314652887032
0.620034937512131
0.6200384097355589
0.6200418819589868
0.6200453541824147
0.6200488264058425
0.6200522986292704
0.6200557708526983
0.620059243076126
0.6200627152995539
0.6200661875229817
0.6200696597464096
0.6200731319698375
0.6200766041932654
0.6200800764166932
0.620083548640121
0.6200870208635489
0.6200904930869767
0.6200939653104046
0.6200974375338324
0.6201009097572603
0.6201043819806882
0.6201078542041161
0.6201113264275439
0.6201147986509719
0.6201182708743996
0.6201217430978275
0.6201252153212553
0.6201286875446831
0.620132159768111
0.6201356319915389
0.6201391042149668
0.6201425764383945
0.6201460486618225
0.6201495208852503
0.6201529931086782
0.620156465332106
0.6201599375555339
0.6201634097789617
0.6201668820023896
0.6201703542258175
0.6201738264492452
0.6201772986726731
0.620180770896101
0.6201842431195289
0.6201877153429567
0.6201911875663846
0.6201946597898124
0.6201981320132403
0.6202016042366681
0.6202050764600959
0.6202085486835238
0.6202120209069517
0.6202154931303796
0.6202189653538074
0.6202224375772353
0.6202259098006631
0.620229382024091
0.6202328542475188
0.6202363264709466
0.6202397986943746
0.6202432709178024
0.6202467431412303
0.6202502153646581
0.620253687588086
0.6202571598115137
0.6202606320349418
0.6202641042583695
0.6202675764817973
0.6202710487052253
0.6202745209286531
0.620277993152081
0.6202814653755088
0.6202849375989367
0.6202884098223644
0.6202918820457924
0.6202953542692202
0.6202988264926481
0.620302298716076
0.6203057709395038
0.6203092431629317
0.6203127153863595
0.6203161876097874
0.6203196598332151
0.6203231320566431
0.6203266042800709
0.6203300765034988
0.6203335487269266
0.6203370209503545
0.6203404931737824
0.6203439653972102
0.620347437620638
0.6203509098440658
0.6203543820674938
0.6203578542909216
0.6203613265143495
0.6203647987377774
0.6203682709612052
0.6203717431846331
0.6203752154080608
0.6203786876314887
0.6203821598549165
0.6203856320783445
0.6203891043017723
0.6203925765252002
0.6203960487486281
0.620399520972056
0.6204029931954838
0.6204064654189116
0.6204099376423394
0.6204134098657672
0.6204168820891952
0.620420354312623
0.6204238265360509
0.6204272987594788
0.6204307709829067
0.6204342432063344
0.6204377154297623
0.6204411876531901
0.620444659876618
0.6204481321000459
0.6204516043234737
0.6204550765469016
0.6204585487703294
0.6204620209937574
0.6204654932171851
0.620468965440613
0.6204724376640408
0.6204759098874687
0.6204793821108966
0.6204828543343244
