0.33090289267461553
0.33090636489804337
0.3309098371214712
0.3309133093448991
0.33091678156832693
0.33092025379175477
0.3309237260151826
0.33092719823861044
0.33093067046203833
0.3309341426854662
0.33093761490889406
0.3309410871323219
0.33094455935574973
0.3309480315791776
0.3309515038026055
0.3309549760260333
0.33095844824946113
0.330961920472889
0.33096539269631686
0.33096886491974475
0.3309723371431726
0.3309758093666005
0.3309792815900283
0.3309827538134562
0.33098622603688405
0.3309896982603119
0.3309931704837397
0.3309966427071676
0.33100011493059545
0.3310035871540233
0.3310070593774511
0.33101053160087907
0.3310140038243069
0.33101747604773474
0.3310209482711626
0.3310244204945904
0.3310278927180183
0.33103136494144614
0.331034837164874
0.3310383093883018
0.3310417816117297
0.3310452538351576
0.33104872605858543
0.33105219828201327
0.33105567050544116
0.331059142728869
0.33106261495229683
0.33106608717572467
0.33106955939915256
0.3310730316225804
0.3310765038460083
0.3310799760694361
0.33108344829286396
0.33108692051629185
0.33109039273971974
0.3310938649631476
0.33109733718657536
0.3311008094100032
0.33110428163343114
0.331107753856859
0.3311112260802868
0.33111469830371465
0.33111817052714254
0.3311216427505704
0.33112511497399827
0.3311285871974261
0.33113205942085394
0.3311355316442818
0.33113900386770967
0.3311424760911375
0.33114594831456534
0.33114942053799323
0.3311528927614211
0.33115636498484896
0.3311598372082768
0.3311633094317047
0.3311667816551325
0.33117025387856036
0.3311737261019882
0.33117719832541603
0.33118067054884387
0.3311841427722718
0.33118761499569965
0.3311910872191275
0.3311945594425553
0.3311980316659832
0.33120150388941105
0.3312049761128389
0.3312084483362667
0.3312119205596946
0.33121539278312245
0.33121886500655034
0.3312223372299782
0.3312258094534061
0.3312292816768339
0.3312327539002618
0.33123622612368964
0.3312396983471175
0.3312431705705453
0.3312466427939732
0.33125011501740104
0.3312535872408289
0.3312570594642567
0.33126053168768466
0.3312640039111125
0.33126747613454033
0.33127094835796816
0.331274420581396
0.3312778928048239
0.33128136502825173
0.33128483725167956
0.3312883094751074
0.3312917816985353
0.3312952539219632
0.331298726145391
0.33130219836881886
0.33130567059224675
0.3313091428156746
0.3313126150391024
0.33131608726253026
0.33131955948595815
0.331323031709386
0.3313265039328139
0.3313299761562417
0.33133344837966955
0.33133692060309744
0.3313403928265253
0.3313438650499531
0.33134733727338095
0.3313508094968088
0.33135428172023673
0.33135775394366457
0.3313612261670924
0.33136469839052024
0.33136817061394813
0.33137164283737597
0.33137511506080386
0.3313785872842317
0.3313820595076595
0.33138553173108737
0.33138900395451526
0.3313924761779431
0.33139594840137093
0.3313994206247988
0.3314028928482267
0.33140636507165455
0.3314098372950824
0.3314133095185102
0.3314167817419381
0.33142025396536595
0.3314237261887938
0.3314271984122216
0.33143067063564946
0.3314341428590774
0.33143761508250524
0.3314410873059331
0.3314445595293609
0.3314480317527888
0.33145150397621664
0.3314549761996445
0.3314584484230723
0.3314619206465002
0.33146539286992804
0.33146886509335594
0.33147233731678377
0.33147580954021166
0.3314792817636395
0.33148275398706734
0.33148622621049517
0.33148969843392306
0.3314931706573509
0.3314966428807788
0.3315001151042066
0.33150358732763446
0.3315070595510623
0.33151053177449025
0.3315140039979181
0.3315174762213459
0.33152094844477376
0.33152442066820154
0.3315278928916295
0.3315313651150573
0.33153483733848516
0.331538309561913
0.3315417817853409
0.3315452540087688
0.3315487262321966
0.33155219845562445
0.3315556706790523
0.3315591429024802
0.331562615125908
0.33156608734933585
0.33156955957276374
0.3315730317961916
0.33157650401961947
0.3315799762430473
0.33158344846647514
0.33158692068990303
0.33159039291333087
0.3315938651367587
