0.8434030706260662
0.843406542849494
0.8434100150729219
0.8434134872963497
0.8434169595197777
0.8434204317432054
0.8434239039666334
0.8434273761900613
0.843430848413489
0.8434343206369169
0.8434377928603447
0.8434412650837726
0.8434447373072004
0.8434482095306284
0.8434516817540563
0.843455153977484
0.8434586262009119
0.8434620984243397
0.8434655706477676
0.8434690428711954
0.8434725150946233
0.8434759873180511
0.843479459541479
0.8434829317649067
0.8434864039883347
0.8434898762117626
0.8434933484351904
0.8434968206586183
0.8435002928820461
0.843503765105474
0.8435072373289018
0.8435107095523298
0.8435141817757574
0.8435176539991854
0.8435211262226133
0.8435245984460411
0.843528070669469
0.8435315428928968
0.8435350151163247
0.8435384873397525
0.8435419595631806
0.8435454317866081
0.8435489040100361
0.843552376233464
0.8435558484568918
0.8435593206803197
0.8435627929037475
0.8435662651271754
0.8435697373506031
0.843573209574031
0.8435766817974588
0.8435801540208869
0.8435836262443147
0.8435870984677426
0.8435905706911704
0.8435940429145982
0.843597515138026
0.8436009873614538
0.843604459584882
0.8436079318083095
0.8436114040317376
0.8436148762551654
0.8436183484785933
0.8436218207020211
0.843625292925449
0.8436287651488767
0.8436322373723046
0.8436357095957326
0.8436391818191602
0.8436426540425883
0.8436461262660161
0.843649598489444
0.8436530707128718
0.8436565429362997
0.8436600151597274
0.8436634873831553
0.8436669596065833
0.843670431830011
0.843673904053439
0.8436773762768668
0.8436808485002947
0.8436843207237225
0.8436877929471504
0.8436912651705781
0.843694737394006
0.8436982096174338
0.8437016818408617
0.8437051540642897
0.8437086262877175
0.8437120985111454
0.8437155707345732
0.843719042958001
0.8437225151814288
0.8437259874048567
0.8437294596282847
0.8437329318517124
0.8437364040751404
0.8437398762985682
0.8437433485219961
0.8437468207454238
0.8437502929688517
0.8437537651922795
0.8437572374157074
0.8437607096391354
0.8437641818625632
0.8437676540859911
0.8437711263094189
0.8437745985328468
0.8437780707562745
0.8437815429797024
0.8437850152031302
0.8437884874265581
0.8437919596499859
0.8437954318734138
0.8437989040968418
0.8438023763202696
0.8438058485436974
0.8438093207671252
0.8438127929905531
0.8438162652139809
0.8438197374374088
0.8438232096608368
0.8438266818842645
0.8438301541076925
0.8438336263311201
0.8438370985545481
0.8438405707779759
0.8438440430014038
0.8438475152248316
0.8438509874482595
0.8438544596716875
0.8438579318951154
0.8438614041185432
0.843864876341971
0.8438683485653988
0.8438718207888267
0.8438752930122545
0.8438787652356823
0.8438822374591102
0.843885709682538
0.8438891819059658
0.8438926541293938
0.8438961263528217
0.8438995985762495
0.8439030707996774
0.8439065430231052
0.8439100152465331
0.8439134874699609
0.8439169596933889
0.8439204319168165
0.8439239041402445
0.8439273763636724
0.8439308485871002
0.8439343208105281
0.8439377930339559
0.8439412652573838
0.8439447374808116
0.8439482097042396
0.8439516819276675
0.8439551541510952
0.8439586263745231
0.8439620985979509
0.8439655708213788
0.8439690430448066
0.8439725152682345
0.8439759874916622
0.8439794597150901
0.8439829319385179
0.8439864041619459
0.8439898763853738
0.8439933486088016
0.8439968208322295
0.8440002930556573
0.8440037652790852
0.8440072375025129
0.8440107097259409
0.8440141819493686
0.8440176541727966
0.8440211263962245
0.8440245986196523
0.8440280708430802
0.844031543066508
0.8440350152899359
0.8440384875133636
0.8440419597367916
0.8440454319602193
0.8440489041836473
0.8440523764070752
0.844055848630503
0.8440593208539309
0.8440627930773587
0.8440662653007865
0.8440697375242143
0.8440732097476422
0.84407668197107
0.844080154194498
0.8440836264179259
0.8440870986413537
0.8440905708647816
0.8440940430882093
