0.11770837420429657
0.11771184642772445
0.11771531865115228
0.11771879087458016
0.11772226309800804
0.11772573532143583
0.11772920754486371
0.11773267976829155
0.11773615199171943
0.1177396242151473
0.11774309643857514
0.11774656866200303
0.11775004088543081
0.11775351310885869
0.11775698533228653
0.11776045755571442
0.1177639297791423
0.11776740200257013
0.11777087422599797
0.11777434644942579
0.11777781867285368
0.11778129089628156
0.1177847631197094
0.11778823534313727
0.11779170756656511
0.11779517978999295
0.11779865201342082
0.11780212423684866
0.11780559646027654
0.11780906868370437
0.11781254090713225
0.11781601313056014
0.11781948535398792
0.1178229575774158
0.11782642980084364
0.11782990202427153
0.11783337424769935
0.11783684647112724
0.11784031869455512
0.1178437909179829
0.1178472631414108
0.11785073536483863
0.11785420758826651
0.11785767981169439
0.11786115203512222
0.1178646242585501
0.1178680964819779
0.11787156870540577
0.11787504092883365
0.11787851315226149
0.11788198537568936
0.1178854575991172
0.11788892982254509
0.11789240204597287
0.11789587426940075
0.11789934649282864
0.11790281871625648
0.11790629093968436
0.11790976316311219
0.11791323538654003
0.1179167076099679
0.11792017983339574
0.11792365205682362
0.11792712428025146
0.11793059650367933
0.11793406872710721
0.117937540950535
0.11794101317396288
0.11794448539739072
0.1179479576208186
0.11795142984424647
0.11795490206767431
0.1179583742911022
0.11796184651452998
0.11796531873795786
0.1179687909613857
0.11797226318481359
0.11797573540824147
0.1179792076316693
0.11798267985509718
0.11798615207852496
0.11798962430195285
0.11799309652538073
0.11799656874880857
0.11800004097223644
0.11800351319566428
0.11800698541909216
0.11801045764252
0.11801392986594783
0.11801740208937571
0.11802087431280354
0.11802434653623142
0.11802781875965931
0.1180312909830871
0.11803476320651497
0.11803823542994281
0.1180417076533707
0.11804517987679852
0.11804865210022641
0.11805212432365429
0.11805559654708209
0.11805906877050996
0.1180625409939378
0.11806601321736568
0.11806948544079356
0.11807295766422139
0.11807642988764927
0.11807990211107706
0.11808337433450494
0.11808684655793282
0.11809031878136066
0.11809379100478853
0.11809726322821637
0.11810073545164426
0.11810420767507204
0.11810767989849992
0.11811115212192781
0.11811462434535565
0.11811809656878353
0.11812156879221136
0.11812504101563924
0.11812851323906712
0.11813198546249491
0.11813545768592279
0.11813892990935063
0.1181424021327785
0.11814587435620638
0.11814934657963422
0.11815281880306205
0.11815629102648989
0.11815976324991777
0.11816323547334566
0.11816670769677348
0.11817017992020137
0.11817365214362915
0.11817712436705703
0.11818059659048487
0.11818406881391276
0.11818754103734064
0.11819101326076847
0.11819448548419635
0.11819795770762415
0.11820142993105202
0.1182049021544799
0.11820837437790774
0.11821184660133562
0.11821531882476345
0.11821879104819133
0.11822226327161922
0.118225735495047
0.11822920771847488
0.11823267994190272
0.1182361521653306
0.11823962438875849
0.11824309661218632
0.1182465688356142
0.11825004105904198
0.11825351328246987
0.11825698550589771
0.11826045772932559
0.11826392995275346
0.1182674021761813
0.11827087439960914
0.11827434662303697
0.11827781884646485
0.11828129106989273
0.11828476329332056
0.11828823551674844
0.11829170774017628
0.11829517996360411
0.11829865218703199
0.11830212441045983
0.11830559663388772
0.11830906885731554
0.11831254108074343
0.11831601330417121
0.11831948552759909
0.11832295775102698
0.11832642997445482
0.1183299021978827
0.11833337442131053
0.11833684664473841
0.11834031886816629
0.11834379109159408
0.11834726331502196
0.1183507355384498
0.11835420776187767
0.11835767998530555
0.11836115220873339
0.11836462443216128
0.11836809665558906
0.11837156887901694
0.11837504110244483
0.11837851332587265
0.11838198554930054
0.11838545777272838
0.11838892999615626
0.11839240221958404
0.11839587444301193
0.11839934666643981
