0.4010418059172937
0.4010452781407216
0.4010487503641494
0.4010522225875772
0.4010556948110051
0.401059167034433
0.40106263925786084
0.4010661114812887
0.40106958370471657
0.4010730559281444
0.4010765281515723
0.40108000037500013
0.40108347259842797
0.4010869448218558
0.40109041704528364
0.40109388926871153
0.40109736149213937
0.40110083371556726
0.4011043059389951
0.401107778162423
0.4011112503858508
0.40111472260927866
0.4011181948327065
0.4011216670561344
0.4011251392795622
0.40112861150299006
0.40113208372641795
0.4011355559498458
0.4011390281732737
0.4011425003967015
0.40114597262012935
0.40114944484355725
0.4011529170669851
0.4011563892904129
0.40115986151384075
0.40116333373726865
0.4011668059606965
0.4011702781841244
0.4011737504075522
0.40117722263098005
0.40118069485440794
0.40118416707783583
0.40118763930126367
0.40119111152469145
0.40119458374811934
0.4011980559715472
0.40120152819497507
0.4012050004184029
0.4012084726418308
0.40121194486525863
0.40121541708868647
0.40121888931211436
0.4012223615355422
0.40122583375897003
0.40122930598239787
0.40123277820582576
0.4012362504292536
0.40123972265268143
0.4012431948761093
0.4012466670995372
0.40125013932296505
0.4012536115463929
0.4012570837698208
0.40126055599324856
0.40126402821667645
0.4012675004401043
0.4012709726635321
0.40127444488696
0.4012779171103879
0.40128138933381574
0.4012848615572436
0.40128833378067147
0.4012918060040993
0.40129527822752714
0.401298750450955
0.4013022226743828
0.4013056948978107
0.4013091671212386
0.40131263934466643
0.40131611156809427
0.40131958379152216
0.40132305601495
0.4013265282383779
0.4013300004618057
0.40133347268523356
0.4013369449086614
0.40134041713208923
0.4013438893555171
0.40134736157894496
0.40135083380237285
0.4013543060258007
0.4013577782492286
0.4013612504726564
0.40136472269608425
0.4013681949195121
0.40137166714294
0.4013751393663678
0.40137861158979565
0.40138208381322354
0.4013855560366514
0.4013890282600793
0.4013925004835071
0.40139597270693494
0.40139944493036284
0.4014029171537907
0.4014063893772185
0.40140986160064634
0.40141333382407424
0.4014168060475021
0.40142027827092996
0.4014237504943578
0.40142722271778564
0.40143069494121353
0.40143416716464136
0.4014376393880692
0.40144111161149704
0.40144458383492493
0.40144805605835276
0.40145152828178066
0.4014550005052085
0.4014584727286364
0.4014619449520642
0.40146541717549206
0.40146888939891995
0.4014723616223478
0.4014758338457756
0.40147930606920346
0.40148277829263135
0.4014862505160592
0.401489722739487
0.4014931949629149
0.4014966671863428
0.40150013940977064
0.4015036116331985
0.4015070838566263
0.40151055608005415
0.40151402830348204
0.4015175005269099
0.4015209727503377
0.4015244449737656
0.4015279171971935
0.40153138942062133
0.40153486164404917
0.40153833386747706
0.4015418060909049
0.40154527831433273
0.40154875053776057
0.4015522227611884
0.4015556949846163
0.4015591672080442
0.401562639431472
0.40156611165489986
0.40156958387832775
0.4015730561017556
0.4015765283251834
0.40158000054861126
0.40158347277203915
0.401586944995467
0.4015904172188948
0.4015938894423227
0.40159736166575055
0.40160083388917844
0.4016043061126063
0.40160777833603417
0.401611250559462
0.4016147227828898
0.4016181950063177
0.40162166722974557
0.4016251394531734
0.40162861167660124
0.40163208390002914
0.40163555612345697
0.40163902834688486
0.4016425005703127
0.40164597279374054
0.40164944501716837
0.40165291724059626
0.4016563894640241
0.40165986168745194
0.4016633339108798
0.40166680613430766
0.40167027835773556
0.4016737505811634
0.4016772228045912
0.4016806950280191
0.40168416725144696
0.4016876394748748
0.4016911116983026
0.4016945839217305
0.40169805614515836
0.40170152836858625
0.4017050005920141
0.401708472815442
0.4017119450388698
0.40171541726229765
0.4017188894857255
0.4017223617091533
0.4017258339325812
0.40172930615600905
0.40173277837943694
