0.14618060631271051
0.1461840785361384
0.1461875507595662
0.14619102298299408
0.14619449520642191
0.14619796742984978
0.14620143965327767
0.1462049118767055
0.14620838410013337
0.14621185632356118
0.14621532854698904
0.14621880077041693
0.14622227299384477
0.14622574521727263
0.14622921744070047
0.14623268966412836
0.14623616188755614
0.14623963411098403
0.14624310633441193
0.14624657855783973
0.14625005078126763
0.14625352300469546
0.1462569952281233
0.1462604674515512
0.14626393967497903
0.1462674118984069
0.14627088412183473
0.14627435634526262
0.14627782856869048
0.1462813007921183
0.14628477301554615
0.146288245238974
0.14629171746240188
0.14629518968582975
0.14629866190925758
0.14630213413268547
0.14630560635611325
0.14630907857954115
0.14631255080296898
0.14631602302639687
0.14631949524982474
0.14632296747325257
0.14632643969668047
0.14632991192010825
0.14633338414353614
0.146336856366964
0.14634032859039184
0.14634380081381973
0.14634727303724757
0.14635074526067543
0.14635421748410327
0.1463576897075311
0.146361161930959
0.14636463415438683
0.1463681063778147
0.14637157860124259
0.14637505082467042
0.14637852304809826
0.1463819952715261
0.14638546749495399
0.1463889397183818
0.14639241194180969
0.14639588416523758
0.14639935638866536
0.14640282861209325
0.14640630083552109
0.14640977305894895
0.14641324528237684
0.14641671750580468
0.14642018972923254
0.14642366195266035
0.14642713417608821
0.1464306063995161
0.14643407862294394
0.1464375508463718
0.14644102306979964
0.14644449529322753
0.14644796751665531
0.1464514397400832
0.1464549119635111
0.14645838418693893
0.1464618564103668
0.14646532863379463
0.14646880085722253
0.1464722730806504
0.1464757453040782
0.14647921752750606
0.1464826897509339
0.1464861619743618
0.14648963419778965
0.1464931064212175
0.14649657864464533
0.14650005086807316
0.14650352309150105
0.14650699531492892
0.14651046753835675
0.14651393976178465
0.14651741198521243
0.14652088420864032
0.14652435643206815
0.14652782865549605
0.1465313008789239
0.14653477310235175
0.14653824532577964
0.14654171754920742
0.1465451897726353
0.14654866199606317
0.146552134219491
0.1465556064429189
0.14655907866634674
0.1465625508897746
0.1465660231132025
0.14656949533663027
0.14657296756005816
0.146576439783486
0.14657991200691387
0.14658338423034176
0.1465868564537696
0.14659032867719748
0.14659380090062527
0.14659727312405316
0.14660074534748097
0.14660421757090886
0.14660768979433675
0.14661116201776458
0.14661463424119245
0.14661810646462026
0.14662157868804812
0.146625050911476
0.14662852313490385
0.1466319953583317
0.14663546758175955
0.14663893980518738
0.14664241202861528
0.1466458842520431
0.14664935647547098
0.1466528286988988
0.1466563009223267
0.1466597731457546
0.14666324536918238
0.14666671759261027
0.1466701898160381
0.14667366203946597
0.1466771342628938
0.1466806064863217
0.14668407870974956
0.14668755093317737
0.14669102315660523
0.14669449538003307
0.14669796760346096
0.14670143982688882
0.14670491205031666
0.14670838427374455
0.14671185649717233
0.14671532872060022
0.14671880094402812
0.14672227316745592
0.14672574539088382
0.14672921761431165
0.14673268983773954
0.14673616206116732
0.14673963428459522
0.14674310650802308
0.14674657873145092
0.1467500509548788
0.14675352317830664
0.14675699540173448
0.14676046762516234
0.14676393984859018
0.14676741207201807
0.1467708842954459
0.14677435651887377
0.14677782874230166
0.14678130096572944
0.14678477318915734
0.14678824541258517
0.14679171763601304
0.14679518985944093
0.14679866208286876
0.14680213430629666
0.14680560652972444
0.14680907875315233
0.14681255097658016
0.14681602320000803
0.14681949542343592
0.14682296764686376
0.14682643987029162
0.14682991209371943
0.1468333843171473
0.14683685654057518
0.14684032876400302
0.14684380098743088
0.14684727321085872
0.1468507454342866
0.1468542176577145
0.14685768988114228
0.14686116210457018
0.14686463432799798
0.14686810655142588
0.14687157877485377
