0.6614585630064456
0.6614620352298733
0.6614655074533012
0.661468979676729
0.6614724519001569
0.6614759241235847
0.6614793963470126
0.6614828685704405
0.6614863407938683
0.6614898130172963
0.661493285240724
0.6614967574641519
0.6615002296875797
0.6615037019110076
0.6615071741344354
0.6615106463578634
0.6615141185812912
0.6615175908047191
0.6615210630281468
0.6615245352515747
0.6615280074750026
0.6615314796984304
0.6615349519218583
0.6615384241452861
0.6615418963687141
0.6615453685921419
0.6615488408155697
0.6615523130389976
0.6615557852624254
0.6615592574858533
0.6615627297092811
0.661566201932709
0.6615696741561368
0.6615731463795648
0.6615766186029925
0.6615800908264204
0.6615835630498482
0.6615870352732761
0.661590507496704
0.6615939797201318
0.6615974519435597
0.6616009241669875
0.6616043963904155
0.6616078686138432
0.6616113408372711
0.661614813060699
0.6616182852841269
0.6616217575075547
0.6616252297309825
0.6616287019544104
0.6616321741778382
0.6616356464012662
0.6616391186246939
0.6616425908481218
0.6616460630715497
0.6616495352949776
0.6616530075184054
0.6616564797418333
0.6616599519652611
0.661663424188689
0.6616668964121168
0.6616703686355446
0.6616738408589725
0.6616773130824003
0.6616807853058283
0.6616842575292561
0.661687729752684
0.6616912019761118
0.6616946741995396
0.6616981464229675
0.6617016186463953
0.6617050908698232
0.6617085630932511
0.661712035316679
0.6617155075401068
0.6617189797635347
0.6617224519869624
0.6617259242103903
0.6617293964338182
0.661732868657246
0.6617363408806739
0.6617398131041018
0.6617432853275297
0.6617467575509575
0.6617502297743854
0.6617537019978131
0.661757174221241
0.6617606464446689
0.6617641186680967
0.6617675908915246
0.6617710631149524
0.6617745353383804
0.6617780075618082
0.661781479785236
0.6617849520086638
0.6617884242320917
0.6617918964555196
0.6617953686789475
0.6617988409023753
0.6618023131258032
0.6618057853492311
0.6618092575726588
0.6618127297960867
0.6618162020195145
0.6618196742429424
0.6618231464663703
0.6618266186897982
0.661830090913226
0.6618335631366539
0.6618370353600818
0.6618405075835095
0.6618439798069374
0.6618474520303652
0.6618509242537931
0.661854396477221
0.6618578687006489
0.6618613409240767
0.6618648131475046
0.6618682853709325
0.6618717575943602
0.6618752298177881
0.6618787020412159
0.6618821742646438
0.6618856464880717
0.6618891187114996
0.6618925909349274
0.6618960631583554
0.6618995353817831
0.661903007605211
0.6619064798286388
0.6619099520520666
0.6619134242754946
0.6619168964989224
0.6619203687223503
0.661923840945778
0.6619273131692059
0.6619307853926338
0.6619342576160617
0.6619377298394895
0.6619412020629174
0.6619446742863452
0.6619481465097731
0.661951618733201
0.6619550909566287
0.6619585631800567
0.6619620354034845
0.6619655076269124
0.6619689798503402
0.6619724520737681
0.6619759242971959
0.6619793965206238
0.6619828687440517
0.6619863409674794
0.6619898131909074
0.6619932854143352
0.6619967576377631
0.6620002298611909
0.6620037020846188
0.6620071743080466
0.6620106465314745
0.6620141187549023
0.6620175909783301
0.662021063201758
0.6620245354251859
0.6620280076486138
0.6620314798720416
0.6620349520954695
0.6620384243188973
0.6620418965423253
0.662045368765753
0.6620488409891808
0.6620523132126088
0.6620557854360366
0.6620592576594645
0.6620627298828923
0.6620662021063202
0.662069674329748
0.662073146553176
0.6620766187766037
0.6620800910000316
0.6620835632234594
0.6620870354468873
0.6620905076703152
0.662093979893743
0.6620974521171709
0.6621009243405986
0.6621043965640266
0.6621078687874544
0.6621113410108823
0.6621148132343102
0.662118285457738
0.6621217576811659
0.6621252299045937
0.6621287021280216
0.6621321743514493
0.6621356465748773
0.6621391187983051
0.662142591021733
0.6621460632451609
0.6621495354685887
