0.7621530424142509
0.7621565146376786
0.7621599868611065
0.7621634590845343
0.7621669313079622
0.7621704035313901
0.762173875754818
0.7621773479782459
0.7621808202016737
0.7621842924251016
0.7621877646485293
0.7621912368719572
0.762194709095385
0.762198181318813
0.7622016535422408
0.7622051257656688
0.7622085979890965
0.7622120702125244
0.7622155424359522
0.76221901465938
0.7622224868828079
0.7622259591062357
0.7622294313296637
0.7622329035530916
0.7622363757765194
0.7622398479999473
0.7622433202233752
0.7622467924468029
0.7622502646702308
0.7622537368936586
0.7622572091170865
0.7622606813405143
0.7622641535639422
0.7622676257873701
0.762271098010798
0.7622745702342258
0.7622780424576536
0.7622815146810815
0.7622849869045093
0.7622884591279372
0.7622919313513651
0.7622954035747929
0.7622988757982209
0.7623023480216485
0.7623058202450765
0.7623092924685043
0.7623127646919322
0.76231623691536
0.7623197091387879
0.7623231813622158
0.7623266535856437
0.7623301258090714
0.7623335980324993
0.7623370702559272
0.762340542479355
0.7623440147027829
0.7623474869262107
0.7623509591496387
0.7623544313730664
0.7623579035964942
0.7623613758199221
0.76236484804335
0.7623683202667779
0.7623717924902057
0.7623752647136336
0.7623787369370614
0.7623822091604893
0.7623856813839172
0.762389153607345
0.7623926258307729
0.7623960980542007
0.7623995702776286
0.7624030425010564
0.7624065147244843
0.7624099869479121
0.76241345917134
0.7624169313947678
0.7624204036181957
0.7624238758416235
0.7624273480650514
0.7624308202884793
0.7624342925119071
0.762437764735335
0.7624412369587628
0.7624447091821908
0.7624481814056184
0.7624516536290464
0.7624551258524742
0.7624585980759021
0.76246207029933
0.7624655425227578
0.7624690147461857
0.7624724869696134
0.7624759591930413
0.7624794314164691
0.7624829036398971
0.762486375863325
0.7624898480867529
0.7624933203101807
0.7624967925336085
0.7625002647570364
0.7625037369804641
0.762507209203892
0.7625106814273199
0.7625141536507478
0.7625176258741757
0.7625210980976036
0.7625245703210314
0.7625280425444593
0.762531514767887
0.762534986991315
0.7625384592147428
0.7625419314381705
0.7625454036615985
0.7625488758850263
0.7625523481084543
0.7625558203318821
0.76255929255531
0.7625627647787377
0.7625662370021656
0.7625697092255934
0.7625731814490213
0.7625766536724492
0.7625801258958771
0.762583598119305
0.7625870703427328
0.7625905425661607
0.7625940147895884
0.7625974870130163
0.7626009592364441
0.762604431459872
0.7626079036832999
0.7626113759067278
0.7626148481301557
0.7626183203535835
0.7626217925770113
0.7626252648004391
0.762628737023867
0.7626322092472948
0.7626356814707227
0.7626391536941506
0.7626426259175784
0.7626460981410064
0.7626495703644341
0.762653042587862
0.7626565148112898
0.7626599870347177
0.7626634592581455
0.7626669314815734
0.7626704037050013
0.7626738759284292
0.7626773481518571
0.7626808203752848
0.7626842925987127
0.7626877648221405
0.7626912370455684
0.7626947092689962
0.7626981814924242
0.762701653715852
0.7627051259392799
0.7627085981627076
0.7627120703861355
0.7627155426095634
0.7627190148329912
0.7627224870564191
0.7627259592798469
0.7627294315032749
0.7627329037267028
0.7627363759501306
0.7627398481735584
0.7627433203969862
0.7627467926204141
0.7627502648438419
0.7627537370672698
0.7627572092906977
0.7627606815141255
0.7627641537375534
0.7627676259609812
0.7627710981844091
0.762774570407837
0.7627780426312648
0.7627815148546926
0.7627849870781205
0.7627884593015483
0.7627919315249763
0.762795403748404
0.762798875971832
0.7628023481952597
0.7628058204186877
0.7628092926421155
0.7628127648655434
0.7628162370889712
0.7628197093123991
0.762823181535827
0.7628266537592548
0.7628301259826826
0.7628335982061105
0.7628370704295384
0.7628405426529662
0.7628440148763941
