0.5059029534385255
0.5059064256619533
0.5059098978853812
0.505913370108809
0.505916842332237
0.5059203145556648
0.5059237867790927
0.5059272590025204
0.5059307312259483
0.5059342034493762
0.505937675672804
0.5059411478962319
0.5059446201196597
0.5059480923430877
0.5059515645665155
0.5059550367899434
0.5059585090133711
0.505961981236799
0.5059654534602269
0.5059689256836547
0.5059723979070826
0.5059758701305104
0.5059793423539384
0.5059828145773662
0.505986286800794
0.5059897590242218
0.5059932312476497
0.5059967034710776
0.5060001756945054
0.5060036479179333
0.5060071201413611
0.5060105923647891
0.5060140645882168
0.5060175368116447
0.5060210090350725
0.5060244812585004
0.5060279534819283
0.5060314257053561
0.506034897928784
0.5060383701522118
0.5060418423756398
0.5060453145990675
0.5060487868224954
0.5060522590459232
0.5060557312693512
0.506059203492779
0.5060626757162069
0.5060661479396347
0.5060696201630625
0.5060730923864905
0.5060765646099182
0.5060800368333461
0.5060835090567739
0.5060869812802019
0.5060904535036297
0.5060939257270576
0.5060973979504854
0.5061008701739133
0.5061043423973411
0.5061078146207689
0.5061112868441968
0.5061147590676246
0.5061182312910526
0.5061217035144804
0.5061251757379083
0.506128647961336
0.506132120184764
0.5061355924081918
0.5061390646316196
0.5061425368550475
0.5061460090784753
0.5061494813019033
0.5061529535253311
0.506156425748759
0.5061598979721867
0.5061633701956146
0.5061668424190425
0.5061703146424703
0.5061737868658982
0.506177259089326
0.506180731312754
0.5061842035361818
0.5061876757596097
0.5061911479830374
0.5061946202064653
0.5061980924298932
0.5062015646533211
0.5062050368767489
0.5062085091001768
0.5062119813236047
0.5062154535470325
0.5062189257704603
0.5062223979938881
0.506225870217316
0.5062293424407439
0.5062328146641718
0.5062362868875996
0.5062397591110275
0.5062432313344554
0.5062467035578831
0.506250175781311
0.5062536480047388
0.5062571202281667
0.5062605924515946
0.5062640646750225
0.5062675368984503
0.5062710091218782
0.5062744813453061
0.5062779535687338
0.5062814257921617
0.5062848980155895
0.5062883702390174
0.5062918424624453
0.5062953146858732
0.506298786909301
0.5063022591327289
0.5063057313561568
0.5063092035795845
0.5063126758030124
0.5063161480264402
0.5063196202498681
0.506323092473296
0.5063265646967239
0.5063300369201517
0.5063335091435796
0.5063369813670074
0.5063404535904353
0.5063439258138631
0.506347398037291
0.5063508702607188
0.5063543424841467
0.5063578147075746
0.5063612869310024
0.5063647591544302
0.5063682313778581
0.506371703601286
0.5063751758247138
0.5063786480481417
0.5063821202715695
0.5063855924949974
0.5063890647184253
0.506392536941853
0.5063960091652809
0.5063994813887088
0.5064029536121367
0.5064064258355645
0.5064098980589924
0.5064133702824202
0.5064168425058481
0.506420314729276
0.5064237869527037
0.5064272591761316
0.5064307313995595
0.5064342036229874
0.5064376758464152
0.5064411480698431
0.5064446202932709
0.5064480925166988
0.5064515647401266
0.5064550369635544
0.5064585091869823
0.5064619814104102
0.5064654536338381
0.5064689258572659
0.5064723980806938
0.5064758703041216
0.5064793425275496
0.5064828147509773
0.5064862869744052
0.506489759197833
0.5064932314212609
0.5064967036446888
0.5065001758681166
0.5065036480915445
0.5065071203149722
0.5065105925384003
0.506514064761828
0.5065175369852559
0.5065210092086837
0.5065244814321116
0.5065279536555395
0.5065314258789673
0.5065348981023952
0.5065383703258229
0.5065418425492509
0.5065453147726787
0.5065487869961066
0.5065522592195344
0.5065557314429623
0.5065592036663902
0.506562675889818
0.5065661481132459
0.5065696203366736
0.5065730925601016
0.5065765647835294
0.5065800370069573
0.5065835092303851
0.5065869814538131
0.5065904536772409
0.5065939259006687
