0.889930864559328
0.8899343367827558
0.8899378090061837
0.8899412812296115
0.8899447534530394
0.8899482256764671
0.889951697899895
0.889955170123323
0.8899586423467508
0.8899621145701787
0.8899655867936065
0.8899690590170344
0.8899725312404622
0.88997600346389
0.8899794756873181
0.8899829479107457
0.8899864201341737
0.8899898923576015
0.8899933645810294
0.8899968368044572
0.8900003090278851
0.8900037812513129
0.8900072534747407
0.8900107256981687
0.8900141979215964
0.8900176701450244
0.8900211423684522
0.8900246145918801
0.8900280868153079
0.8900315590387358
0.8900350312621635
0.8900385034855914
0.8900419757090194
0.8900454479324471
0.8900489201558751
0.890052392379303
0.8900558646027308
0.8900593368261587
0.8900628090495865
0.8900662812730142
0.8900697534964421
0.8900732257198699
0.8900766979432978
0.8900801701667258
0.8900836423901537
0.8900871146135815
0.8900905868370094
0.8900940590604371
0.890097531283865
0.8901010035072928
0.8901044757307208
0.8901079479541485
0.8901114201775765
0.8901148924010044
0.8901183646244322
0.8901218368478601
0.8901253090712878
0.8901287812947157
0.8901322535181435
0.8901357257415715
0.8901391979649994
0.8901426701884272
0.8901461424118551
0.8901496146352829
0.8901530868587108
0.8901565590821385
0.8901600313055664
0.8901635035289942
0.8901669757524221
0.8901704479758499
0.8901739201992779
0.8901773924227058
0.8901808646461336
0.8901843368695614
0.8901878090929892
0.8901912813164171
0.8901947535398449
0.8901982257632729
0.8902016979867006
0.8902051702101286
0.8902086424335565
0.8902121146569842
0.8902155868804121
0.8902190591038399
0.8902225313272678
0.8902260035506956
0.8902294757741236
0.8902329479975515
0.8902364202209793
0.8902398924444072
0.8902433646678349
0.8902468368912628
0.8902503091146906
0.8902537813381185
0.8902572535615463
0.8902607257849742
0.890264198008402
0.89026767023183
0.8902711424552578
0.8902746146786856
0.8902780869021135
0.8902815591255413
0.8902850313489692
0.890288503572397
0.8902919757958251
0.8902954480192526
0.8902989202426808
0.8903023924661085
0.8903058646895363
0.8903093369129642
0.890312809136392
0.8903162813598199
0.8903197535832477
0.8903232258066758
0.8903266980301036
0.8903301702535314
0.8903336424769592
0.8903371147003871
0.8903405869238149
0.8903440591472428
0.8903475313706706
0.8903510035940984
0.8903544758175262
0.890357948040954
0.8903614202643821
0.8903648924878099
0.8903683647112378
0.8903718369346656
0.8903753091580935
0.8903787813815213
0.8903822536049492
0.8903857258283772
0.8903891980518048
0.8903926702752328
0.8903961424986606
0.8903996147220885
0.8904030869455163
0.8904065591689442
0.890410031392372
0.8904135036157999
0.8904169758392279
0.8904204480626556
0.8904239202860835
0.8904273925095113
0.8904308647329392
0.890434336956367
0.8904378091797949
0.8904412814032227
0.8904447536266505
0.8904482258500783
0.8904516980735062
0.8904551702969342
0.890458642520362
0.8904621147437899
0.8904655869672177
0.8904690591906456
0.8904725314140733
0.8904760036375012
0.8904794758609292
0.8904829480843569
0.8904864203077849
0.8904898925312127
0.8904933647546406
0.8904968369780684
0.8905003092014963
0.890503781424924
0.8905072536483519
0.8905107258717799
0.8905141980952076
0.8905176703186356
0.8905211425420634
0.8905246147654913
0.890528086988919
0.890531559212347
0.8905350314357747
0.8905385036592026
0.8905419758826306
0.8905454481060583
0.8905489203294863
0.8905523925529141
0.890555864776342
0.8905593369997697
0.8905628092231976
0.8905662814466254
0.8905697536700533
0.8905732258934811
0.890576698116909
0.890580170340337
0.8905836425637649
0.8905871147871927
0.8905905870106204
0.8905940592340483
0.8905975314574761
0.890601003680904
0.890604475904332
0.8906079481277597
0.8906114203511877
0.8906148925746156
0.8906183647980433
0.8906218370214712
