0.6482641139805951
0.6482675862040229
0.6482710584274509
0.6482745306508787
0.6482780028743066
0.6482814750977344
0.6482849473211623
0.64828841954459
0.648291891768018
0.6482953639914458
0.6482988362148736
0.6483023084383015
0.6483057806617294
0.6483092528851573
0.6483127251085851
0.648316197332013
0.6483196695554407
0.6483231417788687
0.6483266140022965
0.6483300862257244
0.6483335584491523
0.6483370306725801
0.648340502896008
0.6483439751194358
0.6483474473428636
0.6483509195662914
0.6483543917897194
0.6483578640131472
0.6483613362365751
0.6483648084600029
0.6483682806834308
0.6483717529068587
0.6483752251302864
0.6483786973537143
0.6483821695771421
0.6483856418005701
0.6483891140239979
0.6483925862474258
0.6483960584708537
0.6483995306942815
0.6484030029177094
0.6484064751411371
0.648409947364565
0.6484134195879928
0.6484168918114208
0.6484203640348486
0.6484238362582765
0.6484273084817044
0.6484307807051323
0.64843425292856
0.6484377251519878
0.6484411973754157
0.6484446695988436
0.6484481418222715
0.6484516140456993
0.6484550862691272
0.648458558492555
0.648462030715983
0.6484655029394107
0.6484689751628386
0.6484724473862664
0.6484759196096943
0.6484793918331221
0.64848286405655
0.6484863362799779
0.6484898085034058
0.6484932807268337
0.6484967529502614
0.6485002251736893
0.6485036973971171
0.648507169620545
0.6485106418439729
0.6485141140674007
0.6485175862908286
0.6485210585142565
0.6485245307376843
0.6485280029611121
0.64853147518454
0.6485349474079678
0.6485384196313957
0.6485418918548236
0.6485453640782514
0.6485488363016793
0.648552308525107
0.648555780748535
0.6485592529719628
0.6485627251953907
0.6485661974188185
0.6485696696422464
0.6485731418656743
0.6485766140891022
0.64858008631253
0.6485835585359578
0.6485870307593857
0.6485905029828135
0.6485939752062414
0.6485974474296692
0.6486009196530971
0.648604391876525
0.6486078640999529
0.6486113363233806
0.6486148085468085
0.6486182807702364
0.6486217529936642
0.6486252252170921
0.6486286974405199
0.6486321696639478
0.6486356418873757
0.6486391141108035
0.6486425863342313
0.6486460585576592
0.6486495307810871
0.6486530030045149
0.6486564752279428
0.6486599474513706
0.6486634196747985
0.6486668918982263
0.6486703641216542
0.648673836345082
0.6486773085685099
0.6486807807919378
0.6486842530153656
0.6486877252387935
0.6486911974622213
0.6486946696856493
0.648698141909077
0.6487016141325049
0.6487050863559327
0.6487085585793606
0.6487120308027885
0.6487155030262164
0.6487189752496442
0.648722447473072
0.6487259196964998
0.6487293919199276
0.6487328641433556
0.6487363363667834
0.6487398085902114
0.6487432808136392
0.6487467530370671
0.6487502252604949
0.6487536974839228
0.6487571697073505
0.6487606419307784
0.6487641141542063
0.6487675863776341
0.6487710586010621
0.6487745308244899
0.6487780030479178
0.6487814752713456
0.6487849474947734
0.6487884197182012
0.6487918919416291
0.648795364165057
0.6487988363884848
0.6488023086119127
0.6488057808353406
0.6488092530587685
0.6488127252821962
0.6488161975056241
0.6488196697290519
0.6488231419524798
0.6488266141759077
0.6488300863993355
0.6488335586227635
0.6488370308461913
0.6488405030696192
0.6488439752930469
0.6488474475164748
0.6488509197399026
0.6488543919633306
0.6488578641867584
0.6488613364101863
0.6488648086336141
0.648868280857042
0.6488717530804698
0.6488752253038976
0.6488786975273255
0.6488821697507533
0.6488856419741813
0.6488891141976091
0.648892586421037
0.6488960586444649
0.6488995308678926
0.6489030030913205
0.6489064753147483
0.6489099475381762
0.648913419761604
0.648916891985032
0.6489203642084598
0.6489238364318877
0.6489273086553156
0.6489307808787433
0.6489342531021712
0.648937725325599
0.6489411975490269
0.6489446697724548
0.6489481419958827
0.6489516142193105
0.6489550864427384
