0.34409734170046585
0.34410081392389374
0.3441042861473216
0.3441077583707494
0.34411123059417725
0.3441147028176051
0.344118175041033
0.3441216472644609
0.3441251194878887
0.34412859171131654
0.34413206393474444
0.34413553615817233
0.3441390083816001
0.34414248060502795
0.3441459528284558
0.3441494250518836
0.34415289727531156
0.3441563694987394
0.34415984172216724
0.3441633139455951
0.34416678616902296
0.34417025839245086
0.3441737306158787
0.34417720283930653
0.34418067506273436
0.3441841472861622
0.3441876195095901
0.34419109173301793
0.3441945639564458
0.34419803617987366
0.34420150840330155
0.3442049806267294
0.3442084528501572
0.34421192507358506
0.34421539729701295
0.3442188695204408
0.3442223417438686
0.34422581396729646
0.3442292861907244
0.34423275841415224
0.3442362306375801
0.3442397028610079
0.34424317508443575
0.34424664730786364
0.3442501195312915
0.3442535917547193
0.34425706397814715
0.34426053620157504
0.34426400842500293
0.34426748064843077
0.3442709528718586
0.3442744250952865
0.3442778973187144
0.34428136954214217
0.34428484176557
0.3442883139889979
0.34429178621242573
0.3442952584358536
0.34429873065928146
0.3443022028827093
0.3443056751061372
0.3443091473295651
0.3443126195529929
0.34431609177642075
0.3443195639998486
0.3443230362232765
0.3443265084467043
0.34432998067013215
0.34433345289356
0.3443369251169879
0.3443403973404157
0.3443438695638436
0.34434734178727144
0.3443508140106993
0.3443542862341271
0.344357758457555
0.34436123068098284
0.3443647029044107
0.34436817512783857
0.34437164735126646
0.3443751195746943
0.34437859179812214
0.34438206402155
0.34438553624497786
0.3443890084684057
0.34439248069183354
0.34439595291526137
0.3443994251386892
0.34440289736211716
0.344406369585545
0.3444098418089728
0.34441331403240066
0.34441678625582856
0.34442025847925645
0.3444237307026842
0.34442720292611206
0.34443067514953996
0.3444341473729678
0.3444376195963957
0.3444410918198235
0.3444445640432514
0.34444803626667925
0.34445150849010714
0.344454980713535
0.3444584529369628
0.34446192516039065
0.34446539738381854
0.3444688696072464
0.3444723418306742
0.34447581405410205
0.34447928627753
0.34448275850095783
0.34448623072438567
0.3444897029478135
0.34449317517124134
0.34449664739466923
0.34450011961809707
0.3445035918415249
0.34450706406495274
0.34451053628838063
0.3445140085118085
0.34451748073523636
0.3445209529586642
0.3445244251820921
0.3445278974055199
0.34453136962894776
0.3445348418523756
0.3445383140758035
0.3445417862992313
0.3445452585226592
0.34454873074608705
0.3445522029695149
0.3445556751929428
0.34455914741637067
0.3445626196397985
0.3445660918632263
0.3445695640866541
0.344573036310082
0.3445765085335099
0.34457998075693774
0.3445834529803656
0.34458692520379347
0.3445903974272213
0.3445938696506492
0.34459734187407703
0.34460081409750487
0.3446042863209327
0.3446077585443606
0.34461123076778843
0.34461470299121627
0.34461817521464416
0.34462164743807205
0.3446251196614999
0.3446285918849277
0.3446320641083556
0.34463553633178345
0.3446390085552113
0.3446424807786391
0.34464595300206696
0.3446494252254948
0.34465289744892275
0.3446563696723506
0.3446598418957784
0.34466331411920625
0.34466678634263415
0.344670258566062
0.3446737307894898
0.34467720301291765
0.34468067523634555
0.3446841474597734
0.3446876196832013
0.3446910919066291
0.344694564130057
0.34469803635348484
0.34470150857691273
0.34470498080034057
0.3447084530237684
0.34471192524719624
0.34471539747062413
0.34471886969405197
0.3447223419174798
0.34472581414090764
0.3447292863643356
0.3447327585877634
0.34473623081119126
0.3447397030346191
0.34474317525804693
0.3447466474814748
0.34475011970490266
0.3447535919283305
0.34475706415175833
0.3447605363751862
0.3447640085986141
0.34476748082204195
0.3447709530454698
0.3447744252688977
0.3447778974923255
0.34478136971575335
0.3447848419391812
0.3447883141626091
