0.46006960419083476
0.46007307641426265
0.4600765486376905
0.4600800208611183
0.46008349308454616
0.4600869653079741
0.46009043753140194
0.4600939097548298
0.4600973819782576
0.46010085420168545
0.46010432642511334
0.4601077986485412
0.460111270871969
0.46011474309539685
0.4601182153188248
0.46012168754225263
0.46012515976568047
0.4601286319891083
0.46013210421253614
0.4601355764359641
0.46013904865939187
0.4601425208828197
0.46014599310624754
0.4601494653296755
0.4601529375531033
0.46015640977653116
0.460159881999959
0.46016335422338683
0.4601668264468148
0.4601702986702426
0.46017377089367045
0.4601772431170983
0.4601807153405262
0.460184187563954
0.46018765978738185
0.4601911320108097
0.4601946042342375
0.4601980764576655
0.4602015486810933
0.46020502090452114
0.460208493127949
0.4602119653513769
0.4602154375748047
0.46021890979823254
0.4602223820216604
0.4602258542450882
0.46022932646851616
0.460232798691944
0.46023627091537184
0.4602397431387997
0.46024321536222756
0.4602466875856554
0.46025015980908324
0.4602536320325111
0.4602571042559389
0.46026057647936686
0.4602640487027947
0.46026752092622253
0.46027099314965036
0.4602744653730783
0.46027793759650615
0.46028140981993393
0.46028488204336176
0.4602883542667896
0.46029182649021755
0.4602952987136454
0.4602987709370732
0.46030224316050106
0.460305715383929
0.46030918760735684
0.4603126598307847
0.4603161320542125
0.46031960427764035
0.46032307650106824
0.4603265487244961
0.4603300209479239
0.46033349317135175
0.4603369653947797
0.46034043761820753
0.46034390984163537
0.4603473820650632
0.46035085428849104
0.46035432651191893
0.46035779873534677
0.4603612709587746
0.46036474318220244
0.4603682154056304
0.4603716876290582
0.46037515985248606
0.4603786320759139
0.46038210429934173
0.4603855765227696
0.46038904874619746
0.4603925209696253
0.46039599319305313
0.4603994654164811
0.4604029376399089
0.46040640986333675
0.4604098820867646
0.4604133543101924
0.46041682653362037
0.4604202987570482
0.460423770980476
0.4604272432039038
0.46043071542733177
0.4604341876507596
0.46043765987418744
0.4604411320976153
0.4604446043210431
0.46044807654447106
0.4604515487678989
0.46045502099132674
0.46045849321475457
0.46046196543818246
0.4604654376616103
0.46046890988503814
0.46047238210846597
0.4604758543318938
0.46047932655532176
0.4604827987787496
0.4604862710021774
0.46048974322560526
0.46049321544903316
0.460496687672461
0.4605001598958888
0.46050363211931666
0.4605071043427445
0.46051057656617245
0.4605140487896003
0.4605175210130281
0.46052099323645596
0.46052446545988385
0.4605279376833117
0.4605314099067395
0.46053488213016736
0.4605383543535952
0.46054182657702314
0.460545298800451
0.4605487710238788
0.46055224324730665
0.4605557154707346
0.46055918769416243
0.46056265991759027
0.46056613214101805
0.4605696043644459
0.46057307658787383
0.46057654881130167
0.4605800210347295
0.46058349325815734
0.4605869654815853
0.4605904377050131
0.46059390992844096
0.4605973821518688
0.46060085437529663
0.4606043265987245
0.46060779882215236
0.4606112710455802
0.46061474326900803
0.460618215492436
0.4606216877158638
0.46062515993929165
0.4606286321627195
0.4606321043861473
0.4606355766095752
0.46063904883300305
0.4606425210564309
0.4606459932798587
0.46064946550328667
0.4606529377267145
0.46065640995014234
0.4606598821735702
0.460663354396998
0.4606668266204259
0.46067029884385374
0.4606737710672816
0.4606772432907094
0.46068071551413736
0.4606841877375652
0.46068765996099303
0.46069113218442087
0.4606946044078487
0.46069807663127665
0.4607015488547045
0.4607050210781323
0.4607084933015601
0.46071196552498805
0.4607154377484159
0.4607189099718437
0.46072238219527156
0.4607258544186994
0.46072932664212735
0.4607327988655552
0.460736271088983
0.46073974331241085
0.46074321553583875
0.4607466877592666
0.4607501599826944
0.46075363220612225
0.4607571044295501
0.46076057665297804
