0.667014120491014
0.6670175927144419
0.6670210649378698
0.6670245371612976
0.6670280093847255
0.6670314816081533
0.6670349538315812
0.667038426055009
0.667041898278437
0.6670453705018647
0.6670488427252926
0.6670523149487205
0.6670557871721483
0.6670592593955762
0.667062731619004
0.6670662038424319
0.6670696760658598
0.6670731482892877
0.6670766205127154
0.6670800927361433
0.6670835649595711
0.667087037182999
0.6670905094064269
0.6670939816298547
0.6670974538532826
0.6671009260767103
0.6671043983001383
0.6671078705235661
0.667111342746994
0.6671148149704219
0.6671182871938498
0.6671217594172776
0.6671252316407054
0.6671287038641333
0.667132176087561
0.667135648310989
0.6671391205344168
0.6671425927578447
0.6671460649812726
0.6671495372047005
0.6671530094281283
0.6671564816515562
0.667159953874984
0.6671634260984118
0.6671668983218397
0.6671703705452675
0.6671738427686954
0.6671773149921233
0.6671807872155512
0.667184259438979
0.6671877316624069
0.6671912038858346
0.6671946761092625
0.6671981483326904
0.6672016205561182
0.6672050927795461
0.667208565002974
0.6672120372264019
0.6672155094498297
0.6672189816732575
0.6672224538966853
0.6672259261201132
0.6672293983435411
0.6672328705669689
0.6672363427903968
0.6672398150138246
0.6672432872372526
0.6672467594606803
0.6672502316841082
0.667253703907536
0.6672571761309639
0.6672606483543917
0.6672641205778197
0.6672675928012475
0.6672710650246754
0.6672745372481033
0.667278009471531
0.6672814816949589
0.6672849539183867
0.6672884261418146
0.6672918983652425
0.6672953705886704
0.6672988428120982
0.6673023150355261
0.667305787258954
0.6673092594823817
0.6673127317058096
0.6673162039292374
0.6673196761526654
0.6673231483760932
0.6673266205995211
0.6673300928229489
0.6673335650463768
0.6673370372698046
0.6673405094932324
0.6673439817166603
0.6673474539400881
0.667350926163516
0.6673543983869439
0.6673578706103718
0.6673613428337996
0.6673648150572274
0.6673682872806553
0.6673717595040831
0.667375231727511
0.6673787039509388
0.6673821761743667
0.6673856483977946
0.6673891206212225
0.6673925928446502
0.6673960650680782
0.667399537291506
0.6674030095149339
0.6674064817383617
0.6674099539617895
0.6674134261852174
0.6674168984086453
0.6674203706320732
0.6674238428555009
0.6674273150789289
0.6674307873023567
0.6674342595257846
0.6674377317492124
0.6674412039726403
0.6674446761960681
0.667448148419496
0.6674516206429238
0.6674550928663516
0.6674585650897796
0.6674620373132074
0.6674655095366353
0.6674689817600631
0.667472453983491
0.6674759262069189
0.6674793984303466
0.6674828706537745
0.6674863428772023
0.6674898151006302
0.6674932873240581
0.667496759547486
0.6675002317709138
0.6675037039943417
0.6675071762177694
0.6675106484411973
0.6675141206646252
0.667517592888053
0.667521065111481
0.6675245373349088
0.6675280095583367
0.6675314817817645
0.6675349540051924
0.6675384262286201
0.6675418984520481
0.6675453706754759
0.6675488428989037
0.6675523151223317
0.6675557873457595
0.6675592595691874
0.6675627317926152
0.667566204016043
0.6675696762394709
0.6675731484628988
0.6675766206863266
0.6675800929097545
0.6675835651331823
0.6675870373566102
0.6675905095800381
0.6675939818034659
0.6675974540268937
0.6676009262503215
0.6676043984737495
0.6676078706971773
0.6676113429206052
0.6676148151440331
0.6676182873674609
0.6676217595908888
0.6676252318143165
0.6676287040377444
0.6676321762611722
0.6676356484846002
0.667639120708028
0.6676425929314559
0.6676460651548838
0.6676495373783116
0.6676530096017395
0.6676564818251672
0.6676599540485951
0.6676634262720229
0.6676668984954509
0.6676703707188787
0.6676738429423066
0.6676773151657345
0.6676807873891624
0.6676842596125901
0.667687731836018
0.6676912040594458
0.6676946762828736
0.6676981485063016
0.6677016207297294
0.6677050929531573
