0.7829863829813829
0.7829898552048109
0.7829933274282387
0.7829967996516666
0.7830002718750944
0.7830037440985222
0.78300721632195
0.7830106885453779
0.7830141607688058
0.7830176329922337
0.7830211052156616
0.7830245774390894
0.7830280496625173
0.783031521885945
0.7830349941093729
0.7830384663328007
0.7830419385562287
0.7830454107796565
0.7830488830030844
0.7830523552265123
0.7830558274499401
0.783059299673368
0.7830627718967957
0.7830662441202236
0.7830697163436515
0.7830731885670793
0.7830766607905072
0.7830801330139351
0.783083605237363
0.7830870774607908
0.7830905496842187
0.7830940219076464
0.7830974941310743
0.7831009663545021
0.78310443857793
0.7831079108013579
0.7831113830247859
0.7831148552482137
0.7831183274716416
0.7831217996950693
0.7831252719184971
0.783128744141925
0.7831322163653528
0.7831356885887808
0.7831391608122086
0.7831426330356366
0.7831461052590644
0.7831495774824923
0.78315304970592
0.7831565219293479
0.7831599941527757
0.7831634663762036
0.7831669385996315
0.7831704108230594
0.7831738830464872
0.783177355269915
0.783180827493343
0.7831842997167707
0.7831877719401986
0.7831912441636264
0.7831947163870543
0.7831981886104821
0.78320166083391
0.783205133057338
0.7832086052807657
0.7832120775041936
0.7832155497276214
0.7832190219510493
0.7832224941744771
0.783225966397905
0.7832294386213329
0.7832329108447607
0.7832363830681887
0.7832398552916163
0.7832433275150443
0.7832467997384721
0.7832502719619
0.7832537441853278
0.7832572164087557
0.7832606886321836
0.7832641608556115
0.7832676330790392
0.7832711053024671
0.783274577525895
0.7832780497493228
0.7832815219727507
0.7832849941961785
0.7832884664196065
0.7832919386430341
0.7832954108664621
0.7832988830898899
0.7833023553133178
0.7833058275367457
0.7833092997601735
0.7833127719836014
0.7833162442070292
0.7833197164304571
0.783323188653885
0.7833266608773128
0.7833301331007407
0.7833336053241685
0.7833370775475964
0.7833405497710242
0.7833440219944521
0.7833474942178799
0.7833509664413078
0.7833544386647356
0.7833579108881636
0.7833613831115913
0.7833648553350192
0.7833683275584471
0.7833717997818749
0.7833752720053028
0.7833787442287306
0.7833822164521586
0.7833856886755862
0.7833891608990142
0.783392633122442
0.78339610534587
0.7833995775692978
0.7834030497927257
0.7834065220161535
0.7834099942395812
0.7834134664630091
0.783416938686437
0.7834204109098649
0.7834238831332928
0.7834273553567207
0.7834308275801485
0.7834342998035764
0.7834377720270042
0.783441244250432
0.7834447164738598
0.7834481886972877
0.7834516609207156
0.7834551331441434
0.7834586053675714
0.7834620775909992
0.7834655498144271
0.7834690220378548
0.7834724942612827
0.7834759664847106
0.7834794387081384
0.7834829109315663
0.7834863831549941
0.7834898553784221
0.7834933276018499
0.7834967998252778
0.7835002720487055
0.7835037442721334
0.7835072164955612
0.7835106887189891
0.783514160942417
0.7835176331658449
0.7835211053892728
0.7835245776127006
0.7835280498361284
0.7835315220595562
0.7835349942829841
0.7835384665064119
0.7835419387298399
0.7835454109532677
0.7835488831766956
0.7835523554001235
0.7835558276235512
0.7835592998469791
0.7835627720704069
0.7835662442938348
0.7835697165172627
0.7835731887406906
0.7835766609641184
0.7835801331875463
0.7835836054109742
0.7835870776344019
0.7835905498578298
0.7835940220812576
0.7835974943046855
0.7836009665281133
0.7836044387515412
0.7836079109749691
0.783611383198397
0.7836148554218249
0.7836183276452526
0.7836217998686805
0.7836252720921083
0.7836287443155362
0.783632216538964
0.783635688762392
0.7836391609858198
0.7836426332092478
0.7836461054326754
0.7836495776561033
0.7836530498795312
0.783656522102959
0.7836599943263869
0.7836634665498147
0.7836669387732427
0.7836704109966706
0.7836738832200983
0.7836773554435262
