0.28368065405578263
0.28368412627921047
0.28368759850263836
0.2836910707260662
0.2836945429494941
0.2836980151729219
0.2837014873963498
0.28370495961977765
0.2837084318432055
0.2837119040666333
0.28371537629006116
0.28371884851348905
0.2837223207369169
0.2837257929603447
0.2837292651837726
0.2837327374072005
0.28373620963062834
0.2837396818540562
0.283743154077484
0.28374662630091185
0.28375009852433974
0.2837535707477676
0.2837570429711955
0.2837605151946233
0.28376398741805114
0.28376745964147904
0.28377093186490693
0.28377440408833476
0.2837778763117626
0.28378134853519044
0.2837848207586183
0.28378829298204616
0.283791765205474
0.2837952374289019
0.28379870965232973
0.28380218187575756
0.28380565409918546
0.28380912632261335
0.28381259854604113
0.28381607076946896
0.28381954299289686
0.2838230152163247
0.2838264874397526
0.2838299596631804
0.2838334318866083
0.28383690411003615
0.283840376333464
0.2838438485568919
0.2838473207803197
0.28385079300374755
0.2838542652271754
0.2838577374506032
0.2838612096740311
0.283864681897459
0.28386815412088684
0.2838716263443147
0.28387509856774257
0.2838785707911704
0.28388204301459824
0.2838855152380261
0.28388898746145397
0.2838924596848818
0.28389593190830964
0.28389940413173753
0.28390287635516537
0.28390634857859326
0.2839098208020211
0.283913293025449
0.2839167652488768
0.28392023747230466
0.2839237096957325
0.2839271819191604
0.2839306541425882
0.28393412636601606
0.28393759858944395
0.2839410708128718
0.2839445430362997
0.2839480152597275
0.2839514874831554
0.2839549597065832
0.283958431930011
0.2839619041534389
0.28396537637686675
0.28396884860029464
0.2839723208237225
0.28397579304715037
0.2839792652705782
0.2839827374940061
0.28398620971743394
0.28398968194086177
0.2839931541642896
0.28399662638771744
0.28400009861114534
0.28400357083457317
0.28400704305800106
0.2840105152814289
0.28401398750485674
0.2840174597282846
0.2840209319517125
0.28402440417514035
0.28402787639856814
0.284031348621996
0.28403482084542386
0.28403829306885175
0.2840417652922796
0.2840452375157075
0.2840487097391353
0.28405218196256315
0.28405565418599105
0.2840591264094189
0.2840625986328467
0.28406607085627456
0.28406954307970245
0.2840730153031303
0.2840764875265582
0.284079959749986
0.2840834319734139
0.28408690419684174
0.2840903764202696
0.28409384864369747
0.28409732086712525
0.28410079309055314
0.284104265313981
0.2841077375374088
0.2841112097608367
0.28411468198426454
0.28411815420769243
0.28412162643112027
0.28412509865454816
0.284128570877976
0.28413204310140383
0.28413551532483167
0.28413898754825956
0.2841424597716874
0.28414593199511523
0.2841494042185431
0.28415287644197096
0.28415634866539885
0.2841598208888267
0.2841632931122546
0.2841667653356824
0.2841702375591102
0.2841737097825381
0.284177182005966
0.2841806542293938
0.28418412645282165
0.28418759867624954
0.2841910708996774
0.28419454312310527
0.2841980153465331
0.28420148756996094
0.2842049597933888
0.2842084320168166
0.2842119042402445
0.28421537646367234
0.28421884868710023
0.28422232091052807
0.28422579313395596
0.2842292653573838
0.2842327375808117
0.2842362098042395
0.2842396820276673
0.2842431542510952
0.28424662647452303
0.2842500986979509
0.28425357092137876
0.28425704314480665
0.2842605153682345
0.2842639875916623
0.2842674598150902
0.28427093203851805
0.2842744042619459
0.2842778764853737
0.2842813487088016
0.28428482093222945
0.28428829315565735
0.2842917653790852
0.2842952376025131
0.2842987098259409
0.28430218204936875
0.28430565427279664
0.2843091264962245
0.2843125987196523
0.28431607094308015
0.28431954316650804
0.2843230153899359
0.28432648761336377
0.2843299598367916
0.2843334320602195
0.28433690428364733
0.28434037650707517
0.284343848730503
0.28434732095393084
0.28435079317735873
0.28435426540078657
0.2843577376242144
0.2843612098476423
0.28436468207107013
0.284368154294498
0.28437162651792586
