0.37118068443773766
0.3711841566611655
0.37118762888459333
0.37119110110802117
0.37119457333144906
0.3711980455548769
0.3712015177783048
0.3712049900017326
0.37120846222516046
0.37121193444858835
0.37121540667201625
0.371218878895444
0.37122235111887186
0.37122582334229975
0.37122929556572765
0.3712327677891555
0.3712362400125833
0.37123971223601115
0.3712431844594391
0.37124665668286694
0.3712501289062948
0.3712536011297226
0.37125707335315045
0.3712605455765783
0.3712640178000062
0.371267490023434
0.37127096224686185
0.37127443447028974
0.3712779066937176
0.37128137891714547
0.3712848511405733
0.37128832336400114
0.371291795587429
0.37129526781085687
0.3712987400342847
0.3713022122577126
0.37130568448114043
0.3713091567045683
0.37131262892799616
0.371316101151424
0.3713195733748519
0.3713230455982797
0.37132651782170756
0.3713299900451354
0.37133346226856323
0.37133693449199107
0.371340406715419
0.37134387893884685
0.3713473511622747
0.3713508233857025
0.3713542956091304
0.3713577678325583
0.3713612400559861
0.3713647122794139
0.3713681845028418
0.3713716567262697
0.37137512894969754
0.3713786011731254
0.37138207339655327
0.3713855456199811
0.371389017843409
0.37139249006683683
0.37139596229026467
0.3713994345136925
0.3714029067371204
0.37140637896054823
0.37140985118397607
0.3714133234074039
0.37141679563083185
0.3714202678542597
0.3714237400776875
0.37142721230111536
0.3714306845245432
0.37143415674797103
0.3714376289713989
0.37144110119482676
0.37144457341825465
0.3714480456416825
0.3714515178651104
0.3714549900885382
0.37145846231196605
0.37146193453539395
0.3714654067588218
0.3714688789822496
0.37147235120567745
0.37147582342910535
0.37147929565253324
0.3714827678759611
0.3714862400993889
0.37148971232281675
0.3714931845462447
0.37149665676967253
0.37150012899310036
0.37150360121652815
0.371507073439956
0.3715105456633839
0.37151401788681176
0.3715174901102396
0.37152096233366744
0.37152443455709533
0.37152790678052316
0.37153137900395106
0.3715348512273789
0.37153832345080673
0.37154179567423457
0.37154526789766246
0.3715487401210903
0.3715522123445182
0.371555684567946
0.3715591567913739
0.37156262901480175
0.3715661012382296
0.3715695734616574
0.3715730456850853
0.37157651790851315
0.371579990131941
0.3715834623553688
0.37158693457879666
0.3715904068022246
0.37159387902565244
0.3715973512490803
0.3716008234725081
0.371604295695936
0.37160776791936384
0.3716112401427917
0.3716147123662195
0.3716181845896474
0.3716216568130753
0.37162512903650313
0.37162860125993097
0.37163207348335886
0.3716355457067867
0.3716390179302146
0.3716424901536424
0.3716459623770702
0.3716494346004981
0.371652906823926
0.3716563790473538
0.37165985127078166
0.3716633234942095
0.37166679571763744
0.3716702679410653
0.3716737401644931
0.37167721238792095
0.3716806846113488
0.3716841568347766
0.3716876290582045
0.37169110128163235
0.37169457350506024
0.3716980457284881
0.37170151795191597
0.3717049901753438
0.37170846239877164
0.37171193462219954
0.37171540684562737
0.3717188790690552
0.37172235129248304
0.37172582351591094
0.3717292957393388
0.37173276796276666
0.3717362401861945
0.37173971240962234
0.3717431846330502
0.37174665685647806
0.3717501290799059
0.37175360130333374
0.3717570735267616
0.37176054575018946
0.37176401797361736
0.3717674901970452
0.37177096242047303
0.3717744346439009
0.37177790686732876
0.37178137909075665
0.37178485131418443
0.3717883235376123
0.37179179576104016
0.37179526798446805
0.3717987402078959
0.3718022124313238
0.3718056846547516
0.3718091568781795
0.37181262910160734
0.3718161013250352
0.371819573548463
0.3718230457718909
0.37182651799531874
0.3718299902187466
0.3718334624421744
0.37183693466560225
0.3718404068890302
0.37184387911245803
0.37184735133588587
0.3718508235593137
0.3718542957827416
0.37185776800616943
0.37186124022959727
0.3718647124530251
0.371868184676453
0.3718716568998809
