0.8829864177036173
0.8829898899270452
0.882993362150473
0.8829968343739009
0.8830003065973286
0.8830037788207565
0.8830072510441843
0.8830107232676123
0.8830141954910402
0.883017667714468
0.8830211399378959
0.8830246121613237
0.8830280843847516
0.8830315566081793
0.8830350288316072
0.883038501055035
0.8830419732784629
0.8830454455018907
0.8830489177253187
0.8830523899487466
0.8830558621721744
0.8830593343956022
0.88306280661903
0.8830662788424579
0.8830697510658857
0.8830732232893137
0.8830766955127414
0.8830801677361694
0.8830836399595973
0.883087112183025
0.8830905844064529
0.8830940566298807
0.8830975288533086
0.8831010010767364
0.8831044733001644
0.8831079455235921
0.8831114177470201
0.883114889970448
0.8831183621938757
0.8831218344173036
0.8831253066407314
0.8831287788641593
0.8831322510875871
0.883135723311015
0.8831391955344428
0.8831426677578708
0.8831461399812987
0.8831496122047264
0.8831530844281543
0.8831565566515821
0.88316002887501
0.8831635010984378
0.8831669733218659
0.8831704455452934
0.8831739177687216
0.8831773899921493
0.8831808622155772
0.883184334439005
0.8831878066624329
0.8831912788858607
0.8831947511092885
0.8831982233327166
0.8832016955561441
0.8832051677795723
0.883208640003
0.8832121122264279
0.8832155844498557
0.8832190566732836
0.8832225288967114
0.8832260011201393
0.8832294733435673
0.8832329455669949
0.883236417790423
0.8832398900138507
0.8832433622372786
0.8832468344607064
0.8832503066841343
0.8832537789075621
0.88325725113099
0.8832607233544177
0.8832641955778456
0.8832676678012736
0.8832711400247014
0.8832746122481293
0.8832780844715571
0.883281556694985
0.8832850289184128
0.8832885011418407
0.8832919733652687
0.8832954455886963
0.8832989178121243
0.8833023900355521
0.88330586225898
0.8833093344824078
0.8833128067058357
0.8833162789292635
0.8833197511526913
0.8833232233761193
0.8833266955995471
0.883330167822975
0.8833336400464028
0.8833371122698307
0.8833405844932585
0.8833440567166864
0.8833475289401141
0.883351001163542
0.8833544733869698
0.8833579456103977
0.8833614178338257
0.8833648900572535
0.8833683622806814
0.8833718345041092
0.8833753067275371
0.8833787789509648
0.8833822511743927
0.8833857233978207
0.8833891956212484
0.8833926678446764
0.8833961400681041
0.8833996122915321
0.8834030845149599
0.8834065567383877
0.8834100289618155
0.8834135011852434
0.8834169734086714
0.8834204456320993
0.8834239178555271
0.8834273900789549
0.8834308623023828
0.8834343345258105
0.8834378067492384
0.8834412789726662
0.8834447511960941
0.8834482234195219
0.8834516956429498
0.8834551678663778
0.8834586400898057
0.8834621123132335
0.8834655845366614
0.8834690567600891
0.8834725289835169
0.8834760012069448
0.8834794734303728
0.8834829456538005
0.8834864178772285
0.8834898901006564
0.8834933623240842
0.883496834547512
0.8835003067709398
0.8835037789943677
0.8835072512177955
0.8835107234412235
0.8835141956646514
0.8835176678880792
0.8835211401115071
0.8835246123349348
0.8835280845583627
0.8835315567817905
0.8835350290052184
0.8835385012286462
0.8835419734520741
0.8835454456755019
0.8835489178989299
0.8835523901223578
0.8835558623457855
0.8835593345692134
0.8835628067926412
0.8835662790160691
0.8835697512394969
0.8835732234629249
0.8835766956863526
0.8835801679097806
0.8835836401332084
0.8835871123566362
0.8835905845800641
0.8835940568034919
0.8835975290269198
0.8836010012503476
0.8836044734737756
0.8836079456972032
0.8836114179206312
0.8836148901440591
0.8836183623674869
0.8836218345909148
0.8836253068143426
0.8836287790377705
0.8836322512611983
0.8836357234846262
0.8836391957080539
0.8836426679314819
0.8836461401549098
0.8836496123783376
0.8836530846017655
0.8836565568251933
0.8836600290486212
0.883663501272049
0.883666973495477
0.8836704457189046
0.8836739179423326
0.8836773901657605
