0.6288196627846051
0.628823135008033
0.6288266072314609
0.6288300794548887
0.6288335516783166
0.6288370239017445
0.6288404961251722
0.6288439683486001
0.6288474405720279
0.6288509127954558
0.6288543850188837
0.6288578572423116
0.6288613294657394
0.6288648016891673
0.6288682739125951
0.6288717461360229
0.6288752183594508
0.6288786905828786
0.6288821628063065
0.6288856350297344
0.6288891072531623
0.62889257947659
0.628896051700018
0.6288995239234458
0.6289029961468736
0.6289064683703015
0.6289099405937293
0.6289134128171573
0.6289168850405851
0.628920357264013
0.6289238294874407
0.6289273017108686
0.6289307739342965
0.6289342461577244
0.6289377183811522
0.6289411906045801
0.6289446628280079
0.6289481350514357
0.6289516072748637
0.6289550794982914
0.6289585517217194
0.6289620239451472
0.6289654961685751
0.6289689683920029
0.6289724406154308
0.6289759128388586
0.6289793850622865
0.6289828572857143
0.6289863295091421
0.6289898017325701
0.6289932739559979
0.6289967461794258
0.6290002184028536
0.6290036906262815
0.6290071628497093
0.6290106350731371
0.629014107296565
0.6290175795199928
0.6290210517434207
0.6290245239668486
0.6290279961902765
0.6290314684137043
0.6290349406371322
0.62903841286056
0.6290418850839878
0.6290453573074157
0.6290488295308435
0.6290523017542715
0.6290557739776993
0.6290592462011272
0.629062718424555
0.6290661906479829
0.6290696628714106
0.6290731350948386
0.6290766073182664
0.6290800795416943
0.6290835517651221
0.62908702398855
0.6290904962119779
0.6290939684354057
0.6290974406588336
0.6291009128822613
0.6291043851056893
0.6291078573291171
0.629111329552545
0.6291148017759729
0.6291182739994007
0.6291217462228286
0.6291252184462564
0.6291286906696842
0.629132162893112
0.62913563511654
0.6291391073399678
0.6291425795633957
0.6291460517868236
0.6291495240102514
0.6291529962336793
0.629156468457107
0.6291599406805349
0.6291634129039628
0.6291668851273907
0.6291703573508185
0.6291738295742464
0.6291773017976742
0.6291807740211022
0.62918424624453
0.6291877184679577
0.6291911906913856
0.6291946629148134
0.6291981351382413
0.6292016073616692
0.6292050795850971
0.629208551808525
0.6292120240319529
0.6292154962553806
0.6292189684788085
0.6292224407022363
0.6292259129256642
0.6292293851490921
0.6292328573725199
0.6292363295959478
0.6292398018193757
0.6292432740428036
0.6292467462662313
0.6292502184896592
0.629253690713087
0.6292571629365149
0.6292606351599428
0.6292641073833706
0.6292675796067985
0.6292710518302262
0.6292745240536542
0.629277996277082
0.6292814685005099
0.6292849407239377
0.6292884129473656
0.6292918851707935
0.6292953573942213
0.6292988296176492
0.629302301841077
0.6293057740645049
0.6293092462879327
0.6293127185113606
0.6293161907347884
0.6293196629582163
0.6293231351816442
0.629326607405072
0.6293300796284998
0.6293335518519276
0.6293370240753556
0.6293404962987834
0.6293439685222113
0.6293474407456391
0.629350912969067
0.6293543851924949
0.6293578574159228
0.6293613296393505
0.6293648018627784
0.6293682740862063
0.6293717463096341
0.629375218533062
0.6293786907564898
0.6293821629799177
0.6293856352033456
0.6293891074267735
0.6293925796502012
0.6293960518736291
0.629399524097057
0.6294029963204848
0.6294064685439127
0.6294099407673405
0.6294134129907685
0.6294168852141963
0.6294203574376241
0.6294238296610519
0.6294273018844798
0.6294307741079077
0.6294342463313355
0.6294377185547634
0.6294411907781912
0.629444663001619
0.6294481352250468
0.6294516074484748
0.6294550796719026
0.6294585518953306
0.6294620241187584
0.6294654963421863
0.6294689685656141
0.6294724407890419
0.6294759130124697
0.6294793852358976
0.6294828574593255
0.6294863296827533
0.6294898019061813
0.6294932741296091
0.629496746353037
0.6295002185764648
0.6295036907998927
0.6295071630233204
0.6295106352467483
