0.15312505316842123
0.15312852539184907
0.15313199761527696
0.1531354698387048
0.15313894206213266
0.15314241428556047
0.15314588650898833
0.15314935873241622
0.15315283095584406
0.15315630317927192
0.15315977540269976
0.15316324762612765
0.1531667198495555
0.15317019207298332
0.1531736642964112
0.15317713651983902
0.15318060874326692
0.1531840809666948
0.1531875531901226
0.15319102541355048
0.1531944976369783
0.15319796986040618
0.15320144208383402
0.1532049143072619
0.15320838653068977
0.15321185875411758
0.15321533097754544
0.15321880320097328
0.15322227542440117
0.15322574764782904
0.15322921987125687
0.15323269209468476
0.15323616431811254
0.15323963654154044
0.1532431087649683
0.15324658098839614
0.15325005321182403
0.15325352543525186
0.15325699765867976
0.15326046988210762
0.1532639421055354
0.1532674143289633
0.15327088655239113
0.15327435877581902
0.15327783099924686
0.15328130322267472
0.1532847754461026
0.1532882476695304
0.15329171989295828
0.15329519211638612
0.15329866433981398
0.15330213656324188
0.1533056087866697
0.15330908101009755
0.15331255323352538
0.15331602545695325
0.15331949768038114
0.15332296990380898
0.15332644212723687
0.15332991435066465
0.15333338657409254
0.1533368587975204
0.15334033102094824
0.15334380324437613
0.15334727546780397
0.15335074769123183
0.15335421991465964
0.1533576921380875
0.1533611643615154
0.15336463658494323
0.1533681088083711
0.15337158103179893
0.15337505325522682
0.15337852547865471
0.1533819977020825
0.15338546992551036
0.1533889421489382
0.1533924143723661
0.15339588659579398
0.15339935881922181
0.15340283104264968
0.15340630326607746
0.15340977548950535
0.1534132477129332
0.15341671993636108
0.15342019215978894
0.15342366438321678
0.15342713660664462
0.15343060883007245
0.15343408105350034
0.1534375532769282
0.15344102550035604
0.15344449772378393
0.15344796994721177
0.1534514421706396
0.15345491439406747
0.1534583866174953
0.1534618588409232
0.15346533106435103
0.15346880328777893
0.1534722755112068
0.1534757477346346
0.15347921995806246
0.1534826921814903
0.1534861644049182
0.15348963662834603
0.1534931088517739
0.15349658107520178
0.15350005329862956
0.15350352552205745
0.1535069977454853
0.15351046996891315
0.15351394219234105
0.15351741441576888
0.15352088663919677
0.15352435886262455
0.15352783108605242
0.1535313033094803
0.15353477553290815
0.15353824775633604
0.15354171997976387
0.15354519220319174
0.15354866442661957
0.1535521366500474
0.1535556088734753
0.15355908109690314
0.153562553320331
0.15356602554375884
0.15356949776718667
0.15357296999061457
0.1535764422140424
0.15357991443747027
0.1535833866608981
0.153586858884326
0.15359033110775389
0.15359380333118167
0.15359727555460953
0.15360074777803737
0.15360422000146526
0.15360769222489315
0.15361116444832099
0.15361463667174885
0.15361810889517666
0.15362158111860452
0.15362505334203236
0.15362852556546025
0.1536319977888881
0.15363547001231595
0.15363894223574384
0.15364241445917162
0.15364588668259951
0.15364935890602738
0.15365283112945521
0.1536563033528831
0.15365977557631094
0.15366324779973883
0.15366672002316667
0.15367019224659448
0.15367366447002237
0.1536771366934502
0.1536806089168781
0.15368408114030596
0.1536875533637338
0.15369102558716163
0.15369449781058947
0.15369797003401736
0.1537014422574452
0.15370491448087306
0.15370838670430095
0.15371185892772873
0.15371533115115663
0.15371880337458446
0.15372227559801233
0.15372574782144022
0.15372922004486805
0.15373269226829595
0.15373616449172373
0.1537396367151516
0.15374310893857948
0.15374658116200732
0.1537500533854352
0.15375352560886305
0.1537569978322909
0.1537604700557188
0.15376394227914658
0.15376741450257447
0.1537708867260023
0.15377435894943017
0.153777831172858
0.1537813033962859
0.1537847756197138
0.15378824784314157
0.15379172006656944
0.15379519228999727
0.15379866451342517
0.15380213673685306
0.1538056089602809
0.15380908118370873
0.15381255340713654
0.15381602563056443
