0.3836806887780169
0.3836841610014448
0.38368763322487265
0.3836911054483005
0.3836945776717283
0.3836980498951562
0.38370152211858405
0.3837049943420119
0.3837084665654397
0.3837119387888676
0.3837154110122955
0.38371888323572334
0.3837223554591512
0.38372582768257907
0.38372929990600696
0.3837327721294348
0.3837362443528626
0.3837397165762904
0.3837431887997183
0.3837466610231462
0.38375013324657403
0.38375360547000187
0.38375707769342976
0.3837605499168576
0.3837640221402855
0.3837674943637133
0.38377096658714116
0.383774438810569
0.3837779110339969
0.3837813832574247
0.38378485548085256
0.38378832770428045
0.3837917999277083
0.3837952721511362
0.383798744374564
0.38380221659799185
0.38380568882141974
0.3838091610448476
0.3838126332682754
0.38381610549170325
0.3838195777151311
0.38382304993855904
0.38382652216198687
0.3838299943854147
0.38383346660884254
0.38383693883227044
0.38384041105569827
0.3838438832791261
0.38384735550255394
0.38385082772598184
0.3838542999494097
0.38385777217283756
0.3838612443962654
0.38386471661969324
0.3838681888431211
0.383871661066549
0.38387513328997686
0.38387860551340464
0.3838820777368325
0.38388554996026036
0.38388902218368826
0.3838924944071161
0.38389596663054393
0.3838994388539718
0.3839029110773997
0.38390638330082755
0.3839098555242554
0.3839133277476832
0.38391679997111106
0.38392027219453895
0.3839237444179668
0.3839272166413946
0.3839306888648225
0.3839341610882504
0.38393763331167824
0.3839411055351061
0.3839445777585339
0.3839480499819618
0.38395152220538964
0.3839549944288175
0.3839584666522453
0.3839619388756732
0.3839654110991011
0.38396888332252893
0.38397235554595677
0.3839758277693846
0.3839792999928125
0.38398277221624033
0.38398624443966817
0.383989716663096
0.3839931888865239
0.3839966611099518
0.3840001333333796
0.38400360555680746
0.38400707778023535
0.3840105500036632
0.3840140222270911
0.3840174944505189
0.3840209666739467
0.3840244388973746
0.3840279111208025
0.3840313833442303
0.38403485556765815
0.38403832779108604
0.3840418000145139
0.38404527223794177
0.3840487444613696
0.38405221668479744
0.3840556889082253
0.38405916113165317
0.384062633355081
0.38406610557850884
0.3840695778019367
0.3840730500253646
0.38407652224879246
0.3840799944722203
0.38408346669564813
0.384086938919076
0.38409041114250386
0.3840938833659317
0.38409735558935953
0.38410082781278737
0.3841043000362153
0.38410777225964315
0.384111244483071
0.3841147167064988
0.3841181889299267
0.38412166115335455
0.3841251333767824
0.3841286056002102
0.3841320778236381
0.38413555004706595
0.38413902227049385
0.3841424944939217
0.3841459667173495
0.3841494389407774
0.3841529111642053
0.38415638338763314
0.384159855611061
0.3841633278344888
0.38416680005791665
0.38417027228134454
0.3841737445047724
0.3841772167282002
0.3841806889516281
0.384184161175056
0.38418763339848383
0.38419110562191167
0.3841945778453395
0.3841980500687674
0.38420152229219523
0.38420499451562307
0.3842084667390509
0.3842119389624788
0.3842154111859067
0.3842188834093345
0.38422235563276236
0.3842258278561902
0.3842293000796181
0.3842327723030459
0.38423624452647376
0.3842397167499016
0.3842431889733295
0.3842466611967574
0.3842501334201852
0.38425360564361305
0.38425707786704094
0.3842605500904688
0.3842640223138966
0.38426749453732445
0.3842709667607523
0.3842744389841802
0.38427791120760807
0.3842813834310359
0.38428485565446374
0.38428832787789163
0.38429180010131947
0.38429527232474736
0.3842987445481752
0.38430221677160303
0.38430568899503087
0.38430916121845876
0.3843126334418866
0.38431610566531443
0.38431957788874227
0.3843230501121702
0.38432652233559805
0.3843299945590259
0.3843334667824537
0.38433693900588156
0.38434041122930945
0.3843438834527373
0.3843473556761651
0.38435082789959296
0.3843543001230209
0.38435777234644875
0.3843612445698766
0.3843647167933044
0.3843681890167323
0.38437166124016015
