0.5593751942274979
0.5593786664509258
0.5593821386743536
0.5593856108977816
0.5593890831212094
0.5593925553446373
0.5593960275680651
0.5593994997914931
0.5594029720149208
0.5594064442383487
0.5594099164617765
0.5594133886852044
0.5594168609086323
0.5594203331320601
0.559423805355488
0.5594272775789157
0.5594307498023438
0.5594342220257715
0.5594376942491994
0.5594411664726272
0.5594446386960551
0.559448110919483
0.5594515831429108
0.5594550553663387
0.5594585275897664
0.5594619998131944
0.5594654720366222
0.5594689442600501
0.5594724164834779
0.5594758887069058
0.5594793609303337
0.5594828331537615
0.5594863053771894
0.5594897776006171
0.5594932498240451
0.5594967220474729
0.5595001942709008
0.5595036664943286
0.5595071387177565
0.5595106109411844
0.5595140831646123
0.55951755538804
0.5595210276114678
0.5595244998348958
0.5595279720583236
0.5595314442817515
0.5595349165051793
0.5595383887286072
0.5595418609520351
0.559545333175463
0.5595488053988907
0.5595522776223186
0.5595557498457465
0.5595592220691743
0.5595626942926022
0.55956616651603
0.5595696387394579
0.5595731109628858
0.5595765831863136
0.5595800554097414
0.5595835276331693
0.5595869998565972
0.559590472080025
0.5595939443034529
0.5595974165268807
0.5596008887503086
0.5596043609737364
0.5596078331971643
0.5596113054205921
0.55961477764402
0.5596182498674479
0.5596217220908757
0.5596251943143036
0.5596286665377314
0.5596321387611592
0.5596356109845871
0.559639083208015
0.5596425554314428
0.5596460276548707
0.5596494998782986
0.5596529721017265
0.5596564443251543
0.559659916548582
0.5596633887720099
0.5596668609954378
0.5596703332188657
0.5596738054422935
0.5596772776657214
0.5596807498891493
0.5596842221125772
0.559687694336005
0.5596911665594329
0.5596946387828606
0.5596981110062885
0.5597015832297164
0.5597050554531442
0.5597085276765721
0.5597119999
0.5597154721234279
0.5597189443468557
0.5597224165702835
0.5597258887937113
0.5597293610171392
0.5597328332405671
0.5597363054639949
0.5597397776874228
0.5597432499108507
0.5597467221342786
0.5597501943577063
0.5597536665811342
0.559757138804562
0.5597606110279899
0.5597640832514178
0.5597675554748456
0.5597710276982735
0.5597744999217014
0.5597779721451293
0.559781444368557
0.5597849165919849
0.5597883888154127
0.5597918610388407
0.5597953332622685
0.5597988054856964
0.5598022777091242
0.559805749932552
0.55980922215598
0.5598126943794077
0.5598161666028356
0.5598196388262634
0.5598231110496914
0.5598265832731192
0.5598300554965471
0.5598335277199749
0.5598369999434027
0.5598404721668306
0.5598439443902584
0.5598474166136863
0.5598508888371141
0.5598543610605421
0.5598578332839699
0.5598613055073978
0.5598647777308255
0.5598682499542534
0.5598717221776813
0.5598751944011091
0.559878666624537
0.5598821388479648
0.5598856110713928
0.5598890832948206
0.5598925555182485
0.5598960277416762
0.5598994999651041
0.559902972188532
0.5599064444119598
0.5599099166353877
0.5599133888588155
0.5599168610822435
0.5599203333056713
0.5599238055290992
0.5599272777525269
0.5599307499759549
0.5599342221993827
0.5599376944228106
0.5599411666462384
0.5599446388696662
0.5599481110930942
0.559951583316522
0.5599550555399498
0.5599585277633776
0.5599619999868056
0.5599654722102334
0.5599689444336613
0.5599724166570891
0.559975888880517
0.5599793611039449
0.5599828333273726
0.5599863055508005
0.5599897777742283
0.5599932499976563
0.5599967222210841
0.560000194444512
0.5600036666679398
0.5600071388913677
0.5600106111147956
0.5600140833382233
0.5600175555616512
0.560021027785079
0.560024500008507
0.5600279722319348
0.5600314444553627
0.5600349166787905
0.5600383889022184
0.5600418611256462
0.560045333349074
0.5600488055725019
0.5600522777959297
0.5600557500193577
0.5600592222427855
0.5600626944662134
0.5600661666896412
