0.2114584067563912
0.21146187897981908
0.21146535120324692
0.2114688234266748
0.21147229565010267
0.21147576787353048
0.21147924009695834
0.21148271232038618
0.21148618454381407
0.21148965676724193
0.21149312899066977
0.21149660121409766
0.21150007343752544
0.21150354566095333
0.2115070178843812
0.21151049010780903
0.21151396233123693
0.21151743455466476
0.2115209067780926
0.21152437900152044
0.2115278512249483
0.2115313234483762
0.21153479567180403
0.21153826789523192
0.21154174011865975
0.2115452123420876
0.21154868456551545
0.2115521567889433
0.21155562901237118
0.21155910123579902
0.21156257345922688
0.21156604568265477
0.21156951790608255
0.21157299012951045
0.21157646235293828
0.21157993457636615
0.21158340679979404
0.21158687902322187
0.21159035124664977
0.21159382347007755
0.2115972956935054
0.21160076791693325
0.21160424014036114
0.21160771236378903
0.21161118458721687
0.21161465681064473
0.21161812903407254
0.2116216012575004
0.2116250734809283
0.21162854570435613
0.211632017927784
0.21163549015121183
0.21163896237463972
0.21164243459806756
0.2116459068214954
0.21164937904492326
0.2116528512683511
0.21165632349177899
0.21165979571520688
0.21166326793863466
0.21166674016206255
0.21167021238549036
0.21167368460891825
0.2116771568323461
0.21168062905577398
0.21168410127920184
0.21168757350262965
0.21169104572605751
0.21169451794948535
0.21169799017291324
0.2117014623963411
0.21170493461976894
0.21170840684319683
0.21171187906662461
0.2117153512900525
0.21171882351348037
0.2117222957369082
0.2117257679603361
0.21172924018376393
0.21173271240719183
0.2117361846306197
0.21173965685404747
0.21174312907747536
0.2117466013009032
0.2117500735243311
0.21175354574775893
0.2117570179711868
0.21176049019461463
0.21176396241804246
0.21176743464147035
0.2117709068648982
0.21177437908832605
0.21177785131175395
0.21178132353518173
0.21178479575860962
0.21178826798203745
0.21179174020546532
0.2117952124288932
0.21179868465232105
0.21180215687574894
0.21180562909917672
0.2118091013226046
0.21181257354603242
0.2118160457694603
0.2118195179928882
0.21182299021631604
0.2118264624397439
0.2118299346631717
0.21183340688659957
0.21183687911002747
0.2118403513334553
0.21184382355688317
0.211847295780311
0.2118507680037389
0.21185424022716678
0.21185771245059457
0.21186118467402243
0.21186465689745027
0.21186812912087816
0.21187160134430605
0.21187507356773388
0.21187854579116175
0.21188201801458953
0.21188549023801742
0.21188896246144526
0.21189243468487315
0.211895906908301
0.21189937913172885
0.21190285135515669
0.21190632357858452
0.2119097958020124
0.21191326802544028
0.2119167402488681
0.211920212472296
0.21192368469572379
0.21192715691915168
0.21193062914257954
0.21193410136600738
0.21193757358943527
0.2119410458128631
0.211944518036291
0.21194799025971886
0.21195146248314667
0.21195493470657453
0.21195840693000237
0.21196187915343026
0.2119653513768581
0.21196882360028596
0.21197229582371385
0.21197576804714163
0.21197924027056952
0.21198271249399736
0.21198618471742522
0.21198965694085312
0.21199312916428095
0.21199660138770884
0.21200007361113662
0.2120035458345645
0.21200701805799238
0.21201049028142022
0.2120139625048481
0.21201743472827594
0.21202090695170378
0.2120243791751316
0.21202785139855948
0.21203132362198737
0.2120347958454152
0.21203826806884307
0.2120417402922709
0.21204521251569874
0.21204868473912664
0.21205215696255447
0.21205562918598234
0.21205910140941017
0.21206257363283806
0.21206604585626596
0.21206951807969374
0.2120729903031216
0.21207646252654944
0.21207993474997733
0.21208340697340522
0.21208687919683306
0.21209035142026092
0.21209382364368873
0.2120972958671166
0.21210076809054443
0.21210424031397232
0.21210771253740018
0.21211118476082802
0.2121146569842559
0.2121181292076837
0.21212160143111158
0.21212507365453945
0.21212854587796728
0.21213201810139518
0.212135490324823
0.2121389625482509
0.2121424347716787
0.21214590699510655
0.21214937921853444
