0.45104182327841086
0.4510452955018387
0.45104876772526653
0.45105223994869437
0.4510557121721223
0.45105918439555015
0.451062656618978
0.4510661288424058
0.45106960106583366
0.4510730732892616
0.45107654551268944
0.4510800177361172
0.45108348995954506
0.451086962182973
0.45109043440640084
0.4510939066298287
0.4510973788532565
0.45110085107668435
0.4511043233001123
0.45110779552354013
0.45111126774696797
0.4511147399703958
0.4511182121938237
0.45112168441725153
0.45112515664067937
0.4511286288641072
0.45113210108753504
0.451135573310963
0.4511390455343908
0.45114251775781866
0.4511459899812465
0.4511494622046744
0.4511529344281022
0.45115640665153006
0.4511598788749579
0.45116335109838573
0.4511668233218137
0.4511702955452415
0.45117376776866935
0.4511772399920972
0.4511807122155251
0.4511841844389529
0.45118765666238075
0.4511911288858086
0.4511946011092364
0.4511980733326644
0.4512015455560922
0.45120501777952005
0.4512084900029479
0.45121196222637583
0.45121543444980367
0.4512189066732315
0.4512223788966593
0.4512258511200871
0.45122932334351507
0.4512327955669429
0.45123626779037074
0.4512397400137986
0.4512432122372265
0.45124668446065436
0.4512501566840822
0.45125362890751003
0.45125710113093787
0.45126057335436576
0.4512640455777936
0.45126751780122143
0.45127099002464927
0.4512744622480772
0.45127793447150505
0.4512814066949329
0.4512848789183607
0.45128835114178856
0.45129182336521645
0.4512952955886443
0.4512987678120721
0.45130224003549996
0.4513057122589279
0.45130918448235574
0.4513126567057836
0.4513161289292114
0.45131960115263925
0.45132307337606714
0.451326545599495
0.4513300178229228
0.45133349004635065
0.4513369622697786
0.45134043449320643
0.45134390671663427
0.4513473789400621
0.45135085116348994
0.4513543233869179
0.4513577956103457
0.45136126783377356
0.45136474005720134
0.4513682122806293
0.4513716845040571
0.45137515672748496
0.4513786289509128
0.45138210117434063
0.4513855733977686
0.4513890456211964
0.45139251784462425
0.4513959900680521
0.45139946229148
0.4514029345149078
0.45140640673833565
0.4514098789617635
0.4514133511851913
0.45141682340861927
0.4514202956320471
0.45142376785547494
0.4514272400789028
0.4514307123023307
0.4514341845257585
0.45143765674918634
0.4514411289726142
0.451444601196042
0.45144807341946996
0.4514515456428978
0.45145501786632564
0.4514584900897535
0.45146196231318136
0.4514654345366092
0.45146890676003704
0.4514723789834649
0.4514758512068927
0.45147932343032066
0.4514827956537485
0.45148626787717633
0.45148974010060416
0.4514932123240321
0.45149668454745995
0.4515001567708878
0.4515036289943156
0.4515071012177434
0.45151057344117135
0.4515140456645992
0.451517517888027
0.45152099011145486
0.4515244623348828
0.45152793455831064
0.4515314067817385
0.4515348790051663
0.45153835122859415
0.45154182345202204
0.4515452956754499
0.4515487678988777
0.45155224012230555
0.4515557123457335
0.45155918456916133
0.45156265679258917
0.451566129016017
0.45156960123944484
0.45157307346287273
0.45157654568630057
0.4515800179097284
0.45158349013315624
0.4515869623565842
0.451590434580012
0.45159390680343986
0.4515973790268677
0.45160085125029553
0.4516043234737234
0.45160779569715126
0.4516112679205791
0.45161474014400693
0.4516182123674349
0.4516216845908627
0.45162515681429055
0.4516286290377184
0.4516321012611462
0.45163557348457417
0.451639045708002
0.45164251793142984
0.4516459901548577
0.45164946237828557
0.4516529346017134
0.45165640682514124
0.4516598790485691
0.4516633512719969
0.45166682349542486
0.4516702957188527
0.45167376794228054
0.45167724016570837
0.45168071238913626
0.4516841846125641
0.45168765683599194
0.45169112905941977
0.4516946012828476
0.45169807350627555
0.4517015457297034
0.4517050179531312
0.45170849017655906
0.45171196239998695
0.4517154346234148
0.4517189068468426
0.45172237907027046
0.4517258512936983
0.45172932351712625
0.4517327957405541
