0.2711806497155034
0.2711841219389312
0.2711875941623591
0.27119106638578694
0.2711945386092148
0.2711980108326426
0.27120148305607045
0.27120495527949834
0.27120842750292623
0.27121189972635407
0.2712153719497819
0.2712188441732098
0.27122231639663763
0.27122578862006547
0.2712292608434933
0.2712327330669212
0.27123620529034903
0.27123967751377687
0.27124314973720476
0.2712466219606326
0.2712500941840605
0.2712535664074883
0.27125703863091616
0.27126051085434405
0.2712639830777719
0.2712674553011997
0.27127092752462756
0.27127439974805545
0.2712778719714833
0.2712813441949112
0.271284816418339
0.2712882886417669
0.27129176086519474
0.2712952330886226
0.2712987053120504
0.2713021775354783
0.27130564975890614
0.271309121982334
0.27131259420576187
0.2713160664291897
0.2713195386526176
0.27132301087604543
0.2713264830994733
0.27132995532290116
0.271333427546329
0.27133689976975683
0.2713403719931847
0.27134384421661256
0.2713473164400404
0.2713507886634683
0.2713542608868961
0.271357733110324
0.27136120533375185
0.2713646775571797
0.2713681497806075
0.27137162200403536
0.27137509422746325
0.2713785664508911
0.271382038674319
0.2713855108977468
0.27138898312117465
0.27139245534460255
0.27139592756803044
0.2713993997914583
0.2714028720148861
0.27140634423831395
0.2714098164617418
0.2714132886851696
0.2714167609085975
0.2714202331320254
0.27142370535545324
0.2714271775788811
0.27143064980230897
0.2714341220257368
0.27143759424916464
0.2714410664725925
0.27144453869602037
0.2714480109194482
0.27145148314287604
0.27145495536630393
0.2714584275897318
0.27146189981315966
0.2714653720365875
0.2714688442600154
0.2714723164834432
0.27147578870687106
0.2714792609302989
0.2714827331537268
0.2714862053771546
0.27148967760058246
0.27149314982401035
0.2714966220474382
0.2715000942708661
0.2715035664942939
0.27150703871772175
0.2715105109411496
0.2715139831645775
0.2715174553880053
0.27152092761143315
0.27152439983486104
0.2715278720582889
0.27153134428171677
0.2715348165051446
0.2715382887285725
0.27154176095200033
0.27154523317542817
0.271548705398856
0.2715521776222839
0.27155564984571173
0.27155912206913957
0.27156259429256746
0.2715660665159953
0.2715695387394232
0.271573010962851
0.2715764831862789
0.2715799554097067
0.27158342763313453
0.2715868998565624
0.2715903720799903
0.27159384430341815
0.271597316526846
0.2716007887502739
0.2716042609737017
0.2716077331971296
0.27161120542055744
0.2716146776439853
0.2716181498674131
0.27162162209084095
0.27162509431426884
0.2716285665376967
0.2716320387611246
0.2716355109845524
0.27163898320798024
0.27164245543140814
0.271645927654836
0.2716493998782638
0.27165287210169164
0.27165634432511954
0.2716598165485474
0.2716632887719752
0.2716667609954031
0.271670233218831
0.27167370544225883
0.27167717766568666
0.27168064988911456
0.2716841221125424
0.27168759433597023
0.27169106655939806
0.27169453878282596
0.2716980110062538
0.27170148322968163
0.2717049554531095
0.2717084276765374
0.27171189989996525
0.2717153721233931
0.271718844346821
0.27172231657024876
0.27172578879367665
0.2717292610171045
0.2717327332405324
0.2717362054639602
0.27173967768738805
0.27174314991081594
0.2717466221342438
0.27175009435767167
0.2717535665810995
0.27175703880452734
0.2717605110279552
0.27176398325138307
0.2717674554748109
0.27177092769823874
0.27177439992166663
0.27177787214509447
0.27178134436852236
0.2717848165919502
0.2717882888153781
0.27179176103880587
0.2717952332622337
0.2717987054856616
0.2718021777090895
0.2718056499325173
0.27180912215594516
0.27181259437937305
0.2718160666028009
0.2718195388262288
0.2718230110496566
0.27182648327308445
0.2718299554965123
0.2718334277199401
0.271836899943368
0.2718403721667959
0.27184384439022374
0.2718473166136516
0.27185078883707947
0.2718542610605073
0.2718577332839352
0.27186120550736304
0.27186467773079087
0.2718681499542187
0.27187162217764654
