0.3503473438706055
0.35035081609403335
0.3503542883174612
0.3503577605408891
0.3503612327643169
0.35036470498774475
0.35036817721117264
0.35037164943460053
0.35037512165802837
0.3503785938814562
0.35038206610488404
0.35038553832831193
0.35038901055173977
0.3503924827751676
0.35039595499859544
0.35039942722202333
0.35040289944545117
0.35040637166887906
0.3504098438923069
0.35041331611573473
0.3504167883391626
0.35042026056259046
0.3504237327860183
0.35042720500944613
0.350430677232874
0.3504341494563019
0.35043762167972975
0.3504410939031576
0.3504445661265855
0.3504480383500133
0.35045151057344115
0.350454982796869
0.3504584550202968
0.3504619272437247
0.3504653994671526
0.35046887169058044
0.3504723439140083
0.3504758161374361
0.350479288360864
0.3504827605842919
0.35048623280771973
0.35048970503114757
0.3504931772545754
0.35049664947800324
0.35050012170143113
0.35050359392485897
0.35050706614828686
0.3505105383717147
0.3505140105951426
0.3505174828185704
0.35052095504199826
0.3505244272654261
0.350527899488854
0.3505313717122818
0.35053484393570966
0.35053831615913755
0.35054178838256544
0.3505452606059933
0.3505487328294211
0.35055220505284895
0.3505556772762768
0.3505591494997047
0.3505626217231325
0.35056609394656035
0.3505695661699882
0.3505730383934161
0.350576510616844
0.3505799828402718
0.35058345506369964
0.35058692728712754
0.3505903995105554
0.3505938717339832
0.35059734395741105
0.35060081618083894
0.3506042884042668
0.35060776062769466
0.3506112328511225
0.35061470507455034
0.35061817729797823
0.3506216495214061
0.35062512174483396
0.3506285939682618
0.35063206619168963
0.3506355384151175
0.35063901063854536
0.3506424828619732
0.35064595508540103
0.3506494273088289
0.35065289953225676
0.35065637175568465
0.3506598439791125
0.3506633162025403
0.35066678842596816
0.35067026064939605
0.3506737328728239
0.3506772050962517
0.3506806773196796
0.3506841495431075
0.35068762176653534
0.3506910939899632
0.35069456621339107
0.3506980384368189
0.35070151066024674
0.3507049828836746
0.3507084551071024
0.3507119273305303
0.3507153995539582
0.35071887177738603
0.35072234400081387
0.3507258162242417
0.3507292884476696
0.35073276067109743
0.35073623289452527
0.3507397051179531
0.350743177341381
0.35074664956480883
0.3507501217882367
0.35075359401166456
0.35075706623509245
0.3507605384585203
0.3507640106819482
0.350767482905376
0.35077095512880385
0.3507744273522317
0.3507778995756596
0.3507813717990874
0.35078484402251525
0.35078831624594314
0.35079178846937104
0.35079526069279887
0.3507987329162267
0.35080220513965454
0.3508056773630824
0.35080914958651027
0.3508126218099381
0.35081609403336594
0.3508195662567938
0.35082303848022167
0.35082651070364956
0.3508299829270774
0.35083345515050524
0.3508369273739331
0.35084039959736096
0.3508438718207888
0.35084734404421664
0.3508508162676445
0.35085428849107236
0.35085776071450026
0.3508612329379281
0.3508647051613559
0.3508681773847838
0.35087164960821166
0.3508751218316395
0.3508785940550673
0.35088206627849516
0.3508855385019231
0.35088901072535095
0.3508924829487788
0.3508959551722066
0.3508994273956345
0.35090289961906235
0.35090637184249024
0.3509098440659181
0.3509133162893459
0.35091678851277375
0.35092026073620164
0.3509237329596295
0.3509272051830573
0.3509306774064852
0.3509341496299131
0.35093762185334093
0.35094109407676877
0.3509445663001966
0.3509480385236245
0.35095151074705233
0.35095498297048017
0.350958455193908
0.3509619274173359
0.3509653996407638
0.3509688718641916
0.35097234408761946
0.3509758163110473
0.3509792885344752
0.350982760757903
0.35098623298133086
0.3509897052047587
0.3509931774281866
0.3509966496516144
0.3510001218750423
0.35100359409847015
0.35100706632189804
0.3510105385453259
0.3510140107687537
0.35101748299218155
0.35102095521560944
0.3510244274390373
0.35102789966246517
0.351031371885893
0.35103484410932084
0.3510383163327487
