0.42743070396899446
0.4274341761924223
0.42743764841585014
0.42744112063927797
0.4274445928627058
0.42744806508613375
0.4274515373095616
0.4274550095329894
0.42745848175641726
0.42746195397984516
0.427465426203273
0.4274688984267008
0.42747237065012866
0.4274758428735565
0.42747931509698445
0.4274827873204123
0.4274862595438401
0.42748973176726796
0.42749320399069585
0.4274966762141237
0.4275001484375515
0.42750362066097936
0.4275070928844072
0.427510565107835
0.427514037331263
0.4275175095546908
0.42752098177811865
0.42752445400154654
0.4275279262249744
0.4275313984484022
0.42753487067183005
0.4275383428952579
0.42754181511868583
0.42754528734211367
0.4275487595655415
0.42755223178896934
0.4275557040123973
0.42755917623582507
0.4275626484592529
0.42756612068268074
0.4275695929061086
0.4275730651295365
0.42757653735296436
0.4275800095763922
0.42758348179982003
0.427586954023248
0.4275904262466758
0.42759389847010365
0.4275973706935315
0.4276008429169593
0.4276043151403872
0.42760778736381505
0.4276112595872429
0.4276147318106707
0.42761820403409867
0.4276216762575265
0.42762514848095434
0.4276286207043822
0.42763209292781
0.42763556515123785
0.42763903737466574
0.4276425095980936
0.4276459818215214
0.42764945404494936
0.4276529262683772
0.42765639849180503
0.42765987071523287
0.4276633429386607
0.4276668151620886
0.42767028738551643
0.42767375960894427
0.4276772318323721
0.42768070405580005
0.4276841762792279
0.4276876485026557
0.42769112072608356
0.4276945929495114
0.42769806517293935
0.4277015373963671
0.42770500961979496
0.4277084818432228
0.42771195406665075
0.4277154262900786
0.4277188985135064
0.42772237073693425
0.4277258429603621
0.42772931518379004
0.4277327874072179
0.4277362596306457
0.42773973185407355
0.42774320407750144
0.4277466763009293
0.4277501485243571
0.42775362074778495
0.4277570929712128
0.4277605651946406
0.42776403741806857
0.4277675096414964
0.42777098186492424
0.42777445408835213
0.42777792631177997
0.4277813985352078
0.42778487075863564
0.4277883429820635
0.4277918152054914
0.42779528742891926
0.4277987596523471
0.42780223187577493
0.4278057040992028
0.42780917632263066
0.4278126485460585
0.42781612076948633
0.42781959299291417
0.4278230652163421
0.42782653743976995
0.4278300096631978
0.4278334818866256
0.42783695411005357
0.4278404263334814
0.4278438985569092
0.427847370780337
0.42785084300376486
0.4278543152271928
0.42785778745062064
0.4278612596740485
0.4278647318974763
0.42786820412090426
0.4278716763443321
0.42787514856775993
0.42787862079118777
0.4278820930146156
0.4278855652380435
0.42788903746147133
0.42789250968489917
0.427895981908327
0.42789945413175495
0.4279029263551828
0.4279063985786106
0.42790987080203846
0.4279133430254663
0.4279168152488942
0.427920287472322
0.42792375969574986
0.4279272319191777
0.42793070414260564
0.4279341763660335
0.4279376485894613
0.42794112081288915
0.427944593036317
0.4279480652597449
0.4279515374831727
0.42795500970660055
0.4279584819300284
0.42796195415345634
0.4279654263768842
0.427968898600312
0.42797237082373984
0.4279758430471677
0.42797931527059563
0.42798278749402346
0.42798625971745125
0.4279897319408791
0.42799320416430703
0.42799667638773486
0.4280001486111627
0.42800362083459054
0.4280070930580184
0.4280105652814463
0.42801403750487416
0.428017509728302
0.42802098195172983
0.4280244541751577
0.42802792639858556
0.4280313986220134
0.42803487084544123
0.42803834306886906
0.428041815292297
0.42804528751572485
0.4280487597391527
0.4280522319625805
0.4280557041860084
0.42805917640943625
0.4280626486328641
0.4280661208562919
0.42806959307971976
0.4280730653031477
0.42807653752657554
0.4280800097500034
0.4280834819734312
0.4280869541968591
0.42809042642028694
0.4280938986437148
0.4280973708671426
0.42810084309057045
0.4281043153139984
0.42810778753742623
0.42811125976085407
0.4281147319842819
0.42811820420770985
0.4281216764311377
