0.9531253309462955
0.9531288031697233
0.9531322753931512
0.9531357476165792
0.9531392198400068
0.9531426920634348
0.9531461642868626
0.9531496365102905
0.9531531087337183
0.9531565809571462
0.953160053180574
0.9531635254040018
0.9531669976274298
0.9531704698508575
0.9531739420742855
0.9531774142977132
0.9531808865211412
0.953184358744569
0.9531878309679969
0.9531913031914249
0.9531947754148525
0.9531982476382805
0.9532017198617082
0.9532051920851362
0.953208664308564
0.9532121365319919
0.9532156087554197
0.9532190809788476
0.9532225532022756
0.9532260254257032
0.9532294976491312
0.9532329698725589
0.9532364420959869
0.9532399143194147
0.9532433865428426
0.9532468587662704
0.9532503309896982
0.953253803213126
0.9532572754365539
0.9532607476599819
0.9532642198834096
0.9532676921068376
0.9532711643302653
0.9532746365536933
0.9532781087771212
0.9532815810005489
0.9532850532239769
0.9532885254474046
0.9532919976708326
0.9532954698942603
0.9532989421176883
0.953302414341116
0.953305886564544
0.9533093587879719
0.9533128310113996
0.9533163032348276
0.9533197754582553
0.9533232476816833
0.953326719905111
0.953330192128539
0.9533336643519669
0.9533371365753947
0.9533406087988225
0.9533440810222503
0.9533475532456782
0.953351025469106
0.953354497692534
0.9533579699159617
0.9533614421393897
0.9533649143628173
0.9533683865862453
0.9533718588096732
0.953375331033101
0.9533788032565289
0.9533822754799567
0.9533857477033847
0.9533892199268124
0.9533926921502404
0.953396164373668
0.953399636597096
0.9534031088205239
0.9534065810439517
0.9534100532673797
0.9534135254908074
0.9534169977142354
0.953420469937663
0.953423942161091
0.953427414384519
0.9534308866079467
0.9534343588313746
0.9534378310548024
0.9534413032782303
0.9534447755016581
0.9534482477250861
0.9534517199485137
0.9534551921719417
0.9534586643953696
0.9534621366187974
0.9534656088422253
0.9534690810656531
0.953472553289081
0.9534760255125088
0.9534794977359368
0.9534829699593644
0.9534864421827924
0.9534899144062201
0.9534933866296481
0.953496858853076
0.9535003310765038
0.9535038032999319
0.9535072755233595
0.9535107477467876
0.9535142199702151
0.9535176921936432
0.953521164417071
0.9535246366404988
0.9535281088639267
0.9535315810873545
0.9535350533107824
0.9535385255342101
0.9535419977576383
0.9535454699810658
0.9535489422044939
0.9535524144279217
0.9535558866513496
0.9535593588747774
0.9535628310982053
0.9535663033216331
0.9535697755450608
0.953573247768489
0.9535767199919165
0.9535801922153446
0.9535836644387722
0.9535871366622003
0.9535906088856281
0.953594081109056
0.953597553332484
0.9536010255559116
0.9536044977793396
0.9536079700027673
0.9536114422261953
0.9536149144496231
0.953618386673051
0.9536218588964788
0.9536253311199067
0.9536288033433344
0.9536322755667623
0.9536357477901903
0.953639220013618
0.953642692237046
0.9536461644604738
0.9536496366839017
0.9536531089073295
0.9536565811307574
0.9536600533541851
0.953663525577613
0.953666997801041
0.9536704700244687
0.9536739422478967
0.9536774144713244
0.9536808866947524
0.9536843589181802
0.953687831141608
0.953691303365036
0.9536947755884637
0.9536982478118917
0.9537017200353194
0.9537051922587474
0.9537086644821752
0.9537121367056031
0.9537156089290308
0.9537190811524587
0.9537225533758867
0.9537260255993144
0.9537294978227424
0.9537329700461701
0.9537364422695981
0.9537399144930259
0.9537433867164538
0.9537468589398815
0.9537503311633094
0.9537538033867372
0.9537572756101651
0.9537607478335931
0.9537642200570208
0.9537676922804488
0.9537711645038764
0.9537746367273044
0.9537781089507322
0.9537815811741601
0.9537850533975881
0.9537885256210158
0.9537919978444438
0.9537954700678715
0.9537989422912995
0.9538024145147271
0.9538058867381551
0.9538093589615829
0.9538128311850108
0.9538163034084388
