0.6878474610581462
0.6878509332815741
0.6878544055050019
0.6878578777284298
0.6878613499518575
0.6878648221752854
0.6878682943987133
0.6878717666221412
0.687875238845569
0.6878787110689969
0.6878821832924247
0.6878856555158527
0.6878891277392805
0.6878925999627084
0.6878960721861362
0.687899544409564
0.6879030166329919
0.6879064888564197
0.6879099610798476
0.6879134333032754
0.6879169055267034
0.6879203777501312
0.687923849973559
0.6879273221969869
0.6879307944204147
0.6879342666438426
0.6879377388672704
0.6879412110906983
0.6879446833141261
0.6879481555375541
0.6879516277609818
0.6879550999844097
0.6879585722078376
0.6879620444312654
0.6879655166546933
0.6879689888781211
0.687972461101549
0.6879759333249768
0.6879794055484048
0.6879828777718325
0.6879863499952604
0.6879898222186883
0.6879932944421161
0.687996766665544
0.6880002388889718
0.6880037111123997
0.6880071833358276
0.6880106555592554
0.6880141277826832
0.6880176000061111
0.6880210722295389
0.6880245444529669
0.6880280166763947
0.6880314888998226
0.6880349611232504
0.6880384333466781
0.688041905570106
0.6880453777935339
0.6880488500169618
0.6880523222403897
0.6880557944638176
0.6880592666872454
0.6880627389106733
0.688066211134101
0.6880696833575289
0.6880731555809568
0.6880766278043846
0.6880801000278125
0.6880835722512404
0.6880870444746683
0.6880905166980961
0.688093988921524
0.6880974611449517
0.6881009333683796
0.6881044055918075
0.6881078778152353
0.6881113500386632
0.688114822262091
0.688118294485519
0.6881217667089468
0.6881252389323746
0.6881287111558024
0.6881321833792303
0.6881356556026582
0.688139127826086
0.6881426000495139
0.6881460722729418
0.6881495444963697
0.6881530167197975
0.6881564889432253
0.6881599611666531
0.688163433390081
0.6881669056135089
0.6881703778369368
0.6881738500603646
0.6881773222837925
0.6881807945072204
0.6881842667306481
0.688187738954076
0.6881912111775038
0.6881946834009317
0.6881981556243596
0.6882016278477875
0.6882051000712153
0.6882085722946432
0.688212044518071
0.6882155167414988
0.6882189889649267
0.6882224611883545
0.6882259334117824
0.6882294056352103
0.6882328778586382
0.688236350082066
0.6882398223054939
0.6882432945289217
0.6882467667523495
0.6882502389757774
0.6882537111992052
0.6882571834226332
0.688260655646061
0.6882641278694889
0.6882676000929167
0.6882710723163445
0.6882745445397724
0.6882780167632002
0.6882814889866281
0.6882849612100559
0.6882884334334838
0.6882919056569116
0.6882953778803396
0.6882988501037673
0.6883023223271953
0.6883057945506231
0.688309266774051
0.6883127389974788
0.6883162112209067
0.6883196834443345
0.6883231556677624
0.6883266278911903
0.688330100114618
0.688333572338046
0.6883370445614738
0.6883405167849017
0.6883439890083295
0.6883474612317574
0.6883509334551853
0.6883544056786131
0.688357877902041
0.6883613501254687
0.6883648223488966
0.6883682945723245
0.6883717667957524
0.6883752390191802
0.6883787112426081
0.6883821834660359
0.6883856556894637
0.6883891279128916
0.6883926001363194
0.6883960723597474
0.6883995445831752
0.6884030168066031
0.6884064890300309
0.6884099612534588
0.6884134334768865
0.6884169057003144
0.6884203779237423
0.6884238501471701
0.6884273223705981
0.6884307945940259
0.6884342668174538
0.6884377390408816
0.6884412112643095
0.6884446834877372
0.6884481557111652
0.688451627934593
0.6884551001580209
0.6884585723814488
0.6884620446048766
0.6884655168283045
0.6884689890517323
0.6884724612751602
0.6884759334985879
0.6884794057220159
0.6884828779454437
0.6884863501688716
0.6884898223922995
0.6884932946157273
0.6884967668391552
0.688500239062583
0.6885037112860108
0.6885071835094387
0.6885106557328666
0.6885141279562944
0.6885176001797223
0.6885210724031501
0.688524544626578
0.6885280168500059
0.6885314890734336
0.6885349612968615
0.6885384335202893
