0.49201405972710405
0.4920175319505319
0.4920210041739597
0.49202447639738767
0.4920279486208155
0.49203142084424334
0.4920348930676712
0.492038365291099
0.49204183751452696
0.4920453097379548
0.49204878196138263
0.49205225418481047
0.49205572640823836
0.4920591986316662
0.49206267085509403
0.49206614307852187
0.4920696153019497
0.49207308752537765
0.4920765597488055
0.4920800319722333
0.49208350419566116
0.49208697641908905
0.4920904486425169
0.4920939208659447
0.49209739308937256
0.4921008653128004
0.49210433753622834
0.4921078097596562
0.492111281983084
0.49211475420651185
0.49211822642993974
0.4921216986533676
0.4921251708767954
0.49212864310022325
0.4921321153236511
0.49213558754707903
0.49213905977050687
0.4921425319939347
0.49214600421736254
0.49214947644079043
0.49215294866421827
0.4921564208876461
0.49215989311107394
0.4921633653345018
0.4921668375579297
0.49217030978135756
0.4921737820047854
0.49217725422821323
0.4921807264516412
0.492184198675069
0.49218767089849685
0.4921911431219247
0.4921946153453525
0.4921980875687804
0.49220155979220825
0.4922050320156361
0.4922085042390639
0.4922119764624919
0.4922154486859197
0.49221892090934755
0.4922223931327754
0.4922258653562032
0.4922293375796311
0.49223280980305895
0.4922362820264868
0.4922397542499146
0.49224322647334257
0.4922466986967704
0.49225017092019824
0.4922536431436261
0.4922571153670539
0.4922605875904818
0.49226405981390964
0.4922675320373375
0.4922710042607653
0.49227447648419326
0.4922779487076211
0.49228142093104893
0.49228489315447677
0.4922883653779046
0.4922918376013325
0.49229530982476033
0.49229878204818817
0.492302254271616
0.49230572649504395
0.4923091987184718
0.4923126709418996
0.49231614316532746
0.4923196153887553
0.49232308761218324
0.4923265598356111
0.4923300320590389
0.49233350428246675
0.49233697650589464
0.4923404487293225
0.4923439209527503
0.49234739317617815
0.492350865399606
0.49235433762303393
0.49235780984646177
0.4923612820698896
0.49236475429331744
0.49236822651674533
0.49237169874017317
0.492375170963601
0.49237864318702884
0.4923821154104567
0.4923855876338846
0.49238905985731246
0.4923925320807403
0.49239600430416813
0.492399476527596
0.49240294875102386
0.4924064209744517
0.49240989319787953
0.49241336542130737
0.4924168376447353
0.49242030986816315
0.492423782091591
0.4924272543150188
0.4924307265384468
0.49243419876187455
0.4924376709853024
0.4924411432087302
0.49244461543215806
0.492448087655586
0.49245155987901384
0.4924550321024417
0.4924585043258695
0.49246197654929746
0.4924654487727253
0.49246892099615314
0.492472393219581
0.4924758654430088
0.4924793376664367
0.49248280988986454
0.4924862821132924
0.4924897543367202
0.49249322656014816
0.492496698783576
0.49250017100700383
0.49250364323043166
0.4925071154538595
0.4925105876772874
0.49251405990071523
0.49251753212414306
0.4925210043475709
0.49252447657099885
0.4925279487944267
0.4925314210178545
0.49253489324128236
0.4925383654647102
0.4925418376881381
0.4925453099115659
0.49254878213499376
0.4925522543584216
0.49255572658184954
0.4925591988052774
0.4925626710287052
0.49256614325213305
0.4925696154755609
0.49257308769898883
0.4925765599224166
0.49258003214584445
0.4925835043692723
0.49258697659270023
0.49259044881612807
0.4925939210395559
0.49259739326298374
0.4926008654864116
0.4926043377098395
0.49260780993326736
0.4926112821566952
0.49261475438012303
0.4926182266035509
0.49262169882697876
0.4926251710504066
0.49262864327383443
0.49263211549726227
0.4926355877206902
0.49263905994411805
0.4926425321675459
0.4926460043909737
0.4926494766144016
0.49265294883782945
0.4926564210612573
0.4926598932846851
0.49266336550811296
0.4926668377315409
0.49267030995496874
0.4926737821783966
0.4926772544018244
0.4926807266252523
0.49268419884868014
0.492687671072108
0.4926911432955358
0.49269461551896365
0.4926980877423916
0.49270155996581944
0.49270503218924727
