0.998958680193986
0.998962152417414
0.9989656246408419
0.9989690968642697
0.9989725690876977
0.9989760413111254
0.9989795135345534
0.9989829857579811
0.9989864579814091
0.998989930204837
0.9989934024282647
0.9989968746516926
0.9990003468751204
0.9990038190985483
0.9990072913219761
0.9990107635454041
0.9990142357688317
0.9990177079922598
0.9990211802156876
0.9990246524391154
0.9990281246625433
0.9990315968859711
0.999035069109399
0.9990385413328268
0.9990420135562548
0.9990454857796824
0.9990489580031104
0.9990524302265381
0.9990559024499661
0.999059374673394
0.9990628468968218
0.9990663191202498
0.9990697913436775
0.9990732635671055
0.9990767357905331
0.9990802080139611
0.999083680237389
0.9990871524608168
0.9990906246842447
0.9990940969076725
0.9990975691311004
0.9991010413545282
0.9991045135779562
0.9991079858013838
0.9991114580248118
0.9991149302482397
0.9991184024716675
0.9991218746950954
0.9991253469185232
0.9991288191419511
0.9991322913653788
0.999135763588807
0.9991392358122345
0.9991427080356625
0.9991461802590902
0.9991496524825182
0.9991531247059461
0.9991565969293739
0.999160069152802
0.9991635413762295
0.9991670135996576
0.9991704858230852
0.9991739580465133
0.9991774302699411
0.999180902493369
0.9991843747167968
0.9991878469402247
0.9991913191636527
0.9991947913870802
0.9991982636105083
0.9992017358339359
0.999205208057364
0.9992086802807918
0.9992121525042197
0.9992156247276475
0.9992190969510754
0.9992225691745031
0.999226041397931
0.999229513621359
0.9992329858447867
0.9992364580682147
0.9992399302916423
0.9992434025150704
0.9992468747384982
0.999250346961926
0.999253819185354
0.9992572914087817
0.9992607636322097
0.9992642358556374
0.9992677080790654
0.9992711803024931
0.9992746525259211
0.9992781247493489
0.9992815969727767
0.9992850691962047
0.9992885414196324
0.9992920136430604
0.9992954858664881
0.9992989580899161
0.9993024303133439
0.9993059025367718
0.9993093747601995
0.9993128469836274
0.9993163192070552
0.9993197914304831
0.9993232636539111
0.9993267358773388
0.9993302081007668
0.9993336803241946
0.9993371525476225
0.9993406247710502
0.9993440969944781
0.9993475692179059
0.9993510414413338
0.9993545136647618
0.9993579858881895
0.9993614581116175
0.9993649303350451
0.9993684025584731
0.9993718747819009
0.9993753470053288
0.9993788192287568
0.9993822914521845
0.9993857636756125
0.9993892358990402
0.9993927081224682
0.999396180345896
0.9993996525693238
0.9994031247927516
0.9994065970161795
0.9994100692396073
0.9994135414630352
0.9994170136864632
0.9994204859098909
0.9994239581333189
0.9994274303567466
0.9994309025801745
0.9994343748036023
0.9994378470270302
0.999441319250458
0.9994447914738859
0.9994482636973139
0.9994517359207415
0.9994552081441695
0.9994586803675972
0.9994621525910252
0.9994656248144531
0.9994690970378809
0.9994725692613089
0.9994760414847366
0.9994795137081646
0.9994829859315922
0.9994864581550202
0.9994899303784481
0.9994934026018759
0.9994968748253038
0.9995003470487316
0.9995038192721595
0.9995072914955873
0.9995107637190153
0.9995142359424429
0.9995177081658709
0.9995211803892988
0.9995246526127266
0.9995281248361545
0.9995315970595823
0.9995350692830102
0.999538541506438
0.999542013729866
0.9995454859532936
0.9995489581767216
0.9995524304001493
0.9995559026235773
0.9995593748470052
0.999562847070433
0.999566319293861
0.9995697915172886
0.9995732637407166
0.9995767359641443
0.9995802081875723
0.9995836804110002
0.999587152634428
0.9995906248578559
0.9995940970812837
0.9995975693047116
0.9996010415281393
0.9996045137515673
0.999607985974995
0.999611458198423
0.9996149304218509
0.9996184026452787
0.9996218748687066
0.9996253470921344
0.9996288193155622
0.99963229153899
0.999635763762418
0.9996392359858457
0.9996427082092737
0.9996461804327014
0.9996496526561294
