0.4413195976804158
0.44132306990384373
0.44132654212727157
0.4413300143506994
0.44133348657412724
0.4413369587975552
0.441340431020983
0.44134390324441086
0.4413473754678387
0.44135084769126653
0.4413543199146944
0.44135779213812226
0.4413612643615501
0.44136473658497793
0.4413682088084059
0.4413716810318337
0.44137515325526155
0.4413786254786894
0.4413820977021172
0.4413855699255451
0.44138904214897295
0.4413925143724008
0.4413959865958286
0.4413994588192566
0.4414029310426844
0.44140640326611225
0.4414098754895401
0.4414133477129679
0.4414168199363958
0.44142029215982365
0.4414237643832515
0.4414272366066793
0.44143070883010727
0.4414341810535351
0.44143765327696294
0.4414411255003908
0.4414445977238186
0.44144806994724656
0.4414515421706744
0.4414550143941022
0.44145848661753
0.44146195884095796
0.4414654310643858
0.44146890328781363
0.44147237551124147
0.4414758477346693
0.44147931995809725
0.4414827921815251
0.4414862644049529
0.44148973662838076
0.44149320885180865
0.4414966810752365
0.4415001532986643
0.44150362552209216
0.44150709774552
0.44151056996894794
0.4415140421923758
0.4415175144158036
0.44152098663923145
0.44152445886265934
0.4415279310860872
0.441531403309515
0.44153487553294285
0.4415383477563707
0.44154181997979863
0.44154529220322647
0.4415487644266543
0.44155223665008214
0.44155570887351003
0.44155918109693787
0.4415626533203657
0.44156612554379354
0.4415695977672214
0.4415730699906493
0.44157654221407716
0.441580014437505
0.44158348666093283
0.4415869588843608
0.4415904311077886
0.44159390333121645
0.44159737555464423
0.44160084777807207
0.4416043200015
0.44160779222492785
0.4416112644483557
0.4416147366717835
0.4416182088952115
0.4416216811186393
0.44162515334206714
0.441628625565495
0.4416320977889228
0.4416355700123507
0.44163904223577855
0.4416425144592064
0.4416459866826342
0.44164945890606216
0.44165293112949
0.44165640335291784
0.4416598755763457
0.4416633477997735
0.4416668200232014
0.44167029224662924
0.4416737644700571
0.4416772366934849
0.44168070891691286
0.4416841811403407
0.44168765336376853
0.44169112558719636
0.4416945978106242
0.4416980700340521
0.44170154225747993
0.44170501448090776
0.4417084867043356
0.44171195892776355
0.4417154311511914
0.4417189033746192
0.44172237559804706
0.4417258478214749
0.44172932004490284
0.4417327922683307
0.44173626449175846
0.4417397367151863
0.44174320893861424
0.4417466811620421
0.4417501533854699
0.44175362560889775
0.4417570978323256
0.44176057005575353
0.44176404227918137
0.4417675145026092
0.44177098672603704
0.44177445894946493
0.44177793117289277
0.4417814033963206
0.44178487561974844
0.4417883478431763
0.4417918200666042
0.44179529229003206
0.4417987645134599
0.44180223673688773
0.4418057089603156
0.44180918118374346
0.4418126534071713
0.44181612563059913
0.44181959785402697
0.4418230700774549
0.44182654230088275
0.4418300145243106
0.4418334867477384
0.4418369589711663
0.44184043119459415
0.441843903418022
0.4418473756414498
0.44185084786487766
0.4418543200883056
0.44185779231173344
0.4418612645351613
0.4418647367585891
0.44186820898201706
0.4418716812054449
0.44187515342887274
0.4418786256523005
0.44188209787572835
0.4418855700991563
0.44188904232258414
0.44189251454601197
0.4418959867694398
0.44189945899286776
0.4419029312162956
0.4419064034397234
0.44190987566315126
0.4419133478865791
0.441916820110007
0.4419202923334348
0.44192376455686266
0.4419272367802905
0.44193070900371845
0.4419341812271463
0.4419376534505741
0.44194112567400196
0.4419445978974298
0.4419480701208577
0.4419515423442855
0.44195501456771336
0.4419584867911412
0.44196195901456914
0.441965431237997
0.4419689034614248
0.44197237568485265
0.4419758479082805
0.4419793201317084
0.4419827923551362
0.44198626457856405
0.4419897368019919
0.44199320902541983
0.44199668124884767
0.4420001534722755
0.44200362569570334
0.4420070979191312
0.4420105701425591
