0.41493069962871515
0.41493417185214304
0.4149376440755709
0.41494111629899866
0.41494458852242655
0.4149480607458544
0.4149515329692823
0.4149550051927101
0.414958477416138
0.41496194963956584
0.41496542186299373
0.41496889408642157
0.4149723663098494
0.41497583853327724
0.4149793107567051
0.41498278298013297
0.4149862552035608
0.41498972742698864
0.41499319965041653
0.4149966718738444
0.41500014409727226
0.4150036163207001
0.415007088544128
0.4150105607675558
0.41501403299098366
0.4150175052144115
0.41502097743783933
0.4150244496612672
0.4150279218846951
0.41503139410812295
0.4150348663315508
0.4150383385549787
0.4150418107784065
0.41504528300183435
0.4150487552252622
0.4150522274486901
0.4150556996721179
0.4150591718955458
0.41506264411897364
0.4150661163424015
0.4150695885658294
0.4150730607892572
0.4150765330126851
0.41508000523611294
0.4150834774595408
0.4150869496829686
0.4150904219063965
0.41509389412982434
0.4150973663532522
0.41510083857668006
0.4151043108001079
0.4151077830235358
0.41511125524696363
0.41511472747039146
0.4151181996938193
0.4151216719172472
0.41512514414067503
0.41512861636410286
0.41513208858753076
0.4151355608109586
0.4151390330343865
0.4151425052578143
0.41514597748124216
0.41514944970467005
0.4151529219280979
0.4151563941515257
0.41515986637495356
0.41516333859838145
0.4151668108218093
0.4151702830452372
0.415173755268665
0.4151772274920929
0.41518069971552074
0.4151841719389486
0.4151876441623764
0.41519111638580425
0.41519458860923214
0.41519806083266
0.41520153305608787
0.4152050052795157
0.4152084775029436
0.41521194972637143
0.4152154219497993
0.41521889417322716
0.415222366396655
0.41522583862008283
0.41522931084351067
0.41523278306693856
0.4152362552903664
0.41523972751379423
0.4152431997372221
0.41524667196065
0.41525014418407785
0.4152536164075057
0.4152570886309335
0.41526056085436136
0.41526403307778925
0.4152675053012171
0.4152709775246449
0.4152744497480728
0.4152779219715007
0.41528139419492854
0.4152848664183564
0.41528833864178427
0.4152918108652121
0.41529528308863994
0.4152987553120678
0.41530222753549567
0.4153056997589235
0.4153091719823514
0.41531264420577924
0.41531611642920707
0.41531958865263496
0.4153230608760628
0.41532653309949064
0.41533000532291847
0.41533347754634636
0.4153369497697742
0.4153404219932021
0.4153438942166299
0.41534736644005776
0.41535083866348566
0.4153543108869135
0.4153577831103414
0.4153612553337692
0.41536472755719706
0.4153681997806249
0.4153716720040528
0.4153751442274806
0.41537861645090846
0.41538208867433635
0.4153855608977642
0.4153890331211921
0.4153925053446199
0.41539597756804775
0.4153994497914756
0.4154029220149035
0.4154063942383313
0.41540986646175915
0.41541333868518704
0.4154168109086149
0.41542028313204277
0.4154237553554706
0.4154272275788985
0.41543069980232633
0.41543417202575417
0.415437644249182
0.41544111647260984
0.41544458869603773
0.41544806091946557
0.41545153314289346
0.4154550053663213
0.4154584775897492
0.415461949813177
0.41546542203660486
0.4154688942600327
0.41547236648346053
0.4154758387068884
0.41547931093031626
0.41548278315374415
0.415486255377172
0.4154897276005998
0.4154931998240277
0.4154966720474556
0.41550014427088344
0.4155036164943113
0.4155070887177391
0.41551056094116695
0.41551403316459484
0.4155175053880227
0.4155209776114505
0.4155244498348784
0.4155279220583063
0.41553139428173413
0.41553486650516197
0.4155383387285898
0.41554181095201764
0.41554528317544553
0.41554875539887337
0.41555222762230126
0.4155556998457291
0.415559172069157
0.4155626442925848
0.41556611651601266
0.41556958873944055
0.4155730609628684
0.4155765331862962
0.41558000540972406
0.41558347763315195
0.4155869498565798
0.4155904220800076
0.4155938943034355
0.41559736652686335
0.41560083875029125
0.4156043109737191
0.4156077831971469
0.41561125542057475
0.4156147276440026
0.4156181998674305
0.4156216720908584
