0.17881950653455084
0.17882297875797873
0.17882645098140654
0.17882992320483443
0.17883339542826232
0.17883686765169016
0.17884033987511802
0.17884381209854583
0.1788472843219737
0.17885075654540153
0.17885422876882942
0.17885770099225728
0.17886117321568512
0.178864645439113
0.1788681176625408
0.17887158988596868
0.17887506210939655
0.17887853433282438
0.17888200655625228
0.1788854787796801
0.17888895100310795
0.17889242322653584
0.17889589544996368
0.17889936767339154
0.17890283989681938
0.17890631212024727
0.17890978434367513
0.17891325656710294
0.1789167287905308
0.17892020101395864
0.17892367323738653
0.17892714546081437
0.17893061768424223
0.17893408990767012
0.1789375621310979
0.1789410343545258
0.17894450657795363
0.1789479788013815
0.1789514510248094
0.17895492324823722
0.17895839547166512
0.1789618676950929
0.1789653399185208
0.17896881214194865
0.1789722843653765
0.17897575658880438
0.17897922881223222
0.17898270103566008
0.1789861732590879
0.17898964548251575
0.17899311770594364
0.17899658992937148
0.17900006215279934
0.17900353437622718
0.17900700659965507
0.1790104788230829
0.17901395104651074
0.1790174232699386
0.17902089549336644
0.17902436771679434
0.17902783994022223
0.17903131216365
0.1790347843870779
0.17903825661050574
0.1790417288339336
0.1790452010573615
0.17904867328078933
0.1790521455042172
0.179055617727645
0.17905908995107286
0.1790625621745007
0.1790660343979286
0.17906950662135646
0.1790729788447843
0.17907645106821218
0.17907992329163996
0.17908339551506786
0.17908686773849575
0.17909033996192356
0.17909381218535145
0.17909728440877928
0.17910075663220718
0.17910422885563504
0.17910770107906285
0.1791111733024907
0.17911464552591855
0.17911811774934644
0.1791215899727743
0.17912506219620214
0.17912853441962998
0.1791320066430578
0.1791354788664857
0.17913895108991354
0.1791424233133414
0.1791458955367693
0.17914936776019708
0.17915283998362497
0.1791563122070528
0.17915978443048067
0.17916325665390856
0.1791667288773364
0.1791702011007643
0.17917367332419207
0.17917714554761996
0.17918061777104782
0.17918408999447566
0.17918756221790355
0.1791910344413314
0.17919450666475925
0.17919797888818714
0.17920145111161492
0.17920492333504282
0.17920839555847065
0.17921186778189852
0.17921534000532635
0.17921881222875424
0.17922228445218213
0.17922575667560992
0.17922922889903778
0.17923270112246562
0.1792361733458935
0.1792396455693214
0.17924311779274923
0.1792465900161771
0.1792500622396049
0.17925353446303277
0.17925700668646066
0.1792604789098885
0.17926395113331636
0.1792674233567442
0.17927089558017203
0.17927436780359987
0.17927784002702776
0.17928131225045563
0.17928478447388346
0.17928825669731135
0.17929172892073914
0.17929520114416703
0.17929867336759492
0.17930214559102273
0.17930561781445062
0.17930909003787845
0.17931256226130635
0.1793160344847342
0.17931950670816202
0.17932297893158988
0.17932645115501772
0.1793299233784456
0.17933339560187347
0.1793368678253013
0.1793403400487292
0.17934381227215698
0.17934728449558487
0.1793507567190127
0.17935422894244057
0.17935770116586847
0.1793611733892963
0.1793646456127242
0.17936811783615197
0.17937159005957984
0.17937506228300773
0.17937853450643557
0.17938200672986346
0.1793854789532913
0.17938895117671913
0.179392423400147
0.17939589562357483
0.17939936784700272
0.17940284007043056
0.17940631229385842
0.1794097845172863
0.1794132567407141
0.17941672896414199
0.17942020118756982
0.17942367341099769
0.17942714563442552
0.17943061785785341
0.1794340900812813
0.1794375623047091
0.17944103452813698
0.1794445067515648
0.17944797897499268
0.17945145119842057
0.1794549234218484
0.17945839564527627
0.17946186786870408
0.17946534009213194
0.17946881231555983
0.17947228453898767
0.17947575676241553
0.17947922898584337
0.17948270120927126
0.17948617343269904
0.17948964565612693
0.1794931178795548
0.17949659010298263
0.17950006232641053
0.17950353454983836
0.17950700677326625
0.1795104789966941
