0.19131951087483018
0.19132298309825804
0.19132645532168582
0.19132992754511371
0.19133339976854155
0.19133687199196944
0.1913403442153973
0.19134381643882514
0.19134728866225298
0.19135076088568082
0.1913542331091087
0.19135770533253654
0.1913611775559644
0.1913646497793923
0.19136812200282013
0.19137159422624797
0.1913750664496758
0.19137853867310367
0.19138201089653156
0.1913854831199594
0.1913889553433873
0.19139242756681507
0.19139589979024293
0.19139937201367083
0.19140284423709866
0.19140631646052655
0.1914097886839544
0.19141326090738225
0.19141673313081015
0.19142020535423793
0.19142367757766582
0.19142714980109365
0.19143062202452152
0.19143409424794935
0.19143756647137725
0.19144103869480514
0.19144451091823292
0.19144798314166078
0.19145145536508862
0.1914549275885165
0.1914583998119444
0.19146187203537224
0.1914653442588001
0.19146881648222788
0.19147228870565577
0.19147576092908367
0.1914792331525115
0.19148270537593937
0.1914861775993672
0.19148964982279504
0.19149312204622287
0.19149659426965077
0.19150006649307863
0.19150353871650647
0.19150701093993436
0.19151048316336214
0.19151395538679003
0.1915174276102179
0.19152089983364573
0.19152437205707362
0.19152784428050146
0.19153131650392935
0.1915347887273572
0.191538260950785
0.19154173317421289
0.19154520539764072
0.1915486776210686
0.19155214984449648
0.1915556220679243
0.1915590942913522
0.19156256651477999
0.19156603873820788
0.19156951096163571
0.19157298318506358
0.19157645540849147
0.1915799276319193
0.1915833998553472
0.19158687207877498
0.19159034430220284
0.19159381652563073
0.19159728874905857
0.19160076097248646
0.1916042331959143
0.19160770541934216
0.19161117764277
0.19161464986619783
0.19161812208962573
0.19162159431305356
0.19162506653648143
0.19162853875990932
0.1916320109833371
0.191635483206765
0.19163895543019283
0.1916424276536207
0.19164589987704853
0.19164937210047642
0.1916528443239043
0.1916563165473321
0.19165978877075995
0.1916632609941878
0.19166673321761568
0.19167020544104357
0.1916736776644714
0.19167714988789927
0.19168062211132705
0.19168409433475495
0.19168756655818284
0.19169103878161067
0.19169451100503854
0.19169798322846637
0.19170145545189426
0.19170492767532205
0.19170839989874994
0.1917118721221778
0.19171534434560564
0.19171881656903353
0.19172228879246137
0.19172576101588926
0.19172923323931707
0.1917327054627449
0.1917361776861728
0.19173964990960063
0.19174312213302852
0.19174659435645638
0.19175006657988417
0.19175353880331206
0.1917570110267399
0.19176048325016778
0.19176395547359565
0.19176742769702348
0.19177089992045138
0.19177437214387916
0.19177784436730705
0.19178131659073488
0.19178478881416275
0.19178826103759064
0.19179173326101848
0.19179520548444637
0.19179867770787415
0.191802149931302
0.1918056221547299
0.19180909437815774
0.19181256660158563
0.19181603882501347
0.19181951104844133
0.19182298327186922
0.191826455495297
0.1918299277187249
0.19183339994215273
0.1918368721655806
0.1918403443890085
0.19184381661243632
0.19184728883586416
0.191850761059292
0.19185423328271986
0.1918577055061477
0.1918611777295756
0.19186464995300348
0.1918681221764313
0.19187159439985912
0.19187506662328696
0.19187853884671485
0.19188201107014274
0.19188548329357058
0.19188895551699844
0.19189242774042622
0.19189589996385412
0.191899372187282
0.19190284441070984
0.1919063166341377
0.19190978885756554
0.19191326108099344
0.19191673330442122
0.1919202055278491
0.19192367775127697
0.1919271499747048
0.1919306221981327
0.19193409442156054
0.19193756664498843
0.1919410388684163
0.19194451109184407
0.19194798331527196
0.1919514555386998
0.1919549277621277
0.19195839998555556
0.1919618722089834
0.19196534443241128
0.19196881665583906
0.19197228887926696
0.19197576110269482
0.19197923332612266
0.19198270554955055
0.19198617777297838
0.19198964999640622
0.19199312221983406
0.19199659444326192
0.1920000666666898
0.19200353889011765
0.19200701111354554
0.19201048333697335
