0.30798621805077014
0.307989690274198
0.3079931624976258
0.30799663472105376
0.30800010694448154
0.3080035791679094
0.3080070513913372
0.3080105236147651
0.308013995838193
0.30801746806162084
0.30802094028504867
0.30802441250847656
0.3080278847319044
0.3080313569553323
0.30803482917876013
0.30803830140218796
0.3080417736256158
0.3080452458490437
0.30804871807247153
0.3080521902958994
0.30805566251932726
0.30805913474275515
0.308062606966183
0.3080660791896108
0.30806955141303866
0.30807302363646655
0.3080764958598944
0.3080799680833222
0.30808344030675006
0.3080869125301779
0.30809038475360584
0.3080938569770337
0.3080973292004615
0.30810080142388935
0.30810427364731724
0.3081077458707451
0.3081112180941729
0.30811469031760075
0.30811816254102864
0.30812163476445653
0.30812510698788437
0.3081285792113122
0.3081320514347401
0.30813552365816793
0.3081389958815958
0.3081424681050236
0.30814594032845144
0.30814941255187933
0.3081528847753072
0.30815635699873506
0.3081598292221629
0.30816330144559073
0.3081667736690186
0.3081702458924465
0.30817371811587435
0.3081771903393022
0.30818066256273
0.30818413478615786
0.30818760700958575
0.3081910792330136
0.3081945514564414
0.3081980236798693
0.3082014959032972
0.30820496812672504
0.3082084403501529
0.30821191257358077
0.3082153847970086
0.30821885702043644
0.3082223292438643
0.30822580146729217
0.30822927369072006
0.3082327459141479
0.30823621813757573
0.30823969036100357
0.3082431625844314
0.3082466348078593
0.30825010703128713
0.30825357925471497
0.3082570514781428
0.3082605237015707
0.3082639959249986
0.3082674681484264
0.30827094037185426
0.30827441259528215
0.30827788481871
0.3082813570421379
0.30828482926556566
0.30828830148899355
0.3082917737124214
0.3082952459358493
0.3082987181592771
0.308302190382705
0.30830566260613285
0.30830913482956074
0.3083126070529886
0.3083160792764164
0.30831955149984425
0.30832302372327214
0.3083264959467
0.3083299681701278
0.30833344039355565
0.3083369126169835
0.3083403848404114
0.30834385706383927
0.3083473292872671
0.30835080151069494
0.30835427373412283
0.30835774595755067
0.3083612181809785
0.30836469040440634
0.30836816262783423
0.3083716348512621
0.30837510707468996
0.3083785792981178
0.3083820515215457
0.3083855237449735
0.30838899596840136
0.3083924681918292
0.30839594041525703
0.3083994126386849
0.3084028848621128
0.30840635708554065
0.3084098293089685
0.3084133015323963
0.3084167737558242
0.3084202459792521
0.30842371820267994
0.3084271904261077
0.3084306626495356
0.30843413487296345
0.30843760709639134
0.3084410793198192
0.308444551543247
0.3084480237666749
0.3084514959901028
0.30845496821353063
0.30845844043695847
0.3084619126603863
0.3084653848838142
0.30846885710724203
0.30847232933066987
0.30847580155409776
0.30847927377752565
0.3084827460009535
0.3084862182243813
0.30848969044780916
0.308493162671237
0.3084966348946649
0.3085001071180927
0.30850357934152056
0.3085070515649484
0.3085105237883763
0.3085139960118042
0.308517468235232
0.30852094045865985
0.30852441268208775
0.3085278849055156
0.3085313571289434
0.30853482935237125
0.30853830157579915
0.308541773799227
0.3085452460226549
0.3085487182460827
0.3085521904695106
0.30855566269293844
0.30855913491636633
0.30856260713979416
0.308566079363222
0.3085695515866498
0.30857302381007773
0.30857649603350557
0.3085799682569334
0.30858344048036124
0.3085869127037891
0.30859038492721697
0.30859385715064486
0.3085973293740727
0.30860080159750053
0.30860427382092837
0.30860774604435626
0.3086112182677841
0.30861469049121193
0.3086181627146398
0.3086216349380677
0.30862510716149555
0.3086285793849234
0.3086320516083513
0.3086355238317791
0.30863899605520695
0.3086424682786348
0.3086459405020626
0.3086494127254905
0.3086528849489184
0.30865635717234624
0.3086598293957741
0.3086633016192019
0.3086667738426298
0.30867024606605764
0.3086737182894855
0.3086771905129133
