0.5621529729697823
0.5621564451932102
0.562159917416638
0.5621633896400658
0.5621668618634937
0.5621703340869215
0.5621738063103494
0.5621772785337772
0.5621807507572052
0.562184222980633
0.5621876952040609
0.5621911674274886
0.5621946396509165
0.5621981118743444
0.5622015840977722
0.5622050563212001
0.5622085285446279
0.5622120007680559
0.5622154729914837
0.5622189452149116
0.5622224174383393
0.5622258896617672
0.5622293618851951
0.5622328341086229
0.5622363063320508
0.5622397785554786
0.5622432507789066
0.5622467230023344
0.5622501952257623
0.56225366744919
0.5622571396726179
0.5622606118960458
0.5622640841194737
0.5622675563429015
0.5622710285663293
0.5622745007897573
0.562277973013185
0.5622814452366129
0.5622849174600407
0.5622883896834686
0.5622918619068965
0.5622953341303244
0.5622988063537522
0.5623022785771801
0.562305750800608
0.5623092230240357
0.5623126952474636
0.5623161674708914
0.5623196396943193
0.5623231119177472
0.5623265841411751
0.5623300563646029
0.5623335285880308
0.5623370008114587
0.5623404730348864
0.5623439452583143
0.5623474174817421
0.56235088970517
0.5623543619285979
0.5623578341520258
0.5623613063754536
0.5623647785988815
0.5623682508223093
0.5623717230457371
0.562375195269165
0.5623786674925928
0.5623821397160207
0.5623856119394486
0.5623890841628765
0.5623925563863043
0.5623960286097321
0.56239950083316
0.5624029730565879
0.5624064452800157
0.5624099175034435
0.5624133897268714
0.5624168619502993
0.5624203341737272
0.562423806397155
0.5624272786205828
0.5624307508440107
0.5624342230674386
0.5624376952908664
0.5624411675142943
0.5624446397377221
0.56244811196115
0.5624515841845779
0.5624550564080056
0.5624585286314335
0.5624620008548614
0.5624654730782893
0.5624689453017171
0.562472417525145
0.5624758897485728
0.5624793619720007
0.5624828341954285
0.5624863064188563
0.5624897786422842
0.5624932508657121
0.56249672308914
0.5625001953125678
0.5625036675359957
0.5625071397594235
0.5625106119828513
0.5625140842062792
0.562517556429707
0.5625210286531349
0.5625245008765628
0.5625279730999907
0.5625314453234185
0.5625349175468464
0.5625383897702741
0.5625418619937022
0.5625453342171299
0.5625488064405578
0.5625522786639856
0.5625557508874135
0.5625592231108414
0.5625626953342692
0.5625661675576971
0.5625696397811248
0.5625731120045528
0.5625765842279806
0.5625800564514085
0.5625835286748363
0.5625870008982642
0.5625904731216921
0.5625939453451199
0.5625974175685478
0.5626008897919755
0.5626043620154035
0.5626078342388313
0.5626113064622592
0.562614778685687
0.5626182509091149
0.5626217231325428
0.5626251953559706
0.5626286675793984
0.5626321398028262
0.5626356120262542
0.562639084249682
0.5626425564731099
0.5626460286965377
0.5626495009199656
0.5626529731433935
0.5626564453668212
0.5626599175902491
0.5626633898136769
0.5626668620371049
0.5626703342605327
0.5626738064839606
0.5626772787073884
0.5626807509308164
0.5626842231542442
0.562687695377672
0.5626911676010998
0.5626946398245276
0.5626981120479556
0.5627015842713834
0.5627050564948113
0.5627085287182391
0.5627120009416671
0.5627154731650948
0.5627189453885227
0.5627224176119505
0.5627258898353784
0.5627293620588063
0.5627328342822341
0.562736306505662
0.5627397787290898
0.5627432509525178
0.5627467231759455
0.5627501953993734
0.5627536676228012
0.5627571398462291
0.562760612069657
0.5627640842930848
0.5627675565165127
0.5627710287399404
0.5627745009633685
0.5627779731867962
0.5627814454102241
0.5627849176336519
0.5627883898570798
0.5627918620805077
0.5627953343039355
0.5627988065273634
0.5628022787507911
0.5628057509742191
0.5628092231976469
0.5628126954210748
0.5628161676445026
0.5628196398679305
0.5628231120913584
0.5628265843147863
0.562830056538214
0.5628335287616419
0.5628370009850698
0.5628404732084976
0.5628439454319255
