0.8274308428579316
0.8274343150813595
0.8274377873047872
0.8274412595282151
0.827444731751643
0.8274482039750708
0.8274516761984987
0.8274551484219265
0.8274586206453545
0.8274620928687823
0.8274655650922101
0.8274690373156379
0.8274725095390658
0.8274759817624936
0.8274794539859215
0.8274829262093494
0.8274863984327773
0.8274898706562052
0.8274933428796329
0.8274968151030608
0.8275002873264886
0.8275037595499165
0.8275072317733443
0.8275107039967723
0.8275141762202001
0.827517648443628
0.8275211206670559
0.8275245928904836
0.8275280651139115
0.8275315373373393
0.8275350095607672
0.8275384817841951
0.827541954007623
0.8275454262310508
0.8275488984544787
0.8275523706779065
0.8275558429013343
0.8275593151247622
0.82756278734819
0.8275662595716179
0.8275697317950457
0.8275732040184736
0.8275766762419015
0.8275801484653293
0.8275836206887572
0.827587092912185
0.8275905651356129
0.8275940373590407
0.8275975095824686
0.8276009818058964
0.8276044540293244
0.8276079262527521
0.82761139847618
0.8276148706996079
0.8276183429230357
0.8276218151464636
0.8276252873698914
0.8276287595933193
0.827632231816747
0.8276357040401751
0.827639176263603
0.8276426484870307
0.8276461207104586
0.8276495929338865
0.8276530651573143
0.8276565373807421
0.82766000960417
0.8276634818275977
0.8276669540510256
0.8276704262744535
0.8276738984978815
0.8276773707213093
0.8276808429447372
0.827684315168165
0.8276877873915929
0.8276912596150207
0.8276947318384485
0.8276982040618764
0.8277016762853042
0.8277051485087322
0.8277086207321599
0.8277120929555879
0.8277155651790157
0.8277190374024436
0.8277225096258713
0.8277259818492992
0.8277294540727271
0.827732926296155
0.8277363985195828
0.8277398707430107
0.8277433429664386
0.8277468151898664
0.8277502874132943
0.827753759636722
0.8277572318601499
0.8277607040835777
0.8277641763070056
0.8277676485304335
0.8277711207538614
0.8277745929772893
0.8277780652007171
0.827781537424145
0.8277850096475727
0.8277884818710006
0.8277919540944285
0.8277954263178564
0.8277988985412843
0.8278023707647121
0.82780584298814
0.8278093152115678
0.8278127874349956
0.8278162596584234
0.8278197318818513
0.8278232041052792
0.8278266763287071
0.8278301485521349
0.8278336207755628
0.8278370929989907
0.8278405652224184
0.8278440374458463
0.8278475096692741
0.8278509818927021
0.8278544541161298
0.8278579263395578
0.8278613985629856
0.8278648707864135
0.8278683430098414
0.8278718152332691
0.827875287456697
0.8278787596801248
0.8278822319035527
0.8278857041269806
0.8278891763504085
0.8278926485738364
0.8278961207972642
0.827899593020692
0.8279030652441198
0.8279065374675477
0.8279100096909755
0.8279134819144034
0.8279169541378313
0.8279204263612592
0.827923898584687
0.827927370808115
0.8279308430315427
0.8279343152549706
0.8279377874783984
0.8279412597018262
0.8279447319252542
0.8279482041486819
0.8279516763721099
0.8279551485955376
0.8279586208189657
0.8279620930423934
0.8279655652658213
0.8279690374892491
0.827972509712677
0.8279759819361048
0.8279794541595327
0.8279829263829606
0.8279863986063885
0.8279898708298163
0.8279933430532441
0.827996815276672
0.8280002875000998
0.8280037597235277
0.8280072319469555
0.8280107041703834
0.8280141763938113
0.8280176486172391
0.828021120840667
0.8280245930640948
0.8280280652875227
0.8280315375109505
0.8280350097343784
0.8280384819578063
0.828041954181234
0.8280454264046619
0.8280488986280897
0.8280523708515177
0.8280558430749455
0.8280593152983734
0.8280627875218012
0.8280662597452291
0.8280697319686569
0.8280732041920847
0.8280766764155126
0.8280801486389405
0.8280836208623684
0.8280870930857962
0.8280905653092241
0.8280940375326519
0.8280975097560798
0.8281009819795075
0.8281044542029355
0.8281079264263633
0.8281113986497912
0.8281148708732191
0.8281183430966469
0.8281218153200748
