0.10798614860630158
0.10798962082972942
0.1079930930531573
0.10799656527658513
0.10800003750001302
0.1080035097234409
0.10800698194686868
0.10801045417029657
0.10801392639372441
0.10801739861715229
0.10802087084058012
0.108024343064008
0.10802781528743588
0.10803128751086367
0.10803475973429155
0.10803823195771939
0.10804170418114727
0.10804517640457514
0.10804864862800298
0.10805212085143086
0.10805559307485865
0.10805906529828653
0.10806253752171442
0.10806600974514224
0.10806948196857014
0.10807295419199797
0.1080764264154258
0.10807989863885369
0.10808337086228152
0.1080868430857094
0.10809031530913724
0.10809378753256511
0.10809725975599291
0.10810073197942079
0.10810420420284866
0.1081076764262765
0.10811114864970438
0.10811462087313221
0.10811809309656009
0.10812156531998798
0.10812503754341576
0.10812850976684364
0.10813198199027148
0.10813545421369936
0.10813892643712725
0.10814239866055508
0.10814587088398296
0.10814934310741074
0.10815281533083863
0.10815628755426647
0.10815975977769435
0.10816323200112223
0.10816670422455006
0.10817017644797794
0.10817364867140573
0.10817712089483361
0.10818059311826149
0.10818406534168933
0.1081875375651172
0.10819100978854504
0.10819448201197292
0.10819795423540075
0.10820142645882859
0.10820489868225648
0.1082083709056843
0.1082118431291122
0.10821531535254007
0.10821878757596785
0.10822225979939575
0.10822573202282358
0.10822920424625146
0.1082326764696793
0.10823614869310717
0.10823962091653505
0.10824309313996285
0.10824656536339072
0.10825003758681856
0.10825350981024644
0.10825698203367431
0.10826045425710215
0.10826392648053004
0.10826739870395782
0.1082708709273857
0.10827434315081359
0.10827781537424142
0.1082812875976693
0.10828475982109714
0.10828823204452502
0.1082917042679529
0.10829517649138069
0.10829864871480857
0.10830212093823641
0.10830559316166428
0.10830906538509212
0.10831253760852
0.10831600983194783
0.10831948205537567
0.10832295427880355
0.10832642650223138
0.10832989872565926
0.10833337094908715
0.10833684317251494
0.10834031539594281
0.10834378761937065
0.10834725984279853
0.10835073206622642
0.10835420428965425
0.10835767651308213
0.10836114873650991
0.1083646209599378
0.10836809318336564
0.10837156540679352
0.1083750376302214
0.10837850985364923
0.10838198207707711
0.1083854543005049
0.10838892652393278
0.10839239874736066
0.1083958709707885
0.10839934319421637
0.10840281541764421
0.1084062876410721
0.10840975986449998
0.10841323208792776
0.10841670431135565
0.10842017653478347
0.10842364875821137
0.10842712098163924
0.10843059320506708
0.10843406542849492
0.10843753765192275
0.10844100987535063
0.10844448209877847
0.10844795432220634
0.10845142654563422
0.10845489876906206
0.1084583709924899
0.10846184321591773
0.10846531543934561
0.10846878766277349
0.10847225988620132
0.10847573210962921
0.108479204333057
0.10848267655648487
0.10848614877991276
0.10848962100334059
0.10849309322676848
0.10849656545019631
0.10850003767362419
0.10850350989705207
0.10850698212047986
0.10851045434390774
0.10851392656733558
0.10851739879076346
0.10852087101419129
0.10852434323761917
0.10852781546104705
0.10853128768447484
0.10853475990790272
0.10853823213133056
0.10854170435475843
0.10854517657818633
0.10854864880161416
0.10855212102504204
0.10855559324846982
0.10855906547189771
0.10856253769532559
0.10856600991875343
0.1085694821421813
0.10857295436560914
0.10857642658903698
0.10857989881246485
0.10858337103589269
0.10858684325932057
0.1085903154827484
0.10859378770617628
0.10859725992960412
0.10860073215303195
0.10860420437645983
0.10860767659988767
0.10861114882331555
0.10861462104674338
0.10861809327017127
0.10862156549359915
0.10862503771702693
0.10862850994045482
0.10863198216388265
0.10863545438731054
0.10863892661073841
0.10864239883416625
0.10864587105759413
0.10864934328102192
0.1086528155044498
0.10865628772787764
0.10865975995130552
0.10866323217473339
0.10866670439816123
0.1086701766215891
0.1086736488450169
0.10867712106844478
