0.9413197712915872
0.9413232435150152
0.9413267157384428
0.9413301879618708
0.9413336601852987
0.9413371324087265
0.9413406046321544
0.9413440768555822
0.9413475490790101
0.9413510213024379
0.9413544935258659
0.9413579657492935
0.9413614379727215
0.9413649101961492
0.9413683824195772
0.9413718546430051
0.9413753268664329
0.941378799089861
0.9413822713132886
0.9413857435367166
0.9413892157601442
0.9413926879835722
0.9413961602070001
0.9413996324304279
0.9414031046538558
0.9414065768772836
0.9414100491007115
0.9414135213241392
0.9414169935475674
0.9414204657709949
0.941423937994423
0.9414274102178508
0.9414308824412786
0.9414343546647065
0.9414378268881343
0.9414412991115622
0.9414447713349899
0.941448243558418
0.9414517157818456
0.9414551880052737
0.9414586602287013
0.9414621324521294
0.9414656046755572
0.9414690768989851
0.9414725491224131
0.9414760213458406
0.9414794935692687
0.9414829657926963
0.9414864380161244
0.9414899102395522
0.9414933824629801
0.9414968546864079
0.9415003269098358
0.9415037991332638
0.9415072713566914
0.9415107435801194
0.9415142158035471
0.9415176880269751
0.9415211602504029
0.9415246324738308
0.9415281046972586
0.9415315769206865
0.9415350491441142
0.9415385213675421
0.9415419935909701
0.9415454658143978
0.9415489380378258
0.9415524102612535
0.9415558824846815
0.9415593547081093
0.9415628269315371
0.9415662991549651
0.9415697713783928
0.9415732436018208
0.9415767158252485
0.9415801880486765
0.9415836602721042
0.9415871324955322
0.94159060471896
0.9415940769423878
0.9415975491658158
0.9416010213892435
0.9416044936126715
0.9416079658360992
0.9416114380595272
0.941614910282955
0.9416183825063829
0.9416218547298106
0.9416253269532385
0.9416287991766663
0.9416322714000942
0.9416357436235222
0.9416392158469499
0.9416426880703779
0.9416461602938055
0.9416496325172335
0.9416531047406613
0.9416565769640892
0.941660049187517
0.9416635214109449
0.9416669936343729
0.9416704658578006
0.9416739380812286
0.9416774103046562
0.9416808825280842
0.941684354751512
0.9416878269749399
0.9416912991983679
0.9416947714217956
0.9416982436452236
0.9417017158686513
0.9417051880920793
0.9417086603155072
0.9417121325389349
0.9417156047623627
0.9417190769857906
0.9417225492092184
0.9417260214326463
0.9417294936560743
0.941732965879502
0.94173643810293
0.9417399103263578
0.9417433825497856
0.9417468547732135
0.9417503269966413
0.9417537992200692
0.941757271443497
0.941760743666925
0.9417642158903526
0.9417676881137806
0.9417711603372083
0.9417746325606363
0.9417781047840642
0.941781577007492
0.94178504923092
0.9417885214543477
0.9417919936777757
0.9417954659012033
0.9417989381246313
0.9418024103480592
0.941805882571487
0.9418093547949149
0.9418128270183427
0.9418162992417706
0.9418197714651984
0.9418232436886264
0.941826715912054
0.941830188135482
0.9418336603589099
0.9418371325823377
0.9418406048057656
0.9418440770291934
0.9418475492526213
0.941851021476049
0.941854493699477
0.9418579659229047
0.9418614381463327
0.9418649103697604
0.9418683825931884
0.9418718548166163
0.9418753270400441
0.9418787992634721
0.9418822714868997
0.9418857437103277
0.9418892159337554
0.9418926881571834
0.9418961603806113
0.9418996326040391
0.941903104827467
0.9419065770508948
0.9419100492743226
0.9419135214977504
0.9419169937211784
0.9419204659446061
0.9419239381680341
0.941927410391462
0.9419308826148898
0.9419343548383177
0.9419378270617454
0.9419412992851733
0.9419447715086011
0.9419482437320292
0.9419517159554568
0.9419551881788848
0.9419586604023125
0.9419621326257405
0.9419656048491684
0.9419690770725961
0.9419725492960243
0.9419760215194518
0.9419794937428799
0.9419829659663075
0.9419864381897356
0.9419899104131634
0.9419933826365913
0.941996854860019
0.9420003270834468
0.942003799306875
0.9420072715303025
0.9420107437537306
