0.36840290569545336
0.3684063779188812
0.36840985014230904
0.3684133223657369
0.3684167945891648
0.36842026681259266
0.3684237390360205
0.36842721125944833
0.3684306834828762
0.36843415570630406
0.3684376279297319
0.36844110015315973
0.36844457237658756
0.36844804460001546
0.36845151682344335
0.3684549890468712
0.368458461270299
0.3684619334937269
0.3684654057171548
0.3684688779405826
0.3684723501640104
0.3684758223874383
0.3684792946108662
0.36848276683429404
0.3684862390577219
0.3684897112811497
0.3684931835045776
0.3684966557280055
0.36850012795143333
0.36850360017486117
0.368507072398289
0.3685105446217169
0.36851401684514473
0.36851748906857257
0.3685209612920004
0.3685244335154283
0.36852790573885613
0.368531377962284
0.36853485018571186
0.3685383224091397
0.36854179463256753
0.3685452668559954
0.36854873907942326
0.3685522113028511
0.368555683526279
0.3685591557497069
0.3685626279731347
0.36856610019656255
0.36856957241999044
0.3685730446434183
0.3685765168668461
0.36857998909027395
0.3685834613137018
0.3685869335371296
0.36859040576055757
0.3685938779839854
0.36859735020741324
0.3686008224308411
0.36860429465426897
0.36860776687769686
0.36861123910112464
0.3686147113245525
0.36861818354798037
0.3686216557714082
0.3686251279948361
0.36862860021826394
0.3686320724416918
0.36863554466511966
0.36863901688854755
0.3686424891119754
0.3686459613354032
0.36864943355883106
0.36865290578225896
0.3686563780056868
0.3686598502291146
0.36866332245254246
0.3686667946759704
0.36867026689939825
0.3686737391228261
0.3686772113462539
0.36868068356968176
0.36868415579310965
0.3686876280165375
0.3686911002399653
0.36869457246339316
0.36869804468682105
0.36870151691024894
0.3687049891336768
0.3687084613571046
0.3687119335805325
0.36871540580396034
0.3687188780273882
0.368722350250816
0.3687258224742439
0.3687292946976718
0.36873276692109963
0.36873623914452747
0.3687397113679553
0.3687431835913832
0.3687466558148111
0.36875012803823887
0.3687536002616667
0.36875707248509454
0.3687605447085225
0.3687640169319503
0.36876748915537816
0.368770961378806
0.3687744336022339
0.3687779058256617
0.3687813780490896
0.36878485027251745
0.3687883224959453
0.3687917947193731
0.368795266942801
0.36879873916622885
0.3688022113896567
0.3688056836130846
0.36880915583651247
0.3688126280599403
0.36881610028336814
0.36881957250679603
0.36882304473022387
0.3688265169536517
0.36882998917707954
0.3688334614005074
0.3688369336239352
0.36884040584736316
0.368843878070791
0.36884735029421883
0.36885082251764667
0.36885429474107456
0.3688577669645024
0.36886123918793023
0.36886471141135807
0.36886818363478596
0.3688716558582138
0.3688751280816417
0.3688786003050695
0.3688820725284974
0.36888554475192525
0.36888901697535315
0.3688924891987809
0.3688959614222088
0.36889943364563665
0.36890290586906455
0.3689063780924924
0.3689098503159202
0.36891332253934805
0.368916794762776
0.36892026698620384
0.3689237392096317
0.3689272114330595
0.36893068365648735
0.36893415587991524
0.3689376281033431
0.3689411003267709
0.36894457255019875
0.36894804477362664
0.36895151699705453
0.36895498922048237
0.3689584614439102
0.3689619336673381
0.36896540589076593
0.36896887811419377
0.3689723503376216
0.3689758225610495
0.3689792947844774
0.3689827670079052
0.36898623923133306
0.3689897114547609
0.3689931836781888
0.3689966559016166
0.36900012812504446
0.3690036003484723
0.36900707257190013
0.3690105447953281
0.3690140170187559
0.36901748924218375
0.3690209614656116
0.3690244336890395
0.3690279059124673
0.3690313781358952
0.369034850359323
0.3690383225827509
0.3690417948061787
0.3690452670296066
0.36904873925303444
0.3690522114764623
0.36905568369989017
0.36905915592331806
0.3690626281467459
0.36906610037017373
0.36906957259360157
0.36907304481702946
0.3690765170404573
0.36907998926388513
0.36908346148731297
0.3690869337107408
0.36909040593416875
0.3690938781575966
