0.6586807842641612
0.6586842564875891
0.6586877287110169
0.6586912009344448
0.6586946731578726
0.6586981453813004
0.6587016176047283
0.6587050898281561
0.6587085620515841
0.6587120342750119
0.6587155064984398
0.6587189787218676
0.6587224509452955
0.6587259231687232
0.6587293953921511
0.658732867615579
0.6587363398390068
0.6587398120624348
0.6587432842858626
0.6587467565092905
0.6587502287327183
0.6587537009561462
0.658757173179574
0.6587606454030019
0.6587641176264297
0.6587675898498576
0.6587710620732854
0.6587745342967133
0.6587780065201412
0.658781478743569
0.6587849509669969
0.6587884231904246
0.6587918954138526
0.6587953676372804
0.6587988398607083
0.6588023120841362
0.658805784307564
0.6588092565309919
0.6588127287544197
0.6588162009778475
0.6588196732012753
0.6588231454247033
0.6588266176481311
0.658830089871559
0.6588335620949869
0.6588370343184147
0.6588405065418426
0.6588439787652703
0.6588474509886982
0.658850923212126
0.658854395435554
0.6588578676589818
0.6588613398824097
0.6588648121058375
0.6588682843292655
0.6588717565526933
0.658875228776121
0.6588787009995489
0.6588821732229767
0.6588856454464047
0.6588891176698325
0.6588925898932604
0.6588960621166883
0.6588995343401162
0.658903006563544
0.6589064787869718
0.6589099510103996
0.6589134232338275
0.6589168954572554
0.6589203676806832
0.6589238399041111
0.6589273121275389
0.6589307843509669
0.6589342565743946
0.6589377287978225
0.6589412010212503
0.6589446732446782
0.658948145468106
0.6589516176915339
0.6589550899149618
0.6589585621383897
0.6589620343618176
0.6589655065852453
0.6589689788086732
0.658972451032101
0.6589759232555289
0.6589793954789568
0.6589828677023846
0.6589863399258125
0.6589898121492404
0.6589932843726682
0.658996756596096
0.6590002288195239
0.6590037010429517
0.6590071732663797
0.6590106454898075
0.6590141177132353
0.6590175899366632
0.6590210621600909
0.6590245343835189
0.6590280066069467
0.6590314788303746
0.6590349510538024
0.6590384232772303
0.6590418955006582
0.6590453677240861
0.6590488399475138
0.6590523121709417
0.6590557843943696
0.6590592566177974
0.6590627288412253
0.6590662010646531
0.659069673288081
0.6590731455115089
0.6590766177349368
0.6590800899583645
0.6590835621817924
0.6590870344052203
0.6590905066286481
0.659093978852076
0.6590974510755038
0.6591009232989317
0.6591043955223596
0.6591078677457874
0.6591113399692152
0.6591148121926431
0.659118284416071
0.6591217566394988
0.6591252288629267
0.6591287010863545
0.6591321733097824
0.6591356455332102
0.6591391177566381
0.6591425899800659
0.6591460622034939
0.6591495344269217
0.6591530066503496
0.6591564788737774
0.6591599510972052
0.6591634233206332
0.6591668955440609
0.6591703677674888
0.6591738399909166
0.6591773122143445
0.6591807844377724
0.6591842566612003
0.6591877288846281
0.659191201108056
0.6591946733314837
0.6591981455549116
0.6592016177783395
0.6592050900017673
0.6592085622251953
0.6592120344486231
0.659215506672051
0.6592189788954788
0.6592224511189066
0.6592259233423344
0.6592293955657623
0.6592328677891902
0.659236340012618
0.659239812236046
0.6592432844594738
0.6592467566829017
0.6592502289063294
0.6592537011297573
0.6592571733531852
0.659260645576613
0.6592641178000409
0.6592675900234687
0.6592710622468966
0.6592745344703245
0.6592780066937524
0.6592814789171801
0.659284951140608
0.6592884233640358
0.6592918955874638
0.6592953678108916
0.6592988400343194
0.6593023122577474
0.6593057844811752
0.659309256704603
0.6593127289280308
0.6593162011514587
0.6593196733748865
0.6593231455983145
0.6593266178217423
0.6593300900451702
0.6593335622685981
0.6593370344920259
0.6593405067154537
0.6593439789388815
0.6593474511623094
0.6593509233857372
0.6593543956091652
0.659357867832593
0.6593613400560209
0.6593648122794488
0.6593682845028765
0.6593717567263044
