0.6267363287278919
0.6267398009513199
0.6267432731747477
0.6267467453981755
0.6267502176216033
0.6267536898450312
0.6267571620684591
0.6267606342918869
0.6267641065153148
0.6267675787387426
0.6267710509621705
0.6267745231855983
0.6267779954090262
0.626781467632454
0.6267849398558819
0.6267884120793097
0.6267918843027376
0.6267953565261655
0.6267988287495933
0.6268023009730213
0.626805773196449
0.6268092454198769
0.6268127176433047
0.6268161898667326
0.6268196620901604
0.6268231343135883
0.6268266065370162
0.6268300787604439
0.6268335509838718
0.6268370232072997
0.6268404954307276
0.6268439676541554
0.6268474398775833
0.6268509121010111
0.6268543843244391
0.6268578565478669
0.6268613287712946
0.6268648009947225
0.6268682732181504
0.6268717454415783
0.6268752176650061
0.626878689888434
0.6268821621118618
0.6268856343352898
0.6268891065587175
0.6268925787821454
0.6268960510055733
0.6268995232290011
0.626902995452429
0.6269064676758568
0.6269099398992847
0.6269134121227125
0.6269168843461405
0.6269203565695682
0.6269238287929961
0.6269273010164239
0.6269307732398518
0.6269342454632797
0.6269377176867075
0.6269411899101354
0.6269446621335631
0.626948134356991
0.6269516065804189
0.6269550788038468
0.6269585510272747
0.6269620232507025
0.6269654954741304
0.6269689676975582
0.6269724399209861
0.6269759121444138
0.6269793843678418
0.6269828565912696
0.6269863288146975
0.6269898010381254
0.6269932732615533
0.6269967454849811
0.627000217708409
0.6270036899318367
0.6270071621552646
0.6270106343786925
0.6270141066021203
0.6270175788255482
0.627021051048976
0.627024523272404
0.6270279954958318
0.6270314677192597
0.6270349399426874
0.6270384121661153
0.6270418843895432
0.627045356612971
0.6270488288363989
0.6270523010598268
0.6270557732832547
0.6270592455066825
0.6270627177301104
0.6270661899535381
0.627069662176966
0.6270731344003939
0.6270766066238217
0.6270800788472496
0.6270835510706774
0.6270870232941054
0.6270904955175332
0.627093967740961
0.6270974399643888
0.6271009121878167
0.6271043844112446
0.6271078566346724
0.6271113288581003
0.6271148010815281
0.6271182733049561
0.6271217455283838
0.6271252177518117
0.6271286899752395
0.6271321621986674
0.6271356344220953
0.6271391066455232
0.627142578868951
0.6271460510923789
0.6271495233158068
0.6271529955392345
0.6271564677626624
0.6271599399860902
0.6271634122095181
0.627166884432946
0.6271703566563739
0.6271738288798017
0.6271773011032296
0.6271807733266574
0.6271842455500852
0.6271877177735131
0.6271911899969409
0.6271946622203688
0.6271981344437966
0.6272016066672246
0.6272050788906524
0.6272085511140802
0.6272120233375081
0.6272154955609359
0.6272189677843638
0.6272224400077916
0.6272259122312195
0.6272293844546474
0.6272328566780753
0.627236328901503
0.6272398011249309
0.6272432733483588
0.6272467455717866
0.6272502177952145
0.6272536900186423
0.6272571622420703
0.6272606344654981
0.627264106688926
0.6272675789123537
0.6272710511357816
0.6272745233592095
0.6272779955826374
0.6272814678060652
0.627284940029493
0.6272884122529209
0.6272918844763488
0.6272953566997767
0.6272988289232044
0.6273023011466324
0.6273057733700602
0.6273092455934881
0.6273127178169159
0.6273161900403438
0.6273196622637716
0.6273231344871995
0.6273266067106273
0.6273300789340551
0.627333551157483
0.6273370233809109
0.6273404956043388
0.6273439678277666
0.6273474400511945
0.6273509122746223
0.6273543844980501
0.627357856721478
0.6273613289449058
0.6273648011683337
0.6273682733917616
0.6273717456151895
0.6273752178386173
0.6273786900620452
0.6273821622854729
0.6273856345089008
0.6273891067323287
0.6273925789557565
0.6273960511791845
0.6273995234026123
0.6274029956260402
0.627406467849468
0.6274099400728959
0.6274134122963236
0.6274168845197516
0.6274203567431794
0.6274238289666073
0.6274273011900351
