0.5100696215519519
0.5100730937753798
0.5100765659988077
0.5100800382222355
0.5100835104456634
0.5100869826690912
0.510090454892519
0.5100939271159469
0.5100973993393747
0.5101008715628026
0.5101043437862305
0.5101078160096584
0.5101112882330862
0.510114760456514
0.5101182326799419
0.5101217049033697
0.5101251771267976
0.5101286493502254
0.5101321215736533
0.5101355937970812
0.5101390660205091
0.5101425382439368
0.5101460104673647
0.5101494826907926
0.5101529549142204
0.5101564271376483
0.5101598993610761
0.510163371584504
0.5101668438079319
0.5101703160313598
0.5101737882547875
0.5101772604782154
0.5101807327016433
0.5101842049250712
0.510187677148499
0.5101911493719269
0.5101946215953547
0.5101980938187826
0.5102015660422105
0.5102050382656382
0.5102085104890661
0.510211982712494
0.5102154549359219
0.5102189271593497
0.5102223993827776
0.5102258716062054
0.5102293438296333
0.5102328160530611
0.5102362882764889
0.5102397604999168
0.5102432327233447
0.5102467049467726
0.5102501771702004
0.5102536493936283
0.510257121617056
0.510260593840484
0.5102640660639118
0.5102675382873396
0.5102710105107675
0.5102744827341954
0.5102779549576233
0.5102814271810511
0.510284899404479
0.5102883716279067
0.5102918438513346
0.5102953160747625
0.5102987882981903
0.5103022605216182
0.5103057327450461
0.510309204968474
0.5103126771919018
0.5103161494153297
0.5103196216387574
0.5103230938621854
0.5103265660856132
0.5103300383090411
0.5103335105324689
0.5103369827558968
0.5103404549793247
0.5103439272027525
0.5103473994261803
0.5103508716496081
0.5103543438730361
0.5103578160964639
0.5103612883198918
0.5103647605433196
0.5103682327667475
0.5103717049901754
0.5103751772136031
0.510378649437031
0.5103821216604588
0.5103855938838868
0.5103890661073146
0.5103925383307425
0.5103960105541703
0.5103994827775982
0.5104029550010261
0.5104064272244538
0.5104098994478817
0.5104133716713095
0.5104168438947375
0.5104203161181653
0.5104237883415932
0.510427260565021
0.510430732788449
0.5104342050118768
0.5104376772353045
0.5104411494587324
0.5104446216821602
0.5104480939055882
0.510451566129016
0.5104550383524439
0.5104585105758717
0.5104619827992997
0.5104654550227274
0.5104689272461553
0.5104723994695831
0.510475871693011
0.5104793439164389
0.5104828161398667
0.5104862883632946
0.5104897605867224
0.5104932328101504
0.5104967050335781
0.510500177257006
0.5105036494804338
0.5105071217038617
0.5105105939272896
0.5105140661507174
0.5105175383741453
0.510521010597573
0.510524482821001
0.5105279550444288
0.5105314272678567
0.5105348994912845
0.5105383717147124
0.5105418439381403
0.5105453161615681
0.510548788384996
0.5105522606084237
0.5105557328318517
0.5105592050552795
0.5105626772787074
0.5105661495021352
0.5105696217255631
0.510573093948991
0.5105765661724188
0.5105800383958466
0.5105835106192744
0.5105869828427024
0.5105904550661302
0.5105939272895581
0.5105973995129859
0.5106008717364138
0.5106043439598417
0.5106078161832696
0.5106112884066973
0.5106147606301252
0.5106182328535531
0.5106217050769809
0.5106251773004088
0.5106286495238366
0.5106321217472645
0.5106355939706924
0.5106390661941203
0.510642538417548
0.5106460106409759
0.5106494828644038
0.5106529550878316
0.5106564273112595
0.5106598995346873
0.5106633717581152
0.510666843981543
0.5106703162049709
0.5106737884283987
0.5106772606518266
0.5106807328752545
0.5106842050986823
0.5106876773221102
0.510691149545538
0.5106946217689659
0.5106980939923937
0.5107015662158216
0.5107050384392494
0.5107085106626773
0.5107119828861052
0.5107154551095331
0.5107189273329609
0.5107223995563887
0.5107258717798165
0.5107293440032444
0.5107328162266723
0.5107362884501001
0.510739760673528
0.5107432328969559
0.5107467051203838
0.5107501773438116
0.5107536495672395
0.5107571217906672
0.5107605940140951
