0.9878475652248492
0.9878510374482768
0.9878545096717049
0.9878579818951325
0.9878614541185605
0.9878649263419883
0.9878683985654162
0.987871870788844
0.9878753430122719
0.9878788152356996
0.9878822874591275
0.9878857596825555
0.9878892319059832
0.9878927041294112
0.9878961763528391
0.9878996485762669
0.9879031207996947
0.9879065930231226
0.9879100652465503
0.9879135374699782
0.9879170096934062
0.9879204819168339
0.9879239541402619
0.9879274263636896
0.9879308985871176
0.9879343708105455
0.9879378430339733
0.9879413152574013
0.9879447874808289
0.9879482597042569
0.9879517319276846
0.9879552041511126
0.9879586763745405
0.9879621485979683
0.9879656208213962
0.9879690930448239
0.987972565268252
0.9879760374916796
0.9879795097151076
0.9879829819385353
0.9879864541619633
0.9879899263853912
0.987993398608819
0.9879968708322469
0.9880003430556746
0.9880038152791025
0.9880072875025303
0.9880107597259583
0.988014231949386
0.988017704172814
0.9880211763962417
0.9880246486196697
0.9880281208430975
0.9880315930665253
0.9880350652899533
0.988038537513381
0.988042009736809
0.9880454819602367
0.9880489541836647
0.9880524264070923
0.9880558986305203
0.9880593708539482
0.988062843077376
0.988066315300804
0.9880697875242317
0.9880732597476597
0.9880767319710874
0.9880802041945154
0.9880836764179433
0.988087148641371
0.9880906208647989
0.9880940930882267
0.9880975653116546
0.9881010375350824
0.9881045097585104
0.988107981981938
0.9881114542053661
0.988114926428794
0.9881183986522217
0.9881218708756496
0.9881253430990774
0.9881288153225053
0.9881322875459331
0.9881357597693612
0.9881392319927887
0.9881427042162167
0.9881461764396444
0.9881496486630724
0.9881531208865003
0.9881565931099281
0.9881600653333562
0.9881635375567838
0.9881670097802119
0.9881704820036394
0.9881739542270676
0.9881774264504953
0.9881808986739232
0.988184370897351
0.9881878431207788
0.9881913153442067
0.9881947875676345
0.9881982597910626
0.9882017320144901
0.9882052042379182
0.988208676461346
0.9882121486847739
0.9882156209082017
0.9882190931316296
0.9882225653550574
0.9882260375784853
0.9882295098019133
0.9882329820253408
0.9882364542487689
0.9882399264721965
0.9882433986956246
0.9882468709190524
0.9882503431424803
0.9882538153659083
0.988257287589336
0.988260759812764
0.9882642320361916
0.9882677042596196
0.9882711764830474
0.9882746487064753
0.9882781209299031
0.988281593153331
0.9882850653767588
0.9882885376001866
0.9882920098236146
0.9882954820470423
0.9882989542704703
0.9883024264938981
0.988305898717326
0.9883093709407538
0.9883128431641817
0.9883163153876094
0.9883197876110373
0.9883232598344653
0.988326732057893
0.988330204281321
0.9883336765047487
0.9883371487281767
0.9883406209516045
0.9883440931750324
0.9883475653984604
0.988351037621888
0.988354509845316
0.9883579820687437
0.9883614542921717
0.9883649265155995
0.9883683987390274
0.9883718709624552
0.988375343185883
0.988378815409311
0.9883822876327387
0.9883857598561667
0.9883892320795944
0.9883927043030224
0.9883961765264502
0.9883996487498781
0.9884031209733058
0.9884065931967337
0.9884100654201615
0.9884135376435894
0.9884170098670174
0.9884204820904451
0.9884239543138731
0.9884274265373008
0.9884308987607288
0.9884343709841565
0.9884378432075844
0.9884413154310124
0.9884447876544401
0.9884482598778681
0.9884517321012958
0.9884552043247238
0.9884586765481517
0.9884621487715795
0.9884656209950073
0.9884690932184351
0.9884725654418631
0.9884760376652908
0.9884795098887188
0.9884829821121465
0.9884864543355745
0.9884899265590024
0.9884933987824301
0.988496871005858
0.9885003432292858
0.9885038154527137
0.9885072876761415
0.9885107598995695
0.9885142321229972
0.9885177043464252
0.9885211765698528
0.9885246487932808
0.9885281210167087
0.9885315932401365
0.9885350654635645
0.9885385376869922
