0.598264096619478
0.5982675688429058
0.5982710410663337
0.5982745132897616
0.5982779855131894
0.5982814577366172
0.5982849299600451
0.5982884021834729
0.5982918744069009
0.5982953466303287
0.5982988188537566
0.5983022910771844
0.5983057633006122
0.5983092355240401
0.5983127077474679
0.5983161799708958
0.5983196521943236
0.5983231244177516
0.5983265966411794
0.5983300688646073
0.598333541088035
0.5983370133114629
0.5983404855348908
0.5983439577583186
0.5983474299817465
0.5983509022051744
0.5983543744286023
0.5983578466520301
0.598361318875458
0.5983647910988857
0.5983682633223136
0.5983717355457415
0.5983752077691693
0.5983786799925972
0.598382152216025
0.598385624439453
0.5983890966628808
0.5983925688863087
0.5983960411097364
0.5983995133331644
0.5984029855565922
0.59840645778002
0.5984099300034479
0.5984134022268757
0.5984168744503037
0.5984203466737315
0.5984238188971593
0.5984272911205871
0.5984307633440151
0.5984342355674429
0.5984377077908708
0.5984411800142986
0.5984446522377265
0.5984481244611544
0.5984515966845821
0.59845506890801
0.5984585411314378
0.5984620133548658
0.5984654855782936
0.5984689578017215
0.5984724300251493
0.5984759022485772
0.598479374472005
0.5984828466954328
0.5984863189188607
0.5984897911422885
0.5984932633657165
0.5984967355891443
0.5985002078125722
0.598503680036
0.5985071522594279
0.5985106244828557
0.5985140967062835
0.5985175689297114
0.5985210411531392
0.5985245133765672
0.598527985599995
0.5985314578234229
0.5985349300468507
0.5985384022702785
0.5985418744937064
0.5985453467171343
0.5985488189405621
0.5985522911639899
0.5985557633874179
0.5985592356108457
0.5985627078342736
0.5985661800577013
0.5985696522811292
0.5985731245045571
0.598576596727985
0.5985800689514128
0.5985835411748407
0.5985870133982686
0.5985904856216964
0.5985939578451243
0.598597430068552
0.59860090229198
0.5986043745154078
0.5986078467388357
0.5986113189622635
0.5986147911856914
0.5986182634091193
0.5986217356325471
0.598625207855975
0.5986286800794027
0.5986321523028306
0.5986356245262585
0.5986390967496864
0.5986425689731142
0.5986460411965421
0.59864951341997
0.5986529856433978
0.5986564578668256
0.5986599300902534
0.5986634023136813
0.5986668745371092
0.5986703467605371
0.5986738189839649
0.5986772912073928
0.5986807634308207
0.5986842356542486
0.5986877078776763
0.5986911801011041
0.598694652324532
0.5986981245479599
0.5987015967713878
0.5987050689948156
0.5987085412182435
0.5987120134416714
0.5987154856650992
0.598718957888527
0.5987224301119549
0.5987259023353827
0.5987293745588106
0.5987328467822385
0.5987363190056663
0.5987397912290942
0.598743263452522
0.5987467356759499
0.5987502078993777
0.5987536801228056
0.5987571523462334
0.5987606245696613
0.5987640967930892
0.598767569016517
0.5987710412399448
0.5987745134633727
0.5987779856868006
0.5987814579102284
0.5987849301336563
0.5987884023570841
0.598791874580512
0.5987953468039399
0.5987988190273676
0.5988022912507955
0.5988057634742234
0.5988092356976513
0.5988127079210791
0.598816180144507
0.5988196523679348
0.5988231245913628
0.5988265968147906
0.5988300690382184
0.5988335412616462
0.5988370134850741
0.598840485708502
0.5988439579319298
0.5988474301553577
0.5988509023787855
0.5988543746022135
0.5988578468256412
0.5988613190490691
0.5988647912724969
0.5988682634959248
0.5988717357193527
0.5988752079427805
0.5988786801662084
0.5988821523896362
0.5988856246130642
0.5988890968364919
0.5988925690599198
0.5988960412833476
0.5988995135067755
0.5989029857302034
0.5989064579536312
0.5989099301770591
0.5989134024004868
0.5989168746239149
0.5989203468473426
0.5989238190707705
0.5989272912941983
0.5989307635176262
0.5989342357410541
0.5989377079644819
0.5989411801879098
0.5989446524113375
0.5989481246347655
0.5989515968581933
0.5989550690816212
