0.38298624409244586
0.3829897163158737
0.3829931885393016
0.3829966607627294
0.38300013298615726
0.3830036052095851
0.383007077433013
0.3830105496564408
0.3830140218798687
0.38301749410329655
0.3830209663267244
0.3830244385501523
0.3830279107735801
0.38303138299700795
0.3830348552204358
0.3830383274438637
0.3830417996672915
0.3830452718907194
0.38304874411414724
0.3830522163375751
0.38305568856100297
0.38305916078443086
0.3830626330078587
0.38306610523128654
0.38306957745471437
0.38307304967814226
0.3830765219015701
0.38307999412499794
0.38308346634842577
0.38308693857185366
0.38309041079528156
0.3830938830187094
0.3830973552421372
0.38310082746556506
0.3831042996889929
0.3831077719124208
0.3831112441358486
0.38311471635927646
0.38311818858270436
0.38312166080613225
0.3831251330295601
0.3831286052529879
0.3831320774764158
0.38313554969984365
0.3831390219232715
0.3831424941466993
0.38314596637012716
0.38314943859355505
0.38315291081698294
0.3831563830404108
0.3831598552638386
0.3831633274872665
0.38316679971069434
0.3831702719341222
0.38317374415755
0.38317721638097785
0.38318068860440574
0.38318416082783363
0.38318763305126147
0.3831911052746893
0.38319457749811714
0.3831980497215451
0.3832015219449729
0.38320499416840076
0.3832084663918286
0.38321193861525643
0.3832154108386843
0.38321888306211216
0.38322235528554
0.3832258275089679
0.3832292997323957
0.3832327719558236
0.38323624417925145
0.3832397164026793
0.3832431886261071
0.383246660849535
0.38325013307296285
0.3832536052963907
0.3832570775198186
0.3832605497432464
0.3832640219666743
0.38326749419010214
0.38327096641353
0.38327443863695787
0.3832779108603857
0.38328138308381354
0.3832848553072414
0.38328832753066927
0.3832917997540971
0.383295271977525
0.38329874420095283
0.38330221642438067
0.38330568864780856
0.38330916087123645
0.38331263309466423
0.38331610531809207
0.3833195775415199
0.38332304976494785
0.3833265219883757
0.3833299942118035
0.38333346643523136
0.38333693865865925
0.38334041088208715
0.383343883105515
0.3833473553289428
0.38335082755237065
0.3833542997757985
0.3833577719992264
0.3833612442226542
0.38336471644608205
0.38336818866950995
0.38337166089293784
0.3833751331163657
0.3833786053397935
0.38338207756322135
0.3833855497866492
0.3833890220100771
0.3833924942335049
0.38339596645693275
0.38339943868036064
0.38340291090378853
0.38340638312721637
0.3834098553506442
0.3834133275740721
0.38341679979749993
0.38342027202092777
0.3834237442443556
0.38342721646778344
0.38343068869121133
0.3834341609146392
0.38343763313806706
0.3834411053614949
0.38344457758492273
0.3834480498083507
0.3834515220317785
0.3834549942552063
0.38345846647863413
0.383461938702062
0.3834654109254899
0.38346888314891775
0.3834723553723456
0.3834758275957735
0.3834792998192013
0.3834827720426292
0.38348624426605704
0.3834897164894849
0.3834931887129127
0.3834966609363406
0.38350013315976844
0.3835036053831963
0.38350707760662417
0.383510549830052
0.3835140220534799
0.38351749427690773
0.38352096650033557
0.3835244387237634
0.3835279109471913
0.38353138317061913
0.38353485539404697
0.38353832761747486
0.3835417998409027
0.3835452720643306
0.3835487442877584
0.38355221651118626
0.38355568873461415
0.383559160958042
0.3835626331814698
0.38356610540489766
0.3835695776283255
0.38357304985175344
0.3835765220751813
0.3835799942986091
0.38358346652203695
0.38358693874546484
0.38359041096889274
0.3835938831923205
0.38359735541574835
0.38360082763917625
0.3836042998626041
0.383607772086032
0.3836112443094598
0.38361471653288765
0.38361818875631554
0.38362166097974343
0.38362513320317126
0.3836286054265991
0.38363207765002694
0.3836355498734548
0.38363902209688266
0.3836424943203105
0.38364596654373834
0.38364943876716623
0.3836529109905941
0.38365638321402196
0.3836598554374498
0.3836633276608777
0.38366679988430546
0.38367027210773336
0.3836737443311612
0.38367721655458903
