0.821180840687792
0.8211843129112197
0.8211877851346476
0.8211912573580754
0.8211947295815033
0.8211982018049312
0.8212016740283591
0.821205146251787
0.8212086184752148
0.8212120906986426
0.8212155629220704
0.8212190351454983
0.8212225073689261
0.8212259795923541
0.8212294518157819
0.8212329240392098
0.8212363962626376
0.8212398684860654
0.8212433407094933
0.8212468129329211
0.821250285156349
0.8212537573797768
0.8212572296032047
0.8212607018266325
0.8212641740500605
0.8212676462734884
0.8212711184969161
0.821274590720344
0.8212780629437718
0.8212815351671997
0.8212850073906275
0.8212884796140554
0.8212919518374833
0.8212954240609112
0.821298896284339
0.8213023685077668
0.8213058407311947
0.8213093129546225
0.8213127851780504
0.8213162574014782
0.8213197296249061
0.821323201848334
0.821326674071762
0.8213301462951896
0.8213336185186176
0.8213370907420454
0.8213405629654733
0.8213440351889011
0.8213475074123289
0.8213509796357569
0.8213544518591845
0.8213579240826125
0.8213613963060404
0.8213648685294683
0.8213683407528961
0.821371812976324
0.8213752851997518
0.8213787574231797
0.8213822296466075
0.8213857018700353
0.8213891740934632
0.8213926463168911
0.8213961185403189
0.8213995907637468
0.8214030629871747
0.8214065352106025
0.8214100074340304
0.8214134796574581
0.821416951880886
0.821420424104314
0.8214238963277417
0.8214273685511697
0.8214308407745975
0.8214343129980254
0.8214377852214532
0.8214412574448811
0.821444729668309
0.8214482018917367
0.8214516741151646
0.8214551463385924
0.8214586185620204
0.8214620907854482
0.8214655630088761
0.8214690352323039
0.8214725074557317
0.8214759796791595
0.8214794519025875
0.8214829241260153
0.8214863963494432
0.8214898685728711
0.8214933407962989
0.8214968130197268
0.8215002852431545
0.8215037574665824
0.8215072296900102
0.8215107019134382
0.821514174136866
0.8215176463602939
0.8215211185837218
0.8215245908071496
0.8215280630305775
0.8215315352540052
0.8215350074774331
0.821538479700861
0.8215419519242888
0.8215454241477167
0.8215488963711446
0.8215523685945725
0.8215558408180003
0.8215593130414282
0.8215627852648559
0.8215662574882838
0.8215697297117116
0.8215732019351396
0.8215766741585674
0.8215801463819954
0.8215836186054232
0.821587090828851
0.8215905630522788
0.8215940352757066
0.8215975074991345
0.8216009797225623
0.8216044519459903
0.8216079241694181
0.8216113963928461
0.8216148686162739
0.8216183408397018
0.8216218130631295
0.8216252852865574
0.8216287575099852
0.8216322297334131
0.8216357019568409
0.8216391741802688
0.8216426464036967
0.8216461186271246
0.8216495908505524
0.8216530630739802
0.8216565352974081
0.8216600075208359
0.8216634797442638
0.8216669519676916
0.8216704241911195
0.8216738964145475
0.8216773686379752
0.8216808408614031
0.8216843130848309
0.8216877853082588
0.8216912575316866
0.8216947297551145
0.8216982019785424
0.8217016742019702
0.8217051464253982
0.8217086186488259
0.8217120908722538
0.8217155630956816
0.8217190353191095
0.8217225075425373
0.8217259797659652
0.8217294519893931
0.8217329242128208
0.8217363964362487
0.8217398686596766
0.8217433408831045
0.8217468131065323
0.8217502853299602
0.821753757553388
0.8217572297768159
0.8217607020002436
0.8217641742236717
0.8217676464470995
0.8217711186705273
0.8217745908939552
0.821778063117383
0.8217815353408109
0.8217850075642387
0.8217884797876666
0.8217919520110945
0.8217954242345223
0.8217988964579502
0.821802368681378
0.8218058409048059
0.8218093131282337
0.8218127853516616
0.8218162575750894
0.8218197297985173
0.8218232020219451
0.821826674245373
0.8218301464688008
0.8218336186922287
0.8218370909156566
0.8218405631390844
0.8218440353625123
0.82184750758594
0.821850979809368
0.8218544520327957
0.8218579242562237
0.8218613964796516
0.8218648687030795
0.8218683409265073
0.8218718131499351
