0.36284734821088477
0.3628508204343126
0.36285429265774055
0.3628577648811684
0.3628612371045962
0.36286470932802406
0.3628681815514519
0.36287165377487973
0.3628751259983076
0.36287859822173546
0.3628820704451633
0.3628855426685912
0.3628890148920191
0.3628924871154469
0.36289595933887475
0.3628994315623026
0.3629029037857305
0.3629063760091583
0.36290984823258615
0.36291332045601404
0.36291679267944194
0.36292026490286977
0.3629237371262976
0.36292720934972544
0.36293068157315334
0.36293415379658117
0.362937626020009
0.36294109824343684
0.3629445704668647
0.36294804269029257
0.36295151491372046
0.3629549871371483
0.36295845936057614
0.362961931584004
0.36296540380743186
0.3629688760308597
0.36297234825428754
0.3629758204777154
0.36297929270114326
0.36298276492457116
0.362986237147999
0.3629897093714269
0.3629931815948547
0.3629966538182826
0.36300012604171045
0.3630035982651383
0.3630070704885661
0.363010542711994
0.36301401493542185
0.3630174871588497
0.3630209593822775
0.36302443160570536
0.3630279038291333
0.36303137605256114
0.363034848275989
0.3630383204994168
0.36304179272284465
0.36304526494627254
0.3630487371697004
0.3630522093931282
0.3630556816165561
0.363059153839984
0.36306262606341183
0.36306609828683967
0.36306957051026756
0.3630730427336954
0.36307651495712323
0.36307998718055107
0.3630834594039789
0.3630869316274068
0.3630904038508347
0.3630938760742625
0.36309734829769036
0.3631008205211182
0.36310429274454614
0.3631077649679739
0.36311123719140176
0.3631147094148296
0.3631181816382575
0.3631216538616853
0.3631251260851132
0.36312859830854105
0.3631320705319689
0.3631355427553968
0.36313901497882467
0.3631424872022525
0.36314595942568034
0.3631494316491082
0.36315290387253607
0.3631563760959639
0.36315984831939174
0.36316332054281963
0.3631667927662475
0.36317026498967536
0.3631737372131032
0.36317720943653103
0.36318068165995887
0.36318415388338676
0.3631876261068146
0.36319109833024243
0.36319457055367027
0.36319804277709816
0.36320151500052605
0.3632049872239539
0.3632084594473817
0.3632119316708096
0.36321540389423745
0.3632188761176653
0.3632223483410931
0.363225820564521
0.36322929278794885
0.36323276501137675
0.3632362372348046
0.3632397094582325
0.3632431816816603
0.3632466539050882
0.363250126128516
0.3632535983519438
0.3632570705753717
0.3632605427987996
0.36326401502222744
0.3632674872456553
0.3632709594690831
0.36327443169251095
0.3632779039159389
0.36328137613936673
0.36328484836279457
0.3632883205862224
0.36329179280965024
0.36329526503307813
0.36329873725650597
0.3633022094799338
0.3633056817033617
0.3633091539267896
0.3633126261502174
0.36331609837364526
0.36331957059707315
0.36332304282050093
0.3633265150439288
0.36332998726735666
0.3633334594907845
0.3633369317142124
0.3633404039376403
0.3633438761610681
0.36334734838449595
0.3633508206079238
0.3633542928313517
0.3633577650547795
0.36336123727820735
0.3633647095016352
0.3633681817250631
0.3633716539484909
0.3633751261719188
0.36337859839534664
0.36338207061877453
0.36338554284220237
0.36338901506563026
0.36339248728905804
0.3633959595124859
0.36339943173591377
0.36340290395934166
0.3634063761827695
0.36340984840619733
0.3634133206296252
0.3634167928530531
0.36342026507648095
0.3634237372999088
0.3634272095233366
0.3634306817467645
0.36343415397019235
0.3634376261936202
0.363441098417048
0.36344457064047586
0.36344804286390375
0.36345151508733164
0.3634549873107595
0.3634584595341873
0.3634619317576152
0.363465403981043
0.3634688762044709
0.3634723484278987
0.3634758206513266
0.36347929287475444
0.36348276509818234
0.3634862373216102
0.36348970954503806
0.3634931817684659
0.36349665399189374
0.3635001262153216
0.3635035984387494
0.36350707066217725
0.3635105428856052
0.36351401510903303
0.36351748733246086
0.3635209595558887
0.36352443177931654
0.3635279040027445
0.3635313762261723
0.3635348484496001
0.36353832067302794
