0.0954861442660223
0.09548961648945013
0.09549308871287802
0.0954965609363059
0.09550003315973368
0.09550350538316157
0.0955069776065894
0.09551044983001729
0.09551392205344512
0.095517394276873
0.09552086650030088
0.09552433872372867
0.09552781094715655
0.09553128317058439
0.09553475539401227
0.09553822761744014
0.09554169984086798
0.09554517206429586
0.09554864428772365
0.09555211651115153
0.09555558873457941
0.09555906095800724
0.09556253318143514
0.09556600540486297
0.09556947762829085
0.09557294985171869
0.09557642207514652
0.0955798942985744
0.09558336652200224
0.09558683874543011
0.09559031096885795
0.09559378319228583
0.09559725541571366
0.0956007276391415
0.09560419986256938
0.09560767208599721
0.09561114430942509
0.09561461653285297
0.09561808875628076
0.09562156097970864
0.09562503320313648
0.09562850542656436
0.09563197764999225
0.09563544987342008
0.09563892209684796
0.09564239432027574
0.09564586654370363
0.09564933876713151
0.09565281099055935
0.09565628321398723
0.09565975543741506
0.09566322766084294
0.09566669988427073
0.09567017210769861
0.09567364433112649
0.09567711655455433
0.0956805887779822
0.09568406100141004
0.09568753322483792
0.09569100544826581
0.09569447767169359
0.09569794989512147
0.0957014221185493
0.0957048943419772
0.09570836656540507
0.09571183878883291
0.09571531101226075
0.09571878323568858
0.09572225545911646
0.0957257276825443
0.09572919990597217
0.09573267212940005
0.09573614435282785
0.09573961657625572
0.09574308879968356
0.09574656102311144
0.09575003324653932
0.09575350546996715
0.09575697769339503
0.09576044991682282
0.0957639221402507
0.09576739436367859
0.09577086658710642
0.0957743388105343
0.09577781103396214
0.09578128325739002
0.0957847554808179
0.0957882277042457
0.09579169992767357
0.09579517215110141
0.09579864437452928
0.09580211659795712
0.095805588821385
0.09580906104481288
0.09581253326824067
0.09581600549166855
0.09581947771509639
0.09582294993852426
0.09582642216195215
0.09582989438537998
0.09583336660880787
0.09583683883223565
0.09584031105566353
0.09584378327909142
0.09584725550251925
0.09585072772594713
0.09585419994937497
0.0958576721728028
0.09586114439623068
0.09586461661965852
0.0958680888430864
0.09587156106651423
0.09587503328994211
0.0958785055133699
0.09588197773679778
0.09588544996022566
0.0958889221836535
0.09589239440708137
0.09589586663050921
0.09589933885393709
0.09590281107736498
0.09590628330079276
0.09590975552422065
0.09591322774764847
0.09591669997107637
0.09592017219450424
0.09592364441793208
0.09592711664135996
0.09593058886478775
0.09593406108821563
0.09593753331164347
0.09594100553507134
0.09594447775849922
0.09594794998192706
0.09595142220535494
0.09595489442878273
0.09595836665221061
0.09596183887563849
0.09596531109906632
0.09596878332249421
0.09597225554592204
0.09597572776934987
0.09597919999277776
0.09598267221620559
0.09598614443963348
0.09598961666306131
0.09599308888648919
0.09599656110991707
0.09600003333334486
0.09600350555677274
0.09600697778020058
0.09601045000362846
0.09601392222705629
0.09601739445048417
0.09602086667391205
0.09602433889733984
0.09602781112076772
0.09603128334419556
0.09603475556762343
0.09603822779105133
0.09604170001447915
0.09604517223790704
0.09604864446133482
0.0960521166847627
0.09605558890819059
0.09605906113161843
0.0960625333550463
0.09606600557847414
0.09606947780190202
0.0960729500253299
0.09607642224875769
0.09607989447218557
0.0960833666956134
0.09608683891904128
0.09609031114246912
0.096093783365897
0.09609725558932483
0.09610072781275267
0.09610420003618055
0.09610767225960838
0.09611114448303627
0.09611461670646415
0.09611808892989193
0.09612156115331982
0.09612503337674765
0.09612850560017554
0.09613197782360342
0.09613545004703125
0.09613892227045913
0.09614239449388692
0.0961458667173148
0.09614933894074264
0.09615281116417052
0.09615628338759839
0.09615975561102623
0.0961632278344541
0.0961667000578819
0.09617017228130978
0.09617364450473766
0.0961771167281655
