0.6899307951148594
0.6899342673382872
0.6899377395617151
0.6899412117851429
0.6899446840085708
0.6899481562319987
0.6899516284554266
0.6899551006788543
0.6899585729022824
0.6899620451257101
0.689965517349138
0.6899689895725658
0.6899724617959937
0.6899759340194215
0.6899794062428494
0.6899828784662773
0.689986350689705
0.689989822913133
0.6899932951365608
0.6899967673599887
0.6900002395834165
0.6900037118068444
0.6900071840302723
0.6900106562537001
0.690014128477128
0.6900176007005557
0.6900210729239836
0.6900245451474115
0.6900280173708394
0.6900314895942672
0.6900349618176951
0.6900384340411229
0.6900419062645508
0.6900453784879786
0.6900488507114064
0.6900523229348344
0.6900557951582622
0.6900592673816901
0.6900627396051179
0.6900662118285458
0.6900696840519736
0.6900731562754016
0.6900766284988293
0.6900801007222571
0.6900835729456851
0.6900870451691129
0.6900905173925408
0.6900939896159686
0.6900974618393965
0.6901009340628242
0.6901044062862522
0.69010787850968
0.6901113507331079
0.6901148229565357
0.6901182951799636
0.6901217674033915
0.6901252396268193
0.6901287118502472
0.6901321840736749
0.6901356562971029
0.6901391285205307
0.6901426007439586
0.6901460729673865
0.6901495451908143
0.6901530174142422
0.69015648963767
0.6901599618610978
0.6901634340845256
0.6901669063079536
0.6901703785313814
0.6901738507548093
0.6901773229782371
0.690180795201665
0.6901842674250929
0.6901877396485206
0.6901912118719485
0.6901946840953763
0.6901981563188043
0.6902016285422321
0.69020510076566
0.6902085729890879
0.6902120452125158
0.6902155174359436
0.6902189896593713
0.6902224618827992
0.690225934106227
0.690229406329655
0.6902328785530828
0.6902363507765107
0.6902398229999386
0.6902432952233665
0.6902467674467943
0.6902502396702221
0.6902537118936499
0.6902571841170778
0.6902606563405057
0.6902641285639335
0.6902676007873614
0.6902710730107892
0.6902745452342172
0.6902780174576449
0.6902814896810728
0.6902849619045006
0.6902884341279285
0.6902919063513564
0.6902953785747842
0.6902988507982121
0.69030232302164
0.6903057952450679
0.6903092674684956
0.6903127396919235
0.6903162119153513
0.6903196841387792
0.6903231563622071
0.6903266285856349
0.6903301008090628
0.6903335730324907
0.6903370452559185
0.6903405174793463
0.6903439897027742
0.690347461926202
0.6903509341496299
0.6903544063730578
0.6903578785964857
0.6903613508199135
0.6903648230433412
0.6903682952667692
0.690371767490197
0.6903752397136249
0.6903787119370527
0.6903821841604806
0.6903856563839085
0.6903891286073364
0.6903926008307641
0.690396073054192
0.6903995452776199
0.6904030175010477
0.6904064897244756
0.6904099619479034
0.6904134341713314
0.6904169063947592
0.6904203786181871
0.6904238508416148
0.6904273230650427
0.6904307952884706
0.6904342675118984
0.6904377397353263
0.6904412119587541
0.690444684182182
0.6904481564056099
0.6904516286290378
0.6904551008524655
0.6904585730758934
0.6904620452993213
0.6904655175227491
0.690468989746177
0.6904724619696048
0.6904759341930327
0.6904794064164606
0.6904828786398884
0.6904863508633162
0.6904898230867442
0.690493295310172
0.6904967675335999
0.6905002397570277
0.6905037119804555
0.6905071842038835
0.6905106564273112
0.6905141286507391
0.6905176008741669
0.6905210730975948
0.6905245453210227
0.6905280175444506
0.6905314897678784
0.6905349619913063
0.690538434214734
0.6905419064381619
0.6905453786615898
0.6905488508850176
0.6905523231084456
0.6905557953318734
0.6905592675553013
0.6905627397787291
0.690566212002157
0.6905696842255847
0.6905731564490126
0.6905766286724405
0.6905801008958683
0.6905835731192963
0.6905870453427241
0.690590517566152
0.6905939897895798
0.6905974620130076
0.6906009342364354
0.6906044064598633
0.6906078786832912
0.690611350906719
0.690614823130147
0.6906182953535748
0.6906217675770027
