0.9204864307244551
0.920489902947883
0.9204933751713108
0.9204968473947387
0.9205003196181665
0.9205037918415944
0.9205072640650221
0.9205107362884503
0.9205142085118778
0.9205176807353058
0.9205211529587335
0.9205246251821615
0.9205280974055894
0.9205315696290172
0.9205350418524453
0.9205385140758728
0.920541986299301
0.9205454585227285
0.9205489307461566
0.9205524029695842
0.9205558751930123
0.9205593474164401
0.9205628196398679
0.920566291863296
0.9205697640867235
0.9205732363101516
0.9205767085335792
0.9205801807570073
0.9205836529804351
0.920587125203863
0.9205905974272908
0.9205940696507187
0.9205975418741464
0.9206010140975743
0.9206044863210023
0.9206079585444299
0.920611430767858
0.9206149029912856
0.9206183752147137
0.9206218474381415
0.9206253196615694
0.9206287918849971
0.920632264108425
0.920635736331853
0.9206392085552807
0.9206426807787087
0.9206461530021364
0.9206496252255644
0.9206530974489922
0.92065656967242
0.920660041895848
0.9206635141192757
0.9206669863427037
0.9206704585661314
0.9206739307895594
0.9206774030129872
0.9206808752364151
0.9206843474598428
0.9206878196832707
0.9206912919066985
0.9206947641301264
0.9206982363535544
0.9207017085769821
0.9207051808004101
0.9207086530238379
0.9207121252472658
0.9207155974706935
0.9207190696941214
0.9207225419175492
0.9207260141409771
0.9207294863644051
0.9207329585878328
0.9207364308112608
0.9207399030346884
0.9207433752581164
0.9207468474815442
0.9207503197049721
0.9207537919284001
0.9207572641518278
0.9207607363752558
0.9207642085986835
0.9207676808221115
0.9207711530455392
0.9207746252689671
0.9207780974923949
0.9207815697158228
0.9207850419392506
0.9207885141626785
0.9207919863861065
0.9207954586095342
0.9207989308329622
0.9208024030563899
0.9208058752798178
0.9208093475032456
0.9208128197266735
0.9208162919501013
0.9208197641735292
0.9208232363969572
0.9208267086203848
0.9208301808438129
0.9208336530672405
0.9208371252906685
0.9208405975140964
0.9208440697375242
0.9208475419609522
0.9208510141843799
0.9208544864078079
0.9208579586312355
0.9208614308546635
0.9208649030780914
0.9208683753015192
0.9208718475249471
0.9208753197483749
0.9208787919718028
0.9208822641952306
0.9208857364186586
0.9208892086420862
0.9208926808655142
0.9208961530889421
0.9208996253123699
0.9209030975357978
0.9209065697592256
0.9209100419826535
0.9209135142060813
0.9209169864295093
0.9209204586529369
0.9209239308763649
0.9209274030997926
0.9209308753232206
0.9209343475466485
0.9209378197700763
0.9209412919935043
0.9209447642169319
0.92094823644036
0.9209517086637876
0.9209551808872156
0.9209586531106435
0.9209621253340713
0.9209655975574992
0.920969069780927
0.9209725420043549
0.9209760142277826
0.9209794864512106
0.9209829586746383
0.9209864308980663
0.9209899031214942
0.920993375344922
0.9209968475683499
0.9210003197917777
0.9210037920152055
0.9210072642386333
0.9210107364620613
0.921014208685489
0.921017680908917
0.9210211531323447
0.9210246253557727
0.9210280975792006
0.9210315698026283
0.9210350420260565
0.921038514249484
0.921041986472912
0.9210454586963397
0.9210489309197677
0.9210524031431954
0.9210558753666234
0.9210593475900513
0.921062819813479
0.9210662920369072
0.9210697642603347
0.9210732364837628
0.9210767087071904
0.9210801809306185
0.9210836531540463
0.9210871253774741
0.921090597600902
0.9210940698243297
0.9210975420477576
0.9211010142711854
0.9211044864946135
0.9211079587180411
0.9211114309414692
0.9211149031648967
0.9211183753883249
0.9211218476117526
0.9211253198351805
0.9211287920586083
0.9211322642820361
0.9211357365054642
0.9211392087288918
0.9211426809523199
0.9211461531757474
0.9211496253991756
0.9211530976226033
0.9211565698460312
0.9211600420694592
0.9211635142928869
0.9211669865163149
0.9211704587397426
0.9211739309631706
0.9211774031865984
