0.5329862961757973
0.5329897683992251
0.5329932406226531
0.5329967128460809
0.5330001850695087
0.5330036572929365
0.5330071295163643
0.5330106017397923
0.5330140739632201
0.533017546186648
0.5330210184100758
0.5330244906335038
0.5330279628569315
0.5330314350803594
0.5330349073037872
0.5330383795272151
0.533041851750643
0.5330453239740708
0.5330487961974987
0.5330522684209265
0.5330557406443545
0.5330592128677822
0.5330626850912101
0.5330661573146379
0.5330696295380658
0.5330731017614937
0.5330765739849215
0.5330800462083494
0.5330835184317771
0.5330869906552052
0.5330904628786329
0.5330939351020608
0.5330974073254886
0.5331008795489165
0.5331043517723444
0.5331078239957722
0.5331112962192001
0.5331147684426278
0.5331182406660558
0.5331217128894836
0.5331251851129115
0.5331286573363393
0.5331321295597672
0.5331356017831951
0.533139074006623
0.5331425462300508
0.5331460184534786
0.5331494906769065
0.5331529629003343
0.5331564351237622
0.53315990734719
0.5331633795706179
0.5331668517940458
0.5331703240174737
0.5331737962409014
0.5331772684643293
0.5331807406877572
0.533184212911185
0.5331876851346129
0.5331911573580407
0.5331946295814686
0.5331981018048965
0.5332015740283244
0.5332050462517521
0.53320851847518
0.5332119906986079
0.5332154629220357
0.5332189351454636
0.5332224073688914
0.5332258795923193
0.5332293518157472
0.533232824039175
0.5332362962626028
0.5332397684860307
0.5332432407094586
0.5332467129328864
0.5332501851563143
0.5332536573797421
0.53325712960317
0.5332606018265978
0.5332640740500257
0.5332675462734535
0.5332710184968814
0.5332744907203093
0.5332779629437372
0.533281435167165
0.5332849073905929
0.5332883796140206
0.5332918518374485
0.5332953240608764
0.5332987962843042
0.5333022685077321
0.53330574073116
0.5333092129545879
0.5333126851780157
0.5333161574014436
0.5333196296248713
0.5333231018482992
0.5333265740717271
0.5333300462951549
0.5333335185185828
0.5333369907420107
0.5333404629654386
0.5333439351888664
0.5333474074122942
0.533350879635722
0.5333543518591499
0.5333578240825778
0.5333612963060056
0.5333647685294335
0.5333682407528614
0.5333717129762893
0.533375185199717
0.5333786574231449
0.5333821296465727
0.5333856018700006
0.5333890740934285
0.5333925463168563
0.5333960185402842
0.5333994907637121
0.53340296298714
0.5334064352105677
0.5334099074339956
0.5334133796574234
0.5334168518808514
0.5334203241042792
0.5334237963277071
0.5334272685511349
0.5334307407745628
0.5334342129979907
0.5334376852214184
0.5334411574448463
0.5334446296682741
0.5334481018917021
0.5334515741151299
0.5334550463385578
0.5334585185619856
0.5334619907854135
0.5334654630088413
0.5334689352322691
0.533472407455697
0.5334758796791248
0.5334793519025528
0.5334828241259806
0.5334862963494085
0.5334897685728363
0.5334932407962641
0.533496713019692
0.5335001852431198
0.5335036574665477
0.5335071296899755
0.5335106019134035
0.5335140741368313
0.5335175463602592
0.533521018583687
0.533524490807115
0.5335279630305427
0.5335314352539705
0.5335349074773984
0.5335383797008262
0.5335418519242542
0.533545324147682
0.5335487963711099
0.5335522685945376
0.5335557408179656
0.5335592130413934
0.5335626852648213
0.5335661574882491
0.533569629711677
0.5335731019351049
0.5335765741585327
0.5335800463819605
0.5335835186053883
0.5335869908288163
0.5335904630522441
0.533593935275672
0.5335974074990998
0.5336008797225277
0.5336043519459556
0.5336078241693833
0.5336112963928112
0.533614768616239
0.533618240839667
0.5336217130630948
0.5336251852865227
0.5336286575099505
0.5336321297333784
0.5336356019568063
0.533639074180234
0.5336425464036619
0.5336460186270897
0.5336494908505177
0.5336529630739455
0.5336564352973734
0.5336599075208012
0.5336633797442291
0.533666851967657
0.5336703241910847
0.5336737964145126
0.5336772686379404
