0.15173616379727903
0.15173963602070692
0.1517431082441348
0.15174658046756262
0.1517500526909905
0.15175352491441835
0.15175699713784624
0.1517604693612741
0.1517639415847019
0.15176741380812978
0.1517708860315576
0.1517743582549855
0.15177783047841334
0.1517813027018412
0.15178477492526904
0.15178824714869688
0.15179171937212477
0.1517951915955526
0.15179866381898047
0.15180213604240836
0.15180560826583614
0.15180908048926403
0.15181255271269187
0.15181602493611976
0.15181949715954762
0.15182296938297546
0.15182644160640335
0.15182991382983113
0.15183338605325902
0.1518368582766869
0.15184033050011472
0.15184380272354261
0.15184727494697045
0.15185074717039831
0.15185421939382612
0.151857691617254
0.15186116384068188
0.15186463606410971
0.15186810828753758
0.15187158051096541
0.1518750527343933
0.1518785249578212
0.15188199718124898
0.15188546940467687
0.15188894162810468
0.15189241385153257
0.15189588607496046
0.1518993582983883
0.15190283052181616
0.15190630274524397
0.15190977496867183
0.15191324719209973
0.15191671941552756
0.15192019163895543
0.15192366386238326
0.1519271360858111
0.15193060830923893
0.15193408053266683
0.1519375527560947
0.15194102497952253
0.15194449720295042
0.1519479694263782
0.1519514416498061
0.15195491387323398
0.15195838609666182
0.15196185832008968
0.15196533054351752
0.1519688027669454
0.15197227499037327
0.15197574721380108
0.15197921943722895
0.15198269166065678
0.15198616388408467
0.1519896361075125
0.15199310833094037
0.15199658055436827
0.15200005277779605
0.15200352500122394
0.15200699722465177
0.15201046944807964
0.15201394167150753
0.15201741389493537
0.15202088611836326
0.15202435834179104
0.15202783056521893
0.1520313027886468
0.15203477501207463
0.15203824723550252
0.15204171945893036
0.1520451916823582
0.15204866390578606
0.1520521361292139
0.15205560835264179
0.15205908057606962
0.15206255279949749
0.15206602502292532
0.15206949724635316
0.15207296946978105
0.15207644169320889
0.15207991391663675
0.15208338614006459
0.15208685836349248
0.15209033058692037
0.15209380281034815
0.15209727503377604
0.15210074725720388
0.15210421948063174
0.15210769170405963
0.15211116392748747
0.15211463615091533
0.15211810837434314
0.152121580597771
0.1521250528211989
0.15212852504462673
0.1521319972680546
0.15213546949148243
0.15213894171491033
0.1521424139383381
0.152145886161766
0.1521493583851939
0.1521528306086217
0.1521563028320496
0.15215977505547743
0.15216324727890532
0.15216671950233315
0.152170191725761
0.15217366394918885
0.1521771361726167
0.15218060839604458
0.15218408061947244
0.15218755284290025
0.15219102506632812
0.15219449728975595
0.15219796951318385
0.1522014417366117
0.15220491396003955
0.15220838618346744
0.15221185840689522
0.1522153306303231
0.15221880285375095
0.1522222750771788
0.1522257473006067
0.15222921952403454
0.15223269174746243
0.1522361639708902
0.1522396361943181
0.15224310841774596
0.1522465806411738
0.1522500528646017
0.15225352508802953
0.1522569973114574
0.15226046953488528
0.15226394175831306
0.15226741398174096
0.1522708862051688
0.15227435842859666
0.1522778306520245
0.15228130287545238
0.15228477509888022
0.15228824732230806
0.15229171954573595
0.15229519176916376
0.15229866399259165
0.15230213621601954
0.15230560843944738
0.1523090806628752
0.15231255288630305
0.1523160251097309
0.1523194973331588
0.15232296955658664
0.1523264417800145
0.1523299140034423
0.15233338622687018
0.15233685845029807
0.1523403306737259
0.15234380289715377
0.1523472751205816
0.1523507473440095
0.15235421956743728
0.15235769179086517
0.15236116401429306
0.15236463623772087
0.15236810846114876
0.1523715806845766
0.1523750529080045
0.15237852513143235
0.15238199735486016
0.15238546957828802
0.15238894180171586
0.15239241402514375
0.15239588624857162
0.15239935847199945
0.15240283069542734
0.15240630291885512
0.15240977514228302
0.15241324736571088
0.15241671958913872
0.1524201918125666
0.15242366403599444
0.15242713625942228
