0.40243069528843584
0.4024341675118637
0.40243763973529156
0.4024411119587194
0.4024445841821473
0.4024480564055751
0.402451528629003
0.40245500085243086
0.4024584730758587
0.4024619452992865
0.40246541752271436
0.40246888974614226
0.4024723619695701
0.402475834192998
0.4024793064164258
0.4024827786398537
0.40248625086328155
0.4024897230867094
0.4024931953101372
0.4024966675335651
0.40250013975699295
0.4025036119804208
0.4025070842038487
0.4025105564272765
0.4025140286507044
0.40251750087413224
0.4025209730975601
0.40252444532098797
0.4025279175444158
0.40253138976784364
0.4025348619912715
0.40253833421469937
0.4025418064381272
0.4025452786615551
0.40254875088498293
0.40255222310841077
0.40255569533183866
0.40255916755526655
0.4025626397786944
0.40256611200212217
0.40256958422555006
0.4025730564489779
0.4025765286724058
0.4025800008958336
0.4025834731192615
0.40258694534268935
0.4025904175661172
0.4025938897895451
0.4025973620129729
0.40260083423640075
0.4026043064598286
0.4026077786832565
0.4026112509066843
0.40261472313011215
0.40261819535354004
0.40262166757696793
0.40262513980039577
0.4026286120238236
0.4026320842472515
0.4026355564706793
0.40263902869410717
0.402642500917535
0.40264597314096284
0.40264944536439073
0.4026529175878186
0.40265638981124646
0.4026598620346743
0.4026633342581022
0.40266680648153
0.40267027870495786
0.4026737509283857
0.40267722315181353
0.4026806953752414
0.4026841675986693
0.40268763982209715
0.402691112045525
0.4026945842689529
0.4026980564923807
0.4027015287158086
0.40270500093923645
0.4027084731626643
0.4027119453860921
0.40271541760951995
0.40271888983294785
0.4027223620563757
0.4027258342798036
0.4027293065032314
0.4027327787266593
0.40273625095008714
0.402739723173515
0.4027431953969428
0.4027466676203707
0.40275013984379854
0.4027536120672264
0.40275708429065427
0.4027605565140821
0.40276402873751
0.40276750096093783
0.40277097318436567
0.40277444540779356
0.4027779176312214
0.40278138985464923
0.40278486207807707
0.40278833430150496
0.4027918065249328
0.4027952787483607
0.4027987509717885
0.40280222319521636
0.40280569541864425
0.4028091676420721
0.4028126398654999
0.40281611208892776
0.40281958431235565
0.4028230565357835
0.4028265287592114
0.4028300009826392
0.4028334732060671
0.40283694542949494
0.4028404176529228
0.40284388987635067
0.4028473620997785
0.40285083432320634
0.4028543065466342
0.40285777877006207
0.4028612509934899
0.4028647232169178
0.40286819544034563
0.4028716676637735
0.40287513988720136
0.4028786121106292
0.40288208433405703
0.40288555655748487
0.40288902878091276
0.4028925010043406
0.40289597322776843
0.4028994454511963
0.4029029176746242
0.40290638989805205
0.4029098621214799
0.4029133343449078
0.4029168065683356
0.40292027879176345
0.4029237510151913
0.4029272232386191
0.402930695462047
0.4029341676854749
0.40293763990890274
0.4029411121323306
0.4029445843557585
0.4029480565791863
0.40295152880261415
0.402955001026042
0.4029584732494699
0.4029619454728977
0.4029654176963256
0.40296888991975344
0.4029723621431813
0.40297583436660916
0.402979306590037
0.4029827788134649
0.40298625103689273
0.40298972326032056
0.4029931954837484
0.4029966677071763
0.40300013993060413
0.40300361215403196
0.40300708437745986
0.4030105566008877
0.4030140288243156
0.4030175010477434
0.40302097327117126
0.4030244454945991
0.403027917718027
0.4030313899414548
0.40303486216488266
0.40303833438831055
0.4030418066117384
0.4030452788351663
0.4030487510585941
0.40305222328202195
0.40305569550544984
0.4030591677288777
0.4030626399523055
0.40306611217573335
0.40306958439916124
0.4030730566225891
0.40307652884601697
0.4030800010694448
0.4030834732928727
0.40308694551630053
0.40309041773972837
0.4030938899631562
0.40309736218658404
0.40310083441001193
0.40310430663343977
0.40310777885686766
0.4031112510802955
0.4031147233037234
0.4031181955271512
0.4031216677505791
