0.10243059112173297
0.10243406334516085
0.10243753556858869
0.10244100779201658
0.10244448001544446
0.10244795223887229
0.10245142446230017
0.10245489668572795
0.10245836890915584
0.10246184113258372
0.10246531335601156
0.10246878557943943
0.10247225780286727
0.10247573002629515
0.10247920224972294
0.10248267447315082
0.1024861466965787
0.10248961892000653
0.10249309114343441
0.10249656336686225
0.10250003559029014
0.10250350781371802
0.1025069800371458
0.10251045226057369
0.10251392448400151
0.1025173967074294
0.10252086893085728
0.10252434115428512
0.10252781337771295
0.10253128560114079
0.10253475782456867
0.10253823004799655
0.10254170227142438
0.10254517449485226
0.10254864671828005
0.10255211894170793
0.10255559116513577
0.10255906338856365
0.10256253561199152
0.10256600783541936
0.10256948005884725
0.10257295228227503
0.10257642450570291
0.1025798967291308
0.10258336895255864
0.10258684117598652
0.10259031339941435
0.10259378562284223
0.1025972578462701
0.1026007300696979
0.10260420229312578
0.10260767451655362
0.10261114673998149
0.10261461896340933
0.10261809118683721
0.10262156341026508
0.10262503563369288
0.10262850785712076
0.1026319800805486
0.10263545230397647
0.10263892452740436
0.1026423967508322
0.10264586897426002
0.10264934119768786
0.10265281342111575
0.10265628564454363
0.10265975786797146
0.10266323009139934
0.10266670231482718
0.10267017453825501
0.10267364676168289
0.10267711898511073
0.1026805912085386
0.10268406343196644
0.10268753565539432
0.10269100787882211
0.10269448010224999
0.10269795232567787
0.1027014245491057
0.10270489677253358
0.10270836899596142
0.10271184121938931
0.10271531344281719
0.10271878566624497
0.10272225788967286
0.1027257301131007
0.10272920233652857
0.10273267455995645
0.10273614678338429
0.10273961900681217
0.10274309123023996
0.10274656345366784
0.10275003567709572
0.10275350790052355
0.10275698012395143
0.10276045234737927
0.10276392457080714
0.10276739679423494
0.10277086901766282
0.10277434124109071
0.10277781346451853
0.10278128568794642
0.10278475791137426
0.10278823013480208
0.10279170235822997
0.10279517458165781
0.10279864680508569
0.10280211902851352
0.1028055912519414
0.10280906347536928
0.10281253569879707
0.10281600792222495
0.10281948014565279
0.10282295236908066
0.1028264245925085
0.10282989681593638
0.10283336903936427
0.10283684126279205
0.10284031348621993
0.10284378570964776
0.10284725793307564
0.10285073015650353
0.10285420237993137
0.10285767460335925
0.10286114682678703
0.10286461905021492
0.1028680912736428
0.10287156349707063
0.10287503572049851
0.10287850794392635
0.10288198016735423
0.10288545239078206
0.1028889246142099
0.10289239683763778
0.10289586906106561
0.10289934128449349
0.10290281350792133
0.1029062857313492
0.10290975795477704
0.10291323017820488
0.10291670240163277
0.10292017462506059
0.10292364684848848
0.10292711907191636
0.10293059129534414
0.10293406351877203
0.10293753574219987
0.10294100796562775
0.10294448018905562
0.10294795241248346
0.10295142463591134
0.10295489685933913
0.10295836908276701
0.10296184130619489
0.10296531352962272
0.1029687857530506
0.10297225797647844
0.10297573019990633
0.10297920242333411
0.10298267464676199
0.10298614687018988
0.1029896190936177
0.10299309131704559
0.10299656354047343
0.10300003576390131
0.10300350798732918
0.10300698021075698
0.10301045243418486
0.1030139246576127
0.10301739688104057
0.10302086910446845
0.10302434132789628
0.10302781355132412
0.10303128577475196
0.10303475799817984
0.10303823022160771
0.10304170244503555
0.10304517466846344
0.10304864689189122
0.1030521191153191
0.10305559133874694
0.10305906356217483
0.1030625357856027
0.10306600800903054
0.10306948023245842
0.1030729524558862
0.10307642467931409
0.10307989690274197
0.1030833691261698
0.10308684134959768
0.10309031357302552
0.1030937857964534
0.10309725801988127
0.10310073024330907
0.10310420246673695
0.10310767469016478
0.10311114691359266
0.1031146191370205
0.10311809136044839
0.10312156358387627
