0.9850697864825647
0.9850732587059927
0.9850767309294204
0.9850802031528484
0.9850836753762762
0.9850871475997041
0.9850906198231318
0.9850940920465597
0.9850975642699875
0.9851010364934154
0.9851045087168434
0.9851079809402711
0.9851114531636991
0.9851149253871269
0.9851183976105548
0.9851218698339825
0.9851253420574104
0.9851288142808382
0.9851322865042661
0.9851357587276941
0.9851392309511218
0.9851427031745498
0.9851461753979774
0.9851496476214054
0.9851531198448332
0.9851565920682611
0.9851600642916891
0.9851635365151168
0.9851670087385448
0.9851704809619725
0.9851739531854005
0.9851774254088284
0.9851808976322561
0.985184369855684
0.9851878420791118
0.9851913143025397
0.9851947865259675
0.9851982587493955
0.9852017309728232
0.9852052031962512
0.985208675419679
0.9852121476431068
0.9852156198665347
0.9852190920899625
0.9852225643133904
0.9852260365368182
0.9852295087602462
0.9852329809836738
0.9852364532071018
0.9852399254305295
0.9852433976539575
0.9852468698773854
0.9852503421008132
0.9852538143242412
0.9852572865476689
0.9852607587710969
0.9852642309945245
0.9852677032179525
0.9852711754413804
0.9852746476648082
0.9852781198882361
0.9852815921116639
0.9852850643350918
0.9852885365585196
0.9852920087819476
0.9852954810053752
0.9852989532288032
0.9853024254522311
0.9853058976756589
0.9853093698990868
0.9853128421225146
0.9853163143459425
0.9853197865693702
0.9853232587927983
0.9853267310162259
0.9853302032396539
0.9853336754630816
0.9853371476865096
0.9853406199099375
0.9853440921333653
0.9853475643567933
0.9853510365802209
0.9853545088036489
0.9853579810270766
0.9853614532505046
0.9853649254739325
0.9853683976973603
0.9853718699207882
0.985375342144216
0.9853788143676439
0.9853822865910716
0.9853857588144997
0.9853892310379273
0.9853927032613553
0.9853961754847832
0.985399647708211
0.9854031199316389
0.9854065921550667
0.9854100643784945
0.9854135366019223
0.9854170088253504
0.985420481048778
0.9854239532722061
0.9854274254956337
0.9854308977190618
0.9854343699424896
0.9854378421659173
0.9854413143893455
0.985444786612773
0.9854482588362011
0.9854517310596287
0.9854552032830568
0.9854586755064846
0.9854621477299125
0.9854656199533403
0.9854690921767681
0.9854725644001961
0.9854760366236238
0.9854795088470518
0.9854829810704794
0.9854864532939075
0.9854899255173353
0.9854933977407632
0.985496869964191
0.9855003421876188
0.9855038144110466
0.9855072866344745
0.9855107588579025
0.9855142310813302
0.9855177033047582
0.9855211755281859
0.9855246477516139
0.9855281199750416
0.9855315921984695
0.9855350644218975
0.9855385366453252
0.9855420088687532
0.9855454810921809
0.9855489533156089
0.9855524255390367
0.9855558977624646
0.9855593699858923
0.9855628422093202
0.9855663144327482
0.9855697866561759
0.9855732588796039
0.9855767311030316
0.9855802033264596
0.9855836755498874
0.9855871477733152
0.985590619996743
0.9855940922201709
0.9855975644435987
0.9856010366670266
0.9856045088904546
0.9856079811138823
0.9856114533373103
0.985614925560738
0.9856183977841659
0.9856218700075937
0.9856253422310216
0.9856288144544494
0.9856322866778773
0.9856357589013053
0.985639231124733
0.985642703348161
0.9856461755715886
0.9856496477950166
0.9856531200184444
0.9856565922418723
0.9856600644653003
0.985663536688728
0.985667008912156
0.9856704811355836
0.9856739533590116
0.9856774255824394
0.9856808978058673
0.9856843700292951
0.985687842252723
0.9856913144761508
0.9856947866995787
0.9856982589230067
0.9857017311464343
0.9857052033698623
0.9857086755932902
0.985712147816718
0.9857156200401459
0.9857190922635737
0.9857225644870015
0.9857260367104294
0.9857295089338574
0.985732981157285
0.985736453380713
0.9857399256041407
0.9857433978275687
0.9857468700509966
0.9857503422744244
0.9857538144978524
0.98575728672128
0.985760758944708
