0.2989584371383462
0.2989619093617741
0.2989653815852019
0.2989688538086298
0.29897232603205764
0.2989757982554855
0.2989792704789133
0.2989827427023412
0.29898621492576904
0.2989896871491969
0.2989931593726248
0.29899663159605266
0.2990001038194805
0.29900357604290834
0.2990070482663362
0.29901052048976406
0.2990139927131919
0.29901746493661974
0.2990209371600476
0.2990244093834754
0.29902788160690336
0.2990313538303312
0.29903482605375903
0.29903829827718686
0.29904177050061476
0.2990452427240426
0.29904871494747043
0.29905218717089826
0.29905565939432616
0.29905913161775405
0.2990626038411819
0.2990660760646097
0.2990695482880376
0.29907302051146545
0.29907649273489334
0.2990799649583212
0.29908343718174896
0.29908690940517685
0.29909038162860474
0.2990938538520326
0.2990973260754604
0.29910079829888825
0.29910427052231614
0.29910774274574403
0.29911121496917187
0.2991146871925997
0.29911815941602754
0.2991216316394554
0.29912510386288327
0.2991285760863111
0.29913204830973894
0.29913552053316683
0.2991389927565947
0.29914246498002256
0.2991459372034504
0.2991494094268783
0.2991528816503061
0.29915635387373396
0.2991598260971618
0.2991632983205897
0.2991667705440176
0.2991702427674454
0.29917371499087325
0.2991771872143011
0.2991806594377289
0.2991841316611568
0.29918760388458465
0.2991910761080125
0.2991945483314403
0.2991980205548682
0.2992014927782961
0.29920496500172394
0.2992084372251518
0.29921190944857967
0.2992153816720075
0.2992188538954354
0.29922232611886324
0.29922579834229107
0.2992292705657189
0.2992327427891468
0.29923621501257464
0.29923968723600247
0.29924315945943036
0.29924663168285826
0.2992501039062861
0.2992535761297139
0.29925704835314176
0.29926052057656966
0.2992639927999975
0.2992674650234253
0.29927093724685316
0.299274409470281
0.29927788169370895
0.2992813539171368
0.2992848261405646
0.29928829836399246
0.29929177058742035
0.2992952428108482
0.299298715034276
0.29930218725770386
0.29930565948113175
0.29930913170455964
0.2993126039279875
0.2993160761514153
0.2993195483748432
0.29932302059827104
0.2993264928216989
0.2993299650451267
0.29933343726855455
0.29933690949198244
0.29934038171541033
0.29934385393883817
0.299347326162266
0.29935079838569384
0.29935427060912173
0.2993577428325496
0.29936121505597746
0.2993646872794053
0.29936815950283313
0.29937163172626097
0.29937510394968886
0.2993785761731167
0.29938204839654453
0.2993855206199724
0.2993889928434003
0.29939246506682815
0.299395937290256
0.2993994095136838
0.2994028817371117
0.29940635396053955
0.2994098261839674
0.2994132984073953
0.29941677063082317
0.299420242854251
0.29942371507767884
0.2994271873011067
0.2994306595245345
0.2994341317479624
0.29943760397139024
0.2994410761948181
0.2994445484182459
0.2994480206416738
0.2994514928651017
0.29945496508852953
0.29945843731195737
0.29946190953538526
0.2994653817588131
0.29946885398224093
0.29947232620566877
0.29947579842909666
0.2994792706525245
0.2994827428759524
0.2994862150993802
0.29948968732280806
0.29949315954623595
0.29949663176966385
0.2995001039930917
0.2995035762165195
0.29950704843994735
0.29951052066337525
0.2995139928868031
0.2995174651102309
0.29952093733365875
0.2995244095570866
0.29952788178051454
0.2995313540039424
0.2995348262273702
0.29953829845079805
0.2995417706742259
0.2995452428976538
0.2995487151210816
0.29955218734450945
0.29955565956793734
0.29955913179136523
0.29956260401479307
0.2995660762382209
0.2995695484616488
0.29957302068507663
0.29957649290850447
0.2995799651319323
0.29958343735536014
0.29958690957878803
0.2995903818022159
0.29959385402564376
0.2995973262490716
0.29960079847249943
0.2996042706959273
0.29960774291935516
0.299611215142783
0.29961468736621083
0.2996181595896387
0.29962163181306656
0.29962510403649445
0.2996285762599223
0.2996320484833501
0.299635520706778
0.2996389929302059
0.29964246515363374
0.2996459373770616
0.2996494096004894
