0.7531252615018269
0.7531287337252547
0.7531322059486827
0.7531356781721104
0.7531391503955384
0.7531426226189661
0.7531460948423941
0.7531495670658219
0.7531530392892497
0.7531565115126776
0.7531599837361054
0.7531634559595333
0.7531669281829612
0.753170400406389
0.7531738726298169
0.7531773448532448
0.7531808170766726
0.7531842893001005
0.7531877615235283
0.7531912337469562
0.753194705970384
0.7531981781938119
0.7532016504172397
0.7532051226406675
0.7532085948640955
0.7532120670875233
0.7532155393109512
0.753219011534379
0.7532224837578069
0.7532259559812348
0.7532294282046625
0.7532329004280904
0.7532363726515182
0.7532398448749462
0.753243317098374
0.7532467893218019
0.7532502615452297
0.7532537337686576
0.7532572059920853
0.7532606782155132
0.7532641504389411
0.753267622662369
0.7532710948857969
0.7532745671092247
0.7532780393326526
0.7532815115560804
0.7532849837795083
0.753288456002936
0.753291928226364
0.7532954004497918
0.7532988726732197
0.7533023448966476
0.7533058171200754
0.7533092893435033
0.753312761566931
0.753316233790359
0.7533197060137867
0.7533231782372147
0.7533266504606425
0.7533301226840704
0.7533335949074983
0.7533370671309261
0.753340539354354
0.7533440115777817
0.7533474838012096
0.7533509560246374
0.7533544282480653
0.7533579004714932
0.7533613726949211
0.753364844918349
0.7533683171417768
0.7533717893652047
0.7533752615886324
0.7533787338120603
0.7533822060354881
0.7533856782589161
0.7533891504823439
0.7533926227057718
0.7533960949291996
0.7533995671526275
0.7534030393760554
0.7534065115994831
0.753409983822911
0.7534134560463388
0.7534169282697668
0.7534204004931947
0.7534238727166225
0.7534273449400504
0.7534308171634783
0.753434289386906
0.7534377616103338
0.7534412338337617
0.7534447060571895
0.7534481782806174
0.7534516505040453
0.7534551227274732
0.7534585949509011
0.753462067174329
0.7534655393977567
0.7534690116211846
0.7534724838446124
0.7534759560680403
0.7534794282914682
0.753482900514896
0.753486372738324
0.7534898449617516
0.7534933171851796
0.7534967894086074
0.7535002616320353
0.7535037338554631
0.753507206078891
0.7535106783023189
0.7535141505257468
0.7535176227491746
0.7535210949726024
0.7535245671960303
0.7535280394194581
0.753531511642886
0.7535349838663138
0.7535384560897417
0.7535419283131695
0.7535454005365974
0.7535488727600252
0.7535523449834531
0.753555817206881
0.7535592894303088
0.7535627616537367
0.7535662338771645
0.7535697061005924
0.7535731783240203
0.7535766505474482
0.753580122770876
0.7535835949943038
0.7535870672177317
0.7535905394411595
0.7535940116645874
0.7535974838880152
0.7536009561114431
0.753604428334871
0.7536079005582987
0.7536113727817266
0.7536148450051545
0.7536183172285824
0.7536217894520102
0.7536252616754381
0.7536287338988659
0.7536322061222939
0.7536356783457215
0.7536391505691495
0.7536426227925773
0.7536460950160052
0.7536495672394331
0.7536530394628609
0.7536565116862888
0.7536599839097166
0.7536634561331444
0.7536669283565722
0.7536704005800002
0.7536738728034281
0.7536773450268559
0.7536808172502838
0.7536842894737116
0.7536877616971395
0.7536912339205672
0.7536947061439951
0.753698178367423
0.7537016505908509
0.7537051228142787
0.7537085950377067
0.7537120672611345
0.7537155394845624
0.7537190117079902
0.7537224839314179
0.7537259561548459
0.7537294283782736
0.7537329006017016
0.7537363728251294
0.7537398450485574
0.7537433172719852
0.7537467894954131
0.7537502617188409
0.7537537339422687
0.7537572061656965
0.7537606783891244
0.7537641506125523
0.7537676228359802
0.7537710950594081
0.7537745672828359
0.7537780395062638
0.7537815117296915
0.7537849839531194
0.7537884561765472
0.7537919283999751
0.753795400623403
0.7537988728468309
0.7538023450702588
0.7538058172936866
0.7538092895171145
0.7538127617405422
0.7538162339639701
