0.14270838288485518
0.14271185510828296
0.14271532733171086
0.14271879955513872
0.14272227177856656
0.14272574400199445
0.14272921622542228
0.14273268844885012
0.14273616067227798
0.14273963289570582
0.1427431051191337
0.14274657734256155
0.14275004956598944
0.14275352178941722
0.1427569940128451
0.14276046623627298
0.1427639384597008
0.1427674106831287
0.14277088290655654
0.1427743551299844
0.1427778273534123
0.14278129957684008
0.14278477180026797
0.1427882440236958
0.14279171624712367
0.14279518847055156
0.1427986606939794
0.1428021329174073
0.14280560514083507
0.14280907736426293
0.14281254958769082
0.14281602181111866
0.14281949403454655
0.1428229662579744
0.14282643848140225
0.14282991070483006
0.14283338292825792
0.14283685515168582
0.14284032737511365
0.14284379959854152
0.14284727182196935
0.1428507440453972
0.14285421626882508
0.14285768849225292
0.14286116071568078
0.14286463293910862
0.1428681051625365
0.1428715773859644
0.14287504960939218
0.14287852183282004
0.14288199405624788
0.14288546627967577
0.14288893850310366
0.1428924107265315
0.14289588294995936
0.14289935517338717
0.14290282739681504
0.14290629962024287
0.14290977184367076
0.14291324406709863
0.14291671629052646
0.14292018851395435
0.14292366073738214
0.14292713296081003
0.1429306051842379
0.14293407740766573
0.14293754963109362
0.14294102185452146
0.14294449407794935
0.1429479663013772
0.142951438524805
0.14295491074823288
0.14295838297166072
0.1429618551950886
0.14296532741851647
0.1429687996419443
0.14297227186537215
0.14297574408879998
0.14297921631222787
0.1429826885356557
0.14298616075908357
0.14298963298251147
0.14299310520593925
0.14299657742936714
0.14300004965279497
0.14300352187622284
0.14300699409965073
0.14301046632307857
0.14301393854650646
0.14301741076993424
0.1430208829933621
0.14302435521679
0.14302782744021783
0.14303129966364572
0.14303477188707356
0.14303824411050142
0.14304171633392923
0.1430451885573571
0.143048660780785
0.14305213300421282
0.1430556052276407
0.14305907745106852
0.14306254967449641
0.1430660218979243
0.1430694941213521
0.14307296634477995
0.1430764385682078
0.14307991079163568
0.14308338301506357
0.1430868552384914
0.14309032746191924
0.14309379968534705
0.14309727190877494
0.14310074413220283
0.14310421635563067
0.14310768857905853
0.14311116080248637
0.1431146330259142
0.14311810524934204
0.14312157747276993
0.1431250496961978
0.14312852191962563
0.14313199414305353
0.1431354663664813
0.1431389385899092
0.14314241081333706
0.1431458830367649
0.1431493552601928
0.14315282748362063
0.14315629970704852
0.14315977193047638
0.14316324415390416
0.14316671637733205
0.1431701886007599
0.14317366082418778
0.14317713304761565
0.14318060527104348
0.14318407749447137
0.14318754971789915
0.14319102194132705
0.14319449416475488
0.14319796638818275
0.14320143861161064
0.14320491083503847
0.14320838305846637
0.14321185528189415
0.143215327505322
0.1432187997287499
0.14322227195217774
0.14322574417560563
0.14322921639903347
0.1432326886224613
0.14323616084588917
0.143239633069317
0.1432431052927449
0.14324657751617273
0.1432500497396006
0.1432535219630284
0.14325699418645627
0.14326046640988416
0.143263938633312
0.14326741085673986
0.1432708830801677
0.14327435530359559
0.14327782752702348
0.14328129975045126
0.14328477197387912
0.14328824419730696
0.14329171642073485
0.14329518864416274
0.14329866086759058
0.14330213309101844
0.14330560531444622
0.1433090775378741
0.143312549761302
0.14331602198472984
0.1433194942081577
0.14332296643158554
0.14332643865501343
0.1433299108784412
0.1433333831018691
0.14333685532529697
0.1433403275487248
0.1433437997721527
0.14334727199558053
0.14335074421900842
0.14335421644243623
0.14335768866586407
0.14336116088929196
0.1433646331127198
0.1433681053361477
0.14337157755957555
0.14337504978300336
0.14337852200643122
0.14338199422985906
0.14338546645328695
0.14338893867671482
0.14339241090014265
0.14339588312357054
0.14339935534699833
