0.026736120394486237
0.02673959261791407
0.026743064841341906
0.026746537064769742
0.02675000928819767
0.026753481511625505
0.026756953735053338
0.026760425958481174
0.0267638981819091
0.026767370405336936
0.02677084262876477
0.026774314852192605
0.026777787075620438
0.026781259299048368
0.0267847315224762
0.026788203745904036
0.026791675969331963
0.026795148192759705
0.026798620416187635
0.026802092639615468
0.026805564863043304
0.02680903708647123
0.026812509309899066
0.0268159815333269
0.026819453756754735
0.026822925980182568
0.026826398203610498
0.02682987042703833
0.026833342650466167
0.026836814873894003
0.02684028709732193
0.026843759320749765
0.026847231544177598
0.026850703767605434
0.026854175991033267
0.026857648214461197
0.02686112043788903
0.026864592661316865
0.026868064884744698
0.026871537108172534
0.02687500933160046
0.026878481555028297
0.02688195377845613
0.02688542600188406
0.026888898225311802
0.026892370448739728
0.026895842672167564
0.026899314895595397
0.026902787119023327
0.02690625934245116
0.026909731565878996
0.02691320378930683
0.026916676012734665
0.02692014823616259
0.026923620459590427
0.02692709268301826
0.026930564906446096
0.026934037129874022
0.02693750935330186
0.026940981576729695
0.026944453800157527
0.026947926023585363
0.02695139824701329
0.026954870470441126
0.02695834269386896
0.02696181491729689
0.026965287140724627
0.026968759364152557
0.02697223158758039
0.026975703811008226
0.026979176034436152
0.02698264825786399
0.02698612048129182
0.026989592704719657
0.026993064928147494
0.02699653715157542
0.027000009375003256
0.02700348159843109
0.027006953821858925
0.027010426045286758
0.027013898268714687
0.02701737049214252
0.027020842715570356
0.02702431493899819
0.02702778716242612
0.02703125938585386
0.027034731609281788
0.027038203832709624
0.027041676056137456
0.027045148279565386
0.02704862050299322
0.027052092726421055
0.02705556494984898
0.027059037173276724
0.02706250939670465
0.027065981620132486
0.02706945384356032
0.02707292606698825
0.02707639829041608
0.027079870513843918
0.027083342737271754
0.027086814960699587
0.027090287184127513
0.02709375940755535
0.027097231630983185
0.027100703854411018
0.027104176077838948
0.027107648301266687
0.027111120524694617
0.02711459274812245
0.027118064971550285
0.027121537194978212
0.027125009418406048
0.02712848164183388
0.027131953865261717
0.027135426088689553
0.02713889831211748
0.027142370535545315
0.027145842758973148
0.027149314982401078
0.027152787205828817
0.027156259429256747
0.02715973165268458
0.027163203876112416
0.02716667609954025
0.027170148322968178
0.02717362054639601
0.027177092769823847
0.027180564993251683
0.027184037216679516
0.027187509440107446
0.02719098166353528
0.027194453886963114
0.02719792611039104
0.027201398333818783
0.02720487055724671
0.027208342780674546
0.02721181500410238
0.02721528722753031
0.02721875945095814
0.027222231674385977
0.02722570389781381
0.027229176121241646
0.027232648344669572
0.02723612056809741
0.027239592791525245
0.027243065014953077
0.027246537238380913
0.02725000946180884
0.027253481685236676
0.02725695390866451
0.027260426132092345
0.02726389835552027
0.027267370578948107
0.02727084280237594
0.027274315025803776
0.027277787249231612
0.02728125947265954
0.027284731696087375
0.027288203919515207
0.027291676142943137
0.027295148366370876
0.027298620589798806
0.02730209281322664
0.027305565036654475
0.0273090372600824
0.027312509483510237
0.02731598170693807
0.027319453930365906
0.02732292615379374
0.02732639837722167
0.0273298706006495
0.027333342824077338
0.027336815047505174
0.0273402872709331
0.027343759494360936
0.02734723171778877
0.027350703941216605
0.027354176164644438
0.027357648388072368
0.0273611206115002
0.027364592834928037
0.02736806505835587
0.027371537281783705
0.02737500950521163
0.027378481728639468
0.027381953952067304
0.02738542617549523
0.027388898398922973
0.0273923706223509
0.027395842845778735
0.027399315069206568
0.027402787292634498
0.02740625951606233
0.027409731739490167
0.027413203962918
0.027416676186345836
0.027420148409773762
0.027423620633201598
0.027427092856629434
