0.46354182761869017
0.463545299842118
0.46354877206554584
0.4635522442889737
0.46355571651240157
0.4635591887358294
0.46356266095925724
0.4635661331826851
0.4635696054061129
0.46357307762954086
0.4635765498529687
0.46358002207639654
0.4635834942998244
0.4635869665232523
0.46359043874668016
0.463593910970108
0.46359738319353583
0.4636008554169636
0.46360432764039156
0.4636077998638194
0.46361127208724723
0.46361474431067506
0.463618216534103
0.46362168875753085
0.4636251609809587
0.4636286332043865
0.46363210542781436
0.46363557765124225
0.4636390498746701
0.4636425220980979
0.46364599432152576
0.4636494665449537
0.46365293876838154
0.4636564109918094
0.4636598832152372
0.46366335543866505
0.46366682766209294
0.4636702998855208
0.4636737721089486
0.46367724433237645
0.4636807165558044
0.46368418877923223
0.46368766100266007
0.4636911332260879
0.46369460544951574
0.46369807767294363
0.46370154989637147
0.4637050221197993
0.46370849434322714
0.4637119665666551
0.4637154387900829
0.46371891101351076
0.4637223832369386
0.46372585546036643
0.4637293276837944
0.4637327999072222
0.46373627213065005
0.4637397443540779
0.4637432165775058
0.4637466888009336
0.46375016102436145
0.4637536332477893
0.4637571054712171
0.46376057769464507
0.4637640499180729
0.46376752214150074
0.4637709943649286
0.46377446658835647
0.4637779388117843
0.46378141103521214
0.46378488325864
0.4637883554820678
0.46379182770549576
0.4637952999289236
0.46379877215235144
0.46380224437577927
0.46380571659920716
0.463809188822635
0.46381266104606284
0.46381613326949067
0.4638196054929185
0.46382307771634645
0.4638265499397743
0.4638300221632021
0.46383349438662996
0.46383696661005785
0.4638404388334857
0.4638439110569135
0.46384738328034136
0.4638508555037692
0.46385432772719715
0.463857799950625
0.4638612721740528
0.46386474439748066
0.4638682166209086
0.46387168884433644
0.4638751610677643
0.4638786332911921
0.46388210551461995
0.46388557773804784
0.4638890499614757
0.4638925221849035
0.46389599440833135
0.4638994666317593
0.46390293885518713
0.46390641107861497
0.4639098833020428
0.46391335552547064
0.46391682774889853
0.46392029997232637
0.4639237721957542
0.46392724441918204
0.46393071664261
0.4639341888660378
0.46393766108946566
0.4639411333128935
0.46394460553632133
0.4639480777597492
0.46395154998317706
0.4639550222066049
0.46395849443003273
0.4639619666534607
0.4639654388768885
0.46396891110031635
0.4639723833237442
0.463975855547172
0.4639793277705999
0.46398279999402775
0.4639862722174556
0.4639897444408834
0.46399321666431137
0.4639966888877392
0.46400016111116704
0.4640036333345949
0.4640071055580227
0.46401057778145066
0.4640140500048785
0.46401752222830633
0.46402099445173417
0.46402446667516206
0.4640279388985899
0.46403141112201773
0.46403488334544557
0.4640383555688734
0.46404182779230135
0.4640453000157292
0.464048772239157
0.46405224446258486
0.46405571668601275
0.4640591889094406
0.4640626611328684
0.46406613335629626
0.4640696055797241
0.46407307780315205
0.4640765500265799
0.4640800222500077
0.46408349447343555
0.46408696669686345
0.4640904389202913
0.4640939111437191
0.46409738336714695
0.4641008555905748
0.46410432781400274
0.4641078000374306
0.4641112722608584
0.46411474448428625
0.4641182167077142
0.464121688931142
0.4641251611545698
0.46412863337799765
0.4641321056014255
0.46413557782485343
0.46413905004828127
0.4641425222717091
0.46414599449513694
0.4641494667185649
0.4641529389419927
0.46415641116542056
0.4641598833888484
0.46416335561227623
0.4641668278357041
0.46417030005913196
0.4641737722825598
0.46417724450598763
0.4641807167294156
0.4641841889528434
0.46418766117627125
0.4641911333996991
0.4641946056231269
0.4641980778465548
0.46420155006998265
0.4642050222934105
0.4642084945168383
0.46421196674026627
0.4642154389636941
0.46421891118712194
0.4642223834105498
0.4642258556339776
0.4642293278574055
0.46423280008083334
