0.8642364111931984
0.8642398834166263
0.8642433556400541
0.864246827863482
0.8642503000869097
0.8642537723103376
0.8642572445337654
0.8642607167571934
0.8642641889806211
0.8642676612040491
0.864271133427477
0.8642746056509047
0.8642780778743326
0.8642815500977604
0.8642850223211883
0.8642884945446161
0.8642919667680441
0.864295438991472
0.8642989112148998
0.8643023834383277
0.8643058556617554
0.8643093278851833
0.8643128001086111
0.864316272332039
0.8643197445554668
0.8643232167788947
0.8643266890023225
0.8643301612257505
0.8643336334491784
0.8643371056726061
0.864340577896034
0.8643440501194618
0.8643475223428897
0.8643509945663175
0.8643544667897455
0.8643579390131731
0.8643614112366012
0.8643648834600288
0.8643683556834568
0.8643718279068847
0.8643753001303125
0.8643787723537404
0.8643822445771682
0.8643857168005962
0.8643891890240241
0.8643926612474518
0.8643961334708797
0.8643996056943075
0.8644030779177354
0.8644065501411632
0.8644100223645911
0.8644134945880189
0.8644169668114468
0.8644204390348745
0.8644239112583025
0.8644273834817304
0.8644308557051582
0.8644343279285861
0.8644378001520139
0.8644412723754418
0.8644447445988696
0.8644482168222977
0.8644516890457252
0.8644551612691533
0.8644586334925811
0.8644621057160089
0.8644655779394368
0.8644690501628646
0.8644725223862925
0.8644759946097202
0.8644794668331484
0.8644829390565761
0.864486411280004
0.8644898835034318
0.8644933557268597
0.8644968279502875
0.8645003001737154
0.8645037723971432
0.8645072446205709
0.8645107168439988
0.8645141890674266
0.8645176612908547
0.8645211335142825
0.8645246057377104
0.8645280779611382
0.8645315501845661
0.8645350224079938
0.8645384946314217
0.8645419668548497
0.8645454390782774
0.8645489113017054
0.8645523835251332
0.8645558557485611
0.8645593279719889
0.8645628001954168
0.8645662724188445
0.8645697446422724
0.8645732168657004
0.8645766890891281
0.8645801613125561
0.8645836335359839
0.8645871057594118
0.8645905779828396
0.8645940502062675
0.8645975224296952
0.8646009946531231
0.8646044668765509
0.8646079390999788
0.8646114113234068
0.8646148835468346
0.8646183557702625
0.8646218279936903
0.8646253002171181
0.8646287724405459
0.8646322446639738
0.8646357168874018
0.8646391891108295
0.8646426613342575
0.8646461335576853
0.8646496057811132
0.8646530780045409
0.8646565502279688
0.8646600224513966
0.8646634946748245
0.8646669668982525
0.8646704391216802
0.8646739113451082
0.864677383568536
0.8646808557919639
0.8646843280153916
0.8646878002388195
0.8646912724622473
0.8646947446856752
0.8646982169091032
0.8647016891325309
0.8647051613559589
0.8647086335793867
0.8647121058028145
0.8647155780262423
0.8647190502496702
0.864722522473098
0.8647259946965259
0.8647294669199537
0.8647329391433816
0.8647364113668096
0.8647398835902375
0.8647433558136652
0.864746828037093
0.8647503002605209
0.8647537724839487
0.8647572447073766
0.8647607169308046
0.8647641891542323
0.8647676613776603
0.8647711336010881
0.8647746058245159
0.8647780780479438
0.8647815502713716
0.8647850224947995
0.8647884947182273
0.8647919669416553
0.8647954391650832
0.864798911388511
0.8648023836119388
0.8648058558353666
0.8648093280587945
0.8648128002822223
0.8648162725056502
0.864819744729078
0.8648232169525059
0.8648266891759336
0.8648301613993616
0.8648336336227895
0.8648371058462173
0.8648405780696452
0.864844050293073
0.8648475225165009
0.8648509947399287
0.8648544669633567
0.8648579391867843
0.8648614114102123
0.86486488363364
0.864868355857068
0.8648718280804959
0.8648753003039237
0.8648787725273516
0.8648822447507793
0.8648857169742074
0.8648891891976352
0.864892661421063
0.8648961336444909
0.8648996058679187
0.8649030780913466
0.8649065503147744
0.8649100225382023
0.86491349476163
0.8649169669850579
0.8649204392084857
0.8649239114319137
0.8649273836553416
