0.4072918080874333
0.4072952803108612
0.40729875253428904
0.4073022247577169
0.40730569698114477
0.40730916920457266
0.4073126414280005
0.40731611365142834
0.4073195858748562
0.40732305809828406
0.4073265303217119
0.40733000254513974
0.40733347476856757
0.40733694699199546
0.40734041921542335
0.4073438914388512
0.407347363662279
0.4073508358857069
0.40735430810913476
0.4073577803325626
0.4073612525559904
0.4073647247794183
0.40736819700284616
0.40737166922627405
0.4073751414497019
0.4073786136731297
0.4073820858965576
0.40738555811998545
0.40738903034341334
0.4073925025668412
0.407395974790269
0.40739944701369685
0.4074029192371247
0.4074063914605526
0.4074098636839804
0.4074133359074083
0.40741680813083614
0.40742028035426403
0.40742375257769187
0.4074272248011197
0.40743069702454754
0.40743416924797543
0.40743764147140327
0.4074411136948311
0.407444585918259
0.40744805814168683
0.4074515303651147
0.40745500258854256
0.4074584748119704
0.4074619470353983
0.4074654192588261
0.40746889148225396
0.4074723637056818
0.4074758359291097
0.4074793081525375
0.4074827803759654
0.40748625259939325
0.40748972482282114
0.407493197046249
0.4074966692696768
0.40750014149310465
0.4075036137165325
0.4075070859399604
0.4075105581633882
0.4075140303868161
0.40751750261024394
0.40752097483367183
0.40752444705709967
0.4075279192805275
0.4075313915039554
0.40753486372738323
0.40753833595081107
0.4075418081742389
0.4075452803976668
0.40754875262109463
0.40755222484452247
0.40755569706795036
0.40755916929137825
0.4075626415148061
0.4075661137382339
0.40756958596166176
0.4075730581850896
0.4075765304085175
0.4075800026319453
0.40758347485537316
0.40758694707880105
0.40759041930222895
0.4075938915256568
0.4075973637490846
0.4076008359725125
0.40760430819594035
0.4076077804193682
0.407611252642796
0.4076147248662239
0.40761819708965175
0.40762166931307964
0.4076251415365075
0.4076286137599353
0.4076320859833632
0.40763555820679104
0.4076390304302189
0.4076425026536467
0.4076459748770746
0.40764944710050244
0.4076529193239303
0.40765639154735817
0.407659863770786
0.4076633359942139
0.40766680821764173
0.4076702804410696
0.40767375266449746
0.4076772248879253
0.40768069711135313
0.407684169334781
0.40768764155820886
0.4076911137816367
0.4076945860050646
0.4076980582284924
0.4077015304519203
0.40770500267534815
0.407708474898776
0.4077119471222038
0.4077154193456317
0.40771889156905955
0.4077223637924874
0.4077258360159153
0.4077293082393431
0.407732780462771
0.40773625268619884
0.40773972490962673
0.40774319713305457
0.4077466693564824
0.40775014157991024
0.4077536138033381
0.40775708602676597
0.4077605582501938
0.4077640304736217
0.40776750269704953
0.4077709749204774
0.40777444714390526
0.4077779193673331
0.40778139159076093
0.40778486381418877
0.40778833603761666
0.4077918082610445
0.4077952804844724
0.4077987527079002
0.40780222493132806
0.40780569715475595
0.40780916937818384
0.4078126416016117
0.4078161138250395
0.40781958604846735
0.4078230582718952
0.4078265304953231
0.4078300027187509
0.40783347494217875
0.40783694716560664
0.40784041938903454
0.4078438916124624
0.4078473638358902
0.4078508360593181
0.4078543082827459
0.4078577805061738
0.4078612527296016
0.40786472495302944
0.40786819717645734
0.40787166939988523
0.40787514162331306
0.4078786138467409
0.4078820860701688
0.40788555829359663
0.40788903051702446
0.4078925027404523
0.4078959749638802
0.40789944718730803
0.40790291941073586
0.40790639163416376
0.4079098638575916
0.4079133360810195
0.4079168083044473
0.4079202805278752
0.407923752751303
0.40792722497473083
0.4079306971981587
0.4079341694215866
0.40793764164501445
0.4079411138684423
0.4079445860918702
0.407948058315298
0.4079515305387259
0.40795500276215374
0.4079584749855816
0.4079619472090094
0.4079654194324373
0.40796889165586514
0.407972363879293
0.40797583610272087
0.4079793083261487
0.4079827805495766
