0.8065975022907994
0.8066009745142272
0.8066044467376551
0.8066079189610831
0.8066113911845108
0.8066148634079388
0.8066183356313665
0.8066218078547944
0.8066252800782222
0.8066287523016501
0.8066322245250779
0.8066356967485058
0.8066391689719337
0.8066426411953616
0.8066461134187894
0.8066495856422172
0.8066530578656451
0.8066565300890729
0.8066600023125008
0.8066634745359286
0.8066669467593566
0.8066704189827844
0.8066738912062122
0.80667736342964
0.8066808356530679
0.8066843078764958
0.8066877800999236
0.8066912523233515
0.8066947245467793
0.8066981967702073
0.8067016689936352
0.8067051412170629
0.8067086134404908
0.8067120856639186
0.8067155578873465
0.8067190301107743
0.8067225023342022
0.8067259745576301
0.8067294467810578
0.8067329190044857
0.8067363912279136
0.8067398634513415
0.8067433356747693
0.8067468078981972
0.806750280121625
0.8067537523450529
0.8067572245684806
0.8067606967919086
0.8067641690153364
0.8067676412387644
0.8067711134621922
0.8067745856856201
0.8067780579090479
0.8067815301324758
0.8067850023559036
0.8067884745793313
0.8067919468027593
0.8067954190261872
0.806798891249615
0.8068023634730429
0.8068058356964708
0.8068093079198986
0.8068127801433265
0.8068162523667542
0.8068197245901821
0.8068231968136099
0.8068266690370378
0.8068301412604657
0.8068336134838936
0.8068370857073215
0.8068405579307493
0.8068440301541772
0.8068475023776049
0.8068509746010328
0.8068544468244607
0.8068579190478885
0.8068613912713165
0.8068648634947443
0.8068683357181722
0.8068718079416
0.8068752801650279
0.8068787523884556
0.8068822246118835
0.8068856968353114
0.8068891690587392
0.8068926412821671
0.806896113505595
0.8068995857290229
0.8069030579524507
0.8069065301758785
0.8069100023993063
0.8069134746227343
0.806916946846162
0.80692041906959
0.8069238912930178
0.8069273635164457
0.8069308357398736
0.8069343079633013
0.8069377801867292
0.806941252410157
0.8069447246335849
0.8069481968570127
0.8069516690804407
0.8069551413038686
0.8069586135272964
0.8069620857507243
0.806965557974152
0.8069690301975799
0.8069725024210077
0.8069759746444356
0.8069794468678635
0.8069829190912914
0.8069863913147193
0.8069898635381471
0.806993335761575
0.8069968079850027
0.8070002802084306
0.8070037524318584
0.8070072246552864
0.8070106968787142
0.8070141691021421
0.8070176413255699
0.8070211135489979
0.8070245857724256
0.8070280579958534
0.8070315302192813
0.8070350024427091
0.807038474666137
0.8070419468895648
0.8070454191129928
0.8070488913364207
0.8070523635598486
0.8070558357832763
0.8070593080067042
0.807062780230132
0.8070662524535599
0.8070697246769877
0.8070731969004156
0.8070766691238435
0.8070801413472714
0.8070836135706992
0.807087085794127
0.8070905580175549
0.8070940302409827
0.8070975024644106
0.8071009746878384
0.8071044469112663
0.8071079191346943
0.8071113913581219
0.8071148635815499
0.8071183358049777
0.8071218080284056
0.8071252802518334
0.8071287524752613
0.8071322246986891
0.807135696922117
0.8071391691455448
0.8071426413689727
0.8071461135924006
0.8071495858158284
0.8071530580392563
0.8071565302626841
0.807160002486112
0.8071634747095398
0.8071669469329678
0.8071704191563955
0.8071738913798234
0.8071773636032512
0.8071808358266791
0.807184308050107
0.8071877802735348
0.8071912524969627
0.8071947247203904
0.8071981969438184
0.8072016691672463
0.8072051413906741
0.807208613614102
0.8072120858375298
0.8072155580609577
0.8072190302843855
0.8072225025078134
0.8072259747312412
0.807229446954669
0.8072329191780969
0.8072363914015248
0.8072398636249527
0.8072433358483805
0.8072468080718084
0.8072502802952362
0.807253752518664
0.8072572247420918
0.8072606969655198
0.8072641691889476
0.8072676414123755
0.8072711136358034
0.8072745858592312
0.8072780580826591
0.8072815303060868
0.8072850025295147
0.8072884747529425
