0.7364585890481212
0.7364620612715491
0.7364655334949769
0.7364690057184048
0.7364724779418326
0.7364759501652605
0.7364794223886884
0.7364828946121161
0.736486366835544
0.7364898390589719
0.7364933112823998
0.7364967835058276
0.7365002557292555
0.7365037279526833
0.7365072001761112
0.7365106723995389
0.7365141446229668
0.7365176168463948
0.7365210890698226
0.7365245612932505
0.7365280335166783
0.7365315057401062
0.736534977963534
0.7365384501869618
0.7365419224103897
0.7365453946338176
0.7365488668572454
0.7365523390806733
0.7365558113041012
0.736559283527529
0.7365627557509569
0.7365662279743846
0.7365697001978125
0.7365731724212404
0.7365766446446683
0.7365801168680961
0.736583589091524
0.7365870613149519
0.7365905335383797
0.7365940057618076
0.7365974779852353
0.7366009502086632
0.736604422432091
0.736607894655519
0.7366113668789469
0.7366148391023747
0.7366183113258026
0.7366217835492304
0.7366252557726582
0.736628727996086
0.7366322002195139
0.7366356724429418
0.7366391446663697
0.7366426168897975
0.7366460891132255
0.7366495613366533
0.736653033560081
0.7366565057835089
0.7366599780069367
0.7366634502303646
0.7366669224537925
0.7366703946772204
0.7366738669006483
0.7366773391240762
0.736680811347504
0.7366842835709319
0.7366877557943596
0.7366912280177875
0.7366947002412153
0.7366981724646432
0.7367016446880711
0.7367051169114989
0.7367085891349269
0.7367120613583547
0.7367155335817825
0.7367190058052103
0.7367224780286382
0.736725950252066
0.7367294224754939
0.7367328946989218
0.7367363669223496
0.7367398391457776
0.7367433113692053
0.7367467835926332
0.736750255816061
0.7367537280394889
0.7367572002629167
0.7367606724863446
0.7367641447097725
0.7367676169332004
0.7367710891566283
0.736774561380056
0.7367780336034839
0.7367815058269117
0.7367849780503396
0.7367884502737674
0.7367919224971953
0.7367953947206232
0.736798866944051
0.736802339167479
0.7368058113909067
0.7368092836143346
0.7368127558377624
0.7368162280611903
0.7368197002846181
0.7368231725080461
0.7368266447314739
0.7368301169549017
0.7368335891783296
0.7368370614017574
0.7368405336251853
0.7368440058486131
0.736847478072041
0.7368509502954688
0.7368544225188967
0.7368578947423245
0.7368613669657524
0.7368648391891803
0.7368683114126081
0.736871783636036
0.7368752558594638
0.7368787280828917
0.7368822003063195
0.7368856725297475
0.7368891447531752
0.7368926169766031
0.736896089200031
0.7368995614234588
0.7369030336468867
0.7369065058703145
0.7369099780937424
0.7369134503171701
0.736916922540598
0.7369203947640259
0.7369238669874539
0.7369273392108817
0.7369308114343096
0.7369342836577374
0.7369377558811652
0.7369412281045931
0.7369447003280208
0.7369481725514488
0.7369516447748766
0.7369551169983045
0.7369585892217324
0.7369620614451603
0.7369655336685881
0.736969005892016
0.7369724781154438
0.7369759503388716
0.7369794225622995
0.7369828947857273
0.7369863670091552
0.7369898392325831
0.736993311456011
0.7369967836794388
0.7370002559028667
0.7370037281262944
0.7370072003497223
0.7370106725731501
0.737014144796578
0.737017617020006
0.7370210892434338
0.7370245614668617
0.7370280336902895
0.7370315059137174
0.7370349781371451
0.737038450360573
0.7370419225840009
0.7370453948074287
0.7370488670308566
0.7370523392542845
0.7370558114777124
0.7370592837011402
0.737062755924568
0.7370662281479958
0.7370697003714237
0.7370731725948516
0.7370766448182794
0.7370801170417073
0.7370835892651352
0.7370870614885631
0.7370905337119908
0.7370940059354187
0.7370974781588465
0.7371009503822744
0.7371044226057022
0.7371078948291302
0.7371113670525581
0.7371148392759859
0.7371183114994138
0.7371217837228415
0.7371252559462694
0.7371287281696972
0.7371322003931251
0.737135672616553
0.7371391448399809
0.7371426170634087
0.7371460892868366
0.7371495615102645
