0.4614584935619769
0.4614619657854048
0.46146543800883266
0.4614689102322605
0.46147238245568833
0.46147585467911617
0.46147932690254406
0.4614827991259719
0.46148627134939973
0.46148974357282757
0.4614932157962555
0.46149668801968335
0.4615001602431112
0.461503632466539
0.46150710468996686
0.4615105769133948
0.4615140491368226
0.4615175213602504
0.46152099358367826
0.4615244658071062
0.46152793803053405
0.4615314102539619
0.4615348824773897
0.46153835470081755
0.4615418269242455
0.46154529914767334
0.4615487713711012
0.461552243594529
0.4615557158179569
0.46155918804138474
0.4615626602648126
0.4615661324882404
0.46156960471166825
0.4615730769350962
0.46157654915852403
0.46158002138195187
0.4615834936053797
0.4615869658288076
0.46159043805223543
0.46159391027566327
0.4615973824990911
0.46160085472251894
0.4616043269459469
0.4616077991693747
0.46161127139280256
0.4616147436162304
0.4616182158396583
0.4616216880630861
0.46162516028651396
0.4616286325099418
0.46163210473336963
0.4616355769567976
0.4616390491802254
0.46164252140365325
0.4616459936270811
0.46164946585050903
0.46165293807393687
0.46165641029736465
0.4616598825207925
0.4616633547442203
0.46166682696764827
0.4616702991910761
0.46167377141450394
0.4616772436379318
0.4616807158613597
0.46168418808478756
0.4616876603082154
0.46169113253164323
0.46169460475507107
0.46169807697849896
0.4617015492019268
0.46170502142535463
0.46170849364878247
0.4617119658722104
0.46171543809563825
0.4617189103190661
0.4617223825424939
0.46172585476592176
0.46172932698934965
0.4617327992127775
0.4617362714362053
0.46173974365963316
0.4617432158830611
0.46174668810648895
0.4617501603299168
0.4617536325533446
0.46175710477677245
0.46176057700020035
0.4617640492236282
0.461767521447056
0.46177099367048385
0.4617744658939118
0.46177793811733964
0.4617814103407675
0.4617848825641953
0.46178835478762315
0.4617918270110511
0.46179529923447893
0.4617987714579067
0.46180224368133455
0.4618057159047625
0.46180918812819033
0.46181266035161816
0.461816132575046
0.46181960479847384
0.4618230770219018
0.4618265492453296
0.46183002146875746
0.4618334936921853
0.4618369659156132
0.461840438139041
0.46184391036246886
0.4618473825858967
0.46185085480932453
0.4618543270327525
0.4618577992561803
0.46186127147960815
0.461864743703036
0.4618682159264639
0.4618716881498917
0.46187516037331955
0.4618786325967474
0.4618821048201752
0.46188557704360317
0.461889049267031
0.46189252149045884
0.4618959937138867
0.46189946593731457
0.4619029381607424
0.46190641038417024
0.4619098826075981
0.4619133548310259
0.46191682705445386
0.4619202992778817
0.46192377150130953
0.46192724372473737
0.4619307159481653
0.46193418817159315
0.461937660395021
0.46194113261844877
0.4619446048418766
0.46194807706530455
0.4619515492887324
0.4619550215121602
0.46195849373558806
0.461961965959016
0.46196543818244384
0.4619689104058717
0.4619723826292995
0.46197585485272735
0.46197932707615524
0.4619827992995831
0.4619862715230109
0.46198974374643875
0.4619932159698667
0.46199668819329454
0.46200016041672237
0.4620036326401502
0.46200710486357804
0.46201057708700594
0.46201404931043377
0.4620175215338616
0.46202099375728944
0.4620244659807174
0.4620279382041452
0.46203141042757306
0.4620348826510009
0.46203835487442874
0.4620418270978566
0.46204529932128446
0.4620487715447123
0.46205224376814014
0.4620557159915681
0.4620591882149959
0.46206266043842376
0.4620661326618516
0.46206960488527943
0.4620730771087074
0.4620765493321352
0.46208002155556305
0.46208349377899083
0.4620869660024188
0.4620904382258466
0.46209391044927445
0.4620973826727023
0.4621008548961301
0.46210432711955807
0.4621077993429859
0.46211127156641374
0.4621147437898416
0.46211821601326947
0.4621216882366973
0.46212516046012514
0.462128632683553
0.4621321049069808
0.46213557713040876
0.4621390493538366
0.46214252157726443
0.46214599380069227
0.46214946602412016
