0.6739585673467248
0.6739620395701527
0.6739655117935804
0.6739689840170083
0.6739724562404361
0.673975928463864
0.6739794006872919
0.6739828729107198
0.6739863451341476
0.6739898173575755
0.6739932895810034
0.6739967618044312
0.674000234027859
0.6740037062512868
0.6740071784747147
0.6740106506981426
0.6740141229215705
0.6740175951449983
0.6740210673684263
0.674024539591854
0.6740280118152819
0.6740314840387097
0.6740349562621376
0.6740384284855654
0.6740419007089933
0.6740453729324212
0.674048845155849
0.6740523173792768
0.6740557896027047
0.6740592618261326
0.6740627340495604
0.6740662062729883
0.6740696784964161
0.674073150719844
0.6740766229432719
0.6740800951666996
0.6740835673901276
0.6740870396135554
0.6740905118369833
0.6740939840604111
0.674097456283839
0.6741009285072668
0.6741044007306947
0.6741078729541226
0.6741113451775503
0.6741148174009783
0.6741182896244061
0.674121761847834
0.6741252340712618
0.6741287062946897
0.6741321785181176
0.6741356507415455
0.6741391229649732
0.674142595188401
0.6741460674118289
0.6741495396352568
0.6741530118586847
0.6741564840821125
0.6741599563055404
0.6741634285289682
0.6741669007523962
0.6741703729758239
0.6741738451992518
0.6741773174226797
0.6741807896461075
0.6741842618695354
0.6741877340929632
0.6741912063163911
0.6741946785398188
0.6741981507632469
0.6742016229866746
0.6742050952101025
0.6742085674335304
0.6742120396569582
0.6742155118803861
0.6742189841038139
0.6742224563272418
0.6742259285506695
0.6742294007740975
0.6742328729975253
0.6742363452209532
0.674239817444381
0.6742432896678089
0.6742467618912368
0.6742502341146646
0.6742537063380925
0.6742571785615202
0.6742606507849482
0.674264123008376
0.6742675952318039
0.6742710674552318
0.6742745396786597
0.6742780119020875
0.6742814841255154
0.6742849563489431
0.6742884285723709
0.6742919007957989
0.6742953730192267
0.6742988452426546
0.6743023174660824
0.6743057896895104
0.6743092619129382
0.674312734136366
0.6743162063597938
0.6743196785832217
0.6743231508066496
0.6743266230300774
0.6743300952535053
0.6743335674769332
0.6743370397003611
0.6743405119237889
0.6743439841472167
0.6743474563706445
0.6743509285940724
0.6743544008175003
0.6743578730409281
0.674361345264356
0.6743648174877839
0.6743682897112118
0.6743717619346395
0.6743752341580674
0.6743787063814952
0.6743821786049231
0.674385650828351
0.6743891230517788
0.6743925952752067
0.6743960674986345
0.6743995397220625
0.6744030119454902
0.6744064841689181
0.6744099563923459
0.6744134286157738
0.6744169008392017
0.6744203730626296
0.6744238452860574
0.6744273175094853
0.6744307897329131
0.6744342619563409
0.6744377341797688
0.6744412064031966
0.6744446786266245
0.6744481508500524
0.6744516230734803
0.6744550952969081
0.674458567520336
0.6744620397437638
0.6744655119671916
0.6744689841906195
0.6744724564140473
0.6744759286374752
0.6744794008609031
0.674482873084331
0.6744863453077588
0.6744898175311866
0.6744932897546145
0.6744967619780423
0.6745002342014702
0.674503706424898
0.6745071786483259
0.6745106508717538
0.6745141230951817
0.6745175953186094
0.6745210675420373
0.6745245397654652
0.674528011988893
0.6745314842123209
0.6745349564357487
0.6745384286591766
0.6745419008826045
0.6745453731060324
0.6745488453294601
0.674552317552888
0.6745557897763159
0.6745592619997438
0.6745627342231716
0.6745662064465995
0.6745696786700273
0.6745731508934552
0.674576623116883
0.6745800953403108
0.6745835675637388
0.6745870397871666
0.6745905120105945
0.6745939842340223
0.6745974564574502
0.674600928680878
0.6746044009043058
0.6746078731277337
0.6746113453511615
0.6746148175745895
0.6746182897980173
0.6746217620214452
0.674625234244873
0.6746287064683009
0.6746321786917288
0.6746356509151565
0.6746391231385844
0.6746425953620122
0.6746460675854401
0.674649539808868
