0.25590286663293976
0.25590633885636765
0.2559098110797955
0.2559132833032234
0.2559167555266512
0.25592022775007905
0.25592369997350695
0.2559271721969348
0.2559306444203626
0.25593411664379045
0.25593758886721835
0.2559410610906462
0.255944533314074
0.2559480055375019
0.2559514777609298
0.25595494998435764
0.2559584222077855
0.2559618944312133
0.2559653666546412
0.25596883887806904
0.2559723111014969
0.25597578332492477
0.2559792555483526
0.25598272777178044
0.25598619999520833
0.2559896722186362
0.25599314444206406
0.2559966166654919
0.25600008888891973
0.25600356111234757
0.25600703333577546
0.2560105055592033
0.25601397778263113
0.256017450006059
0.25602092222948686
0.25602439445291475
0.2560278666763426
0.2560313388997704
0.25603481112319826
0.2560382833466261
0.256041755570054
0.2560452277934819
0.2560487000169097
0.25605217224033755
0.25605564446376544
0.2560591166871933
0.25606258891062117
0.256066061134049
0.25606953335747684
0.2560730055809047
0.2560764778043325
0.2560799500277604
0.2560834222511883
0.25608689447461613
0.25609036669804397
0.25609383892147186
0.2560973111448997
0.25610078336832753
0.25610425559175537
0.25610772781518326
0.2561112000386111
0.25611467226203893
0.2561181444854668
0.25612161670889466
0.25612508893232255
0.2561285611557504
0.2561320333791782
0.2561355056026061
0.25613897782603395
0.2561424500494618
0.2561459222728896
0.2561493944963175
0.25615286671974535
0.25615633894317325
0.2561598111666011
0.256163283390029
0.2561667556134568
0.25617022783688465
0.2561737000603125
0.2561771722837404
0.2561806445071682
0.25618411673059605
0.25618758895402394
0.2561910611774518
0.2561945334008796
0.2561980056243075
0.2562014778477354
0.25620495007116323
0.25620842229459106
0.2562118945180189
0.2562153667414468
0.25621883896487463
0.25622231118830247
0.25622578341173036
0.2562292556351582
0.25623272785858603
0.2562362000820139
0.25623967230544176
0.2562431445288696
0.25624661675229743
0.2562500889757253
0.25625356119915316
0.25625703342258105
0.2562605056460089
0.2562639778694367
0.2562674500928646
0.25627092231629245
0.25627439453972034
0.2562778667631482
0.256281338986576
0.25628481121000385
0.2562882834334317
0.2562917556568596
0.25629522788028747
0.2562987001037153
0.25630217232714314
0.25630564455057103
0.25630911677399887
0.2563125889974267
0.25631606122085454
0.25631953344428243
0.25632300566771027
0.2563264778911381
0.256329950114566
0.2563334223379939
0.2563368945614217
0.25634036678484956
0.25634383900827745
0.2563473112317053
0.2563507834551331
0.25635425567856096
0.25635772790198885
0.2563612001254167
0.2563646723488445
0.2563681445722724
0.25637161679570025
0.25637508901912814
0.256378561242556
0.2563820334659838
0.25638550568941165
0.25638897791283954
0.2563924501362674
0.2563959223596952
0.2563993945831231
0.25640286680655094
0.2564063390299788
0.25640981125340667
0.25641328347683456
0.2564167557002624
0.25642022792369024
0.25642370014711807
0.25642717237054596
0.2564306445939738
0.25643411681740164
0.25643758904082953
0.25644106126425736
0.2564445334876852
0.2564480057111131
0.25645147793454093
0.25645495015796876
0.2564584223813966
0.2564618946048245
0.2564653668282524
0.2564688390516802
0.25647231127510806
0.25647578349853595
0.2564792557219638
0.2564827279453916
0.2564862001688195
0.25648967239224735
0.2564931446156752
0.256496616839103
0.2565000890625309
0.25650356128595875
0.25650703350938664
0.2565105057328145
0.2565139779562423
0.2565174501796702
0.25652092240309804
0.2565243946265259
0.2565278668499537
0.2565313390733816
0.25653481129680944
0.2565382835202373
0.25654175574366517
0.25654522796709306
0.2565487001905209
0.25655217241394873
0.2565556446373766
0.25655911686080446
0.2565625890842323
0.25656606130766013
0.256569533531088
0.25657300575451586
0.2565764779779437
0.2565799502013716
0.2565834224247995
0.2565868946482273
0.25659036687165515
0.256593839095083
