0.2684028709732191
0.2684063431966469
0.26840981542007475
0.2684132876435026
0.2684167598669305
0.26842023209035837
0.2684237043137862
0.26842717653721404
0.26843064876064193
0.2684341209840698
0.26843759320749766
0.2684410654309255
0.26844453765435333
0.26844800987778117
0.268451482101209
0.2684549543246369
0.2684584265480648
0.2684618987714926
0.26846537099492046
0.26846884321834835
0.2684723154417762
0.268475787665204
0.26847925988863186
0.2684827321120597
0.2684862043354876
0.2684896765589154
0.2684931487823433
0.26849662100577115
0.26850009322919904
0.2685035654526269
0.2685070376760547
0.2685105098994826
0.26851398212291044
0.2685174543463383
0.2685209265697661
0.268524398793194
0.26852787101662184
0.26853134324004974
0.26853481546347757
0.26853828768690546
0.2685417599103333
0.26854523213376114
0.26854870435718897
0.26855217658061686
0.2685556488040447
0.26855912102747254
0.2685625932509004
0.26856606547432826
0.26856953769775616
0.268573009921184
0.2685764821446119
0.2685799543680397
0.26858342659146756
0.2685868988148954
0.26859037103832323
0.2685938432617511
0.26859731548517896
0.26860078770860685
0.2686042599320347
0.2686077321554626
0.2686112043788904
0.26861467660231825
0.2686181488257461
0.2686216210491739
0.2686250932726018
0.26862856549602965
0.26863203771945754
0.2686355099428854
0.2686389821663132
0.2686424543897411
0.268645926613169
0.26864939883659683
0.26865287106002467
0.2686563432834525
0.26865981550688034
0.2686632877303082
0.26866675995373607
0.26867023217716396
0.2686737044005918
0.26867717662401963
0.2686806488474475
0.2686841210708754
0.2686875932943032
0.26869106551773103
0.2686945377411589
0.26869800996458676
0.2687014821880146
0.2687049544114425
0.2687084266348704
0.2687118988582982
0.26871537108172605
0.26871884330515394
0.2687223155285818
0.2687257877520096
0.26872925997543745
0.2687327321988653
0.2687362044222932
0.268739676645721
0.2687431488691489
0.26874662109257674
0.26875009331600463
0.26875356553943247
0.2687570377628603
0.26876050998628814
0.26876398220971603
0.26876745443314387
0.2687709266565717
0.2687743988799996
0.26877787110342743
0.2687813433268553
0.26878481555028316
0.26878828777371105
0.2687917599971389
0.2687952322205667
0.26879870444399456
0.26880217666742245
0.2688056488908503
0.2688091211142781
0.268812593337706
0.26881606556113385
0.26881953778456175
0.2688230100079896
0.2688264822314174
0.26882995445484525
0.2688334266782731
0.268836898901701
0.2688403711251289
0.2688438433485567
0.26884731557198455
0.26885078779541244
0.2688542600188403
0.26885773224226817
0.268861204465696
0.26886467668912384
0.2688681489125517
0.2688716211359795
0.26887509335940735
0.26887856558283524
0.26888203780626313
0.26888551002969097
0.2688889822531188
0.2688924544765467
0.2688959266999746
0.26889939892340237
0.2689028711468302
0.2689063433702581
0.26890981559368593
0.26891328781711377
0.26891676004054166
0.26892023226396955
0.2689237044873974
0.2689271767108252
0.2689306489342531
0.26893412115768095
0.2689375933811088
0.2689410656045366
0.2689445378279645
0.26894801005139235
0.2689514822748202
0.2689549544982481
0.26895842672167597
0.2689618989451038
0.26896537116853164
0.2689688433919595
0.2689723156153873
0.2689757878388152
0.26897926006224304
0.2689827322856709
0.26898620450909877
0.2689896767325266
0.2689931489559545
0.26899662117938233
0.2690000934028102
0.26900356562623806
0.2690070378496659
0.26901051007309373
0.2690139822965216
0.26901745451994946
0.2690209267433773
0.2690243989668052
0.269027871190233
0.2690313434136609
0.26903481563708875
0.26903828786051665
0.2690417600839444
0.26904523230737226
0.26904870453080015
0.26905217675422805
0.2690556489776559
0.2690591212010837
0.2690625934245116
0.26906606564793945
0.26906953787136734
0.2690730100947952
0.269076482318223
0.26907995454165085
0.2690834267650787
0.2690868989885066
0.26909037121193446
0.2690938434353623
