0.0593750206163266
0.05937849283975444
0.059381965063182274
0.0593854372866101
0.059388909510038036
0.059392381733465865
0.0593958539568937
0.05939932618032163
0.059402798403749374
0.0594062706271773
0.059409742850605136
0.05941321507403297
0.0594166872974609
0.059420159520888735
0.059423631744316564
0.0594271039677444
0.05943057619117224
0.05943404841460007
0.059437520638028
0.059440992861455835
0.059444465084883664
0.0594479373083116
0.05945140953173934
0.05945488175516726
0.0594583539785951
0.059461826202022935
0.05946529842545086
0.0594687706488787
0.059472242872306534
0.05947571509573436
0.0594791873191622
0.059482659542590126
0.05948613176601796
0.0594896039894458
0.059493076212873634
0.05949654843630156
0.0595000206597294
0.059503492883157226
0.05950696510658506
0.0595104373300129
0.059513909553440825
0.05951738177686866
0.0595208540002965
0.05952432622372433
0.05952779844715216
0.059531270670580096
0.059534742894007925
0.05953821511743576
0.05954168734086369
0.05954515956429143
0.05954863178771936
0.059552104011147196
0.059555576234575025
0.05955904845800296
0.05956252068143079
0.059565992904858624
0.05956946512828646
0.059572937351714296
0.05957640957514222
0.05957988179857006
0.059583354021997895
0.059586826245425724
0.05959029846885366
0.059593770692281486
0.05959724291570932
0.05960071513913716
0.059604187362564995
0.05960765958599292
0.05961113180942076
0.059614604032848593
0.05961807625627642
0.05962154847970426
0.059625020703132185
0.05962849292656002
0.05963196514998786
0.059635437373415784
0.05963890959684352
0.059642381820271456
0.059645854043699285
0.05964932626712712
0.05965279849055505
0.059656270713982884
0.05965974293741072
0.059663215160838556
0.05966668738426639
0.05967015960769432
0.059673631831122155
0.059677104054549984
0.05968057627797782
0.05968404850140575
0.05968752072483358
0.05969099294826142
0.059694465171689255
0.059697937395117084
0.05970140961854502
0.05970488184197285
0.05970835406540068
0.05971182628882861
0.059715298512256355
0.05971877073568428
0.05972224295911212
0.059725715182539954
0.05972918740596788
0.05973265962939572
0.059736131852823546
0.05973960407625138
0.05974307629967922
0.059746548523107144
0.05975002074653498
0.05975349296996282
0.05975696519339065
0.05976043741681848
0.059763909640246415
0.059767381863674245
0.05977085408710208
0.05977432631052992
0.05977779853395784
0.05978127075738558
0.059784742980813516
0.059788215204241345
0.05979168742766918
0.05979515965109711
0.05979863187452494
0.05980210409795278
0.059805576321380706
0.05980904854480845
0.05981252076823638
0.059815992991664214
0.059819465215092044
0.05982293743851998
0.059826409661947806
0.05982988188537564
0.05983335410880348
0.059836826332231315
0.05984029855565924
0.05984377077908708
0.059847243002514906
0.05985071522594274
0.05985418744937067
0.059857659672798415
0.05986113189622634
0.05986460411965418
0.05986807634308201
0.05987154856650994
0.059875020789937776
0.059878493013365605
0.05988196523679344
0.05988543746022128
0.059888909683649204
0.05989238190707704
0.059895854130504876
0.0598993263539328
0.05990279857736054
0.05990627080078847
0.059909743024216304
0.05991321524764414
0.059916687471071976
0.0599201596944999
0.05992363191792774
0.059927104141355575
0.059930576364783404
0.05993404858821124
0.05993752081163917
0.059940993035067
0.05994446525849484
0.059947937481922765
0.05995140970535051
0.05995488192877844
0.059958354152206274
0.0599618263756341
0.059965298599062036
0.059968770822489866
0.0599722430459177
0.05997571526934554
0.059979187492773374
0.0599826597162013
0.059986131939629136
0.059989604163056966
0.0599930763864848
0.05999654860991273
0.060000020833340564
0.0600034930567684
0.06000696528019624
0.06001043750362407
0.060013909727052
0.060017381950479835
0.060020854173907665
0.0600243263973355
0.06002779862076334
0.06003127084419126
0.0600347430676191
0.060038215291046935
0.06004168751447486
0.0600451597379026
0.06004863196133053
0.06005210418475836
0.0600555764081862
0.060059048631614126
0.06006252085504196
0.0600659930784698
