0.08993058678145369
0.08993405900488158
0.08993753122830946
0.08994100345173729
0.08994447567516517
0.08994794789859295
0.08995142012202084
0.08995489234544872
0.08995836456887656
0.08996183679230443
0.08996530901573227
0.08996878123916015
0.08997225346258794
0.08997572568601582
0.0899791979094437
0.08998267013287153
0.08998614235629941
0.08998961457972725
0.08999308680315514
0.08999655902658302
0.0900000312500108
0.09000350347343869
0.09000697569686651
0.0900104479202944
0.09001392014372228
0.09001739236715012
0.090020864590578
0.09002433681400579
0.09002780903743367
0.09003128126086155
0.09003475348428938
0.09003822570771726
0.0900416979311451
0.09004517015457297
0.09004864237800077
0.09005211460142865
0.09005558682485652
0.09005905904828436
0.09006253127171225
0.09006600349514007
0.09006947571856791
0.0900729479419958
0.09007642016542364
0.09007989238885152
0.09008336461227935
0.09008683683570723
0.0900903090591351
0.0900937812825629
0.09009725350599078
0.09010072572941862
0.0901041979528465
0.09010767017627437
0.09011114239970221
0.09011461462313008
0.09011808684655788
0.09012155906998576
0.0901250312934136
0.09012850351684147
0.09013197574026936
0.0901354479636972
0.09013892018712508
0.09014239241055286
0.09014586463398075
0.09014933685740863
0.09015280908083646
0.09015628130426434
0.09015975352769218
0.09016322575112005
0.09016669797454789
0.09017017019797573
0.0901736424214036
0.09017711464483144
0.09018058686825932
0.09018405909168715
0.09018753131511499
0.09019100353854287
0.0901944757619707
0.09019794798539858
0.09020142020882642
0.09020489243225431
0.09020836465568219
0.09021183687910997
0.09021530910253786
0.09021878132596568
0.09022225354939357
0.09022572577282145
0.09022919799624929
0.09023267021967717
0.09023614244310496
0.09023961466653284
0.09024308688996072
0.09024655911338855
0.09025003133681643
0.09025350356024427
0.09025697578367214
0.09026044800709994
0.09026392023052782
0.0902673924539557
0.09027086467738353
0.09027433690081142
0.09027780912423926
0.09028128134766714
0.09028475357109497
0.09028822579452281
0.09029169801795069
0.09029517024137852
0.0902986424648064
0.09030211468823428
0.09030558691166211
0.09030905913508995
0.09031253135851779
0.09031600358194566
0.09031947580537354
0.09032294802880138
0.09032642025222926
0.09032989247565705
0.09033336469908493
0.09033683692251276
0.09034030914594064
0.09034378136936853
0.09034725359279637
0.09035072581622425
0.09035419803965203
0.09035767026307992
0.0903611424865078
0.09036461470993563
0.09036808693336351
0.09037155915679135
0.09037503138021923
0.0903785036036471
0.0903819758270749
0.09038544805050278
0.09038892027393061
0.09039239249735849
0.09039586472078633
0.0903993369442142
0.0904028091676421
0.09040628139106988
0.09040975361449775
0.09041322583792559
0.09041669806135348
0.09042017028478136
0.0904236425082092
0.09042711473163703
0.09043058695506487
0.09043405917849275
0.09043753140192062
0.09044100362534846
0.09044447584877634
0.09044794807220417
0.09045142029563201
0.09045489251905989
0.09045836474248772
0.0904618369659156
0.09046530918934344
0.09046878141277132
0.09047225363619911
0.09047572585962699
0.09047919808305488
0.0904826703064827
0.0904861425299106
0.09048961475333843
0.09049308697676631
0.09049655920019418
0.09050003142362198
0.09050350364704986
0.0905069758704777
0.09051044809390557
0.09051392031733345
0.09051739254076129
0.09052086476418916
0.09052433698761696
0.09052780921104484
0.09053128143447271
0.09053475365790055
0.09053822588132844
0.09054169810475626
0.09054517032818415
0.09054864255161194
0.09055211477503981
0.0905555869984677
0.09055905922189554
0.09056253144532342
0.09056600366875125
0.09056947589217909
0.09057294811560697
0.0905764203390348
0.09057989256246268
0.09058336478589052
0.0905868370093184
0.09059030923274627
0.09059378145617407
0.09059725367960195
0.09060072590302978
0.09060419812645766
0.0906076703498855
0.09061114257331337
0.09061461479674127
0.09061808702016905
0.09062155924359694
