0.8732641921056221
0.8732676643290502
0.873271136552478
0.8732746087759059
0.8732780809993337
0.8732815532227615
0.8732850254461894
0.8732884976696171
0.8732919698930453
0.873295442116473
0.8732989143399009
0.8733023865633287
0.8733058587867566
0.8733093310101844
0.8733128032336123
0.87331627545704
0.8733197476804679
0.8733232199038957
0.8733266921273235
0.8733301643507516
0.8733336365741794
0.8733371087976073
0.8733405810210351
0.873344053244463
0.8733475254678907
0.8733509976913186
0.8733544699147466
0.8733579421381743
0.8733614143616023
0.8733648865850301
0.873368358808458
0.8733718310318858
0.8733753032553137
0.8733787754787414
0.8733822477021693
0.8733857199255973
0.873389192149025
0.873392664372453
0.8733961365958808
0.8733996088193087
0.8734030810427365
0.8734065532661643
0.8734100254895921
0.87341349771302
0.873416969936448
0.8734204421598757
0.8734239143833037
0.8734273866067315
0.8734308588301594
0.8734343310535871
0.873437803277015
0.8734412755004428
0.8734447477238707
0.8734482199472985
0.8734516921707264
0.8734551643941544
0.8734586366175822
0.87346210884101
0.8734655810644378
0.8734690532878657
0.8734725255112935
0.8734759977347214
0.8734794699581494
0.8734829421815771
0.8734864144050051
0.8734898866284329
0.8734933588518607
0.8734968310752885
0.8735003032987164
0.8735037755221442
0.8735072477455721
0.8735107199690001
0.873514192192428
0.8735176644158558
0.8735211366392835
0.8735246088627114
0.8735280810861392
0.8735315533095671
0.8735350255329949
0.8735384977564228
0.8735419699798506
0.8735454422032785
0.8735489144267065
0.8735523866501343
0.8735558588735621
0.87355933109699
0.8735628033204178
0.8735662755438456
0.8735697477672735
0.8735732199907015
0.8735766922141291
0.8735801644375571
0.873583636660985
0.8735871088844128
0.8735905811078407
0.8735940533312685
0.8735975255546964
0.8736009977781242
0.8736044700015522
0.8736079422249801
0.8736114144484078
0.8736148866718357
0.8736183588952635
0.8736218311186914
0.8736253033421192
0.8736287755655471
0.8736322477889749
0.8736357200124028
0.8736391922358305
0.8736426644592585
0.8736461366826864
0.8736496089061142
0.8736530811295421
0.8736565533529699
0.8736600255763978
0.8736634977998256
0.8736669700232536
0.8736704422466812
0.8736739144701092
0.8736773866935371
0.8736808589169649
0.8736843311403928
0.8736878033638206
0.8736912755872485
0.8736947478106762
0.8736982200341042
0.8737016922575321
0.8737051644809599
0.8737086367043878
0.8737121089278156
0.8737155811512435
0.8737190533746713
0.8737225255980992
0.8737259978215269
0.8737294700449548
0.8737329422683826
0.8737364144918106
0.8737398867152385
0.8737433589386663
0.8737468311620942
0.873750303385522
0.8737537756089498
0.8737572478323776
0.8737607200558056
0.8737641922792333
0.8737676645026613
0.8737711367260892
0.873774608949517
0.8737780811729449
0.8737815533963726
0.8737850256198005
0.8737884978432283
0.8737919700666564
0.8737954422900842
0.8737989145135121
0.8738023867369399
0.8738058589603677
0.8738093311837956
0.8738128034072233
0.8738162756306512
0.873819747854079
0.8738232200775069
0.8738266923009347
0.8738301645243628
0.8738336367477906
0.8738371089712185
0.8738405811946462
0.8738440534180741
0.8738475256415019
0.8738509978649297
0.8738544700883578
0.8738579423117854
0.8738614145352135
0.8738648867586413
0.8738683589820692
0.8738718312054969
0.8738753034289248
0.8738787756523526
0.8738822478757805
0.8738857200992085
0.8738891923226362
0.8738926645460642
0.873896136769492
0.8738996089929199
0.8739030812163476
0.8739065534397755
0.8739100256632033
0.8739134978866312
0.8739169701100592
0.8739204423334869
0.8739239145569149
0.8739273867803427
0.8739308590037705
0.8739343312271983
0.8739378034506262
0.873941275674054
0.8739447478974819
0.8739482201209097
0.8739516923443376
0.8739551645677656
