0.29618065839606195
0.29618413061948984
0.2961876028429177
0.29619107506634546
0.2961945472897733
0.2961980195132012
0.2962014917366291
0.2962049639600569
0.29620843618348475
0.29621190840691264
0.2962153806303405
0.29621885285376837
0.2962223250771962
0.29622579730062404
0.2962292695240519
0.29623274174747977
0.2962362139709076
0.29623968619433544
0.29624315841776333
0.2962466306411912
0.29625010286461906
0.2962535750880469
0.2962570473114748
0.2962605195349026
0.29626399175833046
0.2962674639817583
0.29627093620518613
0.29627440842861397
0.2962778806520419
0.29628135287546975
0.2962848250988976
0.2962882973223254
0.2962917695457533
0.29629524176918115
0.296298713992609
0.2963021862160368
0.2963056584394647
0.29630913066289255
0.29631260288632044
0.2963160751097483
0.29631954733317617
0.296323019556604
0.2963264917800319
0.29632996400345973
0.2963334362268875
0.2963369084503154
0.2963403806737433
0.29634385289717113
0.29634732512059897
0.2963507973440268
0.29635426956745475
0.2963577417908826
0.2963612140143104
0.29636468623773826
0.2963681584611661
0.29637163068459393
0.2963751029080218
0.29637857513144966
0.2963820473548775
0.2963855195783054
0.2963889918017333
0.2963924640251611
0.29639593624858895
0.29639940847201685
0.2964028806954447
0.2964063529188725
0.29640982514230035
0.29641329736572825
0.2964167695891561
0.296420241812584
0.2964237140360118
0.29642718625943965
0.29643065848286754
0.2964341307062954
0.2964376029297232
0.29644107515315105
0.2964445473765789
0.2964480196000068
0.29645149182343467
0.2964549640468625
0.29645843627029034
0.29646190849371823
0.29646538071714607
0.29646885294057396
0.2964723251640018
0.2964757973874296
0.29647926961085747
0.29648274183428536
0.2964862140577132
0.29648968628114103
0.2964931585045689
0.2964966307279968
0.29650010295142465
0.2965035751748525
0.2965070473982803
0.2965105196217082
0.29651399184513605
0.2965174640685639
0.2965209362919917
0.29652440851541956
0.2965278807388475
0.29653135296227534
0.2965348251857032
0.296538297409131
0.2965417696325589
0.29654524185598674
0.2965487140794146
0.2965521863028424
0.2965556585262703
0.29655913074969814
0.29656260297312603
0.29656607519655387
0.29656954741998176
0.2965730196434096
0.29657649186683743
0.29657996409026527
0.2965834363136931
0.296586908537121
0.2965903807605489
0.2965938529839767
0.29659732520740456
0.2966007974308324
0.29660426965426034
0.2966077418776882
0.296611214101116
0.29661468632454385
0.29661815854797163
0.2966216307713995
0.2966251029948274
0.29662857521825525
0.2966320474416831
0.296635519665111
0.29663899188853887
0.2966424641119667
0.29664593633539454
0.2966494085588224
0.29665288078225027
0.2966563530056781
0.29665982522910594
0.29666329745253384
0.2966667696759617
0.29667024189938956
0.2966737141228174
0.29667718634624524
0.29668065856967313
0.29668413079310096
0.2966876030165288
0.29669107523995664
0.2966945474633845
0.29669801968681236
0.29670149191024026
0.2967049641336681
0.29670843635709593
0.2967119085805238
0.29671538080395166
0.2967188530273795
0.29672232525080733
0.29672579747423516
0.29672926969766306
0.29673274192109095
0.2967362141445188
0.2967396863679466
0.2967431585913745
0.2967466308148024
0.29675010303823024
0.2967535752616581
0.2967570474850859
0.2967605197085138
0.29676399193194164
0.2967674641553695
0.2967709363787973
0.29677440860222515
0.2967778808256531
0.29678135304908093
0.29678482527250877
0.2967882974959366
0.29679176971936444
0.29679524194279233
0.29679871416622017
0.296802186389648
0.2968056586130759
0.29680913083650373
0.2968126030599316
0.29681607528335946
0.29681954750678735
0.2968230197302152
0.296826491953643
0.29682996417707086
0.2968334364004987
0.2968369086239266
0.2968403808473545
0.2968438530707823
0.29684732529421015
0.296850797517638
0.29685426974106593
0.2968577419644937
0.29686121418792155
0.2968646864113494
0.2968681586347772
0.2968716308582051
