0.16562505750870046
0.16562852973212835
0.1656320019555562
0.16563547417898408
0.16563894640241195
0.16564241862583978
0.16564589084926762
0.16564936307269545
0.16565283529612335
0.1656563075195512
0.16565977974297905
0.16566325196640694
0.16566672418983477
0.1656701964132626
0.16567366863669047
0.1656771408601183
0.1656806130835462
0.16568408530697404
0.16568755753040193
0.1656910297538298
0.16569450197725757
0.16569797420068547
0.1657014464241133
0.1657049186475412
0.16570839087096903
0.1657118630943969
0.16571533531782479
0.16571880754125257
0.16572227976468046
0.1657257519881083
0.16572922421153616
0.16573269643496405
0.16573616865839189
0.16573964088181975
0.16574311310524756
0.16574658532867542
0.1657500575521033
0.16575352977553115
0.16575700199895904
0.16576047422238688
0.16576394644581474
0.16576741866924258
0.16577089089267041
0.1657743631160983
0.16577783533952614
0.165781307562954
0.16578477978638184
0.16578825200980968
0.16579172423323757
0.1657951964566654
0.16579866868009327
0.1658021409035211
0.165805613126949
0.16580908535037686
0.16581255757380467
0.16581602979723253
0.16581950202066037
0.16582297424408826
0.16582644646751615
0.165829918690944
0.16583339091437185
0.16583686313779963
0.16584033536122753
0.16584380758465536
0.16584727980808325
0.16585075203151112
0.16585422425493895
0.16585769647836685
0.16586116870179463
0.16586464092522252
0.16586811314865038
0.16587158537207822
0.1658750575955061
0.16587852981893395
0.1658820020423618
0.16588547426578965
0.16588894648921748
0.16589241871264537
0.1658958909360732
0.1658993631595011
0.16590283538292896
0.1659063076063568
0.16590977982978464
0.16591325205321247
0.16591672427664036
0.1659201965000682
0.16592366872349606
0.16592714094692396
0.16593061317035174
0.16593408539377963
0.16593755761720747
0.16594102984063533
0.16594450206406322
0.16594797428749106
0.16595144651091892
0.16595491873434673
0.1659583909577746
0.16596186318120248
0.16596533540463032
0.1659688076280582
0.16597227985148605
0.1659757520749139
0.1659792242983418
0.16598269652176958
0.16598616874519748
0.1659896409686253
0.16599311319205318
0.165996585415481
0.1660000576389089
0.16600352986233677
0.16600700208576458
0.16601047430919244
0.16601394653262028
0.16601741875604817
0.16602089097947606
0.16602436320290387
0.1660278354263317
0.16603130764975954
0.16603477987318743
0.16603825209661532
0.16604172432004316
0.16604519654347102
0.1660486687668988
0.1660521409903267
0.16605561321375453
0.16605908543718242
0.1660625576606103
0.16606602988403812
0.16606950210746602
0.1660729743308938
0.1660764465543217
0.16607991877774955
0.1660833910011774
0.16608686322460528
0.16609033544803312
0.16609380767146098
0.16609727989488887
0.16610075211831665
0.16610422434174454
0.16610769656517238
0.16611116878860027
0.16611464101202814
0.16611811323545597
0.16612158545888386
0.16612505768231164
0.16612852990573954
0.16613200212916737
0.16613547435259524
0.16613894657602313
0.16614241879945096
0.16614589102287883
0.16614936324630664
0.1661528354697345
0.1661563076931624
0.16615977991659023
0.16616325214001812
0.16616672436344593
0.16617019658687376
0.16617366881030166
0.1661771410337295
0.16618061325715738
0.16618408548058522
0.16618755770401308
0.16619102992744098
0.16619450215086876
0.16619797437429665
0.16620144659772448
0.16620491882115235
0.16620839104458018
0.16621186326800808
0.16621533549143594
0.16621880771486375
0.1662222799382916
0.16622575216171945
0.16622922438514734
0.16623269660857523
0.16623616883200304
0.16623964105543093
0.1662431132788587
0.1662465855022866
0.1662500577257145
0.16625352994914233
0.1662570021725702
0.16626047439599803
0.16626394661942592
0.16626741884285376
0.1662708910662816
0.16627436328970946
0.1662778355131373
0.1662813077365652
0.16628477995999302
0.16628825218342086
0.16629172440684872
0.16629519663027656
0.16629866885370445
0.1663021410771323
0.16630561330056018
0.16630908552398804
0.16631255774741582
0.16631602997084372
