0.8934030879871834
0.8934065602106112
0.893410032434039
0.8934135046574668
0.8934169768808948
0.8934204491043225
0.8934239213277505
0.8934273935511784
0.8934308657746062
0.8934343379980341
0.8934378102214618
0.8934412824448897
0.8934447546683175
0.8934482268917455
0.8934516991151732
0.8934551713386012
0.8934586435620291
0.8934621157854569
0.8934655880088848
0.8934690602323125
0.8934725324557404
0.8934760046791682
0.8934794769025962
0.8934829491260239
0.8934864213494519
0.8934898935728798
0.8934933657963076
0.8934968380197355
0.8935003102431632
0.8935037824665911
0.8935072546900189
0.8935107269134469
0.8935141991368746
0.8935176713603026
0.8935211435837305
0.8935246158071583
0.8935280880305861
0.8935315602540139
0.8935350324774418
0.8935385047008696
0.8935419769242976
0.8935454491477255
0.8935489213711533
0.8935523935945812
0.8935558658180089
0.8935593380414368
0.8935628102648646
0.8935662824882925
0.8935697547117203
0.8935732269351482
0.893576699158576
0.893580171382004
0.8935836436054319
0.8935871158288596
0.8935905880522875
0.8935940602757153
0.8935975324991432
0.893601004722571
0.8936044769459991
0.8936079491694267
0.8936114213928548
0.8936148936162825
0.8936183658397104
0.8936218380631382
0.893625310286566
0.8936287825099939
0.8936322547334217
0.8936357269568498
0.8936391991802776
0.8936426714037055
0.8936461436271332
0.8936496158505611
0.8936530880739889
0.8936565602974168
0.8936600325208446
0.8936635047442725
0.8936669769677003
0.893670449191128
0.8936739214145561
0.8936773936379839
0.8936808658614118
0.8936843380848396
0.8936878103082675
0.8936912825316953
0.8936947547551232
0.8936982269785512
0.8937016992019788
0.8937051714254068
0.8937086436488346
0.8937121158722625
0.8937155880956903
0.8937190603191182
0.893722532542546
0.8937260047659739
0.8937294769894019
0.8937329492128296
0.8937364214362575
0.8937398936596853
0.8937433658831132
0.893746838106541
0.8937503103299689
0.8937537825533967
0.8937572547768246
0.8937607270002523
0.8937641992236802
0.8937676714471082
0.893771143670536
0.8937746158939639
0.8937780881173917
0.8937815603408196
0.8937850325642474
0.8937885047876752
0.8937919770111032
0.8937954492345309
0.8937989214579589
0.8938023936813867
0.8938058659048146
0.8938093381282424
0.8938128103516703
0.893816282575098
0.8938197547985259
0.8938232270219539
0.8938266992453817
0.8938301714688096
0.8938336436922374
0.8938371159156653
0.8938405881390931
0.893844060362521
0.8938475325859487
0.8938510048093766
0.8938544770328044
0.8938579492562323
0.8938614214796603
0.8938648937030881
0.893868365926516
0.8938718381499438
0.8938753103733716
0.8938787825967994
0.8938822548202273
0.8938857270436553
0.893889199267083
0.893892671490511
0.8938961437139389
0.8938996159373667
0.8939030881607946
0.8939065603842223
0.8939100326076501
0.893913504831078
0.893916977054506
0.8939204492779337
0.8939239215013617
0.8939273937247896
0.8939308659482174
0.8939343381716452
0.893937810395073
0.8939412826185009
0.8939447548419287
0.8939482270653567
0.8939516992887844
0.8939551715122124
0.8939586437356403
0.893962115959068
0.8939655881824959
0.8939690604059237
0.8939725326293516
0.8939760048527794
0.8939794770762073
0.8939829492996351
0.8939864215230631
0.893989893746491
0.8939933659699187
0.8939968381933466
0.8940003104167744
0.8940037826402023
0.8940072548636301
0.8940107270870581
0.8940141993104858
0.8940176715339138
0.8940211437573417
0.8940246159807694
0.8940280882041973
0.8940315604276251
0.894035032651053
0.8940385048744808
0.8940419770979088
0.8940454493213367
0.8940489215447645
0.8940523937681923
0.8940558659916201
0.894059338215048
0.8940628104384758
0.8940662826619037
0.8940697548853315
0.8940732271087594
0.8940766993321871
0.8940801715556151
0.894083643779043
0.8940871160024708
0.8940905882258987
0.8940940604493265
