0.6725696779755825
0.6725731501990105
0.6725766224224383
0.6725800946458662
0.6725835668692941
0.6725870390927219
0.6725905113161498
0.6725939835395776
0.6725974557630054
0.6726009279864332
0.6726044002098612
0.672607872433289
0.6726113446567169
0.6726148168801448
0.6726182891035727
0.6726217613270005
0.6726252335504282
0.6726287057738561
0.672632177997284
0.6726356502207119
0.6726391224441397
0.6726425946675676
0.6726460668909954
0.6726495391144234
0.6726530113378512
0.672656483561279
0.6726599557847068
0.6726634280081347
0.6726669002315625
0.6726703724549904
0.6726738446784183
0.6726773169018462
0.6726807891252741
0.6726842613487019
0.6726877335721297
0.6726912057955575
0.6726946780189854
0.6726981502424133
0.6727016224658411
0.672705094689269
0.6727085669126969
0.6727120391361248
0.6727155113595525
0.6727189835829804
0.6727224558064082
0.6727259280298361
0.672729400253264
0.6727328724766918
0.6727363447001197
0.6727398169235475
0.6727432891469755
0.6727467613704032
0.6727502335938311
0.6727537058172589
0.6727571780406868
0.6727606502641147
0.6727641224875426
0.6727675947109704
0.6727710669343983
0.6727745391578261
0.6727780113812539
0.6727814836046818
0.6727849558281096
0.6727884280515375
0.6727919002749654
0.6727953724983933
0.672798844721821
0.672802316945249
0.6728057891686768
0.6728092613921046
0.6728127336155325
0.6728162058389603
0.6728196780623882
0.6728231502858161
0.672826622509244
0.6728300947326717
0.6728335669560996
0.6728370391795275
0.6728405114029553
0.6728439836263832
0.672847455849811
0.6728509280732389
0.6728544002966668
0.6728578725200947
0.6728613447435224
0.6728648169669503
0.6728682891903782
0.672871761413806
0.6728752336372339
0.6728787058606617
0.6728821780840897
0.6728856503075175
0.6728891225309453
0.6728925947543731
0.672896066977801
0.6728995392012289
0.6729030114246568
0.6729064836480846
0.6729099558715124
0.6729134280949403
0.6729169003183681
0.672920372541796
0.6729238447652238
0.6729273169886518
0.6729307892120796
0.6729342614355075
0.6729377336589353
0.6729412058823632
0.672944678105791
0.6729481503292188
0.6729516225526467
0.6729550947760745
0.6729585669995025
0.6729620392229303
0.6729655114463582
0.672968983669786
0.6729724558932139
0.6729759281166416
0.6729794003400695
0.6729828725634974
0.6729863447869252
0.6729898170103531
0.672993289233781
0.6729967614572089
0.6730002336806367
0.6730037059040646
0.6730071781274923
0.6730106503509202
0.6730141225743481
0.6730175947977759
0.6730210670212039
0.6730245392446317
0.6730280114680596
0.6730314836914874
0.6730349559149152
0.673038428138343
0.673041900361771
0.6730453725851988
0.6730488448086267
0.6730523170320545
0.6730557892554824
0.6730592614789103
0.673062733702338
0.6730662059257659
0.6730696781491937
0.6730731503726217
0.6730766225960495
0.6730800948194774
0.6730835670429053
0.6730870392663331
0.673090511489761
0.6730939837131887
0.6730974559366166
0.6731009281600444
0.6731044003834724
0.6731078726069002
0.6731113448303281
0.673114817053756
0.6731182892771838
0.6731217615006116
0.6731252337240394
0.6731287059474673
0.6731321781708952
0.6731356503943231
0.6731391226177509
0.6731425948411788
0.6731460670646066
0.6731495392880344
0.6731530115114623
0.6731564837348901
0.673159955958318
0.6731634281817458
0.6731669004051738
0.6731703726286016
0.6731738448520295
0.6731773170754574
0.6731807892988853
0.673184261522313
0.6731877337457409
0.6731912059691687
0.6731946781925965
0.6731981504160245
0.6732016226394523
0.6732050948628802
0.673208567086308
0.6732120393097359
0.6732155115331637
0.6732189837565916
0.6732224559800194
0.6732259282034473
0.6732294004268752
0.673232872650303
0.6732363448737309
0.6732398170971586
0.6732432893205866
0.6732467615440144
0.6732502337674423
0.6732537059908701
0.673257178214298
0.6732606504377259
