0.257986200689653
0.2579896729130809
0.25799314513650873
0.25799661735993656
0.25800008958336446
0.2580035618067923
0.25800703403022013
0.25801050625364796
0.25801397847707586
0.2580174507005037
0.25802092292393153
0.2580243951473594
0.25802786737078726
0.25803133959421515
0.258034811817643
0.2580382840410708
0.25804175626449866
0.25804522848792655
0.2580487007113544
0.2580521729347822
0.2580556451582101
0.25805911738163795
0.25806258960506584
0.2580660618284937
0.25806953405192157
0.2580730062753494
0.25807647849877724
0.2580799507222051
0.25808342294563297
0.2580868951690608
0.25809036739248864
0.25809383961591653
0.25809731183934437
0.25810078406277226
0.2581042562862001
0.258107728509628
0.25811120073305577
0.2581146729564836
0.2581181451799115
0.2581216174033394
0.2581250896267672
0.25812856185019506
0.25813203407362295
0.2581355062970508
0.2581389785204787
0.2581424507439065
0.25814592296733435
0.2581493951907622
0.25815286741419
0.25815633963761786
0.25815981186104575
0.25816328408447364
0.2581667563079015
0.2581702285313293
0.2581737007547572
0.2581771729781851
0.2581806452016129
0.2581841174250407
0.2581875896484686
0.25819106187189644
0.2581945340953243
0.25819800631875217
0.25820147854218006
0.2582049507656079
0.25820842298903574
0.2582118952124636
0.25821536743589146
0.2582188396593193
0.25822231188274714
0.258225784106175
0.25822925632960286
0.2582327285530307
0.2582362007764586
0.2582396729998865
0.2582431452233143
0.25824661744674215
0.25825008967017005
0.2582535618935978
0.2582570341170257
0.25826050634045356
0.25826397856388145
0.2582674507873093
0.2582709230107371
0.258274395234165
0.25827786745759285
0.25828133968102074
0.2582848119044486
0.2582882841278764
0.25829175635130425
0.25829522857473214
0.25829870079816
0.2583021730215878
0.2583056452450157
0.25830911746844354
0.25831258969187143
0.25831606191529927
0.25831953413872716
0.25832300636215494
0.2583264785855828
0.25832995080901067
0.25833342303243856
0.2583368952558664
0.25834036747929423
0.2583438397027221
0.25834731192614996
0.25835078414957785
0.2583542563730057
0.2583577285964335
0.25836120081986136
0.2583646730432892
0.2583681452667171
0.258371617490145
0.2583750897135728
0.25837856193700065
0.25838203416042854
0.2583855063838564
0.25838897860728427
0.2583924508307121
0.2583959230541399
0.2583993952775678
0.2584028675009956
0.25840633972442345
0.25840981194785134
0.25841328417127923
0.25841675639470707
0.2584202286181349
0.2584237008415628
0.25842717306499063
0.25843064528841847
0.2584341175118463
0.2584375897352742
0.25844106195870203
0.25844453418212987
0.25844800640555776
0.25845147862898565
0.2584549508524135
0.2584584230758413
0.2584618952992692
0.25846536752269705
0.2584688397461249
0.2584723119695527
0.2584757841929806
0.25847925641640845
0.2584827286398363
0.2584862008632642
0.2584896730866921
0.2584931453101199
0.25849661753354775
0.2585000897569756
0.2585035619804034
0.2585070342038313
0.25851050642725915
0.25851397865068704
0.2585174508741149
0.2585209230975427
0.2585243953209706
0.25852786754439844
0.25853133976782633
0.2585348119912541
0.25853828421468195
0.25854175643810984
0.25854522866153773
0.25854870088496557
0.2585521731083934
0.2585556453318213
0.25855911755524913
0.258562589778677
0.25856606200210486
0.2585695342255327
0.25857300644896053
0.25857647867238837
0.25857995089581626
0.25858342311924415
0.258586895342672
0.2585903675660998
0.2585938397895277
0.25859731201295555
0.25860078423638344
0.2586042564598113
0.2586077286832391
0.25861120090666695
0.2586146731300948
0.2586181453535227
0.25862161757695057
0.2586250898003784
0.25862856202380624
0.25863203424723413
0.25863550647066197
0.2586389786940898
0.25864245091751764
0.2586459231409455
0.25864939536437337
0.2586528675878012
0.25865633981122904
0.25865981203465693
0.2586632842580848
0.25866675648151266
0.2586702287049405
0.2586737009283684
0.2586771731517962
