0.28437509874135375
0.2843785709647816
0.28438204318820937
0.28438551541163726
0.28438898763506515
0.284392459858493
0.2843959320819208
0.2843994043053487
0.28440287652877655
0.28440634875220444
0.2844098209756323
0.2844132931990601
0.28441676542248795
0.2844202376459158
0.2844237098693437
0.28442718209277157
0.2844306543161994
0.28443412653962724
0.28443759876305513
0.28444107098648297
0.28444454320991086
0.2844480154333387
0.28445148765676653
0.28445495988019437
0.2844584321036222
0.2844619043270501
0.284465376550478
0.2844688487739058
0.28447232099733366
0.28447579322076155
0.2844792654441894
0.2844827376676172
0.28448620989104506
0.2844896821144729
0.2844931543379008
0.2844966265613286
0.2845000987847565
0.28450357100818435
0.28450704323161224
0.2845105154550401
0.2845139876784679
0.2845174599018958
0.28452093212532364
0.2845244043487515
0.2845278765721793
0.2845313487956072
0.28453482101903504
0.28453829324246294
0.2845417654658908
0.28454523768931866
0.2845487099127465
0.28455218213617434
0.2845556543596022
0.28455912658303006
0.2845625988064579
0.28456607102988574
0.28456954325331363
0.28457301547674146
0.2845764877001693
0.2845799599235972
0.2845834321470251
0.2845869043704529
0.28459037659388076
0.2845938488173086
0.28459732104073643
0.2846007932641643
0.28460426548759216
0.28460773771102
0.2846112099344479
0.2846146821578757
0.2846181543813036
0.28462162660473145
0.2846250988281593
0.2846285710515871
0.28463204327501496
0.28463551549844285
0.28463898772187074
0.2846424599452986
0.2846459321687264
0.2846494043921543
0.28465287661558214
0.28465634883901003
0.28465982106243787
0.2846632932858657
0.28466676550929354
0.2846702377327214
0.28467370995614927
0.28467718217957716
0.284680654403005
0.28468412662643283
0.2846875988498607
0.28469107107328856
0.2846945432967164
0.28469801552014423
0.2847014877435721
0.28470495996699996
0.2847084321904278
0.2847119044138557
0.2847153766372836
0.2847188488607114
0.28472232108413925
0.28472579330756714
0.284729265530995
0.2847327377544228
0.28473620997785065
0.2847396822012785
0.2847431544247064
0.2847466266481342
0.2847500988715621
0.28475357109498994
0.28475704331841784
0.28476051554184567
0.2847639877652735
0.28476745998870134
0.28477093221212924
0.28477440443555707
0.2847778766589849
0.2847813488824128
0.28478482110584064
0.2847882933292685
0.28479176555269636
0.28479523777612425
0.2847987099995521
0.2848021822229799
0.28480565444640776
0.28480912666983565
0.2848125988932635
0.2848160711166913
0.2848195433401192
0.28482301556354706
0.2848264877869749
0.2848299600104028
0.2848334322338306
0.28483690445725846
0.2848403766806863
0.2848438489041142
0.284847321127542
0.2848507933509699
0.28485426557439775
0.2848577377978256
0.2848612100212535
0.2848646822446813
0.2848681544681092
0.28487162669153704
0.2848750989149649
0.2848785711383927
0.28488204336182055
0.28488551558524844
0.28488898780867633
0.28489246003210417
0.284895932255532
0.2848994044789599
0.28490287670238773
0.28490634892581557
0.2849098211492434
0.2849132933726713
0.28491676559609913
0.28492023781952697
0.28492371004295486
0.28492718226638275
0.2849306544898106
0.2849341267132384
0.2849375989366663
0.28494107116009415
0.284944543383522
0.2849480156069498
0.2849514878303777
0.28495496005380555
0.2849584322772334
0.2849619045006613
0.28496537672408917
0.284968848947517
0.28497232117094484
0.2849757933943727
0.2849792656178005
0.2849827378412284
0.28498621006465624
0.2849896822880841
0.28499315451151197
0.2849966267349398
0.2850000989583677
0.28500357118179553
0.2850070434052234
0.28501051562865126
0.2850139878520791
0.28501746007550693
0.2850209322989348
0.28502440452236266
0.2850278767457905
0.2850313489692184
0.2850348211926462
0.28503829341607406
0.28504176563950195
0.28504523786292985
0.2850487100863576
0.28505218230978546
0.28505565453321335
0.28505912675664125
0.2850625989800691
0.2850660712034969
