0.012152781997493676
0.012156254220921604
0.012159726444349438
0.012163198667777273
0.012166670891205201
0.012170143114632943
0.012173615338060871
0.012177087561488706
0.01218055978491654
0.012184032008344468
0.012187504231772303
0.012190976455200137
0.012194448678627972
0.012197920902055806
0.012201393125483734
0.012204865348911569
0.012208337572339403
0.012211809795767237
0.012215282019195165
0.012218754242623
0.012222226466050836
0.01222569868947867
0.012229170912906505
0.012232643136334433
0.012236115359762267
0.012239587583190102
0.012243059806617936
0.01224653203004577
0.012250004253473699
0.012253476476901533
0.012256948700329368
0.012260420923757296
0.012263893147185038
0.012267365370612964
0.0122708375940408
0.012274309817468635
0.012277782040896563
0.012281254264324398
0.012284726487752232
0.012288198711180066
0.0122916709346079
0.012295143158035829
0.012298615381463663
0.012302087604891498
0.012305559828319332
0.01230903205174726
0.012312504275175095
0.012315976498602929
0.012319448722030765
0.0123229209454586
0.012326393168886528
0.012329865392314362
0.012333337615742197
0.012336809839170125
0.012340282062597865
0.012343754286025794
0.012347226509453628
0.012350698732881462
0.01235417095630939
0.012357643179737225
0.01236111540316506
0.012364587626592895
0.01236805985002073
0.012371532073448656
0.012375004296876492
0.012378476520304327
0.012381948743732161
0.012385420967159996
0.01238889319058783
0.012392365414015758
0.012395837637443593
0.012399309860871427
0.012402782084299355
0.012406254307727098
0.012409726531155024
0.01241319875458286
0.012416670978010694
0.012420143201438623
0.012423615424866457
0.012427087648294291
0.01243055987172222
0.01243403209514996
0.012437504318577888
0.012440976542005723
0.012444448765433557
0.012447920988861485
0.01245139321228932
0.012454865435717154
0.012458337659144988
0.012461809882572825
0.012465282106000659
0.012468754329428587
0.012472226552856422
0.012475698776284256
0.012479170999712184
0.012482643223139925
0.012486115446567853
0.012489587669995687
0.012493059893423522
0.01249653211685145
0.012500004340279284
0.012503476563707119
0.012506948787134953
0.01251042101056279
0.012513893233990716
0.012517365457418552
0.012520837680846386
0.012524309904274314
0.012527782127702055
0.012531254351129983
0.012534726574557817
0.012538198797985652
0.012541671021413486
0.012545143244841414
0.012548615468269249
0.012552087691697083
0.012555559915124918
0.012559032138552754
0.01256250436198068
0.012565976585408516
0.01256944880883635
0.012572921032264279
0.01257639325569202
0.012579865479119948
0.012583337702547782
0.012586809925975617
0.012590282149403545
0.012593754372831379
0.012597226596259213
0.012600698819687048
0.012604171043114884
0.01260764326654281
0.012611115489970645
0.012614587713398481
0.012618059936826315
0.012621532160254243
0.012625004383682078
0.012628476607109912
0.012631948830537747
0.012635421053965581
0.01263889327739351
0.012642365500821344
0.012645837724249178
0.012649309947677012
0.012652782171104849
0.012656254394532775
0.012659726617960611
0.012663198841388446
0.012666671064816372
0.012670143288244114
0.012673615511672042
0.012677087735099877
0.012680559958527711
0.01268403218195564
0.012687504405383474
0.012690976628811308
0.012694448852239143
0.012697921075666977
0.012701393299094905
0.01270486552252274
0.012708337745950576
0.01271180996937841
0.012715282192806338
0.012718754416234173
0.012722226639662007
0.012725698863089841
0.012729171086517676
0.012732643309945604
0.012736115533373438
0.012739587756801273
0.012743059980229107
0.012746532203656942
0.01275000442708487
0.012753476650512704
0.01275694887394054
0.012760421097368467
0.01276389332079621
0.012767365544224137
0.012770837767651972
0.012774309991079806
0.012777782214507734
0.012781254437935569
0.012784726661363403
0.012788198884791237
0.012791671108219072
0.012795143331647
0.012798615555074834
0.012802087778502669
0.012805560001930505
0.012809032225358431
0.012812504448786174
0.012815976672214102
0.012819448895641936
0.01282292111906977
0.012826393342497699
0.012829865565925533
0.012833337789353368
0.012836810012781296
0.012840282236209036
0.012843754459636965
