0.7420141465326897
0.7420176187561177
0.7420210909795455
0.7420245632029734
0.7420280354264012
0.7420315076498291
0.7420349798732568
0.7420384520966847
0.7420419243201126
0.7420453965435405
0.7420488687669683
0.7420523409903962
0.7420558132138241
0.7420592854372519
0.7420627576606798
0.7420662298841075
0.7420697021075354
0.7420731743309632
0.7420766465543912
0.7420801187778191
0.7420835910012469
0.7420870632246748
0.7420905354481026
0.7420940076715304
0.7420974798949582
0.7421009521183861
0.742104424341814
0.7421078965652419
0.7421113687886697
0.7421148410120976
0.7421183132355255
0.7421217854589532
0.7421252576823811
0.7421287299058089
0.7421322021292368
0.7421356743526647
0.7421391465760926
0.7421426187995204
0.7421460910229484
0.7421495632463762
0.7421530354698039
0.7421565076932318
0.7421599799166596
0.7421634521400875
0.7421669243635153
0.7421703965869433
0.7421738688103712
0.7421773410337991
0.7421808132572268
0.7421842854806547
0.7421877577040825
0.7421912299275104
0.7421947021509382
0.7421981743743661
0.742201646597794
0.7422051188212218
0.7422085910446498
0.7422120632680775
0.7422155354915054
0.7422190077149332
0.7422224799383611
0.7422259521617889
0.7422294243852168
0.7422328966086447
0.7422363688320726
0.7422398410555004
0.7422433132789282
0.7422467855023561
0.7422502577257839
0.7422537299492118
0.7422572021726396
0.7422606743960675
0.7422641466194954
0.7422676188429232
0.7422710910663511
0.7422745632897789
0.7422780355132068
0.7422815077366346
0.7422849799600625
0.7422884521834903
0.7422919244069182
0.742295396630346
0.7422988688537738
0.7423023410772018
0.7423058133006296
0.7423092855240575
0.7423127577474853
0.7423162299709132
0.742319702194341
0.7423231744177688
0.7423266466411967
0.7423301188646246
0.7423335910880525
0.7423370633114803
0.7423405355349082
0.742344007758336
0.7423474799817639
0.7423509522051916
0.7423544244286197
0.7423578966520474
0.7423613688754753
0.7423648410989032
0.742368313322331
0.7423717855457589
0.7423752577691867
0.7423787299926146
0.7423822022160423
0.7423856744394703
0.7423891466628981
0.742392618886326
0.7423960911097539
0.7423995633331817
0.7424030355566096
0.7424065077800374
0.7424099800034653
0.742413452226893
0.7424169244503209
0.7424203966737488
0.7424238688971768
0.7424273411206046
0.7424308133440325
0.7424342855674603
0.742437757790888
0.742441230014316
0.7424447022377437
0.7424481744611717
0.7424516466845995
0.7424551189080274
0.7424585911314553
0.7424620633548832
0.742465535578311
0.7424690078017389
0.7424724800251666
0.7424759522485945
0.7424794244720224
0.7424828966954502
0.7424863689188782
0.742489841142306
0.7424933133657339
0.7424967855891617
0.7425002578125895
0.7425037300360173
0.7425072022594452
0.742510674482873
0.7425141467063009
0.7425176189297289
0.7425210911531567
0.7425245633765846
0.7425280356000123
0.7425315078234402
0.742534980046868
0.7425384522702959
0.7425419244937238
0.7425453967171516
0.7425488689405795
0.7425523411640074
0.7425558133874353
0.742559285610863
0.7425627578342909
0.7425662300577187
0.7425697022811466
0.7425731745045744
0.7425766467280023
0.7425801189514303
0.7425835911748581
0.742587063398286
0.7425905356217137
0.7425940078451416
0.7425974800685694
0.7426009522919973
0.7426044245154252
0.7426078967388531
0.7426113689622809
0.7426148411857088
0.7426183134091366
0.7426217856325644
0.7426252578559923
0.7426287300794201
0.742632202302848
0.7426356745262759
0.7426391467497038
0.7426426189731316
0.7426460911965594
0.7426495634199873
0.7426530356434151
0.742656507866843
0.7426599800902708
0.7426634523136987
0.7426669245371265
0.7426703967605545
0.7426738689839824
0.7426773412074101
0.742680813430838
0.7426842856542658
0.7426877578776937
0.7426912301011215
0.7426947023245494
0.7426981745479773
0.7427016467714052
0.7427051189948329
