0.015625005425349104
0.01562847764877694
0.015631949872204776
0.01563542209563261
0.01563889431906054
0.01564236654248837
0.015645838765916208
0.01564931098934404
0.015652783212771876
0.015656255436199803
0.01565972765962764
0.01566319988305547
0.0156666721064834
0.015670144329911144
0.01567361655333907
0.015677088776766906
0.01568056100019474
0.01568403322362267
0.0156875054470505
0.015690977670478338
0.01569444989390617
0.015697922117334007
0.015701394340761933
0.01570486656418977
0.015708338787617602
0.015711811011045438
0.015715283234473364
0.0157187554579012
0.015722227681329037
0.01572569990475687
0.015729172128184706
0.015732644351612632
0.015736116575040468
0.0157395887984683
0.01574306102189623
0.01574653324532397
0.0157500054687519
0.015753477692179732
0.015756949915607568
0.015760422139035495
0.01576389436246333
0.015767366585891163
0.015770838809319
0.015774311032746836
0.015777783256174762
0.015781255479602598
0.01578472770303043
0.015788199926458267
0.0157916721498861
0.01579514437331403
0.015798616596741862
0.0158020888201697
0.01580556104359753
0.01580903326702546
0.015812505490453203
0.01581597771388113
0.015819449937308966
0.0158229221607368
0.01582639438416473
0.01582986660759256
0.015833338831020397
0.015836811054448324
0.015840283277876066
0.015843755501303992
0.01584722772473183
0.01585069994815966
0.01585417217158759
0.015857644395015424
0.01586111661844326
0.015864588841871093
0.01586806106529893
0.015871533288726765
0.01587500551215469
0.015878477735582527
0.01588194995901036
0.01588542218243829
0.01588889440586603
0.01589236662929396
0.01589583885272179
0.015899311076149628
0.015902783299577554
0.01590625552300539
0.015909727746433223
0.01591319996986106
0.015916672193288895
0.01592014441671682
0.015923616640144658
0.01592708886357249
0.01593056108700042
0.01593403331042816
0.01593750553385609
0.01594097775728392
0.015944449980711758
0.01594792220413959
0.01595139442756752
0.015954866650995353
0.01595833887442319
0.015961811097851025
0.015965283321278858
0.015968755544706784
0.01597222776813462
0.015975699991562457
0.015979172214990383
0.015982644438418125
0.015986116661846052
0.015989588885273888
0.01599306110870172
0.01599653333212965
0.016000005555557483
0.01600347777898532
0.016006950002413152
0.016010422225840988
0.016013894449268914
0.01601736667269675
0.016020838896124587
0.01602431111955242
0.01602778334298035
0.016031255566408182
0.016034727789836018
0.01603820001326385
0.016041672236691687
0.016045144460119613
0.01604861668354745
0.016052088906975282
0.01605556113040312
0.016059033353830954
0.01606250557725888
0.016065977800686717
0.01606945002411455
0.01607292224754248
0.01607639447097022
0.01607986669439815
0.01608333891782598
0.016086811141253817
0.016090283364681743
0.01609375558810958
0.016097227811537412
0.01610070003496525
0.01610417225839308
0.01610764448182101
0.016111116705248844
0.01611458892867668
0.016118061152104516
0.016121533375532442
0.01612500559896028
0.01612847782238811
0.016131950045815947
0.01613542226924378
0.01613889449267171
0.016142366716099543
0.01614583893952738
0.01614931116295521
0.016152783386383048
0.016156255609810974
0.01615972783323881
0.016163200056666646
0.016166672280094573
0.016170144503522315
0.01617361672695024
0.016177088950378078
0.01618056117380591
0.01618403339723384
0.016187505620661673
0.01619097784408951
0.01619445006751734
0.016197922290945178
0.016201394514373104
0.01620486673780094
0.016208338961228773
0.01621181118465661
0.016215283408084535
0.01621875563151237
0.016222227854940208
0.01622570007836804
0.016229172301795877
0.016232644525223803
0.01623611674865164
0.01623958897207947
0.0162430611955074
0.01624653341893514
0.01625000564236307
0.016253477865790903
0.01625695008921874
0.016260422312646666
0.0162638945360745
0.016267366759502338
0.01627083898293017
0.016274311206358007
0.016277783429785933
0.01628125565321377
0.016284727876641602
0.016288200100069438
0.01629167232349727
0.016295144546925107
0.016298616770353033
0.01630208899378087
0.016305561217208706
0.016309033440636632
0.016312505664064374
0.0163159778874923
