0.24687508572051586
0.2468785579439437
0.2468820301673716
0.24688550239079943
0.2468889746142273
0.24689244683765518
0.24689591906108296
0.24689939128451086
0.2469028635079387
0.24690633573136656
0.2469098079547944
0.24691328017822228
0.24691675240165012
0.24692022462507796
0.24692369684850585
0.24692716907193368
0.24693064129536155
0.24693411351878944
0.24693758574221722
0.2469410579656451
0.24694453018907295
0.2469480024125008
0.2469514746359287
0.24695494685935654
0.2469584190827844
0.2469618913062122
0.24696536352964008
0.24696883575306797
0.2469723079764958
0.24697578019992367
0.2469792524233515
0.2469827246467794
0.24698619687020718
0.24698966909363507
0.24699314131706296
0.2469966135404908
0.24700008576391866
0.2470035579873465
0.2470070302107744
0.24701050243420225
0.24701397465763006
0.24701744688105792
0.24702091910448576
0.24702439132791365
0.24702786355134151
0.24703133577476935
0.24703480799819724
0.24703828022162502
0.24704175244505291
0.2470452246684808
0.24704869689190861
0.2470521691153365
0.24705564133876434
0.24705911356219218
0.24706258578562001
0.2470660580090479
0.24706953023247577
0.2470730024559036
0.2470764746793315
0.24707994690275928
0.24708341912618717
0.24708689134961503
0.24709036357304287
0.24709383579647076
0.2470973080198986
0.24710078024332646
0.24710425246675435
0.24710772469018213
0.24711119691361003
0.24711466913703786
0.24711814136046573
0.24712161358389356
0.24712508580732145
0.24712855803074935
0.24713203025417713
0.24713550247760502
0.24713897470103285
0.24714244692446072
0.2471459191478886
0.24714939137131645
0.2471528635947443
0.24715633581817212
0.24715980804159998
0.24716328026502787
0.2471667524884557
0.24717022471188357
0.2471736969353114
0.24717716915873925
0.24718064138216714
0.24718411360559497
0.24718758582902287
0.24719105805245067
0.24719453027587857
0.2471980024993064
0.24720147472273424
0.24720494694616213
0.24720841916958997
0.24721189139301783
0.24721536361644567
0.24721883583987356
0.24722230806330142
0.24722578028672923
0.2472292525101571
0.24723272473358493
0.24723619695701282
0.24723966918044069
0.24724314140386852
0.2472466136272964
0.2472500858507242
0.24725355807415209
0.24725703029757998
0.24726050252100779
0.24726397474443568
0.2472674469678635
0.2472709191912914
0.24727439141471919
0.24727786363814708
0.24728133586157494
0.24728480808500278
0.24728828030843067
0.2472917525318585
0.24729522475528637
0.2472986969787142
0.24730216920214204
0.24730564142556993
0.24730911364899777
0.24731258587242563
0.24731605809585352
0.2473195303192813
0.2473230025427092
0.24732647476613703
0.24732994698956492
0.24733341921299273
0.24733689143642063
0.24734036365984852
0.2473438358832763
0.2473473081067042
0.24735078033013203
0.2473542525535599
0.24735772477698778
0.24736119700041562
0.24736466922384348
0.2473681414472713
0.24737161367069915
0.24737508589412704
0.24737855811755488
0.24738203034098274
0.24738550256441058
0.24738897478783847
0.24739244701126636
0.24739591923469414
0.24739939145812204
0.24740286368154984
0.24740633590497774
0.24740980812840557
0.24741328035183346
0.2474167525752613
0.24742022479868914
0.247423697022117
0.24742716924554484
0.24743064146897273
0.2474341136924006
0.24743758591582843
0.24744105813925626
0.2474445303626841
0.247448002586112
0.24745147480953986
0.2474549470329677
0.24745841925639558
0.24746189147982336
0.24746536370325126
0.24746883592667915
0.24747230815010698
0.24747578037353485
0.24747925259696268
0.24748272482039058
0.24748619704381836
0.24748966926724625
0.2474931414906741
0.24749661371410195
0.24750008593752984
0.24750355816095768
0.24750703038438554
0.24751050260781343
0.2475139748312412
0.2475174470546691
0.24752091927809694
0.2475243915015248
0.2475278637249527
0.24753133594838053
0.24753480817180842
0.2475382803952362
0.2475417526186641
0.2475452248420919
0.2475486970655198
0.2475521692889477
0.24755564151237552
0.24755911373580336
0.2475625859592312
0.24756605818265906
