0.05034723970390265
0.05035071192733049
0.050354184150758326
0.05035765637418625
0.05036112859761409
0.05036460082104192
0.050368073044469754
0.05037154526789768
0.050375017491325516
0.05037848971475335
0.05038196193818119
0.05038543416160902
0.05038890638503695
0.05039237860846478
0.050395850831892616
0.05039932305532054
0.05040279527874829
0.050406267502176215
0.05040973972560405
0.05041321194903189
0.050416684172459814
0.05042015639588765
0.05042362861931548
0.050427100842743315
0.05043057306617115
0.05043404528959908
0.050437517513026914
0.05044098973645475
0.05044446195988258
0.050447934183310415
0.05045140640673834
0.05045487863016618
0.050458350853594014
0.05046182307702185
0.050465295300449776
0.050468767523877515
0.05047223974730545
0.05047571197073328
0.050479184194161114
0.05048265641758904
0.05048612864101688
0.05048960086444471
0.05049307308787264
0.050496545311300385
0.05050001753472831
0.05050348975815615
0.05050696198158398
0.05051043420501191
0.05051390642843974
0.050517378651867575
0.05052085087529541
0.05052432309872325
0.050527795322151174
0.05053126754557901
0.05053473976900684
0.050538211992434676
0.0505416842158626
0.05054515643929035
0.050548628662718274
0.05055210088614611
0.05055557310957395
0.05055904533300187
0.05056251755642971
0.05056598977985754
0.050569462003285374
0.05057293422671321
0.05057640645014114
0.05057987867356897
0.05058335089699681
0.050586823120424736
0.050590295343852475
0.0505937675672804
0.05059723979070824
0.05060071201413607
0.050604184237564
0.050607656460991836
0.05061112868441967
0.05061460090784751
0.05061807313127534
0.050621545354703174
0.0506250175781311
0.050628489801558936
0.05063196202498677
0.0506354342484147
0.050638906471842444
0.05064237869527037
0.05064585091869821
0.050649323142126036
0.05065279536555396
0.0506562675889818
0.050659739812409635
0.05066321203583747
0.05066668425926531
0.050670156482693234
0.05067362870612107
0.0506771009295489
0.050680573152976735
0.05068404537640457
0.0506875175998325
0.050690989823260334
0.05069446204668817
0.050697934270116006
0.05070140649354393
0.05070487871697177
0.0507083509403996
0.050711823163827434
0.05071529538725527
0.050718767610683196
0.05072223983411103
0.05072571205753887
0.050729184280966795
0.050732656504394534
0.05073612872782246
0.0507396009512503
0.05074307317467813
0.05074654539810606
0.050750017621533895
0.05075348984496173
0.05075696206838957
0.0507604342918174
0.05076390651524533
0.05076737873867316
0.050770850962100995
0.05077432318552883
0.05077779540895676
0.050781267632384594
0.05078473985581243
0.05078821207924026
0.050791684302668096
0.05079515652609602
0.05079862874952386
0.050802100972951694
0.05080557319637953
0.05080904541980737
0.05081251764323529
0.05081598986666313
0.05081946209009096
0.05082293431351889
0.05082640653694663
0.05082987876037456
0.05083335098380239
0.05083682320723023
0.050840295430658156
0.05084376765408599
0.05084723987751383
0.05085071210094166
0.05085418432436949
0.05085765654779742
0.050861128771225256
0.05086460099465309
0.05086807321808093
0.050871545441508854
0.05087501766493669
0.05087848988836452
0.050881962111792356
0.05088543433522019
0.05088890655864812
0.050892378782075955
0.05089585100550379
0.05089932322893172
0.050902795452359456
0.05090626767578739
0.05090973989921522
0.050913212122643055
0.05091668434607098
0.05092015656949882
0.05092362879292665
0.05092710101635449
0.05093057323978232
0.05093404546321025
0.05093751768663808
0.05094098991006592
0.050944462133493754
0.05094793435692159
0.050951406580349516
0.05095487880377735
0.05095835102720519
0.05096182325063302
0.05096529547406095
0.05096876769748869
0.050972239920916616
0.05097571214434445
0.05097918436777229
0.050982656591200215
0.05098612881462805
0.05098960103805589
0.050993073261483814
0.05099654548491155
0.05100001770833948
0.051003489931767315
0.05100696215519515
0.05101043437862308
0.051013906602050914
0.05101737882547875
0.05102085104890658
0.051024323272334415
0.05102779549576234
0.05103126771919018
0.051034739942618014
0.05103821216604585
