0.5392362983459369
0.5392397705693648
0.5392432427927927
0.5392467150162205
0.5392501872396483
0.5392536594630761
0.539257131686504
0.5392606039099319
0.5392640761333598
0.5392675483567876
0.5392710205802155
0.5392744928036434
0.5392779650270711
0.539281437250499
0.5392849094739268
0.5392883816973547
0.5392918539207826
0.5392953261442105
0.5392987983676383
0.5393022705910662
0.5393057428144941
0.539309215037922
0.5393126872613497
0.5393161594847775
0.5393196317082054
0.5393231039316333
0.5393265761550612
0.539330048378489
0.5393335206019169
0.5393369928253448
0.5393404650487726
0.5393439372722004
0.5393474094956283
0.5393508817190561
0.539354353942484
0.5393578261659119
0.5393612983893397
0.5393647706127676
0.5393682428361954
0.5393717150596233
0.5393751872830511
0.539378659506479
0.5393821317299068
0.5393856039533347
0.5393890761767626
0.5393925484001904
0.5393960206236182
0.5393994928470461
0.539402965070474
0.5394064372939018
0.5394099095173297
0.5394133817407575
0.5394168539641854
0.5394203261876133
0.539423798411041
0.5394272706344689
0.5394307428578968
0.5394342150813247
0.5394376873047525
0.5394411595281804
0.5394446317516082
0.5394481039750362
0.539451576198464
0.5394550484218917
0.5394585206453196
0.5394619928687475
0.5394654650921754
0.5394689373156032
0.5394724095390311
0.5394758817624589
0.5394793539858869
0.5394828262093146
0.5394862984327425
0.5394897706561703
0.5394932428795982
0.5394967151030261
0.5395001873264539
0.5395036595498818
0.5395071317733096
0.5395106039967376
0.5395140762201653
0.5395175484435932
0.539521020667021
0.5395244928904489
0.5395279651138768
0.5395314373373046
0.5395349095607325
0.5395383817841602
0.5395418540075883
0.539545326231016
0.5395487984544439
0.5395522706778717
0.5395557429012996
0.5395592151247275
0.5395626873481553
0.5395661595715832
0.5395696317950109
0.5395731040184389
0.5395765762418667
0.5395800484652946
0.5395835206887224
0.5395869929121504
0.5395904651355782
0.5395939373590061
0.5395974095824339
0.5396008818058616
0.5396043540292896
0.5396078262527174
0.5396112984761453
0.5396147706995731
0.5396182429230011
0.5396217151464289
0.5396251873698568
0.5396286595932845
0.5396321318167124
0.5396356040401403
0.5396390762635681
0.539642548486996
0.5396460207104238
0.5396494929338518
0.5396529651572796
0.5396564373807075
0.5396599096041352
0.5396633818275631
0.539666854050991
0.5396703262744188
0.5396737984978467
0.5396772707212745
0.5396807429447025
0.5396842151681303
0.5396876873915581
0.5396911596149859
0.5396946318384138
0.5396981040618417
0.5397015762852695
0.5397050485086974
0.5397085207321252
0.5397119929555532
0.539715465178981
0.5397189374024088
0.5397224096258366
0.5397258818492645
0.5397293540726924
0.5397328262961203
0.5397362985195481
0.5397397707429759
0.5397432429664039
0.5397467151898316
0.5397501874132595
0.5397536596366873
0.5397571318601152
0.5397606040835431
0.539764076306971
0.5397675485303988
0.5397710207538267
0.5397744929772545
0.5397779652006823
0.5397814374241102
0.539784909647538
0.5397883818709659
0.5397918540943938
0.5397953263178217
0.5397987985412495
0.5398022707646773
0.5398057429881052
0.539809215211533
0.5398126874349609
0.5398161596583887
0.5398196318818166
0.5398231041052445
0.5398265763286724
0.5398300485521002
0.539833520775528
0.5398369929989559
0.5398404652223837
0.5398439374458116
0.5398474096692394
0.5398508818926673
0.5398543541160952
0.5398578263395231
0.5398612985629508
0.5398647707863787
0.5398682430098066
0.5398717152332345
0.5398751874566623
0.5398786596800902
0.539882131903518
0.5398856041269459
0.5398890763503738
0.5398925485738015
0.5398960207972294
0.5398994930206573
0.5399029652440852
0.539906437467513
0.5399099096909409
0.5399133819143687
0.5399168541377966
0.5399203263612244
0.5399237985846522
0.5399272708080801
