0.4927085044126751
0.49271197663610306
0.4927154488595309
0.49271892108295867
0.4927223933063865
0.49272586552981434
0.4927293377532423
0.4927328099766701
0.49273628220009796
0.4927397544235258
0.49274322664695375
0.4927466988703816
0.4927501710938094
0.49275364331723726
0.4927571155406651
0.492760587764093
0.4927640599875208
0.49276753221094866
0.4927710044343765
0.49277447665780444
0.4927779488812323
0.4927814211046601
0.49278489332808795
0.4927883655515158
0.4927918377749437
0.4927953099983715
0.49279878222179935
0.4928022544452272
0.49280572666865513
0.49280919889208297
0.4928126711155108
0.49281614333893864
0.4928196155623665
0.49282308778579437
0.4928265600092222
0.49283003223265004
0.4928335044560779
0.4928369766795058
0.49284044890293366
0.4928439211263615
0.49284739334978933
0.49285086557321717
0.4928543377966451
0.49285781002007295
0.49286128224350073
0.49286475446692857
0.4928682266903565
0.49287169891378435
0.4928751711372122
0.49287864336064
0.49288211558406786
0.4928855878074958
0.49288906003092364
0.4928925322543515
0.4928960044777793
0.4928994767012072
0.49290294892463504
0.4929064211480629
0.4929098933714907
0.49291336559491855
0.4929168378183465
0.49292031004177433
0.49292378226520217
0.49292725448863
0.4929307267120579
0.49293419893548573
0.49293767115891357
0.4929411433823414
0.49294461560576924
0.4929480878291972
0.492951560052625
0.49295503227605286
0.4929585044994807
0.4929619767229086
0.4929654489463364
0.49296892116976426
0.4929723933931921
0.49297586561661993
0.4929793378400479
0.4929828100634757
0.49298628228690355
0.4929897545103314
0.49299322673375934
0.4929966989571872
0.493000171180615
0.4930036434040428
0.4930071156274706
0.4930105878508986
0.4930140600743264
0.49301753229775425
0.4930210045211821
0.49302447674461003
0.49302794896803787
0.4930314211914657
0.49303489341489354
0.4930383656383214
0.49304183786174927
0.4930453100851771
0.49304878230860494
0.4930522545320328
0.4930557267554607
0.49305919897888856
0.4930626712023164
0.49306614342574423
0.49306961564917207
0.49307308787259996
0.4930765600960278
0.49308003231945563
0.49308350454288347
0.4930869767663114
0.49309044898973925
0.4930939212131671
0.4930973934365949
0.49310086566002276
0.49310433788345065
0.4931078101068785
0.4931112823303063
0.49311475455373416
0.4931182267771621
0.49312169900058994
0.4931251712240178
0.4931286434474456
0.49313211567087345
0.4931355878943014
0.49313906011772923
0.49314253234115707
0.49314600456458485
0.4931494767880128
0.49315294901144063
0.49315642123486847
0.4931598934582963
0.49316336568172414
0.4931668379051521
0.4931703101285799
0.49317378235200776
0.4931772545754356
0.4931807267988635
0.4931841990222913
0.49318767124571916
0.493191143469147
0.49319461569257483
0.4931980879160028
0.4932015601394306
0.49320503236285845
0.4932085045862863
0.4932119768097142
0.493215449033142
0.49321892125656985
0.4932223934799977
0.4932258657034255
0.4932293379268535
0.4932328101502813
0.49323628237370915
0.493239754597137
0.4932432268205649
0.4932466990439927
0.49325017126742055
0.4932536434908484
0.4932571157142762
0.49326058793770416
0.493264060161132
0.49326753238455984
0.4932710046079877
0.4932744768314156
0.49327794905484346
0.4932814212782713
0.49328489350169913
0.4932883657251269
0.49329183794855486
0.4932953101719827
0.49329878239541053
0.49330225461883837
0.4933057268422663
0.49330919906569415
0.493312671289122
0.4933161435125498
0.49331961573597766
0.49332308795940555
0.4933265601828334
0.4933300324062612
0.49333350462968906
0.493336976853117
0.49334044907654484
0.4933439212999727
0.4933473935234005
0.49335086574682835
0.49335433797025624
0.4933578101936841
0.4933612824171119
0.49336475464053975
0.4933682268639677
0.49337169908739553
0.49337517131082337
0.4933786435342512
0.49338211575767904
0.49338558798110693
0.49338906020453477
0.4933925324279626
0.49339600465139044
0.4933994768748184
