0.3600695694686005
0.36007304169202836
0.3600765139154562
0.36007998613888403
0.3600834583623119
0.36008693058573976
0.36009040280916765
0.3600938750325955
0.3600973472560233
0.36010081947945116
0.3601042917028791
0.36010776392630695
0.3601112361497348
0.3601147083731626
0.3601181805965904
0.36012165282001835
0.3601251250434462
0.360128597266874
0.36013206949030185
0.36013554171372975
0.36013901393715764
0.3601424861605855
0.3601459583840133
0.36014943060744115
0.36015290283086904
0.3601563750542969
0.3601598472777247
0.3601633195011526
0.36016679172458044
0.36017026394800833
0.36017373617143617
0.360177208394864
0.3601806806182919
0.36018415284171973
0.36018762506514757
0.3601910972885754
0.36019456951200324
0.3601980417354312
0.360201513958859
0.36020498618228686
0.3602084584057147
0.3602119306291426
0.3602154028525704
0.36021887507599826
0.3602223472994261
0.360225819522854
0.3602292917462818
0.3602327639697097
0.36023623619313755
0.3602397084165654
0.3602431806399933
0.36024665286342117
0.360250125086849
0.36025359731027684
0.3602570695337047
0.36026054175713257
0.3602640139805604
0.36026748620398824
0.3602709584274161
0.3602744306508439
0.36027790287427186
0.3602813750976997
0.36028484732112753
0.36028831954455537
0.3602917917679832
0.3602952639914111
0.36029873621483893
0.36030220843826677
0.36030568066169466
0.3603091528851225
0.3603126251085504
0.3603160973319782
0.3603195695554061
0.36032304177883395
0.3603265140022618
0.3603299862256896
0.3603334584491175
0.36033693067254535
0.36034040289597324
0.3603438751194011
0.3603473473428289
0.36035081956625675
0.3603542917896847
0.3603577640131125
0.3603612362365403
0.36036470845996815
0.360368180683396
0.36037165290682394
0.36037512513025177
0.3603785973536796
0.36038206957710744
0.36038554180053534
0.36038901402396323
0.36039248624739106
0.3603959584708189
0.36039943069424674
0.36040290291767463
0.36040637514110246
0.3604098473645303
0.3604133195879582
0.3604167918113861
0.3604202640348139
0.36042373625824176
0.3604272084816696
0.36043068070509743
0.3604341529285253
0.36043762515195316
0.360441097375381
0.36044456959880883
0.3604480418222368
0.3604515140456646
0.36045498626909245
0.3604584584925203
0.3604619307159482
0.360465402939376
0.36046887516280385
0.3604723473862317
0.3604758196096596
0.3604792918330874
0.3604827640565153
0.36048623627994314
0.360489708503371
0.36049318072679887
0.36049665295022676
0.36050012517365454
0.3605035973970824
0.36050706962051027
0.36051054184393816
0.360514014067366
0.36051748629079383
0.36052095851422167
0.3605244307376495
0.36052790296107745
0.3605313751845053
0.3605348474079331
0.36053831963136096
0.3605417918547888
0.3605452640782167
0.3605487363016445
0.36055220852507236
0.36055568074850025
0.3605591529719281
0.360562625195356
0.3605660974187838
0.36056956964221165
0.3605730418656395
0.3605765140890674
0.3605799863124952
0.3605834585359231
0.36058693075935094
0.36059040298277883
0.36059387520620667
0.3605973474296345
0.36060081965306234
0.36060429187649023
0.36060776409991807
0.3606112363233459
0.36061470854677374
0.36061818077020164
0.3606216529936295
0.36062512521705736
0.3606285974404852
0.36063206966391304
0.3606355418873409
0.3606390141107688
0.3606424863341966
0.36064595855762444
0.3606494307810523
0.3606529030044802
0.36065637522790805
0.3606598474513359
0.3606633196747638
0.3606667918981917
0.3606702641216195
0.36067373634504735
0.3606772085684752
0.360680680791903
0.3606841530153309
0.36068762523875875
0.3606910974621866
0.3606945696856144
0.36069804190904237
0.3607015141324702
0.36070498635589804
0.3607084585793259
0.3607119308027537
0.36071540302618155
0.36071887524960944
0.3607223474730373
0.36072581969646517
0.360729291919893
0.3607327641433209
0.36073623636674873
0.36073970859017657
0.36074318081360446
0.3607466530370323
0.36075012526046013
0.36075359748388797
0.36075706970731586
0.36076054193074375
