0.4934029490982462
0.49340642132167406
0.4934098935451019
0.49341336576852973
0.4934168379919577
0.4934203102153855
0.49342378243881335
0.4934272546622412
0.4934307268856691
0.4934341991090969
0.49343767133252475
0.4934411435559526
0.4934446157793804
0.49344808800280837
0.4934515602262362
0.49345503244966404
0.4934585046730919
0.49346197689651977
0.4934654491199476
0.49346892134337544
0.4934723935668033
0.4934758657902311
0.49347933801365906
0.4934828102370869
0.49348628246051474
0.49348975468394257
0.49349322690737046
0.4934966991307983
0.49350017135422614
0.49350364357765397
0.4935071158010818
0.49351058802450976
0.4935140602479376
0.4935175324713654
0.49352100469479326
0.4935244769182212
0.493527949141649
0.49353142136507683
0.49353489358850466
0.4935383658119325
0.49354183803536045
0.4935453102587883
0.4935487824822161
0.49355225470564396
0.4935557269290719
0.49355919915249974
0.4935626713759276
0.4935661435993554
0.49356961582278325
0.49357308804621114
0.493576560269639
0.4935800324930668
0.49358350471649465
0.4935869769399226
0.49359044916335043
0.49359392138677827
0.4935973936102061
0.49360086583363394
0.49360433805706183
0.49360781028048967
0.4936112825039175
0.49361475472734534
0.4936182269507733
0.4936216991742011
0.49362517139762896
0.4936286436210568
0.49363211584448463
0.4936355880679125
0.49363906029134036
0.4936425325147682
0.49364600473819603
0.493649476961624
0.4936529491850518
0.49365642140847965
0.4936598936319075
0.4936633658553353
0.4936668380787632
0.49367031030219105
0.4936737825256189
0.4936772547490467
0.49368072697247467
0.4936841991959025
0.49368767141933034
0.4936911436427582
0.493694615866186
0.49369808808961396
0.4937015603130418
0.49370503253646963
0.49370850475989747
0.49371197698332536
0.4937154492067532
0.49371892143018103
0.49372239365360887
0.4937258658770367
0.49372933810046465
0.4937328103238925
0.4937362825473203
0.49373975477074816
0.49374322699417605
0.4937466992176039
0.4937501714410317
0.49375364366445956
0.4937571158878874
0.49376058811131535
0.4937640603347432
0.493767532558171
0.49377100478159885
0.49377447700502675
0.4937779492284546
0.4937814214518824
0.49378489367531025
0.4937883658987381
0.49379183812216604
0.4937953103455939
0.4937987825690217
0.49380225479244955
0.4938057270158775
0.4938091992393053
0.4938126714627331
0.49381614368616095
0.4938196159095888
0.49382308813301673
0.49382656035644457
0.4938300325798724
0.49383350480330024
0.4938369770267282
0.493840449250156
0.49384392147358386
0.4938473936970117
0.49385086592043953
0.4938543381438674
0.49385781036729526
0.4938612825907231
0.49386475481415093
0.4938682270375789
0.4938716992610067
0.49387517148443455
0.4938786437078624
0.4938821159312902
0.4938855881547181
0.49388906037814595
0.4938925326015738
0.4938960048250016
0.49389947704842957
0.4939029492718574
0.49390642149528524
0.4939098937187131
0.4939133659421409
0.4939168381655688
0.49392031038899664
0.4939237826124245
0.4939272548358523
0.49393072705928026
0.4939341992827081
0.49393767150613593
0.49394114372956377
0.4939446159529916
0.49394808817641955
0.49395156039984733
0.49395503262327517
0.493958504846703
0.49396197707013095
0.4939654492935588
0.4939689215169866
0.49397239374041446
0.4939758659638423
0.49397933818727024
0.4939828104106981
0.4939862826341259
0.49398975485755375
0.49399322708098165
0.4939966993044095
0.4940001715278373
0.49400364375126515
0.494007115974693
0.49401058819812094
0.4940140604215488
0.4940175326449766
0.49402100486840445
0.49402447709183234
0.4940279493152602
0.494031421538688
0.49403489376211585
0.4940383659855437
0.49404183820897163
0.49404531043239946
0.4940487826558273
0.49405225487925514
0.49405572710268303
0.49405919932611086
0.4940626715495387
0.49406614377296654
0.4940696159963944
0.4940730882198223
0.49407656044325016
0.494080032666678
0.49408350489010583
0.4940869771135338
0.4940904493369616
0.4940939215603894
