0.13506949134357335
0.13507296356700121
0.1350764357904291
0.13507990801385694
0.1350833802372848
0.13508685246071261
0.13509032468414048
0.13509379690756831
0.1350972691309962
0.1351007413544241
0.1351042135778519
0.1351076858012798
0.13511115802470758
0.13511463024813547
0.13511810247156336
0.1351215746949912
0.13512504691841906
0.1351285191418469
0.1351319913652748
0.13513546358870265
0.13513893581213046
0.13514240803555833
0.13514588025898616
0.13514935248241405
0.1351528247058419
0.13515629692926975
0.1351597691526976
0.13516324137612543
0.13516671359955332
0.13517018582298115
0.13517365804640902
0.1351771302698369
0.1351806024932647
0.13518407471669258
0.13518754694012042
0.1351910191635483
0.13519449138697617
0.135197963610404
0.1352014358338319
0.13520490805725968
0.13520838028068757
0.13521185250411544
0.13521532472754327
0.13521879695097117
0.135222269174399
0.13522574139782687
0.13522921362125467
0.13523268584468254
0.13523615806811043
0.13523963029153827
0.13524310251496613
0.13524657473839397
0.13525004696182186
0.13525351918524975
0.13525699140867753
0.13526046363210542
0.13526393585553326
0.13526740807896112
0.135270880302389
0.13527435252581685
0.13527782474924469
0.13528129697267252
0.13528476919610039
0.13528824141952828
0.1352917136429561
0.13529518586638398
0.1352986580898118
0.13530213031323965
0.13530560253666749
0.13530907476009538
0.13531254698352327
0.13531601920695108
0.13531949143037897
0.13532296365380675
0.13532643587723464
0.13532990810066253
0.13533338032409037
0.13533685254751823
0.13534032477094607
0.13534379699437396
0.13534726921780182
0.13535074144122963
0.1353542136646575
0.13535768588808533
0.13536115811151322
0.13536463033494106
0.13536810255836892
0.13537157478179682
0.1353750470052246
0.1353785192286525
0.13538199145208032
0.1353854636755082
0.13538893589893608
0.13539240812236392
0.1353958803457918
0.1353993525692196
0.13540282479264748
0.13540629701607534
0.13540976923950318
0.13541324146293107
0.1354167136863589
0.13542018590978674
0.1354236581332146
0.13542713035664244
0.13543060258007034
0.13543407480349817
0.13543754702692604
0.13544101925035384
0.1354444914737817
0.1354479636972096
0.13545143592063744
0.13545490814406533
0.13545838036749314
0.13546185259092103
0.13546532481434892
0.1354687970377767
0.1354722692612046
0.13547574148463243
0.1354792137080603
0.13548268593148818
0.13548615815491602
0.13548963037834388
0.1354931026017717
0.13549657482519956
0.13550004704862745
0.13550351927205528
0.13550699149548315
0.13551046371891098
0.13551393594233888
0.13551740816576666
0.13552088038919455
0.13552435261262244
0.13552782483605025
0.13553129705947814
0.13553476928290598
0.13553824150633387
0.1355417137297617
0.13554518595318954
0.1355486581766174
0.13555213040004524
0.13555560262347313
0.135559074846901
0.1355625470703288
0.13556601929375667
0.1355694915171845
0.1355729637406124
0.13557643596404026
0.1355799081874681
0.135583380410896
0.13558685263432377
0.13559032485775166
0.1355937970811795
0.1355972693046074
0.13560074152803525
0.1356042137514631
0.13560768597489098
0.13561115819831876
0.13561463042174665
0.13561810264517452
0.13562157486860235
0.13562504709203024
0.13562851931545808
0.13563199153888594
0.13563546376231383
0.13563893598574162
0.1356424082091695
0.13564588043259734
0.1356493526560252
0.13565282487945304
0.13565629710288094
0.13565976932630877
0.1356632415497366
0.1356667137731645
0.1356701859965923
0.1356736582200202
0.1356771304434481
0.13568060266687587
0.13568407489030376
0.1356875471137316
0.13569101933715946
0.13569449156058735
0.1356979637840152
0.13570143600744305
0.13570490823087086
0.13570838045429873
0.13571185267772662
0.13571532490115445
0.13571879712458232
0.13572226934801015
0.13572574157143805
0.13572921379486583
0.13573268601829372
0.1357361582417216
0.13573963046514945
0.1357431026885773
0.13574657491200515
0.13575004713543304
0.1357535193588609
0.1357569915822887
0.13576046380571657
