0.5718751985677772
0.5718786707912051
0.5718821430146329
0.5718856152380609
0.5718890874614887
0.5718925596849166
0.5718960319083444
0.5718995041317723
0.5719029763552002
0.5719064485786279
0.5719099208020558
0.5719133930254836
0.5719168652489116
0.5719203374723394
0.5719238096957673
0.5719272819191951
0.571930754142623
0.5719342263660508
0.5719376985894786
0.5719411708129065
0.5719446430363343
0.5719481152597623
0.5719515874831901
0.571955059706618
0.5719585319300458
0.5719620041534736
0.5719654763769015
0.5719689486003293
0.5719724208237572
0.571975893047185
0.571979365270613
0.5719828374940408
0.5719863097174687
0.5719897819408964
0.5719932541643243
0.5719967263877522
0.57200019861118
0.5720036708346079
0.5720071430580357
0.5720106152814637
0.5720140875048915
0.5720175597283194
0.5720210319517471
0.5720245041751751
0.5720279763986029
0.5720314486220308
0.5720349208454586
0.5720383930688864
0.5720418652923144
0.5720453375157422
0.57204880973917
0.5720522819625978
0.5720557541860258
0.5720592264094536
0.5720626986328815
0.5720661708563093
0.5720696430797372
0.5720731153031651
0.5720765875265929
0.5720800597500207
0.5720835319734485
0.5720870041968765
0.5720904764203043
0.5720939486437322
0.57209742086716
0.5721008930905879
0.5721043653140158
0.5721078375374435
0.5721113097608714
0.5721147819842992
0.5721182542077272
0.572121726431155
0.5721251986545829
0.5721286708780107
0.5721321431014386
0.5721356153248665
0.5721390875482942
0.5721425597717221
0.5721460319951499
0.5721495042185779
0.5721529764420057
0.5721564486654336
0.5721599208888614
0.5721633931122893
0.5721668653357171
0.572170337559145
0.5721738097825728
0.5721772820060006
0.5721807542294286
0.5721842264528564
0.5721876986762843
0.572191170899712
0.57219464312314
0.5721981153465678
0.5722015875699957
0.5722050597934235
0.5722085320168514
0.5722120042402793
0.5722154764637071
0.572218948687135
0.5722224209105627
0.5722258931339906
0.5722293653574185
0.5722328375808464
0.5722363098042742
0.5722397820277021
0.57224325425113
0.5722467264745578
0.5722501986979857
0.5722536709214134
0.5722571431448413
0.5722606153682692
0.5722640875916971
0.5722675598151249
0.5722710320385528
0.5722745042619807
0.5722779764854085
0.5722814487088363
0.5722849209322641
0.572288393155692
0.5722918653791199
0.5722953376025478
0.5722988098259756
0.5723022820494035
0.5723057542728314
0.5723092264962593
0.572312698719687
0.5723161709431149
0.5723196431665427
0.5723231153899706
0.5723265876133985
0.5723300598368263
0.5723335320602542
0.5723370042836821
0.57234047650711
0.5723439487305377
0.5723474209539656
0.5723508931773934
0.5723543654008213
0.5723578376242492
0.572361309847677
0.572364782071105
0.5723682542945328
0.5723717265179606
0.5723751987413884
0.5723786709648163
0.5723821431882441
0.572385615411672
0.5723890876350999
0.5723925598585277
0.5723960320819556
0.5723995043053834
0.5724029765288113
0.5724064487522391
0.572409920975667
0.5724133931990948
0.5724168654225227
0.5724203376459506
0.5724238098693784
0.5724272820928062
0.5724307543162341
0.572434226539662
0.5724376987630898
0.5724411709865177
0.5724446432099455
0.5724481154333735
0.5724515876568013
0.5724550598802292
0.5724585321036569
0.5724620043270848
0.5724654765505127
0.5724689487739405
0.5724724209973684
0.5724758932207962
0.5724793654442242
0.572482837667652
0.5724863098910798
0.5724897821145077
0.5724932543379355
0.5724967265613634
0.5725001987847912
0.5725036710082191
0.5725071432316469
0.5725106154550749
0.5725140876785026
0.5725175599019305
0.5725210321253583
0.5725245043487862
0.5725279765722141
0.5725314487956419
0.5725349210190698
0.5725383932424976
0.5725418654659256
0.5725453376893533
0.5725488099127812
0.572552282136209
0.572555754359637
0.5725592265830648
0.5725626988064926
0.5725661710299205
