0.9746531161989986
0.9746565884224265
0.9746600606458543
0.9746635328692822
0.9746670050927102
0.9746704773161379
0.9746739495395659
0.9746774217629937
0.9746808939864215
0.9746843662098493
0.9746878384332772
0.974691310656705
0.9746947828801329
0.9746982551035609
0.9747017273269886
0.9747051995504166
0.9747086717738442
0.9747121439972722
0.9747156162207001
0.9747190884441279
0.9747225606675559
0.9747260328909836
0.9747295051144116
0.9747329773378393
0.9747364495612673
0.9747399217846952
0.9747433940081229
0.9747468662315508
0.9747503384549786
0.9747538106784066
0.9747572829018343
0.9747607551252623
0.97476422734869
0.974767699572118
0.9747711717955458
0.9747746440189736
0.9747781162424015
0.9747815884658293
0.9747850606892572
0.974788532912685
0.974792005136113
0.9747954773595406
0.9747989495829686
0.9748024218063963
0.9748058940298243
0.9748093662532522
0.97481283847668
0.974816310700108
0.9748197829235357
0.9748232551469637
0.9748267273703913
0.9748301995938193
0.974833671817247
0.974837144040675
0.9748406162641029
0.9748440884875307
0.9748475607109587
0.9748510329343864
0.9748545051578144
0.974857977381242
0.97486144960467
0.9748649218280979
0.9748683940515257
0.9748718662749536
0.9748753384983814
0.9748788107218093
0.974882282945237
0.974885755168665
0.9748892273920927
0.9748926996155207
0.9748961718389486
0.9748996440623764
0.9749031162858043
0.9749065885092321
0.97491006073266
0.9749135329560877
0.9749170051795157
0.9749204774029434
0.9749239496263714
0.9749274218497991
0.9749308940732271
0.974934366296655
0.9749378385200828
0.9749413107435109
0.9749447829669384
0.9749482551903665
0.9749517274137941
0.9749551996372222
0.97495867186065
0.9749621440840778
0.9749656163075057
0.9749690885309334
0.9749725607543613
0.9749760329777891
0.9749795052012172
0.9749829774246448
0.9749864496480729
0.9749899218715007
0.9749933940949286
0.9749968663183564
0.9750003385417843
0.975003810765212
0.9750072829886398
0.9750107552120679
0.9750142274354955
0.9750176996589236
0.9750211718823512
0.9750246441057793
0.975028116329207
0.9750315885526349
0.975035060776063
0.9750385329994906
0.9750420052229186
0.9750454774463463
0.9750489496697743
0.9750524218932021
0.97505589411663
0.9750593663400577
0.9750628385634856
0.9750663107869134
0.9750697830103413
0.9750732552337693
0.975076727457197
0.975080199680625
0.9750836719040528
0.9750871441274807
0.9750906163509084
0.9750940885743363
0.9750975607977641
0.975101033021192
0.97510450524462
0.9751079774680477
0.9751114496914757
0.9751149219149033
0.9751183941383313
0.9751218663617591
0.975125338585187
0.975128810808615
0.9751322830320427
0.9751357552554707
0.9751392274788984
0.9751426997023264
0.9751461719257541
0.975149644149182
0.9751531163726098
0.9751565885960377
0.9751600608194655
0.9751635330428934
0.9751670052663214
0.975170477489749
0.9751739497131771
0.9751774219366048
0.9751808941600327
0.9751843663834605
0.9751878386068884
0.9751913108303162
0.9751947830537441
0.9751982552771721
0.9752017275005997
0.9752051997240277
0.9752086719474554
0.9752121441708834
0.9752156163943112
0.9752190886177391
0.9752225608411671
0.9752260330645948
0.9752295052880228
0.9752329775114504
0.9752364497348784
0.9752399219583063
0.9752433941817341
0.9752468664051619
0.9752503386285898
0.9752538108520178
0.9752572830754455
0.9752607552988735
0.9752642275223011
0.9752676997457291
0.975271171969157
0.9752746441925848
0.9752781164160127
0.9752815886394405
0.9752850608628684
0.9752885330862961
0.9752920053097242
0.9752954775331518
0.9752989497565798
0.9753024219800075
0.9753058942034355
0.9753093664268634
0.9753128386502912
0.9753163108737192
0.9753197830971468
0.9753232553205748
0.9753267275440025
0.9753301997674305
0.9753336719908582
0.9753371442142862
0.9753406164377141
0.9753440886611419
