0.021180562909917624
0.021184035133345554
0.021187507356773386
0.021190979580201223
0.021194451803629055
0.02119792402705689
0.021201396250484728
0.021204868473912654
0.02120834069734049
0.021211812920768323
0.021215285144196253
0.02121875736762399
0.02122222959105192
0.021225701814479754
0.02122917403790759
0.021232646261335517
0.021236118484763353
0.021239590708191185
0.021243062931619115
0.021246535155046854
0.021250007378474784
0.021253479601902617
0.021256951825330453
0.02126042404875838
0.021263896272186215
0.02126736849561405
0.021270840719041884
0.02127431294246972
0.021277785165897553
0.021281257389325483
0.021284729612753316
0.021288201836181152
0.021291674059609078
0.02129514628303682
0.021298618506464747
0.021302090729892583
0.02130556295332042
0.021309035176748346
0.021312507400176182
0.021315979623604014
0.02131945184703185
0.021322924070459683
0.021326396293887613
0.021329868517315446
0.021333340740743282
0.02133681296417121
0.02134028518759895
0.021343757411026877
0.021347229634454713
0.02135070185788255
0.021354174081310382
0.02135764630473831
0.021361118528166145
0.02136459075159398
0.021368062975021813
0.02137153519844965
0.021375007421877576
0.021378479645305412
0.021381951868733245
0.021385424092161175
0.021388896315588914
0.021392368539016843
0.021395840762444676
0.021399312985872512
0.02140278520930044
0.021406257432728275
0.02140972965615611
0.021413201879583944
0.02141667410301178
0.021420146326439706
0.021423618549867542
0.021427090773295375
0.02143056299672321
0.021434035220151137
0.021437507443578974
0.021440979667006806
0.021444451890434642
0.02144792411386248
0.021451396337290405
0.02145486856071824
0.021458340784146074
0.02146181300757391
0.021465285231001743
0.021468757454429672
0.021472229677857505
0.02147570190128534
0.021479174124713268
0.02148264634814101
0.021486118571568937
0.021489590794996773
0.021493063018424605
0.021496535241852535
0.021500007465280368
0.021503479688708204
0.02150695191213604
0.021510424135563873
0.021513896358991803
0.021517368582419635
0.02152084080584747
0.021524313029275304
0.021527785252703234
0.021531257476131067
0.021534729699558903
0.021538201922986736
0.02154167414641457
0.021545146369842498
0.021548618593270334
0.02155209081669817
0.021555563040126003
0.02155903526355384
0.021562507486981766
0.0215659797104096
0.021569451933837434
0.021572924157265364
0.021576396380693197
0.021579868604121033
0.021583340827548866
0.021586813050976702
0.021590285274404628
0.021593757497832464
0.021597229721260297
0.021600701944688133
0.02160417416811597
0.021607646391543896
0.021611118614971732
0.021614590838399565
0.0216180630618274
0.021621535285255327
0.02162500750868307
0.021628479732110996
0.021631951955538832
0.021635424178966665
0.021638896402394595
0.021642368625822427
0.021645840849250263
0.02164931307267819
0.021652785296105932
0.021656257519533862
0.021659729742961695
0.02166320196638953
0.021666674189817457
0.021670146413245293
0.021673618636673126
0.021677090860100962
0.021680563083528795
0.021684035306956725
0.021687507530384557
0.021690979753812394
0.02169445197724023
0.021697924200668062
0.0217013964240959
0.021704868647523825
0.02170834087095166
0.021711813094379494
0.021715285317807424
0.021718757541235163
0.021722229764663092
0.021725701988090925
0.02172917421151876
0.021732646434946688
0.021736118658374524
0.021739590881802356
0.021743063105230286
0.02174653532865803
0.021750007552085955
0.02175347977551379
0.021756951998941624
0.021760424222369554
0.021763896445797386
0.021767368669225223
0.021770840892653055
0.02177431311608089
0.021777785339508724
0.021781257562936654
0.021784729786364487
0.021788202009792323
0.02179167423322025
0.02179514645664799
0.02179861868007592
0.021802090903503754
0.02180556312693159
0.021809035350359517
0.021812507573787353
0.021815979797215185
0.02181945202064302
0.021822924244070854
0.021826396467498784
0.021829868690926617
0.021833340914354453
0.021836813137782286
0.021840285361210122
0.021843757584638048
0.021847229808065884
0.02185070203149372
0.021854174254921553
0.021857646478349483
0.021861118701777316
0.021864590925205152
0.021868063148632984
0.02187153537206082
