0.12881948917343375
0.1288229613968616
0.12882643362028942
0.12882990584371729
0.12883337806714512
0.128836850290573
0.12884032251400085
0.1288437947374287
0.12884726696085655
0.12885073918428439
0.12885421140771228
0.1288576836311401
0.128861155854568
0.12886462807799587
0.1288681003014237
0.12887157252485154
0.12887504474827938
0.12887851697170727
0.12888198919513513
0.12888546141856297
0.12888893364199086
0.12889240586541864
0.12889587808884653
0.12889935031227437
0.12890282253570223
0.12890629475913012
0.12890976698255796
0.12891323920598582
0.12891671142941363
0.1289201836528415
0.1289236558762694
0.12892712809969722
0.12893060032312512
0.12893407254655295
0.12893754476998082
0.1289410169934087
0.1289444892168365
0.12894796144026438
0.12895143366369222
0.12895490588712008
0.12895837811054797
0.1289618503339758
0.12896532255740367
0.12896879478083148
0.12897226700425934
0.12897573922768718
0.12897921145111507
0.12898268367454296
0.12898615589797077
0.1289896281213986
0.12899310034482644
0.12899657256825434
0.12900004479168223
0.12900351701511006
0.12900698923853793
0.1290104614619657
0.1290139336853936
0.1290174059088215
0.12902087813224933
0.1290243503556772
0.12902782257910503
0.12903129480253292
0.12903476702596078
0.1290382392493886
0.12904171147281646
0.1290451836962443
0.12904865591967218
0.12905212814310002
0.12905560036652788
0.12905907258995578
0.12906254481338356
0.12906601703681145
0.12906948926023928
0.12907296148366718
0.12907643370709504
0.12907990593052288
0.12908337815395077
0.12908685037737855
0.12909032260080644
0.1290937948242343
0.12909726704766214
0.12910073927109003
0.12910421149451787
0.12910768371794573
0.12911115594137357
0.1291146281648014
0.1291181003882293
0.12912157261165713
0.12912504483508502
0.12912851705851283
0.12913198928194067
0.12913546150536856
0.1291389337287964
0.1291424059522243
0.12914587817565212
0.12914935039908
0.12915282262250788
0.12915629484593566
0.12915976706936355
0.1291632392927914
0.12916671151621925
0.12917018373964714
0.12917365596307498
0.12917712818650284
0.12918060040993065
0.12918407263335852
0.12918754485678635
0.12919101708021424
0.12919448930364213
0.12919796152706994
0.12920143375049783
0.12920490597392562
0.1292083781973535
0.1292118504207814
0.12921532264420924
0.1292187948676371
0.12922226709106494
0.12922573931449283
0.12922921153792066
0.1292326837613485
0.12923615598477636
0.1292396282082042
0.1292431004316321
0.12924657265505995
0.12925004487848776
0.12925351710191563
0.12925698932534346
0.12926046154877135
0.1292639337721992
0.12926740599562705
0.12927087821905495
0.12927435044248273
0.12927782266591062
0.12928129488933846
0.12928476711276635
0.1292882393361942
0.12929171155962205
0.12929518378304994
0.12929865600647772
0.1293021282299056
0.12930560045333347
0.1293090726767613
0.1293125449001892
0.12931601712361704
0.1293194893470449
0.1293229615704728
0.12932643379390057
0.12932990601732847
0.1293333782407563
0.1293368504641842
0.129340322687612
0.1293437949110399
0.12934726713446773
0.12935073935789557
0.12935421158132346
0.1293576838047513
0.12936115602817916
0.12936462825160705
0.1293681004750349
0.12937157269846272
0.12937504492189056
0.12937851714531842
0.12938198936874631
0.12938546159217415
0.12938893381560201
0.12939240603902982
0.1293958782624577
0.12939935048588552
0.12940282270931341
0.1294062949327413
0.12940976715616911
0.129413239379597
0.1294167116030248
0.12942018382645268
0.12942365604988057
0.1294271282733084
0.12943060049673627
0.1294340727201641
0.129437544943592
0.12944101716701986
0.12944448939044767
0.12944796161387553
0.12945143383730337
0.12945490606073126
0.12945837828415913
0.12946185050758696
0.12946532273101485
0.12946879495444263
0.12947226717787053
0.12947573940129836
0.12947921162472625
0.12948268384815412
0.12948615607158195
0.1294896282950098
0.12949310051843763
0.12949657274186552
0.12950004496529338
0.12950351718872122
0.1295069894121491
0.12951046163557695
