0.11631948483315441
0.1163229570565823
0.11632642928001012
0.11632990150343801
0.11633337372686585
0.11633684595029373
0.1163403181737216
0.1163437903971494
0.11634726262057728
0.11635073484400511
0.11635420706743299
0.11635767929086087
0.1163611515142887
0.11636462373771658
0.11636809596114438
0.11637156818457225
0.11637504040800013
0.11637851263142797
0.11638198485485586
0.1163854570782837
0.11638892930171152
0.11639240152513941
0.11639587374856725
0.11639934597199512
0.11640281819542296
0.11640629041885084
0.11640976264227867
0.11641323486570651
0.11641670708913439
0.11642017931256222
0.1164236515359901
0.11642712375941794
0.11643059598284582
0.1164340682062737
0.11643754042970149
0.11644101265312937
0.1164444848765572
0.11644795709998508
0.11645142932341297
0.11645490154684081
0.11645837377026869
0.11646184599369647
0.11646531821712436
0.11646879044055218
0.11647226266398007
0.11647573488740795
0.11647920711083579
0.11648267933426366
0.11648615155769146
0.11648962378111934
0.11649309600454721
0.11649656822797505
0.11650004045140293
0.11650351267483076
0.11650698489825864
0.11651045712168648
0.11651392934511431
0.11651740156854219
0.11652087379197003
0.11652434601539792
0.1165278182388258
0.11653129046225358
0.11653476268568147
0.1165382349091093
0.11654170713253718
0.11654517935596502
0.1165486515793929
0.11655212380282078
0.11655559602624857
0.11655906824967645
0.11656254047310428
0.11656601269653216
0.11656948491996004
0.11657295714338788
0.11657642936681575
0.11657990159024355
0.11658337381367143
0.11658684603709932
0.11659031826052714
0.11659379048395503
0.11659726270738287
0.11660073493081075
0.11660420715423862
0.11660767937766642
0.1166111516010943
0.11661462382452213
0.11661809604795001
0.11662156827137785
0.11662504049480572
0.11662851271823356
0.1166319849416614
0.11663545716508927
0.11663892938851711
0.11664240161194499
0.11664587383537288
0.11664934605880066
0.11665281828222854
0.11665629050565637
0.11665976272908425
0.11666323495251214
0.11666670717593998
0.11667017939936786
0.11667365162279564
0.11667712384622353
0.11668059606965137
0.11668406829307924
0.11668754051650712
0.11669101273993496
0.11669448496336284
0.11669795718679063
0.11670142941021851
0.11670490163364639
0.11670837385707422
0.1167118460805021
0.11671531830392994
0.11671879052735781
0.1167222627507857
0.11672573497421349
0.11672920719764138
0.1167326794210692
0.11673615164449709
0.11673962386792497
0.1167430960913528
0.11674656831478068
0.11675004053820848
0.11675351276163635
0.11675698498506419
0.11676045720849207
0.11676392943191995
0.11676740165534778
0.11677087387877562
0.11677434610220346
0.11677781832563133
0.11678129054905921
0.11678476277248705
0.11678823499591494
0.11679170721934272
0.1167951794427706
0.11679865166619849
0.11680212388962631
0.1168055961130542
0.11680906833648204
0.11681254055990992
0.1168160127833378
0.11681948500676559
0.11682295723019347
0.1168264294536213
0.11682990167704918
0.11683337390047702
0.1168368461239049
0.11684031834733277
0.11684379057076057
0.11684726279418844
0.11685073501761628
0.11685420724104416
0.11685767946447205
0.11686115168789987
0.11686462391132776
0.11686809613475554
0.11687156835818342
0.11687504058161131
0.11687851280503915
0.11688198502846703
0.11688545725189486
0.1168889294753227
0.11689240169875058
0.11689587392217841
0.11689934614560629
0.11690281836903413
0.116906290592462
0.11690976281588984
0.11691323503931768
0.11691670726274556
0.11692017948617339
0.11692365170960127
0.1169271239330291
0.116930596156457
0.11693406837988488
0.11693754060331266
0.11694101282674055
0.11694448505016837
0.11694795727359626
0.11695142949702414
0.11695490172045198
0.11695837394387985
0.11696184616730765
0.11696531839073553
0.11696879061416336
0.11697226283759124
0.11697573506101912
0.11697920728444695
0.11698267950787483
0.11698615173130263
0.1169896239547305
0.11699309617815838
0.11699656840158622
0.11700004062501411
0.11700351284844193
0.11700698507186982
0.11701045729529766
