0.6100696562741862
0.6100731284976141
0.6100766007210419
0.6100800729444698
0.6100835451678976
0.6100870173913255
0.6100904896147533
0.6100939618381812
0.610097434061609
0.6101009062850369
0.6101043785084648
0.6101078507318927
0.6101113229553204
0.6101147951787483
0.6101182674021762
0.610121739625604
0.6101252118490319
0.6101286840724597
0.6101321562958876
0.6101356285193155
0.6101391007427434
0.6101425729661711
0.610146045189599
0.6101495174130269
0.6101529896364547
0.6101564618598826
0.6101599340833104
0.6101634063067383
0.6101668785301662
0.610170350753594
0.6101738229770218
0.6101772952004497
0.6101807674238776
0.6101842396473054
0.6101877118707333
0.6101911840941611
0.610194656317589
0.6101981285410168
0.6102016007644447
0.6102050729878725
0.6102085452113005
0.6102120174347283
0.6102154896581561
0.610218961881584
0.6102224341050118
0.6102259063284396
0.6102293785518675
0.6102328507752954
0.6102363229987232
0.6102397952221511
0.610243267445579
0.6102467396690069
0.6102502118924347
0.6102536841158626
0.6102571563392903
0.6102606285627182
0.6102641007861461
0.6102675730095739
0.6102710452330018
0.6102745174564297
0.6102779896798576
0.6102814619032854
0.6102849341267133
0.610288406350141
0.6102918785735689
0.6102953507969968
0.6102988230204246
0.6103022952438526
0.6103057674672804
0.6103092396907083
0.610312711914136
0.6103161841375639
0.6103196563609917
0.6103231285844196
0.6103266008078475
0.6103300730312753
0.6103335452547033
0.6103370174781311
0.610340489701559
0.6103439619249867
0.6103474341484146
0.6103509063718424
0.6103543785952704
0.6103578508186982
0.610361323042126
0.6103647952655539
0.6103682674889818
0.6103717397124097
0.6103752119358374
0.6103786841592653
0.6103821563826931
0.6103856286061211
0.6103891008295489
0.6103925730529768
0.6103960452764046
0.6103995174998325
0.6104029897232603
0.6104064619466881
0.610409934170116
0.6104134063935438
0.6104168786169718
0.6104203508403996
0.6104238230638275
0.6104272952872554
0.6104307675106831
0.610434239734111
0.6104377119575388
0.6104411841809667
0.6104446564043945
0.6104481286278225
0.6104516008512503
0.6104550730746782
0.6104585452981061
0.6104620175215338
0.6104654897449617
0.6104689619683895
0.6104724341918174
0.6104759064152452
0.6104793786386732
0.610482850862101
0.6104863230855289
0.6104897953089566
0.6104932675323846
0.6104967397558124
0.6105002119792402
0.6105036842026681
0.6105071564260959
0.6105106286495239
0.6105141008729517
0.6105175730963796
0.6105210453198073
0.6105245175432353
0.6105279897666631
0.610531461990091
0.6105349342135188
0.6105384064369467
0.6105418786603746
0.6105453508838024
0.6105488231072302
0.6105522953306581
0.610555767554086
0.6105592397775138
0.6105627120009417
0.6105661842243695
0.6105696564477974
0.6105731286712253
0.610576600894653
0.6105800731180809
0.6105835453415088
0.6105870175649367
0.6105904897883645
0.6105939620117924
0.6105974342352202
0.6106009064586481
0.610604378682076
0.6106078509055037
0.6106113231289316
0.6106147953523594
0.6106182675757874
0.6106217397992152
0.6106252120226431
0.6106286842460709
0.6106321564694988
0.6106356286929266
0.6106391009163545
0.6106425731397823
0.6106460453632101
0.6106495175866381
0.6106529898100659
0.6106564620334938
0.6106599342569216
0.6106634064803494
0.6106668787037773
0.6106703509272052
0.610673823150633
0.6106772953740609
0.6106807675974888
0.6106842398209166
0.6106877120443445
0.6106911842677722
0.6106946564912001
0.610698128714628
0.6107016009380559
0.6107050731614837
0.6107085453849116
0.6107120176083395
0.6107154898317673
0.6107189620551952
0.6107224342786229
0.6107259065020508
0.6107293787254787
0.6107328509489066
0.6107363231723344
0.6107397953957623
0.6107432676191902
0.610746739842618
0.6107502120660459
0.6107536842894736
0.6107571565129015
0.6107606287363294
