0.20312507052953838
0.2031285427529662
0.20313201497639408
0.20313548719982197
0.20313895942324975
0.20314243164667764
0.20314590387010548
0.20314937609353337
0.2031528483169612
0.20315632054038907
0.20315979276381696
0.20316326498724474
0.20316673721067263
0.20317020943410047
0.20317368165752833
0.20317715388095622
0.20318062610438406
0.20318409832781192
0.20318757055123973
0.2031910427746676
0.2031945149980955
0.20319798722152332
0.20320145944495122
0.20320493166837902
0.20320840389180686
0.2032118761152347
0.2032153483386626
0.20321882056209048
0.20322229278551832
0.20322576500894618
0.20322923723237396
0.20323270945580185
0.20323618167922974
0.20323965390265758
0.20324312612608544
0.20324659834951328
0.20325007057294117
0.20325354279636904
0.20325701501979684
0.2032604872432247
0.20326395946665254
0.20326743169008044
0.20327090391350833
0.20327437613693614
0.20327784836036403
0.2032813205837918
0.2032847928072197
0.20328826503064754
0.20329173725407543
0.2032952094775033
0.20329868170093113
0.20330215392435902
0.2033056261477868
0.2033090983712147
0.20331257059464256
0.2033160428180704
0.20331951504149828
0.20332298726492612
0.20332645948835398
0.20332993171178182
0.20333340393520966
0.20333687615863755
0.20334034838206538
0.20334382060549328
0.20334729282892114
0.20335076505234892
0.2033542372757768
0.20335770949920465
0.20336118172263254
0.20336465394606038
0.20336812616948824
0.20337159839291613
0.2033750706163439
0.2033785428397718
0.20338201506319964
0.2033854872866275
0.2033889595100554
0.20339243173348323
0.2033959039569111
0.2033993761803389
0.20340284840376677
0.20340632062719466
0.2034097928506225
0.2034132650740504
0.2034167372974782
0.2034202095209061
0.20342368174433398
0.20342715396776176
0.20343062619118965
0.2034340984146175
0.20343757063804535
0.2034410428614732
0.20344451508490108
0.20344798730832891
0.20345145953175675
0.20345493175518461
0.20345840397861245
0.20346187620204034
0.2034653484254682
0.20346882064889601
0.20347229287232388
0.20347576509575171
0.2034792373191796
0.2034827095426075
0.20348618176603533
0.2034896539894632
0.20349312621289098
0.20349659843631887
0.2035000706597467
0.2035035428831746
0.20350701510660246
0.2035104873300303
0.2035139595534582
0.20351743177688597
0.20352090400031386
0.20352437622374173
0.20352784844716956
0.20353132067059745
0.2035347928940253
0.20353826511745315
0.20354173734088105
0.20354520956430883
0.20354868178773672
0.20355215401116455
0.20355562623459245
0.2035590984580203
0.20356257068144815
0.20356604290487598
0.20356951512830382
0.2035729873517317
0.20357645957515955
0.2035799317985874
0.2035834040220153
0.20358687624544314
0.20359034846887097
0.2035938206922988
0.20359729291572667
0.20360076513915457
0.2036042373625824
0.20360770958601027
0.20361118180943807
0.20361465403286594
0.20361812625629383
0.20362159847972167
0.20362507070314956
0.2036285429265774
0.20363201515000526
0.20363548737343315
0.20363895959686093
0.20364243182028882
0.20364590404371666
0.20364937626714452
0.20365284849057236
0.20365632071400025
0.2036597929374281
0.20366326516085592
0.20366673738428379
0.20367020960771162
0.2036736818311395
0.20367715405456738
0.2036806262779952
0.2036840985014231
0.20368757072485089
0.20369104294827878
0.20369451517170667
0.2036979873951345
0.20370145961856237
0.2037049318419902
0.20370840406541804
0.20371187628884588
0.20371534851227377
0.20371882073570163
0.20372229295912947
0.20372576518255736
0.2037292374059852
0.20373270962941303
0.2037361818528409
0.20373965407626873
0.20374312629969663
0.20374659852312446
0.20375007074655233
0.20375354296998022
0.203757015193408
0.2037604874168359
0.20376395964026373
0.20376743186369162
0.20377090408711948
0.20377437631054732
0.2037778485339752
0.203781320757403
0.20378479298083088
0.20378826520425872
0.20379173742768658
0.20379520965111447
0.2037986818745423
0.20380215409797017
0.20380562632139798
0.20380909854482585
0.20381257076825374
0.20381604299168157
