0.820486396002221
0.8204898682256487
0.8204933404490766
0.8204968126725044
0.8205002848959322
0.8205037571193601
0.8205072293427879
0.8205107015662159
0.8205141737896438
0.8205176460130715
0.8205211182364994
0.8205245904599273
0.8205280626833551
0.820531534906783
0.8205350071302108
0.8205384793536387
0.8205419515770664
0.8205454238004943
0.8205488960239222
0.8205523682473501
0.820555840470778
0.8205593126942058
0.8205627849176337
0.8205662571410615
0.8205697293644894
0.8205732015879172
0.820576673811345
0.820580146034773
0.8205836182582008
0.8205870904816287
0.8205905627050565
0.8205940349284844
0.8205975071519122
0.82060097937534
0.8206044515987679
0.8206079238221957
0.8206113960456237
0.8206148682690515
0.8206183404924794
0.8206218127159072
0.8206252849393351
0.8206287571627628
0.8206322293861908
0.8206357016096185
0.8206391738330464
0.8206426460564743
0.8206461182799022
0.8206495905033301
0.8206530627267579
0.8206565349501858
0.8206600071736135
0.8206634793970414
0.8206669516204692
0.8206704238438972
0.8206738960673251
0.8206773682907529
0.8206808405141808
0.8206843127376086
0.8206877849610364
0.8206912571844642
0.8206947294078921
0.82069820163132
0.8207016738547479
0.8207051460781758
0.8207086183016036
0.8207120905250315
0.8207155627484592
0.8207190349718871
0.8207225071953149
0.8207259794187429
0.8207294516421707
0.8207329238655986
0.8207363960890264
0.8207398683124543
0.8207433405358822
0.8207468127593099
0.8207502849827378
0.8207537572061656
0.8207572294295935
0.8207607016530213
0.8207641738764493
0.8207676460998772
0.8207711183233051
0.8207745905467329
0.8207780627701606
0.8207815349935885
0.8207850072170163
0.8207884794404442
0.8207919516638721
0.8207954238873
0.8207988961107279
0.8208023683341557
0.8208058405575835
0.8208093127810114
0.8208127850044392
0.8208162572278671
0.8208197294512949
0.8208232016747228
0.8208266738981508
0.8208301461215785
0.8208336183450065
0.8208370905684342
0.8208405627918621
0.8208440350152899
0.8208475072387178
0.8208509794621457
0.8208544516855735
0.8208579239090014
0.8208613961324293
0.8208648683558571
0.8208683405792849
0.8208718128027128
0.8208752850261406
0.8208787572495685
0.8208822294729963
0.8208857016964242
0.820889173919852
0.82089264614328
0.8208961183667077
0.8208995905901356
0.8209030628135635
0.8209065350369913
0.8209100072604192
0.820913479483847
0.820916951707275
0.8209204239307029
0.8209238961541305
0.8209273683775585
0.8209308406009863
0.8209343128244142
0.820937785047842
0.8209412572712699
0.8209447294946978
0.8209482017181255
0.8209516739415534
0.8209551461649813
0.8209586183884092
0.820962090611837
0.8209655628352649
0.8209690350586927
0.8209725072821206
0.8209759795055483
0.8209794517289764
0.8209829239524041
0.820986396175832
0.8209898683992599
0.8209933406226877
0.8209968128461156
0.8210002850695434
0.8210037572929713
0.821007229516399
0.821010701739827
0.8210141739632549
0.8210176461866827
0.8210211184101106
0.8210245906335384
0.8210280628569663
0.8210315350803941
0.821035007303822
0.8210384795272498
0.8210419517506776
0.8210454239741055
0.8210488961975334
0.8210523684209613
0.8210558406443892
0.821059312867817
0.8210627850912448
0.8210662573146726
0.8210697295381004
0.8210732017615284
0.8210766739849562
0.8210801462083842
0.821083618431812
0.8210870906552399
0.8210905628786677
0.8210940351020956
0.8210975073255233
0.8211009795489512
0.8211044517723791
0.8211079239958069
0.8211113962192349
0.8211148684426627
0.8211183406660906
0.8211218128895184
0.8211252851129462
0.821128757336374
0.8211322295598019
0.8211357017832297
0.8211391740066576
0.8211426462300855
0.8211461184535134
0.8211495906769413
0.821153062900369
0.8211565351237969
0.8211600073472247
0.8211634795706526
0.8211669517940804
0.8211704240175083
0.8211738962409363
0.8211773684643641
