0.48506961287139333
0.4850730850948212
0.48507655731824906
0.4850800295416769
0.48508350176510473
0.4850869739885327
0.4850904462119605
0.48509391843538835
0.4850973906588162
0.485100862882244
0.4851043351056719
0.48510780732909975
0.4851112795525276
0.4851147517759554
0.48511822399938337
0.4851216962228112
0.48512516844623904
0.4851286406696669
0.4851321128930947
0.4851355851165226
0.48513905733995044
0.4851425295633783
0.4851460017868061
0.48514947401023406
0.4851529462336619
0.48515641845708973
0.48515989068051757
0.4851633629039454
0.48516683512737335
0.4851703073508012
0.485173779574229
0.4851772517976568
0.48518072402108475
0.4851841962445126
0.4851876684679404
0.48519114069136826
0.4851946129147961
0.48519808513822404
0.4852015573616519
0.4852050295850797
0.48520850180850755
0.48521197403193544
0.4852154462553633
0.4852189184787911
0.48522239070221895
0.4852258629256468
0.48522933514907474
0.4852328073725026
0.4852362795959304
0.48523975181935824
0.48524322404278614
0.485246696266214
0.4852501684896418
0.48525364071306964
0.4852571129364975
0.48526058515992543
0.48526405738335326
0.4852675296067811
0.48527100183020894
0.48527447405363683
0.48527794627706466
0.4852814185004925
0.48528489072392034
0.4852883629473482
0.4852918351707761
0.48529530739420396
0.4852987796176318
0.48530225184105963
0.4853057240644876
0.4853091962879154
0.48531266851134325
0.4853161407347711
0.48531961295819886
0.4853230851816268
0.48532655740505465
0.4853300296284825
0.4853335018519103
0.48533697407533827
0.4853404462987661
0.48534391852219394
0.4853473907456218
0.4853508629690496
0.4853543351924775
0.48535780741590534
0.4853612796393332
0.485364751862761
0.48536822408618896
0.4853716963096168
0.48537516853304463
0.48537864075647247
0.4853821129799003
0.4853855852033282
0.48538905742675603
0.48539252965018387
0.4853960018736117
0.48539947409703965
0.4854029463204675
0.4854064185438953
0.48540989076732316
0.485413362990751
0.4854168352141789
0.4854203074376067
0.48542377966103456
0.4854272518844624
0.48543072410789034
0.4854341963313182
0.485437668554746
0.48544114077817385
0.4854446130016017
0.48544808522502964
0.48545155744845747
0.4854550296718853
0.48545850189531314
0.48546197411874104
0.48546544634216887
0.4854689185655967
0.48547239078902454
0.4854758630124524
0.4854793352358803
0.48548280745930816
0.485486279682736
0.48548975190616384
0.4854932241295917
0.48549669635301956
0.4855001685764474
0.48550364079987524
0.48550711302330307
0.485510585246731
0.48551405747015886
0.4855175296935867
0.4855210019170145
0.4855244741404424
0.48552794636387026
0.4855314185872981
0.4855348908107259
0.48553836303415376
0.4855418352575817
0.48554530748100955
0.4855487797044374
0.4855522519278652
0.48555572415129317
0.48555919637472095
0.4855626685981488
0.4855661408215766
0.48556961304500446
0.4855730852684324
0.48557655749186024
0.4855800297152881
0.4855835019387159
0.48558697416214386
0.4855904463855717
0.48559391860899953
0.48559739083242737
0.4856008630558552
0.4856043352792831
0.48560780750271093
0.48561127972613877
0.4856147519495666
0.48561822417299455
0.4856216963964224
0.4856251686198502
0.48562864084327806
0.4856321130667059
0.4856355852901338
0.4856390575135616
0.48564252973698946
0.4856460019604173
0.48564947418384524
0.4856529464072731
0.4856564186307009
0.48565989085412875
0.4856633630775566
0.4856668353009845
0.4856703075244123
0.48567377974784015
0.485677251971268
0.48568072419469593
0.48568419641812377
0.4856876686415516
0.48569114086497944
0.4856946130884073
0.4856980853118352
0.485701557535263
0.48570502975869084
0.4857085019821187
0.4857119742055466
0.48571544642897446
0.4857189186524023
0.48572239087583013
0.48572586309925797
0.4857293353226859
0.48573280754611375
0.4857362797695416
0.4857397519929694
0.4857432242163973
0.48574669643982515
0.485750168663253
0.4857536408866808
0.48575711311010866
0.4857605853335366
