0.41631958899985727
0.4163230612232851
0.416326533446713
0.41633000567014083
0.4163334778935687
0.41633695011699656
0.4163404223404244
0.4163438945638523
0.4163473667872801
0.41635083901070796
0.4163543112341358
0.4163577834575637
0.4163612556809915
0.41636472790441936
0.41636820012784725
0.41637167235127515
0.416375144574703
0.4163786167981308
0.4163820890215587
0.41638556124498655
0.4163890334684144
0.4163925056918422
0.41639597791527005
0.41639945013869795
0.41640292236212584
0.4164063945855537
0.4164098668089815
0.4164133390324094
0.41641681125583724
0.4164202834792651
0.4164237557026929
0.41642722792612075
0.41643070014954864
0.41643417237297653
0.41643764459640437
0.4164411168198322
0.4164445890432601
0.41644806126668793
0.4164515334901158
0.41645500571354366
0.4164584779369715
0.41646195016039933
0.41646542238382717
0.41646889460725506
0.4164723668306829
0.4164758390541108
0.4164793112775386
0.4164827835009665
0.41648625572439435
0.4164897279478222
0.41649320017125
0.4164966723946779
0.41650014461810575
0.4165036168415336
0.4165070890649615
0.4165105612883893
0.4165140335118172
0.41651750573524504
0.4165209779586729
0.41652445018210077
0.4165279224055286
0.41653139462895644
0.4165348668523843
0.41653833907581217
0.41654181129924
0.4165452835226679
0.41654875574609573
0.41655222796952357
0.41655570019295146
0.4165591724163793
0.41656264463980713
0.41656611686323497
0.41656958908666286
0.4165730613100907
0.4165765335335186
0.4165800057569464
0.4165834779803743
0.41658695020380215
0.41659042242723
0.4165938946506579
0.4165973668740857
0.41660083909751355
0.4166043113209414
0.4166077835443693
0.4166112557677971
0.41661472799122495
0.41661820021465285
0.41662167243808074
0.4166251446615086
0.4166286168849364
0.41663208910836425
0.4166355613317921
0.41663903355522
0.4166425057786478
0.41664597800207565
0.41664945022550354
0.41665292244893143
0.41665639467235926
0.4166598668957871
0.416663339119215
0.41666681134264283
0.41667028356607066
0.4166737557894985
0.41667722801292634
0.41668070023635423
0.4166841724597821
0.41668764468320996
0.4166911169066378
0.4166945891300657
0.4166980613534935
0.41670153357692136
0.4167050058003492
0.4167084780237771
0.4167119502472049
0.41671542247063276
0.41671889469406065
0.4167223669174885
0.4167258391409164
0.4167293113643442
0.4167327835877721
0.41673625581119994
0.4167397280346278
0.4167432002580556
0.4167466724814835
0.41675014470491134
0.4167536169283392
0.41675708915176707
0.4167605613751949
0.4167640335986228
0.41676750582205063
0.41677097804547847
0.4167744502689063
0.4167779224923342
0.41678139471576203
0.41678486693918987
0.41678833916261776
0.4167918113860456
0.4167952836094735
0.4167987558329013
0.41680222805632916
0.41680570027975705
0.4168091725031849
0.4168126447266127
0.41681611695004056
0.41681958917346845
0.4168230613968963
0.4168265336203242
0.416830005843752
0.4168334780671799
0.41683695029060774
0.4168404225140356
0.4168438947374634
0.41684736696089125
0.41685083918431914
0.416854311407747
0.41685778363117487
0.4168612558546027
0.41686472807803054
0.41686820030145844
0.4168716725248863
0.41687514474831416
0.416878616971742
0.41688208919516984
0.41688556141859767
0.41688903364202556
0.4168925058654534
0.41689597808888124
0.4168994503123091
0.416902922535737
0.41690639475916486
0.4169098669825927
0.41691333920602053
0.41691681142944836
0.41692028365287626
0.4169237558763041
0.41692722809973193
0.4169307003231598
0.4169341725465877
0.41693764477001555
0.4169411169934434
0.4169445892168713
0.4169480614402991
0.41695153366372695
0.4169550058871548
0.4169584781105827
0.4169619503340105
0.41696542255743835
0.41696889478086624
0.4169723670042941
0.41697583922772197
0.4169793114511498
0.41698278367457764
0.4169862558980055
0.4169897281214333
0.4169932003448612
0.4169966725682891
0.41700014479171693
0.41700361701514477
0.41700708923857266
0.4170105614620005
