0.9447919947194428
0.9447954669428703
0.9447989391662984
0.9448024113897262
0.9448058836131541
0.9448093558365819
0.9448128280600098
0.9448163002834375
0.9448197725068654
0.9448232447302934
0.9448267169537211
0.9448301891771491
0.9448336614005769
0.9448371336240048
0.9448406058474326
0.9448440780708605
0.9448475502942882
0.9448510225177161
0.9448544947411441
0.9448579669645718
0.9448614391879998
0.9448649114114275
0.9448683836348555
0.9448718558582833
0.9448753280817112
0.9448788003051392
0.9448822725285668
0.9448857447519948
0.9448892169754225
0.9448926891988505
0.9448961614222783
0.9448996336457062
0.944903105869134
0.9449065780925618
0.9449100503159896
0.9449135225394175
0.9449169947628455
0.9449204669862732
0.9449239392097012
0.944927411433129
0.9449308836565569
0.9449343558799846
0.9449378281034125
0.9449413003268403
0.9449447725502682
0.9449482447736962
0.9449517169971239
0.9449551892205519
0.9449586614439796
0.9449621336674076
0.9449656058908353
0.9449690781142632
0.9449725503376912
0.9449760225611189
0.9449794947845469
0.9449829670079746
0.9449864392314026
0.9449899114548302
0.9449933836782582
0.944996855901686
0.9450003281251139
0.9450038003485419
0.9450072725719696
0.9450107447953976
0.9450142170188253
0.9450176892422533
0.9450211614656812
0.9450246336891089
0.9450281059125368
0.9450315781359646
0.9450350503593924
0.9450385225828203
0.9450419948062483
0.945045467029676
0.945048939253104
0.9450524114765316
0.9450558836999596
0.9450593559233875
0.9450628281468153
0.9450663003702432
0.945069772593671
0.945073244817099
0.9450767170405266
0.9450801892639547
0.9450836614873823
0.9450871337108103
0.9450906059342382
0.945094078157666
0.945097550381094
0.9451010226045217
0.9451044948279497
0.9451079670513773
0.9451114392748053
0.9451149114982332
0.945118383721661
0.9451218559450889
0.9451253281685167
0.9451288003919446
0.9451322726153724
0.9451357448388004
0.945139217062228
0.945142689285656
0.9451461615090839
0.9451496337325117
0.9451531059559396
0.9451565781793674
0.9451600504027953
0.945163522626223
0.945166994849651
0.9451704670730787
0.9451739392965067
0.9451774115199344
0.9451808837433624
0.9451843559667903
0.9451878281902181
0.9451913004136461
0.9451947726370737
0.9451982448605017
0.9452017170839294
0.9452051893073574
0.9452086615307853
0.9452121337542131
0.945215605977641
0.9452190782010688
0.9452225504244967
0.9452260226479244
0.9452294948713524
0.9452329670947801
0.9452364393182081
0.945239911541636
0.9452433837650638
0.9452468559884917
0.9452503282119195
0.9452538004353473
0.9452572726587751
0.9452607448822032
0.9452642171056308
0.9452676893290589
0.9452711615524865
0.9452746337759145
0.9452781059993424
0.9452815782227701
0.9452850504461983
0.9452885226696258
0.9452919948930539
0.9452954671164815
0.9452989393399096
0.9453024115633374
0.9453058837867653
0.9453093560101931
0.945312828233621
0.9453163004570487
0.9453197726804765
0.9453232449039046
0.9453267171273322
0.9453301893507603
0.9453336615741881
0.945337133797616
0.9453406060210438
0.9453440782444716
0.9453475504678994
0.9453510226913273
0.9453544949147553
0.945357967138183
0.945361439361611
0.9453649115850385
0.9453683838084667
0.9453718560318944
0.9453753282553223
0.9453788004787503
0.945382272702178
0.945385744925606
0.9453892171490337
0.9453926893724617
0.9453961615958895
0.9453996338193174
0.9454031060427451
0.945406578266173
0.945410050489601
0.9454135227130287
0.9454169949364567
0.9454204671598844
0.9454239393833124
0.9454274116067402
0.945430883830168
0.9454343560535958
0.9454378282770237
0.9454413005004515
0.9454447727238794
0.9454482449473074
0.9454517171707351
0.9454551893941631
0.9454586616175907
0.9454621338410187
0.9454656060644465
0.9454690782878744
0.9454725505113024
0.9454760227347301
0.9454794949581581
0.9454829671815858
