0.6454863352383108
0.6454898074617388
0.6454932796851666
0.6454967519085945
0.6455002241320222
0.6455036963554501
0.6455071685788779
0.6455106408023058
0.6455141130257337
0.6455175852491615
0.6455210574725895
0.6455245296960173
0.6455280019194451
0.6455314741428729
0.6455349463663008
0.6455384185897287
0.6455418908131566
0.6455453630365844
0.6455488352600122
0.6455523074834401
0.645555779706868
0.6455592519302958
0.6455627241537236
0.6455661963771515
0.6455696686005793
0.6455731408240073
0.6455766130474351
0.645580085270863
0.6455835574942909
0.6455870297177186
0.6455905019411465
0.6455939741645743
0.6455974463880022
0.64560091861143
0.645604390834858
0.6456078630582858
0.6456113352817137
0.6456148075051416
0.6456182797285693
0.6456217519519972
0.645625224175425
0.6456286963988529
0.6456321686222807
0.6456356408457087
0.6456391130691365
0.6456425852925644
0.6456460575159921
0.64564952973942
0.6456530019628479
0.6456564741862757
0.6456599464097036
0.6456634186331314
0.6456668908565594
0.6456703630799872
0.645673835303415
0.6456773075268429
0.6456807797502708
0.6456842519736986
0.6456877241971264
0.6456911964205543
0.6456946686439821
0.6456981408674101
0.6457016130908378
0.6457050853142657
0.6457085575376935
0.6457120297611215
0.6457155019845493
0.6457189742079772
0.645722446431405
0.6457259186548329
0.6457293908782608
0.6457328631016885
0.6457363353251164
0.6457398075485443
0.6457432797719722
0.6457467519954
0.6457502242188279
0.6457536964422557
0.6457571686656836
0.6457606408891114
0.6457641131125392
0.6457675853359671
0.645771057559395
0.6457745297828229
0.6457780020062507
0.6457814742296786
0.6457849464531064
0.6457884186765342
0.6457918908999621
0.6457953631233899
0.6457988353468178
0.6458023075702456
0.6458057797936736
0.6458092520171014
0.6458127242405293
0.645816196463957
0.6458196686873849
0.6458231409108128
0.6458266131342407
0.6458300853576685
0.6458335575810964
0.6458370298045243
0.6458405020279521
0.64584397425138
0.6458474464748077
0.6458509186982356
0.6458543909216635
0.6458578631450914
0.6458613353685192
0.6458648075919471
0.645868279815375
0.6458717520388028
0.6458752242622307
0.6458786964856584
0.6458821687090863
0.6458856409325142
0.6458891131559421
0.6458925853793699
0.6458960576027978
0.6458995298262257
0.6459030020496535
0.6459064742730813
0.6459099464965091
0.645913418719937
0.6459168909433649
0.6459203631667928
0.6459238353902206
0.6459273076136485
0.6459307798370764
0.6459342520605041
0.645937724283932
0.6459411965073598
0.6459446687307877
0.6459481409542156
0.6459516131776435
0.6459550854010713
0.6459585576244992
0.645962029847927
0.645965502071355
0.6459689742947827
0.6459724465182105
0.6459759187416384
0.6459793909650662
0.6459828631884942
0.645986335411922
0.64598980763535
0.6459932798587777
0.6459967520822056
0.6460002243056334
0.6460036965290613
0.6460071687524891
0.646010640975917
0.6460141131993449
0.6460175854227727
0.6460210576462007
0.6460245298696284
0.6460280020930563
0.6460314743164841
0.646034946539912
0.6460384187633399
0.6460418909867677
0.6460453632101956
0.6460488354336233
0.6460523076570512
0.6460557798804791
0.646059252103907
0.6460627243273348
0.6460661965507627
0.6460696687741905
0.6460731409976184
0.6460766132210463
0.646080085444474
0.646083557667902
0.6460870298913298
0.6460905021147577
0.6460939743381855
0.6460974465616134
0.6461009187850412
0.6461043910084692
0.646107863231897
0.6461113354553248
0.6461148076787527
0.6461182799021805
0.6461217521256084
0.6461252243490362
0.6461286965724641
0.6461321687958919
0.6461356410193199
0.6461391132427476
0.6461425854661755
0.6461460576896033
0.6461495299130312
0.6461530021364591
0.6461564743598869
0.6461599465833148
0.6461634188067426
0.6461668910301706
0.6461703632535983
0.6461738354770262
0.6461773077004541
