0.21215285144196228
0.21215632366539017
0.21215979588881803
0.21216326811224584
0.2121667403356737
0.21217021255910154
0.21217368478252943
0.21217715700595727
0.21218062922938513
0.21218410145281302
0.2121875736762408
0.2121910458996687
0.21219451812309653
0.2121979903465244
0.2122014625699523
0.21220493479338012
0.21220840701680801
0.2122118792402358
0.21221535146366366
0.21221882368709155
0.2122222959105194
0.21222576813394728
0.21222924035737512
0.21223271258080298
0.21223618480423076
0.21223965702765865
0.21224312925108654
0.21224660147451438
0.21225007369794224
0.21225354592137008
0.21225701814479797
0.2122604903682258
0.21226396259165364
0.2122674348150815
0.21227090703850934
0.21227437926193723
0.21227785148536513
0.21228132370879296
0.21228479593222077
0.2122882681556486
0.2122917403790765
0.2122952126025044
0.21229868482593223
0.2123021570493601
0.2123056292727879
0.21230910149621576
0.2123125737196436
0.2123160459430715
0.21231951816649935
0.2123229903899272
0.21232646261335508
0.21232993483678286
0.21233340706021075
0.21233687928363862
0.21234035150706645
0.21234382373049435
0.21234729595392218
0.21235076817735007
0.21235424040077794
0.21235771262420572
0.2123611848476336
0.21236465707106145
0.21236812929448934
0.2123716015179172
0.21237507374134504
0.21237854596477293
0.2123820181882007
0.2123854904116286
0.21238896263505644
0.2123924348584843
0.2123959070819122
0.21239937930534003
0.21240285152876787
0.2124063237521957
0.21240979597562357
0.21241326819905146
0.2124167404224793
0.21242021264590719
0.21242368486933497
0.21242715709276283
0.21243062931619072
0.21243410153961856
0.21243757376304645
0.2124410459864743
0.21244451820990215
0.21244799043332996
0.21245146265675782
0.21245493488018571
0.21245840710361355
0.21246187932704141
0.21246535155046925
0.21246882377389714
0.21247229599732503
0.21247576822075281
0.21247924044418068
0.21248271266760851
0.2124861848910364
0.2124896571144643
0.21249312933789213
0.21249660156132
0.21250007378474778
0.21250354600817567
0.21250701823160356
0.2125104904550314
0.21251396267845926
0.2125174349018871
0.21252090712531493
0.21252437934874277
0.21252785157217066
0.21253132379559853
0.21253479601902636
0.21253826824245425
0.2125417404658821
0.21254521268930993
0.2125486849127378
0.21255215713616563
0.21255562935959352
0.21255910158302135
0.21256257380644925
0.2125660460298771
0.2125695182533049
0.21257299047673278
0.21257646270016062
0.2125799349235885
0.21258340714701637
0.2125868793704442
0.2125903515938721
0.21259382381729988
0.21259729604072777
0.2126007682641556
0.21260424048758347
0.21260771271101137
0.2126111849344392
0.2126146571578671
0.21261812938129487
0.21262160160472274
0.21262507382815063
0.21262854605157847
0.21263201827500636
0.2126354904984342
0.21263896272186206
0.2126424349452899
0.21264590716871773
0.21264937939214562
0.21265285161557346
0.21265632383900132
0.2126597960624292
0.212663268285857
0.21266674050928489
0.21267021273271272
0.21267368495614059
0.21267715717956842
0.2126806294029963
0.2126841016264242
0.21268757384985199
0.21269104607327985
0.21269451829670769
0.21269799052013558
0.21270146274356347
0.2127049349669913
0.21270840719041917
0.21271187941384695
0.21271535163727484
0.21271882386070273
0.21272229608413057
0.21272576830755843
0.21272924053098627
0.21273271275441416
0.21273618497784194
0.21273965720126983
0.2127431294246977
0.21274660164812553
0.21275007387155342
0.21275354609498126
0.21275701831840915
0.21276049054183696
0.2127639627652648
0.2127674349886927
0.21277090721212052
0.21277437943554842
0.21277785165897628
0.21278132388240412
0.21278479610583195
0.2127882683292598
0.21279174055268768
0.21279521277611554
0.21279868499954338
0.21280215722297127
0.21280562944639905
0.21280910166982694
0.21281257389325478
0.21281604611668264
0.21281951834011054
0.21282299056353837
0.21282646278696626
0.21282993501039404
0.2128334072338219
0.2128368794572498
0.21284035168067764
0.21284382390410553
