0.44270848705155796
0.4427119592749859
0.44271543149841375
0.4427189037218416
0.4427223759452694
0.44272584816869726
0.44272932039212515
0.442732792615553
0.4427362648389808
0.44273973706240866
0.4427432092858366
0.44274668150926444
0.4427501537326923
0.4427536259561201
0.44275709817954795
0.44276057040297584
0.4427640426264037
0.4427675148498315
0.44277098707325935
0.4427744592966873
0.44277793152011513
0.44278140374354297
0.4427848759669708
0.44278834819039864
0.44279182041382653
0.44279529263725437
0.4427987648606822
0.44280223708411004
0.442805709307538
0.4428091815309658
0.44281265375439366
0.4428161259778215
0.44281959820124933
0.4428230704246773
0.4428265426481051
0.4428300148715329
0.44283348709496073
0.4428369593183887
0.4428404315418165
0.44284390376524435
0.4428473759886722
0.4428508482121
0.44285432043552797
0.4428577926589558
0.44286126488238364
0.4428647371058115
0.44286820932923937
0.4428716815526672
0.44287515377609504
0.4428786259995229
0.4428820982229507
0.44288557044637866
0.4428890426698065
0.44289251489323433
0.44289598711666217
0.44289945934009006
0.4429029315635179
0.44290640378694573
0.44290987601037357
0.4429133482338014
0.44291682045722935
0.4429202926806572
0.442923764904085
0.44292723712751286
0.44293070935094075
0.4429341815743686
0.4429376537977964
0.44294112602122426
0.4429445982446521
0.44294807046808005
0.4429515426915079
0.4429550149149357
0.44295848713836355
0.4429619593617915
0.44296543158521934
0.4429689038086472
0.44297237603207495
0.4429758482555028
0.44297932047893074
0.4429827927023586
0.4429862649257864
0.44298973714921425
0.4429932093726422
0.44299668159607003
0.44300015381949787
0.4430036260429257
0.44300709826635354
0.44301057048978143
0.44301404271320927
0.4430175149366371
0.44302098716006494
0.4430244593834929
0.4430279316069207
0.44303140383034856
0.4430348760537764
0.44303834827720423
0.4430418205006321
0.44304529272405996
0.4430487649474878
0.44305223717091563
0.4430557093943436
0.4430591816177714
0.44306265384119925
0.4430661260646271
0.4430695982880549
0.4430730705114828
0.44307654273491065
0.4430800149583385
0.4430834871817663
0.44308695940519427
0.4430904316286221
0.44309390385204994
0.4430973760754778
0.4431008482989056
0.44310432052233356
0.4431077927457614
0.44311126496918923
0.443114737192617
0.44311820941604496
0.4431216816394728
0.44312515386290063
0.44312862608632847
0.4431320983097563
0.44313557053318425
0.4431390427566121
0.4431425149800399
0.44314598720346776
0.44314945942689565
0.4431529316503235
0.4431564038737513
0.44315987609717916
0.443163348320607
0.44316682054403495
0.4431702927674628
0.4431737649908906
0.44317723721431845
0.44318070943774635
0.4431841816611742
0.443187653884602
0.44319112610802985
0.4431945983314577
0.44319807055488564
0.4432015427783135
0.4432050150017413
0.44320848722516915
0.44321195944859704
0.4432154316720249
0.4432189038954527
0.44322237611888055
0.4432258483423084
0.44322932056573633
0.44323279278916417
0.443236265012592
0.44323973723601984
0.4432432094594478
0.4432466816828756
0.44325015390630346
0.44325362612973124
0.4432570983531591
0.443260570576587
0.44326404280001486
0.4432675150234427
0.44327098724687053
0.4432744594702985
0.4432779316937263
0.44328140391715415
0.443284876140582
0.4432883483640098
0.4432918205874377
0.44329529281086555
0.4432987650342934
0.4433022372577212
0.44330570948114917
0.443309181704577
0.44331265392800484
0.4433161261514327
0.4433195983748605
0.4433230705982884
0.44332654282171624
0.4433300150451441
0.4433334872685719
0.44333695949199986
0.4433404317154277
0.44334390393885553
0.44334737616228337
0.4433508483857112
0.4433543206091391
0.44335779283256693
0.44336126505599477
0.4433647372794226
0.44336820950285055
0.4433716817262784
0.4433751539497062
0.44337862617313406
0.4433820983965619
0.44338557061998984
0.4433890428434177
0.4433925150668455
0.4433959872902733
0.44339945951370124
