0.9927086780238465
0.9927121502472744
0.9927156224707022
0.9927190946941301
0.9927225669175579
0.9927260391409858
0.9927295113644138
0.9927329835878415
0.9927364558112695
0.9927399280346971
0.9927434002581251
0.9927468724815529
0.9927503447049808
0.9927538169284088
0.9927572891518365
0.9927607613752645
0.9927642335986921
0.9927677058221202
0.9927711780455479
0.9927746502689758
0.9927781224924036
0.9927815947158315
0.9927850669392595
0.9927885391626872
0.9927920113861152
0.9927954836095428
0.9927989558329708
0.9928024280563986
0.9928059002798265
0.9928093725032543
0.9928128447266822
0.99281631695011
0.9928197891735379
0.9928232613969659
0.9928267336203935
0.9928302058438215
0.9928336780672492
0.9928371502906772
0.992840622514105
0.9928440947375329
0.9928475669609609
0.9928510391843886
0.9928545114078166
0.9928579836312442
0.9928614558546722
0.9928649280781001
0.9928684003015279
0.9928718725249558
0.9928753447483836
0.9928788169718116
0.9928822891952392
0.9928857614186672
0.9928892336420949
0.9928927058655229
0.9928961780889508
0.9928996503123786
0.9929031225358065
0.9929065947592343
0.9929100669826622
0.9929135392060899
0.9929170114295179
0.9929204836529456
0.9929239558763736
0.9929274280998015
0.9929309003232293
0.9929343725466572
0.992937844770085
0.992941316993513
0.9929447892169406
0.9929482614403686
0.9929517336637963
0.9929552058872243
0.992958678110652
0.99296215033408
0.9929656225575079
0.9929690947809356
0.9929725670043636
0.9929760392277913
0.9929795114512193
0.992982983674647
0.992986455898075
0.9929899281215029
0.9929934003449307
0.9929968725683586
0.9930003447917863
0.9930038170152142
0.993007289238642
0.99301076146207
0.9930142336854977
0.9930177059089257
0.9930211781323536
0.9930246503557814
0.9930281225792092
0.993031594802637
0.9930350670260649
0.9930385392494927
0.9930420114729207
0.9930454836963484
0.9930489559197764
0.993052428143204
0.993055900366632
0.9930593725900599
0.9930628448134877
0.9930663170369158
0.9930697892603434
0.9930732614837714
0.9930767337071991
0.9930802059306271
0.993083678154055
0.9930871503774827
0.9930906226009106
0.9930940948243384
0.9930975670477663
0.9931010392711941
0.9931045114946222
0.9931079837180498
0.9931114559414779
0.9931149281649057
0.9931184003883335
0.9931218726117613
0.9931253448351891
0.993128817058617
0.9931322892820448
0.9931357615054729
0.9931392337289005
0.9931427059523286
0.9931461781757561
0.9931496503991842
0.993153122622612
0.9931565948460399
0.9931600670694679
0.9931635392928956
0.9931670115163236
0.9931704837397511
0.9931739559631793
0.993177428186607
0.9931809004100349
0.9931843726334627
0.9931878448568906
0.9931913170803184
0.9931947893037463
0.9931982615271743
0.993201733750602
0.99320520597403
0.9932086781974577
0.9932121504208856
0.9932156226443134
0.9932190948677413
0.9932225670911691
0.993226039314597
0.993229511538025
0.9932329837614526
0.9932364559848806
0.9932399282083083
0.9932434004317363
0.9932468726551641
0.993250344878592
0.99325381710202
0.9932572893254477
0.9932607615488757
0.9932642337723033
0.9932677059957313
0.9932711782191591
0.993274650442587
0.9932781226660148
0.9932815948894427
0.9932850671128707
0.9932885393362983
0.9932920115597264
0.993295483783154
0.993298956006582
0.9933024282300098
0.9933059004534377
0.9933093726768655
0.9933128449002934
0.9933163171237211
0.993319789347149
0.993323261570577
0.9933267337940047
0.9933302060174327
0.9933336782408604
0.9933371504642884
0.9933406226877162
0.9933440949111441
0.9933475671345721
0.9933510393579997
0.9933545115814277
0.9933579838048554
0.9933614560282834
0.9933649282517112
0.9933684004751391
0.9933718726985669
0.9933753449219948
0.9933788171454228
0.9933822893688504
0.9933857615922784
0.9933892338157061
0.9933927060391341
0.993396178262562
0.9933996504859898
