0.9225697647811683
0.9225732370045963
0.9225767092280239
0.9225801814514519
0.9225836536748798
0.9225871258983076
0.9225905981217355
0.9225940703451633
0.9225975425685912
0.922601014792019
0.922604487015447
0.9226079592388746
0.9226114314623026
0.9226149036857305
0.9226183759091583
0.9226218481325862
0.922625320356014
0.9226287925794419
0.9226322648028696
0.9226357370262976
0.9226392092497253
0.9226426814731533
0.922646153696581
0.922649625920009
0.9226530981434369
0.9226565703668647
0.9226600425902927
0.9226635148137203
0.9226669870371483
0.922670459260576
0.922673931484004
0.9226774037074319
0.9226808759308597
0.9226843481542876
0.9226878203777154
0.9226912926011432
0.922694764824571
0.922698237047999
0.9227017092714267
0.9227051814948547
0.9227086537182826
0.9227121259417104
0.9227155981651383
0.922719070388566
0.9227225426119939
0.9227260148354217
0.9227294870588498
0.9227329592822774
0.9227364315057055
0.9227399037291331
0.9227433759525611
0.922746848175989
0.9227503203994167
0.9227537926228448
0.9227572648462724
0.9227607370697005
0.9227642092931281
0.9227676815165562
0.922771153739984
0.9227746259634119
0.9227780981868396
0.9227815704102675
0.9227850426336953
0.9227885148571231
0.9227919870805512
0.9227954593039788
0.9227989315274069
0.9228024037508347
0.9228058759742626
0.9228093481976903
0.9228128204211182
0.922816292644546
0.9228197648679739
0.9228232370914019
0.9228267093148296
0.9228301815382576
0.9228336537616851
0.9228371259851132
0.922840598208541
0.9228440704319689
0.9228475426553969
0.9228510148788246
0.9228544871022526
0.9228579593256803
0.9228614315491083
0.922864903772536
0.9228683759959639
0.9228718482193917
0.9228753204428196
0.9228787926662474
0.9228822648896753
0.9228857371131033
0.922889209336531
0.922892681559959
0.9228961537833867
0.9228996260068146
0.9229030982302424
0.9229065704536703
0.9229100426770981
0.922913514900526
0.922916987123954
0.9229204593473816
0.9229239315708097
0.9229274037942373
0.9229308760176653
0.9229343482410931
0.922937820464521
0.922941292687949
0.9229447649113767
0.9229482371348047
0.9229517093582323
0.9229551815816603
0.9229586538050881
0.922962126028516
0.9229655982519438
0.9229690704753717
0.9229725426987997
0.9229760149222274
0.9229794871456554
0.922982959369083
0.922986431592511
0.9229899038159388
0.9229933760393667
0.9229968482627945
0.9230003204862224
0.9230037927096502
0.923007264933078
0.9230107371565061
0.9230142093799337
0.9230176816033617
0.9230211538267894
0.9230246260502174
0.9230280982736452
0.9230315704970731
0.9230350427205009
0.9230385149439287
0.9230419871673567
0.9230454593907844
0.9230489316142124
0.9230524038376401
0.9230558760610681
0.923059348284496
0.9230628205079238
0.9230662927313518
0.9230697649547794
0.9230732371782074
0.9230767094016351
0.9230801816250631
0.923083653848491
0.9230871260719188
0.9230905982953467
0.9230940705187745
0.9230975427422023
0.9231010149656301
0.9231044871890581
0.9231079594124858
0.9231114316359138
0.9231149038593417
0.9231183760827695
0.9231218483061974
0.9231253205296251
0.923128792753053
0.9231322649764808
0.9231357371999088
0.9231392094233365
0.9231426816467645
0.9231461538701922
0.9231496260936202
0.9231530983170481
0.9231565705404758
0.9231600427639038
0.9231635149873315
0.9231669872107595
0.9231704594341872
0.9231739316576152
0.9231774038810431
0.9231808761044709
0.9231843483278988
0.9231878205513265
0.9231912927747544
0.9231947649981822
0.9231982372216102
0.9232017094450379
0.9232051816684659
0.9232086538918938
0.9232121261153216
0.9232155983387494
0.9232190705621772
0.9232225427856051
0.9232260150090329
0.9232294872324609
0.9232329594558886
0.9232364316793166
0.9232399039027442
0.9232433761261722
0.9232468483496001
0.9232503205730279
0.923253792796456
0.9232572650198836
0.9232607372433117
