0.9420142159771582
0.9420176882005863
0.9420211604240141
0.942024632647442
0.9420281048708697
0.9420315770942976
0.9420350493177254
0.9420385215411533
0.9420419937645813
0.9420454659880089
0.942048938211437
0.9420524104348645
0.9420558826582927
0.9420593548817204
0.9420628271051483
0.9420662993285763
0.942069771552004
0.942073243775432
0.9420767159988597
0.9420801882222877
0.9420836604457153
0.9420871326691433
0.9420906048925711
0.942094077115999
0.942097549339427
0.9421010215628547
0.9421044937862827
0.9421079660097104
0.9421114382331384
0.9421149104565661
0.942118382679994
0.9421218549034218
0.9421253271268497
0.9421287993502775
0.9421322715737054
0.9421357437971334
0.942139216020561
0.9421426882439891
0.9421461604674168
0.9421496326908447
0.9421531049142725
0.9421565771377004
0.9421600493611282
0.9421635215845561
0.9421669938079841
0.9421704660314117
0.9421739382548397
0.9421774104782674
0.9421808827016954
0.9421843549251232
0.9421878271485511
0.9421912993719791
0.9421947715954068
0.9421982438188348
0.9422017160422624
0.9422051882656904
0.9422086604891182
0.9422121327125461
0.9422156049359739
0.9422190771594018
0.9422225493828296
0.9422260216062575
0.9422294938296855
0.9422329660531131
0.9422364382765411
0.9422399104999689
0.9422433827233968
0.9422468549468246
0.9422503271702525
0.9422537993936803
0.9422572716171081
0.9422607438405362
0.9422642160639638
0.9422676882873918
0.9422711605108195
0.9422746327342475
0.9422781049576754
0.9422815771811032
0.9422850494045312
0.9422885216279588
0.9422919938513868
0.9422954660748145
0.9422989382982425
0.9423024105216704
0.9423058827450982
0.9423093549685261
0.9423128271919539
0.9423162994153818
0.9423197716388095
0.9423232438622375
0.9423267160856652
0.9423301883090932
0.9423336605325211
0.9423371327559489
0.9423406049793768
0.9423440772028046
0.9423475494262324
0.9423510216496602
0.9423544938730882
0.9423579660965159
0.9423614383199439
0.9423649105433716
0.9423683827667996
0.9423718549902275
0.9423753272136552
0.9423787994370832
0.9423822716605109
0.9423857438839389
0.9423892161073666
0.9423926883307946
0.9423961605542225
0.9423996327776503
0.9424031050010782
0.9424065772245059
0.9424100494479338
0.9424135216713616
0.9424169938947896
0.9424204661182173
0.9424239383416453
0.9424274105650732
0.942430882788501
0.9424343550119288
0.9424378272353566
0.9424412994587845
0.9424447716822123
0.9424482439056403
0.942451716129068
0.942455188352496
0.9424586605759236
0.9424621327993516
0.9424656050227795
0.9424690772462073
0.9424725494696353
0.942476021693063
0.942479493916491
0.9424829661399187
0.9424864383633467
0.9424899105867746
0.9424933828102023
0.9424968550336302
0.942500327257058
0.9425037994804861
0.9425072717039137
0.9425107439273418
0.9425142161507694
0.9425176883741975
0.9425211605976253
0.942524632821053
0.9425281050444809
0.9425315772679087
0.9425350494913366
0.9425385217147644
0.9425419939381925
0.94254546616162
0.9425489383850482
0.9425524106084757
0.9425558828319038
0.9425593550553316
0.9425628272787595
0.9425662995021875
0.9425697717256151
0.9425732439490432
0.9425767161724707
0.9425801883958989
0.9425836606193264
0.9425871328427545
0.9425906050661823
0.9425940772896102
0.9425975495130382
0.9426010217364659
0.9426044939598939
0.9426079661833215
0.9426114384067495
0.9426149106301773
0.9426183828536052
0.942621855077033
0.9426253273004609
0.9426287995238887
0.9426322717473166
0.9426357439707446
0.9426392161941722
0.9426426884176002
0.942646160641028
0.9426496328644559
0.9426531050878837
0.9426565773113116
0.9426600495347394
0.9426635217581673
0.9426669939815953
0.9426704662050229
0.9426739384284509
0.9426774106518786
0.9426808828753066
0.9426843550987344
0.9426878273221623
0.9426912995455903
0.942694771769018
0.942698243992446
0.9427017162158736
0.9427051884393016
