0.9364586584925896
0.9364621307160176
0.9364656029394455
0.9364690751628733
0.9364725473863014
0.9364760196097289
0.936479491833157
0.9364829640565846
0.9364864362800127
0.9364899085034405
0.9364933807268684
0.9364968529502962
0.936500325173724
0.9365037973971518
0.9365072696205796
0.9365107418440077
0.9365142140674353
0.9365176862908634
0.9365211585142912
0.9365246307377191
0.9365281029611469
0.9365315751845747
0.9365350474080025
0.9365385196314304
0.9365419918548584
0.936545464078286
0.9365489363017141
0.9365524085251417
0.9365558807485698
0.9365593529719975
0.9365628251954254
0.9365662974188534
0.9365697696422811
0.9365732418657091
0.9365767140891368
0.9365801863125648
0.9365836585359926
0.9365871307594205
0.9365906029828482
0.9365940752062761
0.9365975474297039
0.9366010196531318
0.9366044918765598
0.9366079640999875
0.9366114363234155
0.9366149085468433
0.9366183807702712
0.9366218529936989
0.9366253252171268
0.9366287974405546
0.9366322696639825
0.9366357418874105
0.9366392141108382
0.9366426863342662
0.9366461585576938
0.9366496307811218
0.9366531030045496
0.9366565752279775
0.9366600474514055
0.9366635196748332
0.9366669918982612
0.9366704641216889
0.9366739363451169
0.9366774085685445
0.9366808807919725
0.9366843530154003
0.9366878252388282
0.9366912974622562
0.9366947696856839
0.9366982419091119
0.9367017141325396
0.9367051863559676
0.9367086585793953
0.9367121308028232
0.936715603026251
0.9367190752496789
0.9367225474731067
0.9367260196965346
0.9367294919199626
0.9367329641433902
0.9367364363668182
0.9367399085902459
0.9367433808136739
0.9367468530371017
0.9367503252605296
0.9367537974839574
0.9367572697073853
0.9367607419308133
0.9367642141542409
0.9367676863776689
0.9367711586010966
0.9367746308245246
0.9367781030479525
0.9367815752713803
0.9367850474948083
0.936788519718236
0.936791991941664
0.9367954641650916
0.9367989363885196
0.9368024086119475
0.9368058808353753
0.9368093530588032
0.936812825282231
0.9368162975056589
0.9368197697290866
0.9368232419525147
0.9368267141759423
0.9368301863993703
0.9368336586227982
0.936837130846226
0.9368406030696539
0.9368440752930817
0.9368475475165096
0.9368510197399373
0.9368544919633653
0.936857964186793
0.936861436410221
0.9368649086336487
0.9368683808570767
0.9368718530805046
0.9368753253039324
0.9368787975273604
0.936882269750788
0.936885741974216
0.9368892141976437
0.9368926864210717
0.9368961586444996
0.9368996308679274
0.9369031030913553
0.936906575314783
0.9369100475382109
0.9369135197616387
0.9369169919850667
0.9369204642084944
0.9369239364319224
0.9369274086553503
0.9369308808787781
0.936934353102206
0.9369378253256337
0.9369412975490616
0.9369447697724894
0.9369482419959174
0.9369517142193451
0.9369551864427731
0.9369586586662008
0.9369621308896288
0.9369656031130567
0.9369690753364844
0.9369725475599124
0.9369760197833401
0.9369794920067681
0.9369829642301958
0.9369864364536238
0.9369899086770517
0.9369933809004795
0.9369968531239073
0.9370003253473351
0.937003797570763
0.9370072697941908
0.9370107420176189
0.9370142142410465
0.9370176864644745
0.9370211586879024
0.9370246309113301
0.937028103134758
0.9370315753581858
0.9370350475816137
0.9370385198050415
0.9370419920284696
0.9370454642518972
0.9370489364753253
0.9370524086987528
0.937055880922181
0.9370593531456087
0.9370628253690365
0.9370662975924646
0.9370697698158922
0.9370732420393203
0.9370767142627479
0.937080186486176
0.9370836587096038
0.9370871309330316
0.9370906031564594
0.9370940753798873
0.9370975476033151
0.937101019826743
0.937104492050171
0.9371079642735987
0.9371114364970267
0.9371149087204544
0.9371183809438823
0.9371218531673101
0.937125325390738
0.9371287976141658
0.9371322698375937
0.9371357420610217
0.9371392142844494
0.9371426865078774
0.937146158731305
0.937149630954733
