0.4302084827112787
0.4302119549347066
0.43021542715813443
0.43021889938156227
0.4302223716049901
0.43022584382841794
0.4302293160518459
0.4302327882752737
0.43023626049870156
0.4302397327221294
0.4302432049455573
0.4302466771689851
0.43025014939241296
0.4302536216158408
0.43025709383926863
0.4302605660626966
0.4302640382861244
0.43026751050955225
0.4302709827329801
0.430274454956408
0.4302779271798358
0.43028139940326365
0.4302848716266915
0.4302883438501193
0.4302918160735473
0.4302952882969751
0.43029876052040295
0.4303022327438308
0.43030570496725873
0.4303091771906865
0.43031264941411435
0.4303161216375422
0.43031959386097
0.43032306608439796
0.4303265383078258
0.43033001053125364
0.4303334827546815
0.4303369549781094
0.43034042720153726
0.4303438994249651
0.43034737164839293
0.43035084387182077
0.43035431609524866
0.4303577883186765
0.43036126054210433
0.43036473276553217
0.4303682049889601
0.43037167721238795
0.4303751494358158
0.4303786216592436
0.43038209388267146
0.43038556610609935
0.4303890383295272
0.430392510552955
0.43039598277638286
0.4303994549998108
0.43040292722323864
0.4304063994466665
0.4304098716700943
0.43041334389352215
0.43041681611695004
0.4304202883403779
0.4304237605638057
0.43042723278723355
0.4304307050106615
0.43043417723408933
0.43043764945751717
0.430441121680945
0.43044459390437284
0.4304480661278008
0.43045153835122857
0.4304550105746564
0.43045848279808424
0.4304619550215122
0.43046542724494
0.43046889946836786
0.4304723716917957
0.43047584391522353
0.4304793161386515
0.4304827883620793
0.43048626058550715
0.430489732808935
0.4304932050323629
0.4304966772557907
0.43050014947921855
0.4305036217026464
0.4305070939260742
0.43051056614950217
0.43051403837293
0.43051751059635784
0.4305209828197857
0.43052445504321357
0.4305279272666414
0.43053139949006924
0.4305348717134971
0.4305383439369249
0.43054181616035286
0.4305452883837807
0.43054876060720854
0.43055223283063637
0.43055570505406426
0.4305591772774921
0.43056264950091994
0.4305661217243478
0.4305695939477756
0.43057306617120356
0.4305765383946314
0.43058001061805923
0.43058348284148706
0.430586955064915
0.43059042728834285
0.43059389951177063
0.43059737173519846
0.4306008439586263
0.43060431618205425
0.4306077884054821
0.4306112606289099
0.43061473285233776
0.4306182050757657
0.43062167729919354
0.4306251495226214
0.4306286217460492
0.43063209396947705
0.43063556619290494
0.4306390384163328
0.4306425106397606
0.43064598286318845
0.4306494550866164
0.43065292731004423
0.43065639953347207
0.4306598717568999
0.43066334398032774
0.43066681620375563
0.43067028842718347
0.4306737606506113
0.43067723287403914
0.4306807050974671
0.4306841773208949
0.43068764954432276
0.4306911217677506
0.43069459399117843
0.4306980662146063
0.43070153843803416
0.430705010661462
0.43070848288488983
0.4307119551083178
0.4307154273317456
0.43071889955517345
0.4307223717786013
0.4307258440020291
0.43072931622545707
0.4307327884488849
0.4307362606723127
0.4307397328957405
0.43074320511916847
0.4307466773425963
0.43075014956602414
0.430753621789452
0.4307570940128798
0.43076056623630776
0.4307640384597356
0.43076751068316343
0.43077098290659127
0.43077445513001916
0.430777927353447
0.43078139957687483
0.43078487180030267
0.4307883440237305
0.43079181624715845
0.4307952884705863
0.4307987606940141
0.43080223291744196
0.43080570514086985
0.4308091773642977
0.4308126495877255
0.43081612181115336
0.4308195940345812
0.43082306625800915
0.430826538481437
0.4308300107048648
0.43083348292829265
0.43083695515172055
0.4308404273751484
0.4308438995985762
0.43084737182200405
0.4308508440454319
0.43085431626885984
0.4308577884922877
0.4308612607157155
0.43086473293914335
0.4308682051625713
0.43087167738599913
0.43087514960942697
0.43087862183285475
0.4308820940562826
0.43088556627971053
0.43088903850313837
0.4308925107265662
0.43089598294999404
0.430899455173422
