0.0774305824411745
0.07743405466460224
0.07743752688803017
0.077440999111458
0.07744447133488584
0.07744794355831376
0.0774514157817416
0.07745488800516943
0.07745836022859727
0.0774618324520251
0.07746530467545294
0.07746877689888086
0.0774722491223087
0.07747572134573653
0.07747919356916447
0.0774826657925922
0.07748613801602013
0.07748961023944796
0.0774930824628758
0.07749655468630373
0.07750002690973157
0.0775034991331594
0.07750697135658724
0.07751044358001506
0.077513915803443
0.07751738802687083
0.07752086025029867
0.07752433247372659
0.07752780469715434
0.07753127692058226
0.0775347491440101
0.07753822136743793
0.07754169359086577
0.0775451658142937
0.07754863803772152
0.07755211026114936
0.0775555824845772
0.07755905470800503
0.07756252693143297
0.0775659991548608
0.07756947137828862
0.07757294360171656
0.0775764158251443
0.07757988804857223
0.07758336027200007
0.0775868324954279
0.07759030471885582
0.07759377694228366
0.0775972491657115
0.07760072138913943
0.07760419361256717
0.07760766583599508
0.07761113805942292
0.07761461028285076
0.0776180825062786
0.07762155472970653
0.07762502695313436
0.07762849917656219
0.07763197139999002
0.07763544362341786
0.07763891584684579
0.07764238807027363
0.07764586029370146
0.0776493325171293
0.07765280474055712
0.07765627696398505
0.07765974918741289
0.07766322141084073
0.07766669363426865
0.0776701658576964
0.07767363808112432
0.07767711030455215
0.07768058252797999
0.07768405475140792
0.07768752697483575
0.07769099919826358
0.07769447142169142
0.07769794364511926
0.07770141586854719
0.07770488809197502
0.07770836031540286
0.07771183253883068
0.07771530476225862
0.07771877698568645
0.07772224920911429
0.07772572143254212
0.07772919365596996
0.07773266587939788
0.07773613810282572
0.07773961032625355
0.07774308254968149
0.07774655477310922
0.07775002699653714
0.07775349921996498
0.07775697144339282
0.07776044366682075
0.07776391589024859
0.07776738811367642
0.07777086033710424
0.07777433256053208
0.07777780478396001
0.07778127700738785
0.07778474923081569
0.07778822145424352
0.07779169367767136
0.07779516590109928
0.07779863812452711
0.07780211034795495
0.07780558257138279
0.0778090547948107
0.07781252701823854
0.07781599924166638
0.07781947146509421
0.07782294368852205
0.07782641591194998
0.0778298881353778
0.07783336035880564
0.07783683258223358
0.07784030480566131
0.07784377702908925
0.07784724925251708
0.07785072147594492
0.07785419369937284
0.07785766592280068
0.07786113814622851
0.07786461036965635
0.07786808259308418
0.0778715548165121
0.07787502703993994
0.07787849926336778
0.07788197148679561
0.07788544371022355
0.07788891593365138
0.0778923881570792
0.07789586038050704
0.07789933260393488
0.07790280482736281
0.07790627705079065
0.07790974927421848
0.0779132214976463
0.07791669372107414
0.07792016594450207
0.07792363816792991
0.07792711039135775
0.07793058261478567
0.07793405483821342
0.07793752706164134
0.07794099928506917
0.07794447150849701
0.07794794373192494
0.07795141595535277
0.0779548881787806
0.07795836040220844
0.07796183262563627
0.07796530484906411
0.07796877707249204
0.07797224929591987
0.0779757215193477
0.07797919374277563
0.07798266596620337
0.07798613818963131
0.07798961041305914
0.07799308263648698
0.0779965548599149
0.07800002708334274
0.07800349930677057
0.07800697153019841
0.07801044375362624
0.07801391597705416
0.078017388200482
0.07802086042390984
0.07802433264733777
0.07802780487076551
0.07803127709419343
0.07803474931762126
0.0780382215410491
0.07804169376447694
0.07804516598790487
0.0780486382113327
0.07805211043476054
0.07805558265818836
0.0780590548816162
0.07806252710504413
0.07806599932847197
0.0780694715518998
0.07807294377532772
0.07807641599875548
0.0780798882221834
0.07808336044561123
0.07808683266903907
0.078090304892467
0.07809377711589482
0.07809724933932266
0.0781007215627506
0.07810419378617833
0.07810766600960627
0.0781111382330341
0.07811461045646192
0.07811808267988976
0.0781215549033177
