0.45034737859283974
0.4503508508162676
0.4503543230396955
0.45035779526312336
0.4503612674865512
0.45036473970997903
0.450368211933407
0.45037168415683476
0.4503751563802626
0.45037862860369043
0.45038210082711827
0.4503855730505462
0.45038904527397405
0.4503925174974019
0.4503959897208297
0.4503994619442577
0.4504029341676855
0.45040640639111335
0.4504098786145412
0.450413350837969
0.4504168230613969
0.45042029528482475
0.4504237675082526
0.4504272397316804
0.45043071195510836
0.4504341841785362
0.45043765640196404
0.4504411286253919
0.4504446008488197
0.4504480730722476
0.45045154529567544
0.4504550175191033
0.4504584897425311
0.45046196196595906
0.4504654341893869
0.45046890641281473
0.45047237863624257
0.4504758508596704
0.4504793230830983
0.45048279530652613
0.45048626752995397
0.4504897397533818
0.45049321197680975
0.4504966842002376
0.4505001564236654
0.45050362864709326
0.4505071008705211
0.450510573093949
0.4505140453173768
0.45051751754080466
0.4505209897642325
0.45052446198766044
0.4505279342110883
0.4505314064345161
0.45053487865794395
0.4505383508813718
0.45054182310479973
0.45054529532822757
0.4505487675516554
0.45055223977508324
0.45055571199851113
0.45055918422193897
0.4505626564453668
0.45056612866879464
0.4505696008922225
0.4505730731156504
0.45057654533907826
0.4505800175625061
0.45058348978593393
0.4505869620093618
0.45059043423278966
0.4505939064562175
0.45059737867964533
0.45060085090307317
0.4506043231265011
0.45060779534992895
0.4506112675733568
0.4506147397967846
0.4506182120202125
0.45062168424364035
0.4506251564670682
0.450628628690496
0.45063210091392386
0.4506355731373518
0.45063904536077964
0.4506425175842075
0.4506459898076353
0.45064946203106326
0.45065293425449104
0.4506564064779189
0.4506598787013467
0.45066335092477455
0.4506668231482025
0.45067029537163034
0.4506737675950582
0.450677239818486
0.45068071204191396
0.4506841842653418
0.45068765648876963
0.45069112871219746
0.4506946009356253
0.4506980731590532
0.45070154538248103
0.45070501760590886
0.4507084898293367
0.45071196205276465
0.4507154342761925
0.4507189064996203
0.45072237872304816
0.450725850946476
0.4507293231699039
0.4507327953933317
0.45073626761675956
0.4507397398401874
0.45074321206361534
0.4507466842870432
0.450750156510471
0.45075362873389885
0.4507571009573267
0.4507605731807546
0.4507640454041824
0.45076751762761025
0.4507709898510381
0.45077446207446603
0.45077793429789387
0.4507814065213217
0.45078487874474954
0.4507883509681774
0.4507918231916053
0.4507952954150331
0.45079876763846094
0.4508022398618888
0.4508057120853167
0.45080918430874456
0.4508126565321724
0.45081612875560023
0.45081960097902807
0.450823073202456
0.45082654542588385
0.4508300176493117
0.4508334898727395
0.4508369620961674
0.45084043431959525
0.4508439065430231
0.4508473787664509
0.45085085098987876
0.4508543232133067
0.45085779543673454
0.4508612676601624
0.4508647398835902
0.4508682121070181
0.45087168433044594
0.4508751565538738
0.4508786287773016
0.45088210100072945
0.4508855732241574
0.45088904544758523
0.45089251767101307
0.4508959898944409
0.4508994621178688
0.45090293434129664
0.45090640656472447
0.4509098787881523
0.45091335101158014
0.4509168232350081
0.4509202954584359
0.45092376768186376
0.4509272399052916
0.45093071212871955
0.4509341843521474
0.45093765657557516
0.450941128799003
0.45094460102243084
0.4509480732458588
0.4509515454692866
0.45095501769271445
0.4509584899161423
0.45096196213957024
0.4509654343629981
0.4509689065864259
0.45097237880985375
0.4509758510332816
0.4509793232567095
0.4509827954801373
0.45098626770356515
0.450989739926993
0.45099321215042093
0.45099668437384877
0.4510001565972766
0.45100362882070444
0.4510071010441323
0.45101057326756017
0.451014045490988
0.45101751771441584
0.4510209899378437
0.4510244621612716
0.45102793438469946
0.4510314066081273
0.45103487883155513
0.45103835105498297
