0.6302085521557473
0.6302120243791751
0.630215496602603
0.6302189688260308
0.6302224410494587
0.6302259132728865
0.6302293854963145
0.6302328577197422
0.6302363299431701
0.630239802166598
0.6302432743900258
0.6302467466134537
0.6302502188368815
0.6302536910603094
0.6302571632837372
0.6302606355071652
0.6302641077305929
0.6302675799540208
0.6302710521774486
0.6302745244008765
0.6302779966243044
0.6302814688477322
0.6302849410711601
0.6302884132945878
0.6302918855180158
0.6302953577414436
0.6302988299648715
0.6303023021882994
0.6303057744117273
0.6303092466351551
0.630312718858583
0.6303161910820108
0.6303196633054385
0.6303231355288665
0.6303266077522943
0.6303300799757222
0.63033355219915
0.630337024422578
0.6303404966460058
0.6303439688694337
0.6303474410928614
0.6303509133162893
0.6303543855397171
0.630357857763145
0.6303613299865729
0.6303648022100008
0.6303682744334287
0.6303717466568565
0.6303752188802844
0.6303786911037121
0.63038216332714
0.6303856355505679
0.6303891077739957
0.6303925799974236
0.6303960522208515
0.6303995244442794
0.6304029966677072
0.630406468891135
0.6304099411145628
0.6304134133379908
0.6304168855614186
0.6304203577848464
0.6304238300082743
0.6304273022317021
0.6304307744551301
0.6304342466785579
0.6304377189019857
0.6304411911254135
0.6304446633488414
0.6304481355722693
0.6304516077956972
0.630455080019125
0.6304585522425529
0.6304620244659808
0.6304654966894085
0.6304689689128364
0.6304724411362642
0.6304759133596921
0.63047938558312
0.6304828578065479
0.6304863300299757
0.6304898022534036
0.6304932744768315
0.6304967467002592
0.6305002189236871
0.6305036911471149
0.6305071633705428
0.6305106355939707
0.6305141078173986
0.6305175800408264
0.6305210522642543
0.6305245244876821
0.6305279967111099
0.6305314689345378
0.6305349411579656
0.6305384133813935
0.6305418856048214
0.6305453578282493
0.6305488300516771
0.6305523022751051
0.6305557744985328
0.6305592467219606
0.6305627189453885
0.6305661911688163
0.6305696633922442
0.6305731356156721
0.6305766078391
0.6305800800625277
0.6305835522859556
0.6305870245093835
0.6305904967328114
0.6305939689562392
0.6305974411796671
0.6306009134030949
0.6306043856265227
0.6306078578499507
0.6306113300733784
0.6306148022968064
0.6306182745202342
0.6306217467436621
0.6306252189670899
0.6306286911905178
0.6306321634139456
0.6306356356373735
0.6306391078608014
0.6306425800842291
0.6306460523076571
0.6306495245310849
0.6306529967545128
0.6306564689779406
0.6306599412013685
0.6306634134247964
0.6306668856482242
0.630670357871652
0.6306738300950798
0.6306773023185077
0.6306807745419356
0.6306842467653635
0.6306877189887913
0.6306911912122192
0.630694663435647
0.630698135659075
0.6307016078825027
0.6307050801059305
0.6307085523293585
0.6307120245527863
0.6307154967762142
0.630718968999642
0.6307224412230699
0.6307259134464976
0.6307293856699256
0.6307328578933534
0.6307363301167813
0.6307398023402092
0.630743274563637
0.6307467467870649
0.6307502190104927
0.6307536912339206
0.6307571634573483
0.6307606356807763
0.6307641079042041
0.630767580127632
0.6307710523510598
0.6307745245744877
0.6307779967979156
0.6307814690213434
0.6307849412447712
0.630788413468199
0.630791885691627
0.6307953579150548
0.6307988301384827
0.6308023023619106
0.6308057745853384
0.6308092468087663
0.630812719032194
0.6308161912556219
0.6308196634790497
0.6308231357024777
0.6308266079259055
0.6308300801493334
0.6308335523727612
0.6308370245961892
0.630840496819617
0.6308439690430447
0.6308474412664726
0.6308509134899004
0.6308543857133283
0.6308578579367562
0.6308613301601841
0.630864802383612
0.6308682746070399
0.6308717468304677
0.6308752190538955
0.6308786912773233
0.6308821635007512
0.6308856357241791
0.6308891079476069
0.6308925801710348
0.6308960523944627
0.6308995246178906
