0.8857641964459014
0.8857676686693294
0.8857711408927573
0.8857746131161851
0.885778085339613
0.8857815575630408
0.8857850297864687
0.8857885020098965
0.8857919742333245
0.8857954464567521
0.8857989186801801
0.885802390903608
0.8858058631270358
0.8858093353504637
0.8858128075738915
0.8858162797973194
0.8858197520207471
0.8858232242441751
0.885826696467603
0.8858301686910308
0.8858336409144587
0.8858371131378865
0.8858405853613144
0.8858440575847422
0.88584752980817
0.8858510020315978
0.8858544742550257
0.8858579464784535
0.8858614187018815
0.8858648909253094
0.8858683631487372
0.8858718353721651
0.8858753075955929
0.8858787798190207
0.8858822520424485
0.8858857242658766
0.8858891964893042
0.8858926687127323
0.8858961409361601
0.8858996131595879
0.8859030853830158
0.8859065576064435
0.8859100298298714
0.8859135020532992
0.8859169742767273
0.8859204465001551
0.885923918723583
0.8859273909470108
0.8859308631704387
0.8859343353938665
0.8859378076172943
0.8859412798407221
0.8859447520641499
0.8859482242875778
0.8859516965110056
0.8859551687344337
0.8859586409578615
0.8859621131812894
0.8859655854047171
0.885969057628145
0.8859725298515728
0.8859760020750007
0.8859794742984287
0.8859829465218564
0.8859864187452844
0.8859898909687122
0.8859933631921401
0.8859968354155678
0.8860003076389957
0.8860037798624235
0.8860072520858514
0.8860107243092794
0.8860141965327072
0.8860176687561351
0.8860211409795629
0.8860246132029908
0.8860280854264185
0.8860315576498464
0.8860350298732742
0.8860385020967021
0.8860419743201299
0.8860454465435578
0.8860489187669858
0.8860523909904136
0.8860558632138414
0.8860593354372692
0.8860628076606971
0.8860662798841249
0.8860697521075528
0.8860732243309808
0.8860766965544085
0.8860801687778365
0.8860836410012642
0.8860871132246921
0.8860905854481199
0.8860940576715478
0.8860975298949756
0.8861010021184035
0.8861044743418315
0.8861079465652592
0.8861114187886872
0.8861148910121149
0.8861183632355428
0.8861218354589706
0.8861253076823985
0.8861287799058263
0.8861322521292542
0.8861357243526822
0.8861391965761098
0.8861426687995378
0.8861461410229656
0.8861496132463935
0.8861530854698213
0.8861565576932492
0.886160029916677
0.8861635021401049
0.8861669743635326
0.8861704465869605
0.8861739188103885
0.8861773910338163
0.8861808632572442
0.886184335480672
0.8861878077040999
0.8861912799275277
0.8861947521509556
0.8861982243743836
0.8862016965978112
0.8862051688212392
0.8862086410446671
0.8862121132680949
0.8862155854915228
0.8862190577149506
0.8862225299383785
0.8862260021618062
0.8862294743852343
0.8862329466086621
0.8862364188320899
0.8862398910555178
0.8862433632789456
0.8862468355023735
0.8862503077258013
0.8862537799492292
0.8862572521726569
0.8862607243960848
0.8862641966195126
0.8862676688429406
0.8862711410663685
0.8862746132897963
0.8862780855132242
0.886281557736652
0.8862850299600799
0.8862885021835076
0.8862919744069356
0.8862954466303633
0.8862989188537913
0.8863023910772192
0.886305863300647
0.8863093355240749
0.8863128077475027
0.8863162799709305
0.8863197521943583
0.8863232244177863
0.8863266966412142
0.886330168864642
0.8863336410880699
0.8863371133114977
0.8863405855349256
0.8863440577583533
0.8863475299817812
0.886351002205209
0.8863544744286369
0.8863579466520647
0.8863614188754927
0.8863648910989206
0.8863683633223484
0.8863718355457763
0.886375307769204
0.8863787799926319
0.8863822522160597
0.8863857244394877
0.8863891966629154
0.8863926688863434
0.8863961411097713
0.886399613333199
0.886403085556627
0.8864065577800547
0.8864100300034826
0.8864135022269104
0.8864169744503384
0.8864204466737663
0.8864239188971941
0.886427391120622
0.8864308633440497
0.8864343355674776
0.8864378077909054
0.8864412800143333
0.8864447522377611
0.886448224461189
0.8864516966846168
0.8864551689080449
