0.14409727225599728
0.14410074447942517
0.144104216702853
0.1441076889262809
0.14411116114970873
0.14411463337313654
0.14411810559656438
0.14412157781999227
0.14412505004342016
0.144128522266848
0.14413199449027586
0.14413546671370364
0.14413893893713153
0.14414241116055942
0.14414588338398726
0.14414935560741512
0.14415282783084296
0.14415630005427085
0.14415977227769872
0.14416324450112653
0.1441667167245544
0.14417018894798223
0.14417366117141012
0.14417713339483795
0.14418060561826584
0.1441840778416937
0.1441875500651215
0.14419102228854938
0.14419449451197722
0.1441979667354051
0.14420143895883297
0.1442049111822608
0.1442083834056887
0.14421185562911648
0.14421532785254437
0.14421880007597224
0.14422227229940007
0.14422574452282796
0.1442292167462558
0.14423268896968364
0.1442361611931115
0.14423963341653934
0.14424310563996723
0.14424657786339506
0.14425005008682296
0.14425352231025076
0.1442569945336786
0.1442604667571065
0.14426393898053433
0.14426741120396222
0.14427088342739006
0.14427435565081792
0.1442778278742458
0.1442813000976736
0.14428477232110148
0.14428824454452932
0.14429171676795718
0.14429518899138508
0.1442986612148129
0.14430213343824078
0.14430560566166858
0.14430907788509645
0.14431255010852434
0.14431602233195218
0.14431949455538007
0.1443229667788079
0.14432643900223577
0.14432991122566355
0.14433338344909144
0.14433685567251933
0.14434032789594717
0.14434380011937503
0.14434727234280287
0.14435074456623076
0.1443542167896586
0.14435768901308643
0.1443611612365143
0.14436463345994213
0.14436810568337002
0.14437157790679792
0.1443750501302257
0.14437852235365356
0.1443819945770814
0.1443854668005093
0.14438893902393712
0.14439241124736502
0.14439588347079288
0.14439935569422066
0.14440282791764855
0.1444063001410764
0.14440977236450428
0.14441324458793214
0.14441671681135998
0.14442018903478787
0.14442366125821565
0.14442713348164354
0.1444306057050714
0.14443407792849924
0.14443755015192714
0.14444102237535497
0.14444449459878284
0.14444796682221073
0.1444514390456385
0.1444549112690664
0.14445838349249424
0.14446185571592213
0.14446532793934996
0.14446880016277783
0.14447227238620566
0.1444757446096335
0.1444792168330614
0.14448268905648923
0.1444861612799171
0.14448963350334498
0.14449310572677282
0.14449657795020066
0.1445000501736285
0.14450352239705636
0.14450699462048425
0.14451046684391208
0.14451393906733997
0.14451741129076776
0.14452088351419562
0.1445243557376235
0.14452782796105135
0.14453130018447924
0.14453477240790708
0.14453824463133494
0.14454171685476272
0.1445451890781906
0.1445486613016185
0.14455213352504634
0.1445556057484742
0.14455907797190204
0.14456255019532993
0.1445660224187578
0.1445694946421856
0.14457296686561347
0.1445764390890413
0.1445799113124692
0.1445833835358971
0.1445868557593249
0.1445903279827528
0.14459380020618057
0.14459727242960846
0.1446007446530363
0.1446042168764642
0.14460768909989205
0.1446111613233199
0.14461463354674772
0.14461810577017556
0.14462157799360345
0.14462505021703131
0.14462852244045915
0.14463199466388704
0.14463546688731482
0.14463893911074271
0.14464241133417058
0.14464588355759841
0.1446493557810263
0.14465282800445414
0.14465630022788203
0.1446597724513099
0.14466324467473768
0.14466671689816557
0.1446701891215934
0.1446736613450213
0.14467713356844913
0.144680605791877
0.1446840780153049
0.14468755023873267
0.14469102246216056
0.1446944946855884
0.14469796690901626
0.14470143913244415
0.144704911355872
0.14470838357929985
0.14471185580272766
0.14471532802615553
0.14471880024958342
0.14472227247301125
0.14472574469643915
0.14472921691986695
0.14473268914329485
0.14473616136672268
0.14473963359015052
0.1447431058135784
0.14474657803700625
0.1447500502604341
0.14475352248386195
0.14475699470728978
0.14476046693071767
0.1447639391541455
0.14476741137757337
0.1447708836010012
0.1447743558244291
0.14477782804785697
0.14478130027128477
0.14478477249471264
0.14478824471814047
