0.4954862831549594
0.49548975537838724
0.4954932276018152
0.495496699825243
0.49550017204867086
0.4955036442720987
0.49550711649552653
0.4955105887189544
0.49551406094238226
0.4955175331658101
0.49552100538923793
0.4955244776126659
0.4955279498360937
0.49553142205952155
0.4955348942829494
0.4955383665063772
0.4955418387298051
0.49554531095323295
0.4955487831766608
0.4955522554000886
0.4955557276235166
0.4955591998469444
0.49556267207037225
0.4955661442938001
0.4955696165172279
0.4955730887406558
0.49557656096408365
0.4955800331875115
0.4955835054109393
0.49558697763436727
0.4955904498577951
0.49559392208122294
0.4955973943046508
0.4956008665280786
0.49560433875150656
0.4956078109749344
0.4956112831983622
0.49561475542179
0.49561822764521796
0.4956216998686458
0.49562517209207363
0.49562864431550147
0.4956321165389293
0.49563558876235725
0.4956390609857851
0.4956425332092129
0.49564600543264076
0.49564947765606865
0.4956529498794965
0.4956564221029243
0.49565989432635216
0.49566336654978
0.49566683877320794
0.4956703109966358
0.4956737832200636
0.49567725544349145
0.49568072766691934
0.4956841998903472
0.495687672113775
0.49569114433720285
0.4956946165606307
0.49569808878405863
0.49570156100748647
0.4957050332309143
0.49570850545434214
0.49571197767777003
0.49571544990119787
0.4957189221246257
0.49572239434805354
0.4957258665714814
0.4957293387949093
0.49573281101833716
0.495736283241765
0.49573975546519283
0.4957432276886208
0.4957466999120486
0.49575017213547645
0.49575364435890423
0.49575711658233207
0.49576058880576
0.49576406102918785
0.4957675332526157
0.4957710054760435
0.49577447769947147
0.4957779499228993
0.49578142214632714
0.495784894369755
0.4957883665931828
0.4957918388166107
0.49579531104003854
0.4957987832634664
0.4958022554868942
0.49580572771032216
0.49580919993375
0.49581267215717784
0.4958161443806057
0.4958196166040335
0.4958230888274614
0.49582656105088924
0.4958300332743171
0.4958335054977449
0.49583697772117286
0.4958404499446007
0.49584392216802853
0.49584739439145636
0.4958508666148842
0.4958543388383121
0.49585781106173993
0.49586128328516776
0.4958647555085956
0.49586822773202355
0.4958716999554514
0.4958751721788792
0.49587864440230706
0.4958821166257349
0.49588558884916284
0.4958890610725907
0.4958925332960185
0.4958960055194463
0.49589947774287424
0.4959029499663021
0.4959064221897299
0.49590989441315775
0.4959133666365856
0.49591683886001353
0.49592031108344137
0.4959237833068692
0.49592725553029704
0.49593072775372493
0.49593419997715277
0.4959376722005806
0.49594114442400844
0.4959446166474363
0.4959480888708642
0.49595156109429206
0.4959550333177199
0.49595850554114773
0.4959619777645756
0.49596544998800346
0.4959689222114313
0.49597239443485913
0.49597586665828697
0.4959793388817149
0.49598281110514275
0.4959862833285706
0.4959897555519984
0.4959932277754263
0.49599669999885415
0.496000172222282
0.4960036444457098
0.49600711666913766
0.4960105888925656
0.49601406111599344
0.4960175333394213
0.4960210055628491
0.49602447778627706
0.4960279500097049
0.49603142223313273
0.49603489445656057
0.49603836667998835
0.4960418389034163
0.49604531112684414
0.49604878335027197
0.4960522555736998
0.49605572779712775
0.4960592000205556
0.4960626722439834
0.49606614446741126
0.4960696166908391
0.496073088914267
0.4960765611376948
0.49608003336112266
0.4960835055845505
0.49608697780797845
0.4960904500314063
0.4960939222548341
0.49609739447826195
0.4961008667016898
0.4961043389251177
0.4961078111485455
0.49611128337197336
0.4961147555954012
0.49611822781882914
0.496121700042257
0.4961251722656848
0.49612864448911265
0.4961321167125405
0.4961355889359684
0.4961390611593962
0.49614253338282405
0.4961460056062519
0.49614947782967983
0.49615295005310767
0.4961564222765355
0.49615989449996334
0.4961633667233912
0.4961668389468191
0.49617031117024696
0.4961737833936748
0.49617725561710263
