0.5315974068046551
0.531600879028083
0.5316043512515108
0.5316078234749387
0.5316112956983665
0.5316147679217944
0.5316182401452223
0.5316217123686502
0.531625184592078
0.5316286568155059
0.5316321290389336
0.5316356012623615
0.5316390734857894
0.5316425457092172
0.5316460179326451
0.531649490156073
0.5316529623795009
0.5316564346029287
0.5316599068263566
0.5316633790497843
0.5316668512732122
0.5316703234966401
0.5316737957200679
0.5316772679434958
0.5316807401669237
0.5316842123903516
0.5316876846137794
0.5316911568372072
0.531694629060635
0.5316981012840629
0.5317015735074908
0.5317050457309186
0.5317085179543465
0.5317119901777744
0.5317154624012023
0.53171893462463
0.5317224068480579
0.5317258790714857
0.5317293512949136
0.5317328235183415
0.5317362957417693
0.5317397679651972
0.5317432401886251
0.531746712412053
0.5317501846354807
0.5317536568589086
0.5317571290823364
0.5317606013057644
0.5317640735291922
0.5317675457526201
0.5317710179760479
0.5317744901994758
0.5317779624229036
0.5317814346463314
0.5317849068697593
0.5317883790931871
0.5317918513166151
0.5317953235400429
0.5317987957634708
0.5318022679868986
0.5318057402103264
0.5318092124337543
0.5318126846571821
0.53181615688061
0.5318196291040378
0.5318231013274658
0.5318265735508936
0.5318300457743215
0.5318335179977492
0.5318369902211771
0.531840462444605
0.5318439346680328
0.5318474068914607
0.5318508791148885
0.5318543513383165
0.5318578235617443
0.5318612957851722
0.5318647680085999
0.5318682402320278
0.5318717124554557
0.5318751846788835
0.5318786569023114
0.5318821291257392
0.5318856013491672
0.531889073572595
0.5318925457960229
0.5318960180194506
0.5318994902428786
0.5319029624663064
0.5319064346897343
0.5319099069131621
0.53191337913659
0.5319168513600179
0.5319203235834457
0.5319237958068735
0.5319272680303013
0.5319307402537293
0.5319342124771571
0.531937684700585
0.5319411569240128
0.5319446291474407
0.5319481013708686
0.5319515735942963
0.5319550458177242
0.531958518041152
0.53196199026458
0.5319654624880078
0.5319689347114357
0.5319724069348635
0.5319758791582914
0.5319793513817193
0.531982823605147
0.5319862958285749
0.5319897680520027
0.5319932402754307
0.5319967124988585
0.5320001847222864
0.5320036569457142
0.5320071291691421
0.53201060139257
0.5320140736159977
0.5320175458394256
0.5320210180628534
0.5320244902862814
0.5320279625097092
0.5320314347331371
0.5320349069565649
0.5320383791799927
0.5320418514034206
0.5320453236268485
0.5320487958502763
0.5320522680737042
0.5320557402971321
0.5320592125205599
0.5320626847439878
0.5320661569674155
0.5320696291908434
0.5320731014142713
0.5320765736376992
0.532080045861127
0.5320835180845549
0.5320869903079828
0.5320904625314106
0.5320939347548385
0.5320974069782662
0.5321008792016941
0.532104351425122
0.5321078236485499
0.5321112958719777
0.5321147680954056
0.5321182403188335
0.5321217125422613
0.5321251847656892
0.5321286569891169
0.5321321292125448
0.5321356014359727
0.5321390736594006
0.5321425458828284
0.5321460181062563
0.5321494903296842
0.532152962553112
0.5321564347765398
0.5321599069999676
0.5321633792233955
0.5321668514468234
0.5321703236702513
0.5321737958936791
0.532177268117107
0.5321807403405349
0.5321842125639628
0.5321876847873905
0.5321911570108184
0.5321946292342462
0.5321981014576741
0.532201573681102
0.5322050459045298
0.5322085181279577
0.5322119903513856
0.5322154625748134
0.5322189347982412
0.5322224070216691
0.5322258792450969
0.5322293514685248
0.5322328236919527
0.5322362959153805
0.5322397681388084
0.5322432403622362
0.5322467125856641
0.5322501848090919
0.5322536570325198
0.5322571292559476
0.5322606014793755
0.5322640737028034
0.5322675459262312
0.532271018149659
0.5322744903730869
0.5322779625965148
0.5322814348199426
0.5322849070433705
0.5322883792667983
