0.9489586628328689
0.9489621350562969
0.9489656072797248
0.9489690795031526
0.9489725517265805
0.9489760239500082
0.9489794961734362
0.9489829683968639
0.9489864406202919
0.9489899128437196
0.9489933850671476
0.9489968572905755
0.9490003295140033
0.9490038017374313
0.9490072739608589
0.9490107461842869
0.9490142184077146
0.9490176906311426
0.9490211628545705
0.9490246350779983
0.9490281073014262
0.949031579524854
0.9490350517482818
0.9490385239717096
0.9490419961951376
0.9490454684185653
0.9490489406419933
0.9490524128654212
0.949055885088849
0.9490593573122769
0.9490628295357046
0.9490663017591325
0.9490697739825603
0.9490732462059883
0.949076718429416
0.949080190652844
0.9490836628762717
0.9490871350996997
0.9490906073231276
0.9490940795465553
0.9490975517699834
0.949101023993411
0.9491044962168391
0.9491079684402667
0.9491114406636947
0.9491149128871226
0.9491183851105504
0.9491218573339782
0.949125329557406
0.9491288017808339
0.9491322740042617
0.9491357462276898
0.9491392184511174
0.9491426906745455
0.9491461628979733
0.9491496351214012
0.9491531073448289
0.9491565795682567
0.9491600517916846
0.9491635240151124
0.9491669962385405
0.9491704684619681
0.9491739406853962
0.9491774129088237
0.9491808851322519
0.9491843573556796
0.9491878295791075
0.9491913018025355
0.9491947740259632
0.9491982462493912
0.9492017184728189
0.9492051906962469
0.9492086629196747
0.9492121351431025
0.9492156073665303
0.9492190795899582
0.949222551813386
0.9492260240368139
0.9492294962602419
0.9492329684836696
0.9492364407070976
0.9492399129305253
0.9492433851539532
0.949246857377381
0.9492503296008089
0.9492538018242367
0.9492572740476646
0.9492607462710926
0.9492642184945203
0.9492676907179483
0.9492711629413759
0.9492746351648039
0.9492781073882317
0.9492815796116596
0.9492850518350876
0.9492885240585153
0.9492919962819433
0.9492954685053709
0.949298940728799
0.9493024129522267
0.9493058851756546
0.9493093573990824
0.9493128296225103
0.9493163018459383
0.949319774069366
0.949323246292794
0.9493267185162216
0.9493301907396496
0.9493336629630774
0.9493371351865053
0.9493406074099331
0.949344079633361
0.9493475518567888
0.9493510240802167
0.9493544963036447
0.9493579685270723
0.9493614407505003
0.949364912973928
0.949368385197356
0.9493718574207838
0.9493753296442117
0.9493788018676397
0.9493822740910673
0.9493857463144953
0.949389218537923
0.949392690761351
0.9493961629847787
0.9493996352082067
0.9494031074316345
0.9494065796550624
0.9494100518784904
0.949413524101918
0.949416996325346
0.9494204685487737
0.9494239407722017
0.9494274129956296
0.9494308852190574
0.9494343574424853
0.9494378296659131
0.9494413018893408
0.9494447741127687
0.9494482463361967
0.9494517185596244
0.9494551907830524
0.9494586630064801
0.9494621352299081
0.949465607453336
0.9494690796767637
0.9494725519001916
0.9494760241236194
0.9494794963470474
0.9494829685704751
0.9494864407939031
0.9494899130173308
0.9494933852407588
0.9494968574641867
0.9495003296876144
0.9495038019110424
0.9495072741344701
0.9495107463578981
0.9495142185813258
0.9495176908047538
0.9495211630281817
0.9495246352516095
0.9495281074750374
0.9495315796984651
0.949535051921893
0.9495385241453208
0.9495419963687488
0.9495454685921765
0.9495489408156045
0.9495524130390324
0.9495558852624602
0.949559357485888
0.9495628297093158
0.9495663019327437
0.9495697741561715
0.9495732463795995
0.9495767186030272
0.9495801908264552
0.9495836630498828
0.9495871352733108
0.9495906074967387
0.9495940797201665
0.9495975519435945
0.9496010241670222
0.9496044963904502
0.9496079686138779
0.9496114408373059
0.9496149130607338
0.9496183852841615
0.9496218575075894
0.9496253297310172
0.9496288019544451
0.9496322741778729
0.9496357464013009
0.9496392186247286
0.9496426908481566
0.9496461630715844
0.9496496352950122
