0.6343752202691737
0.6343786924926015
0.6343821647160294
0.6343856369394573
0.6343891091628852
0.6343925813863129
0.6343960536097409
0.6343995258331687
0.6344029980565965
0.6344064702800244
0.6344099425034522
0.6344134147268801
0.634416886950308
0.6344203591737358
0.6344238313971636
0.6344273036205915
0.6344307758440194
0.6344342480674473
0.6344377202908751
0.634441192514303
0.6344446647377308
0.6344481369611586
0.6344516091845865
0.6344550814080143
0.6344585536314423
0.6344620258548701
0.634465498078298
0.6344689703017258
0.6344724425251537
0.6344759147485814
0.6344793869720093
0.6344828591954372
0.634486331418865
0.6344898036422929
0.6344932758657208
0.6344967480891487
0.6345002203125765
0.6345036925360044
0.6345071647594321
0.63451063698286
0.6345141092062879
0.6345175814297157
0.6345210536531437
0.6345245258765715
0.6345279980999994
0.6345314703234272
0.634534942546855
0.6345384147702828
0.6345418869937107
0.6345453592171386
0.6345488314405664
0.6345523036639944
0.6345557758874222
0.6345592481108501
0.6345627203342779
0.6345661925577057
0.6345696647811336
0.6345731370045615
0.6345766092279893
0.6345800814514172
0.634583553674845
0.6345870258982729
0.6345904981217008
0.6345939703451285
0.6345974425685564
0.6346009147919842
0.6346043870154122
0.63460785923884
0.6346113314622679
0.6346148036856958
0.6346182759091236
0.6346217481325515
0.6346252203559792
0.6346286925794071
0.6346321648028349
0.6346356370262629
0.6346391092496907
0.6346425814731186
0.6346460536965465
0.6346495259199743
0.6346529981434021
0.6346564703668299
0.6346599425902578
0.6346634148136856
0.6346668870371136
0.6346703592605414
0.6346738314839693
0.6346773037073971
0.6346807759308251
0.6346842481542528
0.6346877203776806
0.6346911926011085
0.6346946648245363
0.6346981370479643
0.6347016092713921
0.63470508149482
0.6347085537182479
0.6347120259416758
0.6347154981651035
0.6347189703885314
0.6347224426119592
0.6347259148353871
0.634729387058815
0.6347328592822428
0.6347363315056707
0.6347398037290984
0.6347432759525264
0.6347467481759542
0.6347502203993821
0.6347536926228099
0.6347571648462378
0.6347606370696656
0.6347641092930935
0.6347675815165214
0.6347710537399492
0.6347745259633771
0.6347779981868049
0.6347814704102328
0.6347849426336606
0.6347884148570885
0.6347918870805164
0.6347953593039442
0.634798831527372
0.6348023037507999
0.6348057759742278
0.6348092481976556
0.6348127204210835
0.6348161926445113
0.6348196648679393
0.6348231370913671
0.6348266093147948
0.6348300815382227
0.6348335537616505
0.6348370259850785
0.6348404982085063
0.6348439704319342
0.634847442655362
0.6348509148787899
0.6348543871022178
0.6348578593256456
0.6348613315490734
0.6348648037725013
0.6348682759959292
0.634871748219357
0.6348752204427849
0.6348786926662127
0.6348821648896406
0.6348856371130684
0.6348891093364963
0.6348925815599241
0.634896053783352
0.6348995260067799
0.6349029982302077
0.6349064704536356
0.6349099426770634
0.6349134149004912
0.6349168871239191
0.634920359347347
0.6349238315707748
0.6349273037942027
0.6349307760176306
0.6349342482410584
0.6349377204644863
0.634941192687914
0.6349446649113419
0.6349481371347698
0.6349516093581977
0.6349550815816255
0.6349585538050535
0.6349620260284813
0.6349654982519092
0.634968970475337
0.6349724426987647
0.6349759149221926
0.6349793871456205
0.6349828593690484
0.6349863315924762
0.6349898038159041
0.634993276039332
0.6349967482627599
0.6350002204861876
0.6350036927096155
0.6350071649330433
0.6350106371564712
0.6350141093798991
0.6350175816033269
0.6350210538267549
0.6350245260501827
0.6350279982736106
0.6350314704970383
0.6350349427204662
0.635038414943894
0.6350418871673219
0.6350453593907498
0.6350488316141776
0.6350523038376056
0.6350557760610334
0.6350592482844613
0.635062720507889
0.6350661927313169
