0.9600697778020061
0.9600732500254341
0.9600767222488618
0.9600801944722898
0.9600836666957174
0.9600871389191454
0.9600906111425733
0.9600940833660011
0.9600975555894292
0.9601010278128568
0.9601045000362849
0.9601079722597124
0.9601114444831406
0.9601149167065683
0.9601183889299961
0.960121861153424
0.9601253333768518
0.9601288056002799
0.9601322778237075
0.9601357500471356
0.9601392222705631
0.9601426944939913
0.960146166717419
0.9601496389408469
0.9601531111642747
0.9601565833877026
0.9601600556111304
0.9601635278345582
0.9601670000579863
0.9601704722814138
0.960173944504842
0.9601774167282695
0.9601808889516976
0.9601843611751254
0.9601878333985533
0.9601913056219811
0.960194777845409
0.960198250068837
0.9602017222922646
0.9602051945156926
0.9602086667391202
0.9602121389625483
0.9602156111859761
0.960219083409404
0.960222555632832
0.9602260278562597
0.9602295000796877
0.9602329723031153
0.9602364445265433
0.9602399167499711
0.960243388973399
0.9602468611968268
0.9602503334202547
0.9602538056436825
0.9602572778671103
0.9602607500905384
0.960264222313966
0.960267694537394
0.9602711667608218
0.9602746389842497
0.9602781112076775
0.9602815834311054
0.9602850556545331
0.960288527877961
0.960292000101389
0.9602954723248167
0.9602989445482447
0.9603024167716724
0.9603058889951004
0.9603093612185282
0.9603128334419561
0.9603163056653841
0.9603197778888117
0.9603232501122397
0.9603267223356674
0.9603301945590954
0.9603336667825232
0.9603371390059511
0.9603406112293789
0.9603440834528068
0.9603475556762345
0.9603510278996624
0.9603545001230904
0.9603579723465181
0.9603614445699461
0.9603649167933739
0.9603683890168018
0.9603718612402296
0.9603753334636574
0.9603788056870852
0.9603822779105131
0.9603857501339411
0.9603892223573688
0.9603926945807968
0.9603961668042245
0.9603996390276525
0.9604031112510802
0.9604065834745081
0.9604100556979361
0.9604135279213638
0.9604170001447918
0.9604204723682195
0.9604239445916475
0.9604274168150754
0.9604308890385032
0.960434361261931
0.9604378334853588
0.9604413057087867
0.9604447779322145
0.9604482501556425
0.9604517223790702
0.9604551946024982
0.9604586668259261
0.9604621390493538
0.9604656112727817
0.9604690834962095
0.9604725557196374
0.9604760279430652
0.9604795001664932
0.9604829723899209
0.9604864446133489
0.9604899168367765
0.9604933890602045
0.9604968612836324
0.9605003335070602
0.9605038057304882
0.9605072779539159
0.9605107501773439
0.9605142224007716
0.9605176946241996
0.9605211668476275
0.9605246390710552
0.9605281112944831
0.9605315835179109
0.9605350557413388
0.9605385279647666
0.9605420001881946
0.9605454724116222
0.9605489446350503
0.9605524168584781
0.9605558890819059
0.9605593613053338
0.9605628335287616
0.9605663057521895
0.9605697779756173
0.9605732501990453
0.9605767224224729
0.9605801946459009
0.9605836668693286
0.9605871390927566
0.9605906113161845
0.9605940835396123
0.9605975557630403
0.960601027986468
0.960604500209896
0.9606079724333236
0.9606114446567516
0.9606149168801795
0.9606183891036073
0.9606218613270352
0.960625333550463
0.9606288057738911
0.9606322779973187
0.9606357502207467
0.9606392224441743
0.9606426946676023
0.9606461668910302
0.960649639114458
0.9606531113378859
0.9606565835613137
0.9606600557847416
0.9606635280081693
0.9606670002315975
0.960670472455025
0.9606739446784531
0.9606774169018807
0.9606808891253087
0.9606843613487366
0.9606878335721644
0.9606913057955923
0.96069477801902
0.9606982502424481
0.9607017224658757
0.9607051946893038
0.9607086669127314
0.9607121391361595
0.9607156113595873
0.9607190835830152
0.9607225558064432
0.9607260280298708
0.9607295002532988
0.9607329724767264
0.9607364447001545
0.9607399169235823
0.9607433891470102
0.960746861370438
0.9607503335938659
0.9607538058172936
0.9607572780407215
0.9607607502641495
