0.6885419057437173
0.6885453779671451
0.688548850190573
0.6885523224140009
0.6885557946374288
0.6885592668608566
0.6885627390842843
0.6885662113077122
0.68856968353114
0.688573155754568
0.6885766279779958
0.6885801002014237
0.6885835724248516
0.6885870446482795
0.6885905168717072
0.6885939890951351
0.6885974613185629
0.6886009335419908
0.6886044057654187
0.6886078779888465
0.6886113502122744
0.6886148224357022
0.6886182946591302
0.6886217668825579
0.6886252391059858
0.6886287113294136
0.6886321835528415
0.6886356557762694
0.6886391279996972
0.6886426002231251
0.688646072446553
0.6886495446699809
0.6886530168934086
0.6886564891168365
0.6886599613402643
0.6886634335636922
0.6886669057871201
0.6886703780105479
0.6886738502339758
0.6886773224574035
0.6886807946808315
0.6886842669042593
0.6886877391276872
0.688691211351115
0.6886946835745429
0.6886981557979708
0.6887016280213986
0.6887051002448265
0.6887085724682543
0.6887120446916822
0.68871551691511
0.6887189891385379
0.6887224613619657
0.6887259335853936
0.6887294058088215
0.6887328780322494
0.6887363502556771
0.688739822479105
0.6887432947025329
0.6887467669259607
0.6887502391493886
0.6887537113728164
0.6887571835962444
0.6887606558196722
0.6887641280431
0.6887676002665278
0.6887710724899557
0.6887745447133836
0.6887780169368114
0.6887814891602393
0.6887849613836671
0.688788433607095
0.6887919058305229
0.6887953780539507
0.6887988502773785
0.6888023225008064
0.6888057947242343
0.6888092669476621
0.68881273917109
0.6888162113945178
0.6888196836179457
0.6888231558413735
0.6888266280648014
0.6888301002882292
0.6888335725116572
0.688837044735085
0.6888405169585129
0.6888439891819407
0.6888474614053685
0.6888509336287965
0.6888544058522242
0.6888578780756521
0.6888613502990799
0.6888648225225078
0.6888682947459357
0.6888717669693636
0.6888752391927914
0.6888787114162193
0.688882183639647
0.6888856558630749
0.6888891280865028
0.6888926003099306
0.6888960725333586
0.6888995447567864
0.6889030169802143
0.6889064892036421
0.68890996142707
0.6889134336504977
0.6889169058739256
0.6889203780973535
0.6889238503207813
0.6889273225442092
0.6889307947676371
0.688934266991065
0.6889377392144928
0.6889412114379206
0.6889446836613484
0.6889481558847763
0.6889516281082042
0.688955100331632
0.68895857255506
0.6889620447784878
0.6889655170019157
0.6889689892253434
0.6889724614487713
0.6889759336721991
0.6889794058956271
0.6889828781190549
0.6889863503424827
0.6889898225659107
0.6889932947893385
0.6889967670127664
0.6890002392361941
0.689003711459622
0.6890071836830499
0.6890106559064778
0.6890141281299056
0.6890176003533335
0.6890210725767613
0.6890245448001892
0.689028017023617
0.6890314892470448
0.6890349614704727
0.6890384336939005
0.6890419059173285
0.6890453781407563
0.6890488503641842
0.6890523225876121
0.6890557948110398
0.6890592670344677
0.6890627392578955
0.6890662114813234
0.6890696837047512
0.6890731559281792
0.689076628151607
0.6890801003750349
0.6890835725984628
0.6890870448218905
0.6890905170453184
0.6890939892687462
0.6890974614921741
0.689100933715602
0.6891044059390299
0.6891078781624577
0.6891113503858856
0.6891148226093133
0.6891182948327413
0.6891217670561691
0.689125239279597
0.6891287115030248
0.6891321837264526
0.6891356559498806
0.6891391281733084
0.6891426003967362
0.6891460726201641
0.689149544843592
0.6891530170670198
0.6891564892904477
0.6891599615138755
0.6891634337373034
0.6891669059607313
0.689170378184159
0.6891738504075869
0.6891773226310147
0.6891807948544427
0.6891842670778705
0.6891877393012984
0.6891912115247262
0.6891946837481541
0.689198155971582
0.6892016281950097
0.6892051004184376
0.6892085726418655
0.6892120448652934
0.6892155170887212
0.6892189893121491
0.6892224615355769
0.6892259337590048
0.6892294059824327
0.6892328782058604
