0.00798611388406731
0.007989586107495145
0.007993058330922979
0.007996530554350907
0.00800000277777865
0.008003475001206576
0.008006947224634412
0.008010419448062247
0.008013891671490175
0.008017363894918009
0.008020836118345843
0.008024308341773772
0.008027780565201512
0.00803125278862944
0.008034725012057275
0.00803819723548511
0.008041669458913037
0.008045141682340872
0.008048613905768706
0.00805208612919654
0.008055558352624377
0.008059030576052211
0.00806250279948014
0.008065975022907974
0.008069447246335808
0.008072919469763736
0.008076391693191477
0.008079863916619405
0.00808333614004724
0.008086808363475074
0.008090280586903002
0.008093752810330836
0.00809722503375867
0.008100697257186507
0.008104169480614341
0.008107641704042268
0.008111113927470104
0.008114586150897938
0.008118058374325866
0.008121530597753607
0.008125002821181535
0.00812847504460937
0.008131947268037204
0.008135419491465038
0.008138891714892967
0.008142363938320801
0.008145836161748635
0.008149308385176472
0.008152780608604306
0.008156252832032234
0.008159725055460068
0.008163197278887903
0.008166669502315831
0.008170141725743572
0.0081736139491715
0.008177086172599334
0.008180558396027169
0.008184030619455097
0.008187502842882931
0.008190975066310766
0.0081944472897386
0.008197919513166436
0.008201391736594362
0.008204863960022199
0.008208336183450033
0.008211808406877867
0.008215280630305796
0.00821875285373363
0.008222225077161464
0.008225697300589299
0.008229169524017133
0.008232641747445061
0.008236113970872896
0.00823958619430073
0.008243058417728565
0.0082465306411564
0.008250002864584327
0.008253475088012163
0.008256947311439998
0.008260419534867926
0.008263891758295666
0.008267363981723595
0.008270836205151429
0.008274308428579263
0.008277780652007192
0.008281252875435026
0.00828472509886286
0.008288197322290695
0.00829166954571853
0.008295141769146457
0.008298613992574292
0.008302086216002128
0.008305558439429962
0.00830903066285789
0.008312502886285725
0.00831597510971356
0.008319447333141394
0.008322919556569228
0.008326391779997156
0.00832986400342499
0.008333336226852825
0.00833680845028066
0.008340280673708496
0.008343752897136422
0.008347225120564256
0.008350697343992092
0.008354169567420019
0.008357641790847761
0.00836111401427569
0.008364586237703524
0.008368058461131358
0.008371530684559286
0.00837500290798712
0.008378475131414955
0.00838194735484279
0.008385419578270624
0.008388891801698552
0.008392364025126386
0.008395836248554223
0.008399308471982057
0.008402780695409983
0.00840625291883782
0.008409725142265654
0.008413197365693488
0.008416669589121323
0.008420141812549251
0.008423614035977085
0.00842708625940492
0.008430558482832848
0.008434030706260589
0.008437502929688517
0.008440975153116351
0.008444447376544187
0.008447919599972114
0.008451391823399948
0.008454864046827784
0.008458336270255619
0.008461808493683453
0.008465280717111381
0.008468752940539215
0.00847222516396705
0.008475697387394884
0.008479169610822719
0.008482641834250553
0.008486114057678481
0.008489586281106316
0.008493058504534152
0.008496530727962078
0.00850000295138982
0.008503475174817749
0.008506947398245583
0.008510419621673418
0.008513891845101346
0.00851736406852918
0.008520836291957015
0.008524308515384943
0.008527780738812683
0.008531252962240611
0.008534725185668446
0.00853819740909628
0.008541669632524208
0.008545141855952043
0.008548614079379879
0.008552086302807713
0.008555558526235548
0.008559030749663382
0.00856250297309131
0.008565975196519145
0.008569447419946979
0.008572919643374907
0.008576391866802648
0.008579864090230576
0.00858333631365841
0.008586808537086245
0.008590280760514173
0.008593752983942007
0.008597225207369844
0.008600697430797678
0.008604169654225512
0.00860764187765344
0.008611114101081275
0.00861458632450911
0.008618058547937037
0.008621530771364778
0.008625002994792706
0.00862847521822054
0.008631947441648375
0.00863541966507621
0.008638891888504138
0.008642364111931972
0.008645836335359808
0.008649308558787643
0.008652780782215477
0.008656253005643405
0.00865972522907124
0.008663197452499074
0.008666669675927002
0.008670141899354743
0.00867361412278267
0.008677086346210505
