0.7871530510948094
0.7871565233182373
0.787159995541665
0.7871634677650929
0.7871669399885208
0.7871704122119487
0.7871738844353765
0.7871773566588044
0.7871808288822323
0.7871843011056601
0.787187773329088
0.7871912455525157
0.7871947177759437
0.7871981899993714
0.7872016622227994
0.7872051344462272
0.7872086066696551
0.787212078893083
0.7872155511165108
0.7872190233399387
0.7872224955633664
0.7872259677867943
0.7872294400102222
0.7872329122336501
0.787236384457078
0.7872398566805059
0.7872433289039337
0.7872468011273616
0.7872502733507893
0.7872537455742171
0.787257217797645
0.7872606900210729
0.7872641622445009
0.7872676344679286
0.7872711066913566
0.7872745789147844
0.7872780511382123
0.78728152336164
0.7872849955850679
0.7872884678084958
0.7872919400319236
0.7872954122553515
0.7872988844787793
0.7873023567022073
0.787305828925635
0.787309301149063
0.7873127733724907
0.7873162455959186
0.7873197178193464
0.7873231900427743
0.7873266622662022
0.7873301344896301
0.787333606713058
0.7873370789364857
0.7873405511599136
0.7873440233833414
0.7873474956067693
0.7873509678301971
0.787354440053625
0.7873579122770529
0.7873613845004807
0.7873648567239087
0.7873683289473364
0.7873718011707643
0.7873752733941921
0.78737874561762
0.7873822178410479
0.7873856900644757
0.7873891622879036
0.7873926345113313
0.7873961067347593
0.7873995789581871
0.787403051181615
0.7874065234050428
0.7874099956284707
0.7874134678518985
0.7874169400753264
0.7874204122987543
0.7874238845221821
0.78742735674561
0.7874308289690378
0.7874343011924657
0.7874377734158935
0.7874412456393214
0.7874447178627492
0.7874481900861772
0.787451662309605
0.7874551345330328
0.7874586067564607
0.7874620789798885
0.7874655512033164
0.7874690234267442
0.7874724956501721
0.7874759678736
0.7874794400970279
0.7874829123204556
0.7874863845438835
0.7874898567673114
0.7874933289907392
0.7874968012141671
0.7875002734375949
0.7875037456610228
0.7875072178844505
0.7875106901078784
0.7875141623313063
0.7875176345547343
0.7875211067781621
0.78752457900159
0.7875280512250178
0.7875315234484457
0.7875349956718735
0.7875384678953012
0.7875419401187292
0.787545412342157
0.787548884565585
0.7875523567890128
0.7875558290124407
0.7875593012358685
0.7875627734592964
0.7875662456827242
0.787569717906152
0.7875731901295799
0.7875766623530078
0.7875801345764356
0.7875836067998635
0.7875870790232914
0.7875905512467192
0.7875940234701471
0.7875974956935748
0.7876009679170027
0.7876044401404305
0.7876079123638584
0.7876113845872864
0.7876148568107142
0.7876183290341421
0.7876218012575699
0.7876252734809978
0.7876287457044255
0.7876322179278534
0.7876356901512813
0.7876391623747091
0.7876426345981371
0.7876461068215648
0.7876495790449928
0.7876530512684206
0.7876565234918484
0.7876599957152762
0.7876634679387041
0.787666940162132
0.7876704123855599
0.7876738846089877
0.7876773568324156
0.7876808290558435
0.7876843012792712
0.7876877735026991
0.7876912457261269
0.7876947179495549
0.7876981901729826
0.7877016623964106
0.7877051346198384
0.7877086068432663
0.7877120790666942
0.7877155512901219
0.7877190235135498
0.7877224957369776
0.7877259679604055
0.7877294401838334
0.7877329124072613
0.7877363846306892
0.787739856854117
0.7877433290775449
0.7877468013009726
0.7877502735244005
0.7877537457478283
0.7877572179712562
0.7877606901946841
0.7877641624181121
0.7877676346415398
0.7877711068649677
0.7877745790883955
0.7877780513118233
0.7877815235352512
0.787784995758679
0.787788467982107
0.7877919402055347
0.7877954124289627
0.7877988846523905
0.7878023568758185
0.7878058290992462
0.7878093013226741
0.7878127735461019
0.7878162457695298
0.7878197179929576
0.7878231902163855
0.7878266624398134
0.7878301346632413
0.7878336068866691
0.7878370791100969
0.7878405513335248
0.7878440235569526
