0.49131961504153293
0.4913230872649609
0.4913265594883887
0.49133003171181655
0.4913335039352444
0.49133697615867233
0.49134044838210017
0.49134392060552795
0.4913473928289558
0.4913508650523836
0.49135433727581157
0.4913578094992394
0.49136128172266724
0.4913647539460951
0.491368226169523
0.49137169839295086
0.4913751706163787
0.49137864283980653
0.49138211506323437
0.49138558728666226
0.4913890595100901
0.49139253173351793
0.49139600395694577
0.4913994761803737
0.49140294840380155
0.4914064206272294
0.4914098928506572
0.49141336507408506
0.49141683729751295
0.4914203095209408
0.4914237817443686
0.49142725396779646
0.4914307261912244
0.49143419841465225
0.4914376706380801
0.4914411428615079
0.49144461508493575
0.49144808730836365
0.4914515595317915
0.4914550317552193
0.49145850397864715
0.4914619762020751
0.49146544842550294
0.4914689206489308
0.4914723928723586
0.49147586509578645
0.4914793373192144
0.49148280954264223
0.49148628176607
0.49148975398949785
0.4914932262129258
0.49149669843635363
0.49150017065978147
0.4915036428832093
0.49150711510663714
0.4915105873300651
0.4915140595534929
0.49151753177692076
0.4915210040003486
0.4915244762237765
0.4915279484472043
0.49153142067063216
0.49153489289406
0.49153836511748783
0.4915418373409158
0.4915453095643436
0.49154878178777145
0.4915522540111993
0.4915557262346272
0.491559198458055
0.49156267068148285
0.4915661429049107
0.4915696151283385
0.49157308735176647
0.4915765595751943
0.49158003179862214
0.49158350402205
0.49158697624547787
0.4915904484689057
0.49159392069233354
0.4915973929157614
0.4916008651391892
0.49160433736261716
0.491607809586045
0.49161128180947283
0.49161475403290067
0.4916182262563286
0.49162169847975645
0.4916251707031843
0.49162864292661207
0.4916321151500399
0.49163558737346785
0.4916390595968957
0.4916425318203235
0.49164600404375136
0.4916494762671793
0.49165294849060714
0.491656420714035
0.4916598929374628
0.49166336516089065
0.49166683738431854
0.4916703096077464
0.4916737818311742
0.49167725405460205
0.49168072627803
0.49168419850145784
0.4916876707248857
0.4916911429483135
0.49169461517174134
0.49169808739516924
0.4917015596185971
0.4917050318420249
0.49170850406545275
0.4917119762888807
0.49171544851230853
0.49171892073573636
0.4917223929591642
0.49172586518259204
0.49172933740601993
0.49173280962944776
0.4917362818528756
0.49173975407630344
0.4917432262997314
0.4917466985231592
0.49175017074658706
0.4917536429700149
0.49175711519344273
0.4917605874168707
0.4917640596402985
0.49176753186372635
0.49177100408715413
0.4917744763105821
0.4917779485340099
0.49178142075743775
0.4917848929808656
0.4917883652042934
0.49179183742772137
0.4917953096511492
0.49179878187457704
0.4918022540980049
0.49180572632143277
0.4918091985448606
0.49181267076828844
0.4918161429917163
0.4918196152151441
0.49182308743857206
0.4918265596619999
0.49183003188542773
0.49183350410885557
0.49183697633228346
0.4918404485557113
0.49184392077913913
0.49184739300256697
0.4918508652259948
0.49185433744942275
0.4918578096728506
0.4918612818962784
0.49186475411970626
0.49186822634313415
0.491871698566562
0.4918751707899898
0.49187864301341766
0.4918821152368455
0.49188558746027344
0.4918890596837013
0.4918925319071291
0.49189600413055695
0.4918994763539849
0.49190294857741274
0.49190642080084057
0.4919098930242684
0.4919133652476962
0.49191683747112414
0.49192030969455197
0.4919237819179798
0.49192725414140764
0.4919307263648356
0.4919341985882634
0.49193767081169126
0.4919411430351191
0.49194461525854694
0.4919480874819748
0.49195155970540266
0.4919550319288305
0.49195850415225834
0.4919619763756863
0.4919654485991141
0.49196892082254196
0.4919723930459698
0.4919758652693976
0.4919793374928255
0.49198280971625336
0.4919862819396812
0.491989754163109
0.491993226386537
0.4919966986099648
0.49200017083339265
0.4920036430568205
0.4920071152802483
0.4920105875036762
