0.22048618766881514
0.22048965989224298
0.22049313211567087
0.22049660433909873
0.22050007656252654
0.2205035487859544
0.22050702100938224
0.22051049323281013
0.220513965456238
0.22051743767966583
0.22052090990309373
0.2205243821265215
0.2205278543499494
0.2205313265733773
0.22053479879680513
0.220538271020233
0.22054174324366083
0.22054521546708872
0.2205486876905165
0.2205521599139444
0.22055563213737225
0.2205591043608001
0.22056257658422798
0.22056604880765582
0.22056952103108368
0.22057299325451152
0.22057646547793935
0.22057993770136725
0.22058340992479508
0.22058688214822295
0.22059035437165084
0.22059382659507867
0.2205972988185065
0.22060077104193435
0.22060424326536224
0.2206077154887901
0.22061118771221794
0.22061465993564583
0.2206181321590736
0.2206216043825015
0.22062507660592934
0.2206285488293572
0.2206320210527851
0.22063549327621293
0.2206389654996408
0.2206424377230686
0.22064590994649647
0.22064938216992436
0.2206528543933522
0.22065632661678006
0.2206597988402079
0.22066327106363579
0.22066674328706368
0.22067021551049146
0.22067368773391935
0.22067715995734719
0.22068063218077505
0.22068410440420294
0.22068757662763078
0.22069104885105864
0.22069452107448645
0.2206979932979143
0.22070146552134215
0.22070493774477004
0.2207084099681979
0.22071188219162574
0.22071535441505358
0.2207188266384814
0.2207222988619093
0.2207257710853372
0.220729243308765
0.2207327155321929
0.22073618775562068
0.22073965997904857
0.22074313220247646
0.2207466044259043
0.22075007664933216
0.22075354887276
0.2207570210961879
0.22076049331961567
0.22076396554304356
0.22076743776647142
0.22077090998989926
0.22077438221332715
0.220777854436755
0.22078132666018285
0.22078479888361074
0.22078827110703853
0.22079174333046642
0.22079521555389425
0.22079868777732212
0.22080216000075
0.22080563222417784
0.22080910444760574
0.22081257667103352
0.2208160488944614
0.22081952111788927
0.2208229933413171
0.220826465564745
0.22082993778817284
0.2208334100116007
0.2208368822350285
0.22084035445845637
0.22084382668188426
0.2208472989053121
0.22085077112873996
0.2208542433521678
0.22085771557559564
0.22086118779902353
0.22086466002245136
0.22086813224587923
0.22087160446930706
0.22087507669273496
0.22087854891616285
0.22088202113959063
0.22088549336301852
0.22088896558644636
0.22089243780987422
0.2208959100333021
0.22089938225672995
0.2209028544801578
0.22090632670358562
0.22090979892701348
0.22091327115044132
0.2209167433738692
0.22092021559729708
0.2209236878207249
0.2209271600441528
0.22093063226758058
0.22093410449100848
0.22093757671443637
0.22094104893786418
0.22094452116129207
0.2209479933847199
0.2209514656081478
0.22095493783157563
0.22095841005500347
0.22096188227843133
0.22096535450185917
0.22096882672528706
0.22097229894871492
0.22097577117214273
0.2209792433955706
0.22098271561899843
0.22098618784242632
0.22098966006585416
0.22099313228928202
0.22099660451270992
0.2210000767361377
0.2210035489595656
0.22100702118299342
0.2210104934064213
0.22101396562984918
0.22101743785327702
0.2210209100767049
0.2210243823001327
0.22102785452356058
0.22103132674698844
0.22103479897041628
0.22103827119384417
0.221041743417272
0.22104521564069987
0.22104868786412768
0.22105216008755554
0.22105563231098344
0.22105910453441127
0.22106257675783914
0.22106604898126697
0.22106952120469486
0.22107299342812275
0.22107646565155054
0.22107993787497843
0.22108341009840624
0.22108688232183413
0.22109035454526202
0.22109382676868986
0.2210972989921177
0.22110077121554553
0.2211042434389734
0.22110771566240128
0.22111118788582912
0.22111466010925698
0.2211181323326848
0.22112160455611266
0.2211250767795405
0.22112854900296838
0.22113202122639625
0.22113549344982408
0.22113896567325197
0.22114243789667976
0.22114591012010765
0.22114938234353554
0.22115285456696335
0.22115632679039124
0.22115979901381908
0.22116327123724697
0.22116674346067483
0.22117021568410264
0.2211736879075305
0.22117716013095834
