0.9121530944976023
0.9121565667210301
0.912160038944458
0.9121635111678857
0.9121669833913137
0.9121704556147416
0.9121739278381694
0.9121774000615973
0.9121808722850251
0.912184344508453
0.9121878167318808
0.9121912889553087
0.9121947611787364
0.9121982334021643
0.9122017056255921
0.9122051778490201
0.912208650072448
0.9122121222958758
0.9122155945193037
0.9122190667427315
0.9122225389661593
0.9122260111895871
0.9122294834130151
0.9122329556364428
0.9122364278598708
0.9122399000832987
0.9122433723067265
0.9122468445301544
0.9122503167535821
0.91225378897701
0.9122572612004378
0.9122607334238659
0.9122642056472937
0.9122676778707215
0.9122711500941494
0.9122746223175772
0.9122780945410051
0.9122815667644328
0.9122850389878607
0.9122885112112885
0.9122919834347164
0.9122954556581442
0.9122989278815723
0.9123024001050001
0.912305872328428
0.9123093445518557
0.9123128167752835
0.9123162889987114
0.9123197612221392
0.9123232334455673
0.9123267056689949
0.912330177892423
0.9123336501158508
0.9123371223392787
0.9123405945627064
0.9123440667861343
0.9123475390095621
0.91235101123299
0.912354483456418
0.9123579556798458
0.9123614279032737
0.9123649001267015
0.9123683723501294
0.9123718445735571
0.912375316796985
0.9123787890204128
0.9123822612438407
0.9123857334672685
0.9123892056906964
0.9123926779141244
0.9123961501375522
0.91239962236098
0.9124030945844078
0.9124065668078357
0.9124100390312635
0.9124135112546914
0.9124169834781194
0.9124204557015471
0.9124239279249751
0.9124274001484028
0.9124308723718307
0.9124343445952585
0.9124378168186864
0.9124412890421142
0.9124447612655421
0.9124482334889701
0.9124517057123978
0.9124551779358258
0.9124586501592535
0.9124621223826814
0.9124655946061092
0.9124690668295371
0.9124725390529649
0.9124760112763928
0.9124794834998208
0.9124829557232484
0.9124864279466764
0.9124899001701042
0.9124933723935321
0.9124968446169599
0.9125003168403878
0.9125037890638156
0.9125072612872435
0.9125107335106715
0.9125142057340991
0.9125176779575271
0.9125211501809549
0.9125246224043828
0.9125280946278106
0.9125315668512385
0.9125350390746663
0.9125385112980942
0.9125419835215222
0.9125454557449498
0.9125489279683778
0.9125524001918056
0.9125558724152335
0.9125593446386613
0.9125628168620892
0.912566289085517
0.9125697613089448
0.9125732335323729
0.9125767057558007
0.9125801779792285
0.9125836502026564
0.9125871224260842
0.9125905946495121
0.9125940668729399
0.9125975390963676
0.9126010113197955
0.9126044835432233
0.9126079557666512
0.9126114279900792
0.9126149002135071
0.9126183724369349
0.9126218446603628
0.9126253168837906
0.9126287891072185
0.9126322613306462
0.9126357335540742
0.9126392057775019
0.9126426780009299
0.9126461502243578
0.9126496224477856
0.9126530946712135
0.9126565668946413
0.9126600391180691
0.9126635113414969
0.9126669835649249
0.9126704557883528
0.9126739280117806
0.9126774002352085
0.9126808724586363
0.9126843446820642
0.9126878169054919
0.9126912891289198
0.9126947613523476
0.9126982335757755
0.9127017057992033
0.9127051780226313
0.9127086502460592
0.912712122469487
0.9127155946929149
0.9127190669163426
0.9127225391397705
0.9127260113631983
0.9127294835866263
0.912732955810054
0.912736428033482
0.9127399002569099
0.9127433724803377
0.9127468447037655
0.9127503169271933
0.9127537891506212
0.912757261374049
0.912760733597477
0.9127642058209049
0.9127676780443327
0.9127711502677606
0.9127746224911883
0.9127780947146162
0.912781566938044
0.9127850391614719
0.9127885113848997
0.9127919836083276
0.9127954558317554
0.9127989280551834
0.9128024002786113
0.912805872502039
0.9128093447254669
0.9128128169488947
0.9128162891723226
0.9128197613957504
0.9128232336191785
0.9128267058426061
0.9128301780660341
0.912833650289462
0.9128371225128897
0.9128405947363176
0.9128440669597454
