0.7378474784192633
0.7378509506426911
0.737854422866119
0.7378578950895469
0.7378613673129748
0.7378648395364027
0.7378683117598305
0.7378717839832584
0.7378752562066861
0.737878728430114
0.7378822006535418
0.7378856728769697
0.7378891451003976
0.7378926173238254
0.7378960895472534
0.7378995617706812
0.7379030339941091
0.7379065062175368
0.7379099784409647
0.7379134506643925
0.7379169228878204
0.7379203951112483
0.7379238673346762
0.7379273395581041
0.7379308117815319
0.7379342840049598
0.7379377562283875
0.7379412284518154
0.7379447006752432
0.7379481728986712
0.737951645122099
0.7379551173455269
0.7379585895689548
0.7379620617923826
0.7379655340158104
0.7379690062392382
0.7379724784626661
0.7379759506860939
0.7379794229095219
0.7379828951329497
0.7379863673563776
0.7379898395798055
0.7379933118032332
0.7379967840266611
0.7380002562500889
0.7380037284735168
0.7380072006969446
0.7380106729203725
0.7380141451438004
0.7380176173672284
0.7380210895906562
0.7380245618140839
0.7380280340375118
0.7380315062609396
0.7380349784843675
0.7380384507077953
0.7380419229312233
0.7380453951546511
0.738048867378079
0.7380523396015068
0.7380558118249347
0.7380592840483625
0.7380627562717904
0.7380662284952182
0.738069700718646
0.738073172942074
0.7380766451655018
0.7380801173889296
0.7380835896123575
0.7380870618357854
0.7380905340592132
0.7380940062826411
0.7380974785060689
0.7381009507294968
0.7381044229529246
0.7381078951763524
0.7381113673997804
0.7381148396232082
0.7381183118466361
0.7381217840700639
0.7381252562934918
0.7381287285169196
0.7381322007403475
0.7381356729637754
0.7381391451872031
0.738142617410631
0.7381460896340589
0.7381495618574868
0.7381530340809146
0.7381565063043425
0.7381599785277703
0.7381634507511982
0.7381669229746259
0.7381703951980538
0.7381738674214818
0.7381773396449096
0.7381808118683375
0.7381842840917653
0.7381877563151932
0.738191228538621
0.7381947007620488
0.7381981729854767
0.7382016452089046
0.7382051174323324
0.7382085896557603
0.7382120618791882
0.738215534102616
0.7382190063260439
0.7382224785494717
0.7382259507728995
0.7382294229963274
0.7382328952197553
0.7382363674431831
0.738239839666611
0.7382433118900389
0.7382467841134667
0.7382502563368946
0.7382537285603223
0.7382572007837502
0.738260673007178
0.738264145230606
0.7382676174540339
0.7382710896774617
0.7382745619008896
0.7382780341243174
0.7382815063477453
0.738284978571173
0.7382884507946009
0.7382919230180288
0.7382953952414567
0.7382988674648845
0.7383023396883125
0.7383058119117403
0.738309284135168
0.738312756358596
0.7383162285820237
0.7383197008054516
0.7383231730288795
0.7383266452523074
0.7383301174757353
0.7383335896991632
0.738337061922591
0.7383405341460189
0.7383440063694466
0.7383474785928745
0.7383509508163023
0.7383544230397301
0.7383578952631581
0.738361367486586
0.7383648397100139
0.7383683119334417
0.7383717841568695
0.7383752563802973
0.7383787286037252
0.738382200827153
0.7383856730505809
0.7383891452740088
0.7383926174974366
0.7383960897208646
0.7383995619442923
0.7384030341677202
0.738406506391148
0.7384099786145759
0.7384134508380037
0.7384169230614316
0.7384203952848595
0.7384238675082874
0.7384273397317153
0.738430811955143
0.7384342841785709
0.7384377564019987
0.7384412286254266
0.7384447008488544
0.7384481730722824
0.7384516452957102
0.738455117519138
0.738458589742566
0.7384620619659937
0.7384655341894216
0.7384690064128494
0.7384724786362773
0.7384759508597051
0.7384794230831331
0.7384828953065609
0.7384863675299888
0.7384898397534166
0.7384933119768444
0.7384967842002723
0.7385002564237001
0.738503728647128
0.7385072008705558
0.7385106730939837
0.7385141453174116
0.7385176175408394
0.7385210897642673
0.7385245619876951
0.738528034211123
0.7385315064345508
0.7385349786579787
0.7385384508814065
