0.10034725706501979
0.10035072928844767
0.1003542015118755
0.10035767373530338
0.10036114595873118
0.10036461818215905
0.10036809040558695
0.10037156262901477
0.10037503485244266
0.1003785070758705
0.10038197929929837
0.10038545152272621
0.10038892374615405
0.10039239596958192
0.10039586819300976
0.10039934041643764
0.10040281263986552
0.10040628486329331
0.10040975708672119
0.10041322931014902
0.1004167015335769
0.10042017375700474
0.10042364598043262
0.10042711820386051
0.10043059042728829
0.10043406265071617
0.100437534874144
0.10044100709757188
0.10044447932099977
0.10044795154442761
0.10045142376785549
0.10045489599128327
0.10045836821471116
0.10046184043813904
0.10046531266156687
0.10046878488499475
0.10047225710842259
0.10047572933185046
0.10047920155527834
0.10048267377870614
0.10048614600213401
0.10048961822556185
0.10049309044898973
0.10049656267241756
0.10050003489584544
0.10050350711927328
0.10050697934270111
0.10051045156612899
0.10051392378955683
0.10051739601298472
0.1005208682364126
0.10052434045984038
0.10052781268326827
0.1005312849066961
0.10053475713012398
0.10053822935355186
0.1005417015769797
0.10054517380040758
0.10054864602383537
0.10055211824726325
0.10055559047069108
0.10055906269411896
0.10056253491754684
0.10056600714097468
0.10056947936440257
0.10057295158783035
0.10057642381125823
0.10057989603468612
0.10058336825811394
0.10058684048154183
0.10059031270496967
0.10059378492839754
0.10059725715182542
0.10060072937525322
0.1006042015986811
0.10060767382210893
0.10061114604553681
0.10061461826896469
0.10061809049239252
0.10062156271582036
0.1006250349392482
0.10062850716267607
0.10063197938610391
0.10063545160953179
0.10063892383295968
0.1006423960563875
0.10064586827981534
0.10064934050324317
0.10065281272667105
0.10065628495009894
0.10065975717352678
0.10066322939695466
0.10066670162038244
0.10067017384381033
0.1006736460672382
0.10067711829066604
0.10068059051409392
0.10068406273752176
0.10068753496094963
0.10069100718437751
0.1006944794078053
0.10069795163123318
0.10070142385466102
0.1007048960780889
0.10070836830151673
0.10071184052494463
0.1007153127483725
0.10071878497180028
0.10072225719522818
0.100725729418656
0.10072920164208389
0.10073267386551177
0.1007361460889396
0.10073961831236748
0.10074309053579528
0.10074656275922315
0.10075003498265103
0.10075350720607887
0.10075697942950675
0.10076045165293458
0.10076392387636242
0.10076739609979025
0.10077086832321813
0.10077434054664601
0.10077781277007385
0.10078128499350174
0.10078475721692956
0.1007882294403574
0.10079170166378529
0.10079517388721311
0.100798646110641
0.10080211833406884
0.10080559055749672
0.1008090627809246
0.10081253500435239
0.10081600722778027
0.1008194794512081
0.10082295167463598
0.10082642389806386
0.1008298961214917
0.10083336834491957
0.10083684056834737
0.10084031279177524
0.10084378501520308
0.10084725723863096
0.10085072946205885
0.10085420168548667
0.10085767390891456
0.10086114613234234
0.10086461835577024
0.10086809057919811
0.10087156280262595
0.10087503502605383
0.10087850724948166
0.10088197947290954
0.10088545169633738
0.10088892391976521
0.10089239614319309
0.10089586836662093
0.1008993405900488
0.10090281281347668
0.10090628503690448
0.10090975726033236
0.10091322948376019
0.10091670170718807
0.1009201739306159
0.1009236461540438
0.10092711837747168
0.10093059060089946
0.10093406282432735
0.10093753504775517
0.10094100727118306
0.10094447949461094
0.10094795171803878
0.10095142394146665
0.10095489616489445
0.10095836838832233
0.1009618406117502
0.10096531283517804
0.10096878505860592
0.10097225728203375
0.10097572950546163
0.10097920172888943
0.1009826739523173
0.10098614617574518
0.10098961839917302
0.10099309062260091
0.10099656284602873
0.10100003506945662
0.10100350729288446
0.1010069795163123
0.10101045173974017
0.10101392396316801
0.10101739618659589
0.10102086841002376
0.10102434063345156
0.10102781285687944
0.10103128508030727
0.10103475730373515
0.10103822952716303
