0.06493057810089511
0.06493405032432295
0.06493752254775088
0.06494099477117872
0.06494446699460656
0.06494793921803448
0.06495141144146223
0.06495488366489015
0.06495835588831798
0.06496182811174582
0.06496530033517375
0.06496877255860158
0.06497224478202941
0.06497571700545725
0.06497918922888508
0.06498266145231302
0.06498613367574085
0.06498960589916868
0.06499307812259651
0.06499655034602445
0.06500002256945228
0.06500349479288012
0.06500696701630795
0.06501043923973579
0.06501391146316371
0.06501738368659155
0.06502085591001938
0.06502432813344731
0.06502780035687505
0.06503127258030297
0.06503474480373081
0.06503821702715865
0.06504168925058658
0.06504516147401442
0.06504863369744224
0.06505210592087007
0.06505557814429791
0.06505905036772584
0.06506252259115368
0.06506599481458152
0.06506946703800935
0.06507293926143717
0.06507641148486511
0.06507988370829294
0.06508335593172078
0.06508682815514862
0.06509030037857653
0.06509377260200437
0.06509724482543221
0.06510071704886004
0.06510418927228788
0.06510766149571581
0.06511113371914364
0.06511460594257147
0.0651180781659994
0.06512155038942714
0.06512502261285508
0.06512849483628291
0.06513196705971074
0.06513543928313867
0.0651389115065665
0.06514238372999434
0.06514585595342218
0.06514932817685001
0.06515280040027793
0.06515627262370577
0.0651597448471336
0.06516321707056144
0.06516668929398928
0.0651701615174172
0.06517363374084503
0.06517710596427287
0.0651805781877007
0.06518405041112864
0.06518752263455647
0.0651909948579843
0.06519446708141213
0.06519793930483997
0.0652014115282679
0.06520488375169574
0.06520835597512357
0.0652118281985515
0.06521530042197923
0.06521877264540717
0.065222244868835
0.06522571709226284
0.06522918931569076
0.0652326615391186
0.06523613376254643
0.06523960598597427
0.0652430782094021
0.06524655043282994
0.06525002265625787
0.0652534948796857
0.06525696710311353
0.06526043932654146
0.0652639115499692
0.06526738377339714
0.06527085599682497
0.0652743282202528
0.06527780044368073
0.06528127266710856
0.0652847448905364
0.06528821711396424
0.06529168933739207
0.06529516156081999
0.06529863378424783
0.06530210600767566
0.0653055782311036
0.06530905045453134
0.06531252267795926
0.06531599490138709
0.06531946712481493
0.06532293934824276
0.0653264115716707
0.06532988379509853
0.06533335601852636
0.06533682824195419
0.06534030046538203
0.06534377268880996
0.0653472449122378
0.06535071713566563
0.06535418935909355
0.06535766158252129
0.06536113380594923
0.06536460602937706
0.0653680782528049
0.06537155047623282
0.06537502269966065
0.06537849492308849
0.06538196714651642
0.06538543936994416
0.0653889115933721
0.06539238381679993
0.06539585604022775
0.06539932826365559
0.06540280048708352
0.06540627271051136
0.0654097449339392
0.06541321715736703
0.06541668938079485
0.06542016160422279
0.06542363382765062
0.06542710605107846
0.0654305782745063
0.06543405049793413
0.06543752272136205
0.06544099494478989
0.06544446716821772
0.06544793939164566
0.0654514116150734
0.06545488383850132
0.06545835606192915
0.06546182828535699
0.06546530050878492
0.06546877273221276
0.0654722449556406
0.06547571717906842
0.06547918940249625
0.06548266162592419
0.06548613384935202
0.06548960607277986
0.0654930782962077
0.06549655051963561
0.06550002274306345
0.06550349496649129
0.06550696718991912
0.06551043941334696
0.06551391163677488
0.06551738386020271
0.06552085608363055
0.06552432830705848
0.06552780053048622
0.06553127275391415
0.06553474497734198
0.06553821720076981
0.06554168942419775
0.06554516164762558
0.06554863387105342
0.06555210609448126
0.06555557831790909
0.06555905054133701
0.06556252276476485
0.06556599498819268
0.06556946721162052
0.06557293943504836
0.06557641165847627
0.06557988388190411
0.06558335610533195
0.06558682832875978
0.06559030055218772
0.06559377277561555
0.06559724499904337
0.06560071722247121
0.06560418944589905
0.06560766166932698
0.06561113389275482
0.06561460611618265
0.06561807833961057
0.06562155056303831
