0.4982640618972437
0.49826753412067154
0.4982710063440994
0.4982744785675273
0.49827795079095516
0.498281423014383
0.49828489523781083
0.49828836746123867
0.49829183968466656
0.4982953119080944
0.49829878413152223
0.49830225635495007
0.498305728578378
0.49830920080180585
0.4983126730252337
0.4983161452486615
0.49831961747208936
0.49832308969551725
0.4983265619189451
0.4983300341423729
0.49833350636580076
0.4983369785892287
0.49834045081265654
0.4983439230360844
0.4983473952595122
0.49835086748294005
0.498354339706368
0.49835781192979584
0.4983612841532236
0.49836475637665145
0.4983682286000794
0.49837170082350724
0.49837517304693507
0.4983786452703629
0.49838211749379074
0.4983855897172187
0.4983890619406465
0.49839253416407436
0.4983960063875022
0.4983994786109301
0.4984029508343579
0.49840642305778576
0.4984098952812136
0.49841336750464144
0.4984168397280694
0.4984203119514972
0.49842378417492506
0.4984272563983529
0.4984307286217808
0.4984342008452086
0.49843767306863646
0.4984411452920643
0.4984446175154921
0.4984480897389201
0.4984515619623479
0.49845503418577575
0.4984585064092036
0.4984619786326315
0.4984654508560593
0.49846892307948715
0.498472395302915
0.4984758675263428
0.49847933974977077
0.4984828119731986
0.49848628419662644
0.4984897564200543
0.4984932286434822
0.49849670086691006
0.4985001730903379
0.4985036453137657
0.4985071175371935
0.49851058976062146
0.4985140619840493
0.49851753420747713
0.49852100643090497
0.4985244786543329
0.49852795087776075
0.4985314231011886
0.4985348953246164
0.49853836754804426
0.49854183977147215
0.4985453119949
0.4985487842183278
0.49855225644175566
0.4985557286651836
0.49855920088861144
0.4985626731120393
0.4985661453354671
0.49856961755889495
0.49857308978232284
0.4985765620057507
0.4985800342291785
0.49858350645260635
0.4985869786760343
0.49859045089946213
0.49859392312288997
0.4985973953463178
0.49860086756974564
0.49860433979317353
0.49860781201660137
0.4986112842400292
0.49861475646345704
0.498618228686885
0.4986217009103128
0.49862517313374066
0.4986286453571685
0.49863211758059633
0.4986355898040243
0.4986390620274521
0.49864253425087995
0.49864600647430773
0.4986494786977357
0.4986529509211635
0.49865642314459135
0.4986598953680192
0.498663367591447
0.498666839814875
0.4986703120383028
0.49867378426173065
0.4986772564851585
0.4986807287085864
0.4986842009320142
0.49868767315544205
0.4986911453788699
0.4986946176022977
0.49869808982572567
0.4987015620491535
0.49870503427258134
0.4987085064960092
0.49871197871943707
0.4987154509428649
0.49871892316629274
0.4987223953897206
0.4987258676131484
0.49872933983657636
0.4987328120600042
0.49873628428343203
0.49873975650685987
0.49874322873028776
0.4987467009537156
0.49875017317714343
0.49875364540057127
0.4987571176239991
0.49876058984742705
0.4987640620708549
0.4987675342942827
0.49877100651771056
0.4987744787411385
0.49877795096456634
0.4987814231879942
0.498784895411422
0.4987883676348498
0.49879183985827774
0.4987953120817056
0.4987987843051334
0.49880225652856125
0.4988057287519892
0.49880920097541703
0.49881267319884487
0.4988161454222727
0.49881961764570054
0.49882308986912843
0.49882656209255627
0.4988300343159841
0.49883350653941194
0.4988369787628399
0.4988404509862677
0.49884392320969556
0.4988473954331234
0.49885086765655123
0.4988543398799791
0.49885781210340696
0.4988612843268348
0.49886475655026263
0.4988682287736906
0.4988717009971184
0.49887517322054625
0.4988786454439741
0.4988821176674019
0.4988855898908298
0.49888906211425765
0.4988925343376855
0.4988960065611133
0.4988994787845413
0.4989029510079691
0.49890642323139694
0.4989098954548248
0.4989133676782526
0.49891683990168056
0.4989203121251084
0.49892378434853624
0.4989272565719641
0.49893072879539196
0.4989342010188198
0.49893767324224764
0.4989411454656755
0.4989446176891033
0.49894808991253126
0.4989515621359591
0.49895503435938693
