0.9434031053483005
0.9434065775717283
0.9434100497951562
0.943413522018584
0.943416994242012
0.9434204664654396
0.9434239386888676
0.9434274109122955
0.9434308831357233
0.9434343553591512
0.943437827582579
0.9434412998060069
0.9434447720294347
0.9434482442528627
0.9434517164762903
0.9434551886997183
0.943458660923146
0.943462133146574
0.9434656053700019
0.9434690775934297
0.9434725498168577
0.9434760220402854
0.9434794942637134
0.943482966487141
0.943486438710569
0.9434899109339969
0.9434933831574247
0.9434968553808526
0.9435003276042804
0.9435037998277084
0.943507272051136
0.943510744274564
0.9435142164979917
0.9435176887214197
0.9435211609448476
0.9435246331682754
0.9435281053917033
0.9435315776151311
0.943535049838559
0.9435385220619867
0.9435419942854147
0.9435454665088424
0.9435489387322704
0.9435524109556981
0.9435558831791261
0.943559355402554
0.9435628276259818
0.9435662998494098
0.9435697720728374
0.9435732442962654
0.9435767165196931
0.9435801887431211
0.9435836609665488
0.9435871331899768
0.9435906054134047
0.9435940776368325
0.9435975498602606
0.9436010220836881
0.9436044943071162
0.9436079665305438
0.9436114387539718
0.9436149109773997
0.9436183832008275
0.9436218554242554
0.9436253276476831
0.943628799871111
0.9436322720945388
0.9436357443179669
0.9436392165413945
0.9436426887648226
0.9436461609882504
0.9436496332116783
0.943653105435106
0.9436565776585338
0.9436600498819617
0.9436635221053895
0.9436669943288176
0.9436704665522452
0.9436739387756733
0.9436774109991009
0.943680883222529
0.9436843554459567
0.9436878276693846
0.9436912998928126
0.9436947721162403
0.9436982443396683
0.9437017165630959
0.943705188786524
0.9437086610099518
0.9437121332333797
0.9437156054568074
0.9437190776802353
0.9437225499036631
0.943726022127091
0.943729494350519
0.9437329665739467
0.9437364387973747
0.9437399110208025
0.9437433832442303
0.9437468554676581
0.943750327691086
0.9437537999145138
0.9437572721379417
0.9437607443613697
0.9437642165847974
0.9437676888082254
0.943771161031653
0.943774633255081
0.9437781054785088
0.9437815777019367
0.9437850499253647
0.9437885221487924
0.9437919943722204
0.9437954665956481
0.9437989388190761
0.9438024110425038
0.9438058832659317
0.9438093554893595
0.9438128277127874
0.9438162999362152
0.9438197721596431
0.9438232443830711
0.9438267166064988
0.9438301888299268
0.9438336610533545
0.9438371332767824
0.9438406055002102
0.9438440777236381
0.9438475499470659
0.9438510221704938
0.9438544943939218
0.9438579666173494
0.9438614388407774
0.9438649110642051
0.9438683832876331
0.9438718555110609
0.9438753277344888
0.9438787999579168
0.9438822721813445
0.9438857444047725
0.9438892166282001
0.9438926888516281
0.9438961610750559
0.9438996332984838
0.9439031055219116
0.9439065777453395
0.9439100499687673
0.9439135221921952
0.9439169944156232
0.9439204666390508
0.9439239388624788
0.9439274110859067
0.9439308833093345
0.9439343555327624
0.9439378277561902
0.943941299979618
0.9439447722030458
0.9439482444264738
0.9439517166499015
0.9439551888733295
0.9439586610967572
0.9439621333201852
0.9439656055436131
0.9439690777670409
0.9439725499904689
0.9439760222138965
0.9439794944373245
0.9439829666607522
0.9439864388841802
0.9439899111076081
0.9439933833310359
0.9439968555544638
0.9440003277778916
0.9440038000013196
0.9440072722247472
0.9440107444481752
0.9440142166716029
0.9440176888950309
0.9440211611184588
0.9440246333418866
0.9440281055653145
0.9440315777887422
0.9440350500121701
0.9440385222355979
0.9440419944590259
0.9440454666824536
0.9440489389058816
0.9440524111293093
0.9440558833527373
0.9440593555761652
0.9440628277995929
0.9440663000230208
0.9440697722464486
0.9440732444698766
0.9440767166933043
0.9440801889167323
0.94408366114016
0.944087133363588
0.9440906055870159
0.9440940778104436
