0.022569452281059776
0.022572924504487706
0.02257639672791554
0.022579868951343375
0.02258334117477121
0.022586813398199044
0.022590285621626974
0.022593757845054806
0.022597230068482643
0.022600702291910475
0.02260417451533831
0.022607646738766238
0.022611118962194074
0.022614591185621907
0.022618063409049743
0.02262153563247767
0.02262500785590541
0.02262848007933334
0.022631952302761174
0.02263542452618901
0.022638896749616937
0.022642368973044773
0.022645841196472605
0.022649313419900535
0.022652785643328274
0.022656257866756204
0.022659730090184037
0.022663202313611873
0.0226666745370398
0.022670146760467635
0.022673618983895468
0.022677091207323304
0.02268056343075114
0.022684035654179067
0.022687507877606903
0.022690980101034736
0.022694452324462572
0.022697924547890404
0.02270139677131824
0.022704868994746167
0.022708341218174003
0.022711813441601836
0.022715285665029766
0.0227187578884576
0.022722230111885434
0.02272570233531327
0.022729174558741103
0.022732646782169033
0.022736119005596866
0.022739591229024702
0.02274306345245263
0.02274653567588037
0.022750007899308297
0.022753480122736133
0.022756952346163966
0.022760424569591802
0.02276389679301973
0.022767369016447565
0.022770841239875397
0.022774313463303233
0.02277778568673107
0.022781257910158996
0.022784730133586832
0.022788202357014665
0.022791674580442595
0.022795146803870334
0.022798619027298263
0.022802091250726096
0.022805563474153932
0.02280903569758186
0.022812507921009695
0.022815980144437528
0.022819452367865364
0.0228229245912932
0.022826396814721126
0.022829869038148962
0.022833341261576795
0.02283681348500463
0.022840285708432464
0.022843757931860394
0.022847230155288226
0.022850702378716062
0.022854174602143895
0.022857646825571825
0.022861119048999658
0.022864591272427494
0.02286806349585533
0.022871535719283163
0.02287500794271109
0.022878480166138925
0.02288195238956676
0.022885424612994688
0.02288889683642243
0.022892369059850357
0.022895841283278193
0.022899313506706025
0.022902785730133955
0.022906257953561788
0.022909730176989624
0.022913202400417457
0.022916674623845293
0.02292014684727322
0.022923619070701055
0.02292709129412889
0.022930563517556724
0.022934035740984654
0.022937507964412487
0.022940980187840323
0.022944452411268156
0.02294792463469599
0.022951396858123918
0.022954869081551754
0.022958341304979587
0.022961813528407423
0.02296528575183526
0.022968757975263186
0.02297223019869102
0.022975702422118854
0.022979174645546784
0.022982646868974523
0.022986119092402453
0.022989591315830286
0.022993063539258122
0.022996535762686048
0.023000007986113884
0.023003480209541717
0.023006952432969553
0.023010424656397386
0.023013896879825316
0.02301736910325315
0.023020841326680985
0.02302431355010882
0.023027785773536747
0.023031257996964583
0.023034730220392416
0.023038202443820252
0.023041674667248085
0.023045146890676015
0.023048619114103847
0.023052091337531683
0.02305556356095961
0.023059035784387352
0.02306250800781528
0.023065980231243115
0.02306945245467095
0.023072924678098877
0.023076396901526713
0.023079869124954546
0.023083341348382382
0.023086813571810215
0.023090285795238145
0.023093758018665977
0.023097230242093814
0.023100702465521646
0.023104174688949482
0.02310764691237741
0.023111119135805245
0.023114591359233078
0.023118063582660914
0.02312153580608884
0.023125008029516583
0.023128480252944512
0.023131952476372345
0.02313542469980018
0.023138896923228108
0.023142369146655944
0.023145841370083776
0.023149313593511706
0.023152785816939445
0.023156258040367375
0.023159730263795208
0.023163202487223044
0.02316667471065097
0.023170146934078806
0.023173619157506643
0.023177091380934475
0.02318056360436231
0.023184035827790238
0.023187508051218074
0.023190980274645907
0.023194452498073743
0.02319792472150167
0.02320139694492941
0.023204869168357338
0.023208341391785174
0.02321181361521301
0.023215285838640937
0.023218758062068773
0.023222230285496605
0.02322570250892444
0.023229174732352274
0.023232646955780204
0.023236119179208037
0.023239591402635873
0.0232430636260638
0.023246535849491542
0.023250008072919468
0.023253480296347304
0.023256952519775137
0.023260424743202973
