0.1420139381992841
0.1420174104227119
0.14202088264613977
0.14202435486956766
0.1420278270929955
0.14203129931642336
0.1420347715398512
0.1420382437632791
0.14204171598670698
0.14204518821013476
0.14204866043356262
0.14205213265699046
0.14205560488041835
0.1420590771038462
0.14206254932727408
0.14206602155070194
0.14206949377412975
0.14207296599755762
0.14207643822098545
0.14207991044441334
0.1420833826678412
0.14208685489126904
0.14209032711469688
0.14209379933812472
0.1420972715615526
0.14210074378498047
0.1421042160084083
0.1421076882318362
0.14211116045526398
0.14211463267869187
0.1421181049021197
0.14212157712554757
0.14212504934897546
0.1421285215724033
0.1421319937958312
0.14213546601925897
0.14213893824268686
0.14214241046611473
0.14214588268954256
0.14214935491297045
0.1421528271363983
0.14215629935982615
0.14215977158325405
0.14216324380668183
0.14216671603010972
0.14217018825353755
0.14217366047696542
0.1421771327003933
0.14218060492382115
0.14218407714724904
0.14218754937067682
0.14219102159410468
0.14219449381753252
0.1421979660409604
0.1422014382643883
0.14220491048781614
0.14220838271124397
0.1422118549346718
0.14221532715809967
0.14221879938152757
0.1422222716049554
0.14222574382838327
0.1422292160518111
0.14223268827523894
0.14223616049866683
0.14223963272209467
0.14224310494552253
0.14224657716895037
0.14225004939237826
0.14225352161580615
0.14225699383923393
0.14226046606266182
0.14226393828608963
0.14226741050951752
0.14227088273294536
0.14227435495637325
0.14227782717980111
0.14228129940322892
0.1422847716266568
0.14228824385008462
0.14229171607351251
0.14229518829694038
0.14229866052036821
0.1423021327437961
0.1423056049672239
0.14230907719065178
0.14231254941407964
0.14231602163750748
0.14231949386093537
0.1423229660843632
0.1423264383077911
0.14232991053121888
0.14233338275464674
0.14233685497807463
0.14234032720150247
0.14234379942493036
0.1423472716483582
0.14235074387178603
0.1423542160952139
0.14235768831864173
0.14236116054206963
0.14236463276549746
0.14236810498892533
0.14237157721235322
0.142375049435781
0.1423785216592089
0.14238199388263673
0.1423854661060646
0.14238893832949248
0.14239241055292032
0.1423958827763482
0.142399354999776
0.14240282722320388
0.1424062994466317
0.14240977167005958
0.14241324389348747
0.1424167161169153
0.14242018834034317
0.14242366056377098
0.14242713278719885
0.14243060501062674
0.14243407723405457
0.14243754945748244
0.14244102168091027
0.14244449390433817
0.142447966127766
0.14245143835119384
0.1424549105746217
0.14245838279804954
0.14246185502147743
0.14246532724490532
0.14246879946833316
0.142472271691761
0.1424757439151888
0.1424792161386167
0.14248268836204453
0.14248616058547242
0.14248963280890029
0.1424931050323281
0.14249657725575596
0.1425000494791838
0.14250352170261169
0.14250699392603955
0.14251046614946739
0.14251393837289528
0.14251741059632306
0.14252088281975095
0.1425243550431788
0.14252782726660665
0.14253129949003454
0.14253477171346238
0.14253824393689027
0.14254171616031805
0.14254518838374594
0.1425486606071738
0.14255213283060164
0.14255560505402953
0.14255907727745737
0.14256254950088523
0.14256602172431312
0.1425694939477409
0.1425729661711688
0.14257643839459663
0.1425799106180245
0.1425833828414524
0.14258685506488022
0.14259032728830806
0.1425937995117359
0.14259727173516376
0.14260074395859165
0.1426042161820195
0.14260768840544738
0.14261116062887516
0.14261463285230305
0.14261810507573086
0.14262157729915875
0.14262504952258664
0.14262852174601448
0.14263199396944234
0.14263546619287015
0.14263893841629802
0.1426424106397259
0.14264588286315374
0.1426493550865816
0.14265282731000944
0.14265629953343734
0.14265977175686523
0.142663243980293
0.14266671620372087
0.1426701884271487
0.1426736606505766
0.1426771328740045
0.14268060509743233
0.1426840773208602
0.142687549544288
0.14269102176771586
0.1426944939911437
0.1426979662145716
0.14270143843799946
0.1427049106614273
