0.5663196410832086
0.5663231133066365
0.5663265855300644
0.5663300577534922
0.5663335299769201
0.566337002200348
0.5663404744237759
0.5663439466472037
0.5663474188706316
0.5663508910940593
0.5663543633174872
0.5663578355409151
0.5663613077643429
0.5663647799877708
0.5663682522111987
0.5663717244346266
0.5663751966580544
0.5663786688814823
0.56638214110491
0.566385613328338
0.5663890855517658
0.5663925577751936
0.5663960299986215
0.5663995022220494
0.5664029744454773
0.566406446668905
0.5664099188923329
0.5664133911157607
0.5664168633391887
0.5664203355626165
0.5664238077860444
0.5664272800094722
0.5664307522329001
0.566434224456328
0.5664376966797557
0.5664411689031836
0.5664446411266114
0.5664481133500394
0.5664515855734672
0.5664550577968951
0.5664585300203229
0.5664620022437508
0.5664654744671787
0.5664689466906064
0.5664724189140343
0.5664758911374621
0.5664793633608901
0.5664828355843179
0.5664863078077458
0.5664897800311736
0.5664932522546015
0.5664967244780293
0.5665001967014571
0.566503668924885
0.5665071411483128
0.5665106133717408
0.5665140855951686
0.5665175578185965
0.5665210300420243
0.5665245022654523
0.56652797448888
0.5665314467123079
0.5665349189357357
0.5665383911591635
0.5665418633825915
0.5665453356060193
0.5665488078294472
0.566552280052875
0.566555752276303
0.5665592244997307
0.5665626967231586
0.5665661689465864
0.5665696411700143
0.5665731133934422
0.56657658561687
0.5665800578402979
0.5665835300637256
0.5665870022871536
0.5665904745105814
0.5665939467340093
0.5665974189574371
0.566600891180865
0.5666043634042929
0.5666078356277207
0.5666113078511485
0.5666147800745763
0.5666182522980043
0.5666217245214321
0.56662519674486
0.5666286689682878
0.5666321411917157
0.5666356134151436
0.5666390856385713
0.5666425578619992
0.566646030085427
0.566649502308855
0.5666529745322828
0.5666564467557107
0.5666599189791385
0.5666633912025664
0.5666668634259943
0.5666703356494222
0.5666738078728499
0.5666772800962777
0.5666807523197057
0.5666842245431335
0.5666876967665614
0.5666911689899892
0.5666946412134171
0.566698113436845
0.5667015856602728
0.5667050578837006
0.5667085301071285
0.5667120023305564
0.5667154745539842
0.5667189467774121
0.5667224190008399
0.5667258912242678
0.5667293634476956
0.5667328356711235
0.5667363078945513
0.5667397801179792
0.5667432523414071
0.5667467245648349
0.5667501967882628
0.5667536690116906
0.5667571412351184
0.5667606134585463
0.5667640856819742
0.566767557905402
0.5667710301288299
0.5667745023522578
0.5667779745756856
0.5667814467991135
0.5667849190225412
0.5667883912459691
0.566791863469397
0.5667953356928249
0.5667988079162527
0.5668022801396806
0.5668057523631085
0.5668092245865364
0.5668126968099642
0.566816169033392
0.5668196412568198
0.5668231134802477
0.5668265857036756
0.5668300579271034
0.5668335301505313
0.5668370023739592
0.5668404745973871
0.5668439468208148
0.5668474190442427
0.5668508912676705
0.5668543634910984
0.5668578357145263
0.5668613079379541
0.566864780161382
0.5668682523848099
0.5668717246082378
0.5668751968316655
0.5668786690550934
0.5668821412785212
0.5668856135019491
0.566889085725377
0.5668925579488048
0.5668960301722327
0.5668995023956606
0.5669029746190885
0.5669064468425162
0.5669099190659441
0.5669133912893719
0.5669168635127998
0.5669203357362277
0.5669238079596555
0.5669272801830834
0.5669307524065113
0.5669342246299391
0.5669376968533669
0.5669411690767948
0.5669446413002226
0.5669481135236506
0.5669515857470784
0.5669550579705063
0.566958530193934
0.5669620024173619
0.5669654746407898
0.5669689468642176
0.5669724190876455
0.5669758913110733
0.5669793635345013
0.5669828357579291
0.566986307981357
0.5669897802047847
0.5669932524282126
0.5669967246516405
0.5670001968750683
0.5670036690984962
0.567007141321924
0.567010613545352
