0.9357642138070186
0.9357676860304466
0.9357711582538742
0.9357746304773022
0.9357781027007301
0.9357815749241579
0.9357850471475859
0.9357885193710136
0.9357919915944416
0.9357954638178693
0.9357989360412973
0.9358024082647252
0.9358058804881529
0.9358093527115808
0.9358128249350086
0.9358162971584365
0.9358197693818643
0.9358232416052923
0.93582671382872
0.935830186052148
0.9358336582755759
0.9358371304990036
0.9358406027224315
0.9358440749458593
0.9358475471692872
0.935851019392715
0.935854491616143
0.9358579638395707
0.9358614360629987
0.9358649082864263
0.9358683805098543
0.9358718527332822
0.93587532495671
0.9358787971801381
0.9358822694035657
0.9358857416269937
0.9358892138504213
0.9358926860738493
0.9358961582972772
0.935899630520705
0.9359031027441329
0.9359065749675607
0.9359100471909886
0.9359135194144164
0.9359169916378445
0.935920463861272
0.9359239360847001
0.9359274083081279
0.9359308805315557
0.9359343527549836
0.9359378249784114
0.9359412972018393
0.935944769425267
0.9359482416486952
0.9359517138721227
0.9359551860955508
0.9359586583189784
0.9359621305424065
0.9359656027658343
0.9359690749892622
0.9359725472126902
0.9359760194361177
0.9359794916595459
0.9359829638829734
0.9359864361064015
0.9359899083298293
0.9359933805532572
0.935996852776685
0.9360003250001129
0.9360037972235407
0.9360072694469685
0.9360107416703966
0.9360142138938242
0.9360176861172522
0.93602115834068
0.9360246305641079
0.9360281027875357
0.9360315750109636
0.9360350472343913
0.9360385194578192
0.9360419916812472
0.9360454639046749
0.9360489361281029
0.9360524083515306
0.9360558805749586
0.9360593527983864
0.9360628250218143
0.9360662972452423
0.9360697694686699
0.9360732416920979
0.9360767139155256
0.9360801861389536
0.9360836583623814
0.9360871305858093
0.9360906028092371
0.936094075032665
0.9360975472560927
0.9361010194795206
0.9361044917029486
0.9361079639263763
0.9361114361498043
0.9361149083732321
0.93611838059666
0.9361218528200878
0.9361253250435156
0.9361287972669434
0.9361322694903713
0.9361357417137993
0.936139213937227
0.936142686160655
0.9361461583840827
0.9361496306075107
0.9361531028309384
0.9361565750543663
0.9361600472777943
0.936163519501222
0.93616699172465
0.9361704639480777
0.9361739361715057
0.9361774083949335
0.9361808806183614
0.9361843528417891
0.936187825065217
0.936191297288645
0.9361947695120727
0.9361982417355007
0.9362017139589284
0.9362051861823564
0.9362086584057843
0.936212130629212
0.9362156028526398
0.9362190750760677
0.9362225472994955
0.9362260195229234
0.9362294917463514
0.9362329639697791
0.9362364361932071
0.9362399084166347
0.9362433806400627
0.9362468528634906
0.9362503250869184
0.9362537973103463
0.9362572695337741
0.9362607417572021
0.9362642139806298
0.9362676862040578
0.9362711584274854
0.9362746306509134
0.9362781028743413
0.9362815750977691
0.9362850473211971
0.9362885195446248
0.9362919917680528
0.9362954639914804
0.9362989362149085
0.9363024084383363
0.9363058806617641
0.936309352885192
0.9363128251086198
0.9363162973320477
0.9363197695554755
0.9363232417789035
0.9363267140023311
0.9363301862257591
0.936333658449187
0.9363371306726148
0.9363406028960427
0.9363440751194705
0.9363475473428984
0.9363510195663262
0.9363544917897542
0.9363579640131818
0.9363614362366098
0.9363649084600375
0.9363683806834655
0.9363718529068934
0.9363753251303212
0.9363787973537492
0.9363822695771769
0.9363857418006049
0.9363892140240325
0.9363926862474605
0.9363961584708884
0.9363996306943162
0.9364031029177441
0.9364065751411719
0.9364100473645998
0.9364135195880275
0.9364169918114555
0.9364204640348832
0.9364239362583112
0.9364274084817391
0.9364308807051669
0.9364343529285948
0.9364378251520226
0.9364412973754505
0.9364447695988782
0.9364482418223062
0.9364517140457339
0.9364551862691619
