0.39618069311829623
0.39618416534172407
0.3961876375651519
0.39619110978857974
0.39619458201200763
0.39619805423543547
0.39620152645886336
0.3962049986822912
0.39620847090571903
0.3962119431291469
0.39621541535257476
0.3962188875760026
0.39622235979943043
0.3962258320228583
0.39622930424628616
0.39623277646971405
0.3962362486931419
0.3962397209165697
0.3962431931399976
0.3962466653634255
0.39625013758685335
0.3962536098102812
0.396257082033709
0.39626055425713685
0.39626402648056475
0.3962674987039926
0.3962709709274204
0.3962744431508483
0.3962779153742762
0.39628138759770404
0.3962848598211319
0.3962883320445597
0.39629180426798755
0.39629527649141544
0.3962987487148433
0.39630222093827117
0.396305693161699
0.39630916538512684
0.39631263760855473
0.39631610983198257
0.39631958205541046
0.3963230542788383
0.39632652650226613
0.39632999872569397
0.3963334709491218
0.3963369431725497
0.3963404153959776
0.3963438876194054
0.39634735984283326
0.39635083206626115
0.396354304289689
0.3963577765131168
0.39636124873654466
0.3963647209599725
0.3963681931834004
0.3963716654068283
0.3963751376302561
0.39637860985368395
0.39638208207711184
0.3963855543005397
0.39638902652396757
0.3963924987473954
0.39639597097082324
0.3963994431942511
0.39640291541767897
0.3964063876411068
0.39640985986453464
0.39641333208796253
0.39641680431139037
0.39642027653481826
0.3964237487582461
0.39642722098167393
0.39643069320510177
0.3964341654285296
0.3964376376519575
0.39644110987538533
0.3964445820988132
0.39644805432224106
0.39645152654566895
0.3964549987690968
0.3964584709925246
0.3964619432159525
0.39646541543938035
0.3964688876628082
0.396472359886236
0.3964758321096639
0.39647930433309175
0.39648277655651964
0.3964862487799475
0.3964897210033753
0.3964931932268032
0.39649666545023105
0.3965001376736589
0.3965036098970867
0.3965070821205146
0.39651055434394245
0.39651402656737034
0.3965174987907982
0.396520971014226
0.3965244432376539
0.3965279154610818
0.39653138768450963
0.39653485990793746
0.3965383321313653
0.39654180435479314
0.39654527657822103
0.39654874880164886
0.39655222102507676
0.3965556932485046
0.39655916547193243
0.3965626376953603
0.39656610991878816
0.396569582142216
0.39657305436564383
0.3965765265890717
0.39657999881249956
0.3965834710359274
0.3965869432593553
0.3965904154827832
0.396593887706211
0.39659735992963885
0.39660083215306674
0.3966043043764946
0.3966077765999224
0.39661124882335025
0.3966147210467781
0.396618193270206
0.39662166549363387
0.3966251377170617
0.39662860994048954
0.39663208216391743
0.39663555438734527
0.3966390266107731
0.39664249883420094
0.3966459710576288
0.39664944328105667
0.39665291550448456
0.3966563877279124
0.39665985995134023
0.3966633321747681
0.39666680439819596
0.39667027662162385
0.3966737488450517
0.3966772210684795
0.39668069329190736
0.3966841655153352
0.3966876377387631
0.3966911099621909
0.3966945821856188
0.39669805440904665
0.39670152663247454
0.3967049988559024
0.3967084710793302
0.39671194330275805
0.39671541552618594
0.3967188877496138
0.3967223599730416
0.3967258321964695
0.39672930441989734
0.39673277664332524
0.39673624886675307
0.3967397210901809
0.3967431933136088
0.39674666553703664
0.39675013776046447
0.3967536099838923
0.3967570822073202
0.39676055443074804
0.3967640266541759
0.39676749887760376
0.3967709711010316
0.3967744433244595
0.3967779155478874
0.39678138777131516
0.396784859994743
0.3967883322181709
0.39679180444159873
0.3967952766650266
0.39679874888845446
0.39680222111188235
0.3968056933353102
0.396809165558738
0.3968126377821659
0.39681611000559375
0.3968195822290216
0.3968230544524494
0.3968265266758773
0.39682999889930515
0.396833471122733
0.3968369433461609
0.39684041556958877
0.3968438877930166
0.39684736001644444
0.3968508322398723
0.3968543044633001
0.396857776686728
0.39686124891015584
0.3968647211335837
0.39686819335701157
0.39687166558043946
