0.6114585456453284
0.6114620178687562
0.6114654900921841
0.6114689623156119
0.6114724345390398
0.6114759067624675
0.6114793789858955
0.6114828512093233
0.6114863234327512
0.611489795656179
0.6114932678796069
0.6114967401030348
0.6115002123264626
0.6115036845498905
0.6115071567733182
0.6115106289967462
0.611514101220174
0.6115175734436019
0.6115210456670297
0.6115245178904576
0.6115279901138855
0.6115314623373133
0.6115349345607412
0.6115384067841689
0.6115418790075969
0.6115453512310247
0.6115488234544526
0.6115522956778805
0.6115557679013083
0.6115592401247362
0.611562712348164
0.6115661845715918
0.6115696567950196
0.6115731290184476
0.6115766012418754
0.6115800734653033
0.6115835456887312
0.6115870179121591
0.6115904901355869
0.6115939623590146
0.6115974345824425
0.6116009068058703
0.6116043790292983
0.6116078512527261
0.611611323476154
0.6116147956995818
0.6116182679230098
0.6116217401464376
0.6116252123698654
0.6116286845932932
0.6116321568167211
0.611635629040149
0.6116391012635768
0.6116425734870047
0.6116460457104325
0.6116495179338605
0.6116529901572882
0.6116564623807161
0.6116599346041439
0.6116634068275718
0.6116668790509997
0.6116703512744275
0.6116738234978554
0.6116772957212833
0.6116807679447112
0.6116842401681389
0.6116877123915668
0.6116911846149946
0.6116946568384225
0.6116981290618504
0.6117016012852782
0.6117050735087061
0.611708545732134
0.6117120179555618
0.6117154901789896
0.6117189624024175
0.6117224346258453
0.6117259068492732
0.6117293790727011
0.6117328512961289
0.6117363235195568
0.6117397957429845
0.6117432679664125
0.6117467401898403
0.6117502124132682
0.611753684636696
0.6117571568601239
0.6117606290835518
0.6117641013069797
0.6117675735304074
0.6117710457538353
0.6117745179772632
0.611777990200691
0.6117814624241189
0.6117849346475467
0.6117884068709746
0.6117918790944025
0.6117953513178304
0.6117988235412581
0.611802295764686
0.6118057679881139
0.6118092402115417
0.6118127124349696
0.6118161846583974
0.6118196568818253
0.6118231291052532
0.611826601328681
0.6118300735521088
0.6118335457755367
0.6118370179989646
0.6118404902223924
0.6118439624458203
0.6118474346692481
0.611850906892676
0.6118543791161039
0.6118578513395317
0.6118613235629595
0.6118647957863874
0.6118682680098153
0.6118717402332432
0.611875212456671
0.6118786846800988
0.6118821569035267
0.6118856291269545
0.6118891013503824
0.6118925735738102
0.6118960457972381
0.611899518020666
0.6119029902440939
0.6119064624675217
0.6119099346909496
0.6119134069143773
0.6119168791378052
0.6119203513612331
0.6119238235846609
0.6119272958080889
0.6119307680315167
0.6119342402549446
0.6119377124783724
0.6119411847018003
0.611944656925228
0.6119481291486559
0.6119516013720838
0.6119550735955116
0.6119585458189396
0.6119620180423674
0.6119654902657953
0.6119689624892231
0.611972434712651
0.6119759069360787
0.6119793791595066
0.6119828513829345
0.6119863236063623
0.6119897958297902
0.6119932680532181
0.611996740276646
0.6120002125000737
0.6120036847235016
0.6120071569469294
0.6120106291703574
0.6120141013937852
0.612017573617213
0.6120210458406409
0.6120245180640688
0.6120279902874967
0.6120314625109244
0.6120349347343523
0.6120384069577801
0.6120418791812081
0.6120453514046359
0.6120488236280638
0.6120522958514917
0.6120557680749195
0.6120592402983474
0.6120627125217751
0.612066184745203
0.6120696569686308
0.6120731291920588
0.6120766014154866
0.6120800736389145
0.6120835458623424
0.6120870180857702
0.612090490309198
0.6120939625326258
0.6120974347560537
0.6121009069794815
0.6121043792029095
0.6121078514263373
0.6121113236497652
0.612114795873193
0.6121182680966208
0.6121217403200487
0.6121252125434765
0.6121286847669044
0.6121321569903322
0.6121356292137602
0.612139101437188
0.6121425736606159
0.6121460458840436
0.6121495181074716
