0.9552086650030087
0.9552121372264366
0.9552156094498644
0.9552190816732923
0.9552225538967203
0.9552260261201478
0.955229498343576
0.9552329705670035
0.9552364427904316
0.9552399150138594
0.9552433872372873
0.9552468594607151
0.955250331684143
0.9552538039075708
0.9552572761309986
0.9552607483544266
0.9552642205778543
0.9552676928012823
0.95527116502471
0.955274637248138
0.9552781094715658
0.9552815816949937
0.9552850539184217
0.9552885261418493
0.9552919983652773
0.955295470588705
0.955298942812133
0.9553024150355607
0.9553058872589887
0.9553093594824165
0.9553128317058444
0.9553163039292724
0.9553197761527
0.955323248376128
0.9553267205995557
0.9553301928229837
0.9553336650464115
0.9553371372698394
0.9553406094932672
0.955344081716695
0.9553475539401228
0.9553510261635507
0.9553544983869787
0.9553579706104064
0.9553614428338344
0.9553649150572622
0.9553683872806901
0.9553718595041178
0.9553753317275457
0.9553788039509735
0.9553822761744014
0.9553857483978294
0.9553892206212571
0.9553926928446851
0.9553961650681128
0.9553996372915408
0.9554031095149685
0.9554065817383964
0.9554100539618244
0.9554135261852521
0.9554169984086801
0.9554204706321078
0.9554239428555358
0.9554274150789636
0.9554308873023915
0.9554343595258192
0.9554378317492471
0.9554413039726749
0.9554447761961028
0.9554482484195308
0.9554517206429585
0.9554551928663865
0.9554586650898144
0.9554621373132421
0.9554656095366699
0.9554690817600978
0.9554725539835256
0.9554760262069535
0.9554794984303815
0.9554829706538092
0.9554864428772372
0.9554899151006648
0.9554933873240928
0.9554968595475207
0.9555003317709485
0.9555038039943765
0.9555072762178042
0.9555107484412322
0.9555142206646599
0.9555176928880879
0.9555211651115157
0.9555246373349435
0.9555281095583714
0.9555315817817992
0.9555350540052271
0.9555385262286549
0.9555419984520829
0.9555454706755105
0.9555489428989385
0.9555524151223664
0.9555558873457942
0.9555593595692221
0.9555628317926499
0.9555663040160778
0.9555697762395056
0.9555732484629336
0.9555767206863612
0.9555801929097892
0.9555836651332169
0.9555871373566449
0.9555906095800728
0.9555940818035006
0.9555975540269286
0.9556010262503563
0.9556044984737843
0.9556079706972119
0.9556114429206399
0.9556149151440678
0.9556183873674956
0.9556218595909235
0.9556253318143513
0.9556288040377792
0.955632276261207
0.955635748484635
0.9556392207080626
0.9556426929314906
0.9556461651549185
0.9556496373783463
0.9556531096017742
0.955656581825202
0.9556600540486299
0.9556635262720576
0.9556669984954856
0.9556704707189133
0.9556739429423413
0.955677415165769
0.955680887389197
0.9556843596126249
0.9556878318360527
0.9556913040594808
0.9556947762829083
0.9556982485063364
0.955701720729764
0.955705192953192
0.9557086651766199
0.9557121374000477
0.9557156096234756
0.9557190818469034
0.9557225540703315
0.955726026293759
0.9557294985171871
0.9557329707406147
0.9557364429640428
0.9557399151874706
0.9557433874108985
0.9557468596343263
0.955750331857754
0.9557538040811819
0.9557572763046097
0.9557607485280378
0.9557642207514654
0.9557676929748935
0.9557711651983211
0.9557746374217492
0.955778109645177
0.9557815818686048
0.9557850540920328
0.9557885263154605
0.9557919985388885
0.9557954707623161
0.9557989429857442
0.9558024152091718
0.9558058874325999
0.9558093596560276
0.9558128318794555
0.9558163041028835
0.9558197763263112
0.9558232485497392
0.9558267207731669
0.9558301929965949
0.9558336652200227
0.9558371374434506
0.9558406096668783
0.9558440818903062
0.955847554113734
0.9558510263371619
0.9558544985605899
0.9558579707840176
0.9558614430074456
0.9558649152308734
0.9558683874543012
0.955871859677729
0.9558753319011569
0.9558788041245847
0.9558822763480126
0.9558857485714406
0.9558892207948683
0.9558926930182963
0.9558961652417239
0.9558996374651519
