0.6677085651765852
0.6677120374000131
0.6677155096234408
0.6677189818468687
0.6677224540702965
0.6677259262937244
0.6677293985171523
0.6677328707405801
0.667736342964008
0.6677398151874357
0.6677432874108638
0.6677467596342915
0.6677502318577194
0.6677537040811472
0.6677571763045751
0.6677606485280029
0.6677641207514308
0.6677675929748587
0.6677710651982866
0.6677745374217144
0.6677780096451422
0.6677814818685701
0.6677849540919979
0.6677884263154258
0.6677918985388537
0.6677953707622815
0.6677988429857094
0.6678023152091372
0.6678057874325651
0.6678092596559929
0.6678127318794208
0.6678162041028486
0.6678196763262766
0.6678231485497044
0.6678266207731323
0.66783009299656
0.6678335652199878
0.6678370374434158
0.6678405096668436
0.6678439818902715
0.6678474541136993
0.6678509263371272
0.6678543985605551
0.667857870783983
0.6678613430074107
0.6678648152308386
0.6678682874542665
0.6678717596776943
0.6678752319011222
0.66787870412455
0.6678821763479779
0.6678856485714058
0.6678891207948336
0.6678925930182614
0.6678960652416893
0.6678995374651172
0.667903009688545
0.6679064819119729
0.6679099541354007
0.6679134263588286
0.6679168985822564
0.6679203708056843
0.6679238430291121
0.6679273152525401
0.6679307874759679
0.6679342596993957
0.6679377319228236
0.6679412041462514
0.6679446763696792
0.6679481485931071
0.667951620816535
0.6679550930399628
0.6679585652633908
0.6679620374868186
0.6679655097102465
0.6679689819336743
0.6679724541571022
0.66797592638053
0.6679793986039578
0.6679828708273857
0.6679863430508135
0.6679898152742414
0.6679932874976693
0.6679967597210972
0.668000231944525
0.6680037041679528
0.6680071763913806
0.6680106486148085
0.6680141208382364
0.6680175930616642
0.6680210652850922
0.66802453750852
0.6680280097319479
0.6680314819553757
0.6680349541788035
0.6680384264022313
0.6680418986256592
0.6680453708490871
0.6680488430725149
0.6680523152959429
0.6680557875193707
0.6680592597427986
0.6680627319662263
0.6680662041896542
0.6680696764130821
0.6680731486365099
0.6680766208599378
0.6680800930833656
0.6680835653067935
0.6680870375302214
0.6680905097536493
0.668093981977077
0.6680974542005049
0.6681009264239327
0.6681043986473607
0.6681078708707885
0.6681113430942164
0.6681148153176443
0.668118287541072
0.6681217597645
0.6681252319879277
0.6681287042113556
0.6681321764347834
0.6681356486582114
0.6681391208816392
0.6681425931050671
0.6681460653284949
0.6681495375519227
0.6681530097753506
0.6681564819987784
0.6681599542222063
0.6681634264456341
0.6681668986690621
0.6681703708924899
0.6681738431159178
0.6681773153393457
0.6681807875627734
0.6681842597862013
0.6681877320096291
0.668191204233057
0.6681946764564848
0.6681981486799128
0.6682016209033406
0.6682050931267685
0.6682085653501963
0.6682120375736242
0.668215509797052
0.6682189820204798
0.6682224542439077
0.6682259264673356
0.6682293986907635
0.6682328709141913
0.6682363431376191
0.6682398153610469
0.6682432875844749
0.6682467598079027
0.6682502320313306
0.6682537042547584
0.6682571764781863
0.6682606487016141
0.668264120925042
0.6682675931484698
0.6682710653718977
0.6682745375953256
0.6682780098187534
0.6682814820421813
0.6682849542656091
0.668288426489037
0.6682918987124649
0.6682953709358926
0.6682988431593205
0.6683023153827484
0.6683057876061763
0.6683092598296041
0.668312732053032
0.6683162042764598
0.6683196764998877
0.6683231487233156
0.6683266209467433
0.6683300931701712
0.668333565393599
0.668337037617027
0.6683405098404548
0.6683439820638827
0.6683474542873105
0.6683509265107384
0.6683543987341662
0.668357870957594
0.6683613431810219
0.6683648154044498
0.6683682876278777
0.6683717598513055
0.6683752320747334
0.6683787042981612
0.668382176521589
0.6683856487450169
0.6683891209684448
0.6683925931918726
0.6683960654153005
0.6683995376387284
