0.81354194914651
0.813545421369938
0.8135488935933659
0.8135523658167937
0.8135558380402216
0.8135593102636494
0.8135627824870773
0.813566254710505
0.8135697269339329
0.8135731991573608
0.8135766713807887
0.8135801436042166
0.8135836158276444
0.8135870880510723
0.8135905602745
0.8135940324979279
0.8135975047213557
0.8136009769447836
0.8136044491682115
0.8136079213916395
0.8136113936150672
0.8136148658384952
0.813618338061923
0.8136218102853507
0.8136252825087786
0.8136287547322064
0.8136322269556344
0.8136356991790621
0.8136391714024901
0.8136426436259179
0.8136461158493459
0.8136495880727737
0.8136530602962015
0.8136565325196293
0.8136600047430572
0.813663476966485
0.8136669491899129
0.8136704214133408
0.8136738936367687
0.8136773658601966
0.8136808380836243
0.8136843103070522
0.81368778253048
0.8136912547539079
0.8136947269773357
0.8136981992007636
0.8137016714241915
0.8137051436476193
0.8137086158710473
0.813712088094475
0.8137155603179029
0.8137190325413307
0.8137225047647586
0.8137259769881865
0.8137294492116143
0.8137329214350422
0.81373639365847
0.813739865881898
0.8137433381053257
0.8137468103287536
0.8137502825521814
0.8137537547756093
0.8137572269990371
0.813760699222465
0.8137641714458929
0.8137676436693208
0.8137711158927486
0.8137745881161764
0.8137780603396043
0.8137815325630321
0.81378500478646
0.8137884770098878
0.8137919492333158
0.8137954214567436
0.8137988936801714
0.8138023659035993
0.8138058381270271
0.813809310350455
0.8138127825738828
0.8138162547973107
0.8138197270207386
0.8138231992441664
0.8138266714675942
0.8138301436910221
0.81383361591445
0.8138370881378778
0.8138405603613057
0.8138440325847335
0.8138475048081614
0.8138509770315892
0.813854449255017
0.8138579214784449
0.8138613937018728
0.8138648659253007
0.8138683381487285
0.8138718103721564
0.8138752825955842
0.8138787548190121
0.8138822270424398
0.8138856992658678
0.8138891714892956
0.8138926437127236
0.8138961159361514
0.8138995881595793
0.8139030603830071
0.8139065326064349
0.8139100048298628
0.8139134770532905
0.8139169492767185
0.8139204215001463
0.8139238937235742
0.8139273659470021
0.81393083817043
0.8139343103938578
0.8139377826172857
0.8139412548407134
0.8139447270641413
0.8139481992875691
0.813951671510997
0.813955143734425
0.8139586159578528
0.8139620881812807
0.8139655604047085
0.8139690326281364
0.8139725048515641
0.813975977074992
0.8139794492984199
0.8139829215218477
0.8139863937452757
0.8139898659687034
0.8139933381921314
0.8139968104155592
0.814000282638987
0.8140037548624148
0.8140072270858427
0.8140106993092706
0.8140141715326985
0.8140176437561263
0.8140211159795542
0.8140245882029821
0.8140280604264098
0.8140315326498377
0.8140350048732655
0.8140384770966935
0.8140419493201212
0.8140454215435491
0.8140488937669771
0.8140523659904049
0.8140558382138328
0.8140593104372605
0.8140627826606884
0.8140662548841162
0.8140697271075441
0.814073199330972
0.8140766715543999
0.8140801437778278
0.8140836160012556
0.8140870882246835
0.8140905604481112
0.8140940326715391
0.8140975048949669
0.8141009771183948
0.8141044493418227
0.8141079215652506
0.8141113937886784
0.8141148660121063
0.8141183382355341
0.8141218104589619
0.8141252826823898
0.8141287549058176
0.8141322271292456
0.8141356993526733
0.8141391715761013
0.814142643799529
0.814146116022957
0.8141495882463848
0.8141530604698126
0.8141565326932405
0.8141600049166683
0.8141634771400962
0.8141669493635241
0.814170421586952
0.8141738938103799
0.8141773660338077
0.8141808382572355
0.8141843104806634
0.8141877827040912
0.814191254927519
0.8141947271509469
0.8141981993743748
0.8142016715978027
0.8142051438212304
0.8142086160446584
0.8142120882680862
0.8142155604915141
0.8142190327149419
0.8142225049383698
0.8142259771617977
0.8142294493852255
0.8142329216086533
