0.09270836552373804
0.09271183774716583
0.09271530997059371
0.09271878219402155
0.09272225441744943
0.0927257266408773
0.09272919886430514
0.09273267108773303
0.09273614331116081
0.09273961553458869
0.09274308775801653
0.0927465599814444
0.0927500322048723
0.09275350442830013
0.09275697665172801
0.09276044887515579
0.09276392109858368
0.09276739332201156
0.0927708655454394
0.09277433776886727
0.09277780999229511
0.09278128221572299
0.09278475443915087
0.09278822666257866
0.09279169888600654
0.09279517110943437
0.09279864333286225
0.09280211555629014
0.09280558777971797
0.0928090600031458
0.09281253222657364
0.09281600445000152
0.09281947667342935
0.09282294889685724
0.09282642112028512
0.09282989334371296
0.0928333655671408
0.09283683779056863
0.09284031001399651
0.09284378223742439
0.09284725446085222
0.0928507266842801
0.0928541989077079
0.09285767113113577
0.09286114335456365
0.09286461557799149
0.09286808780141936
0.0928715600248472
0.09287503224827509
0.09287850447170297
0.09288197669513075
0.09288544891855864
0.09288892114198646
0.09289239336541436
0.09289586558884219
0.09289933781227007
0.09290281003569795
0.09290628225912574
0.09290975448255362
0.09291322670598146
0.09291669892940933
0.09292017115283721
0.09292364337626505
0.09292711559969292
0.09293058782312072
0.0929340600465486
0.09293753226997647
0.09294100449340431
0.0929444767168322
0.09294794894026003
0.09295142116368786
0.0929548933871157
0.09295836561054358
0.09296183783397147
0.0929653100573993
0.09296878228082718
0.09297225450425502
0.09297572672768285
0.09297919895111073
0.09298267117453857
0.09298614339796644
0.09298961562139428
0.09299308784482216
0.09299656006825004
0.09300003229167783
0.09300350451510571
0.09300697673853354
0.09301044896196142
0.09301392118538931
0.09301739340881714
0.09302086563224503
0.09302433785567281
0.0930278100791007
0.09303128230252852
0.09303475452595641
0.09303822674938429
0.09304169897281213
0.09304517119624
0.0930486434196678
0.09305211564309568
0.09305558786652356
0.09305906008995139
0.09306253231337927
0.0930660045368071
0.09306947676023498
0.09307294898366282
0.09307642120709066
0.09307989343051853
0.09308336565394637
0.09308683787737426
0.09309031010080214
0.09309378232422992
0.09309725454765781
0.09310072677108563
0.09310419899451353
0.09310767121794136
0.09311114344136924
0.09311461566479712
0.09311808788822491
0.09312156011165279
0.09312503233508063
0.0931285045585085
0.09313197678193638
0.09313544900536422
0.0931389212287921
0.09314239345221989
0.09314586567564777
0.09314933789907565
0.09315281012250348
0.09315628234593137
0.0931597545693592
0.09316322679278709
0.09316669901621487
0.09317017123964276
0.09317364346307064
0.09317711568649847
0.09318058790992635
0.09318406013335419
0.09318753235678207
0.0931910045802099
0.09319447680363774
0.09319794902706562
0.09320142125049345
0.09320489347392133
0.09320836569734921
0.093211837920777
0.09321531014420488
0.09321878236763272
0.0932222545910606
0.09322572681448849
0.09322919903791632
0.0932326712613442
0.09323614348477198
0.09323961570819987
0.0932430879316277
0.09324656015505559
0.09325003237848346
0.0932535046019113
0.09325697682533918
0.09326044904876697
0.09326392127219485
0.09326739349562273
0.09327086571905056
0.09327433794247844
0.09327781016590628
0.09328128238933416
0.09328475461276205
0.09328822683618983
0.0932916990596177
0.09329517128304554
0.09329864350647343
0.09330211572990131
0.09330558795332915
0.09330906017675702
0.09331253240018482
0.0933160046236127
0.09331947684704053
0.09332294907046841
0.09332642129389629
0.09332989351732413
0.09333336574075196
0.0933368379641798
0.09334031018760768
0.09334378241103555
0.09334725463446339
0.09335072685789127
0.09335419908131906
0.09335767130474694
0.09336114352817482
0.09336461575160265
0.09336808797503054
0.09337156019845838
0.09337503242188626
0.09337850464531404
0.09338197686874193
0.09338544909216981
0.09338892131559764
0.09339239353902552
0.09339586576245336
0.09339933798588124
