0.5746529773100616
0.5746564495334894
0.5746599217569173
0.574663393980345
0.574666866203773
0.5746703384272008
0.5746738106506287
0.5746772828740565
0.5746807550974844
0.5746842273209123
0.5746876995443401
0.574691171767768
0.5746946439911957
0.5746981162146237
0.5747015884380515
0.5747050606614794
0.5747085328849072
0.5747120051083351
0.574715477331763
0.5747189495551908
0.5747224217786187
0.5747258940020464
0.5747293662254744
0.5747328384489022
0.5747363106723301
0.5747397828957579
0.5747432551191858
0.5747467273426137
0.5747501995660415
0.5747536717894693
0.5747571440128971
0.5747606162363251
0.5747640884597529
0.5747675606831808
0.5747710329066086
0.5747745051300366
0.5747779773534644
0.5747814495768923
0.57478492180032
0.5747883940237478
0.5747918662471758
0.5747953384706036
0.5747988106940315
0.5748022829174593
0.5748057551408873
0.5748092273643151
0.574812699587743
0.5748161718111707
0.5748196440345986
0.5748231162580265
0.5748265884814543
0.5748300607048822
0.57483353292831
0.574837005151738
0.5748404773751657
0.5748439495985936
0.5748474218220214
0.5748508940454493
0.5748543662688772
0.574857838492305
0.5748613107157329
0.5748647829391607
0.5748682551625887
0.5748717273860164
0.5748751996094443
0.5748786718328721
0.5748821440563
0.5748856162797279
0.5748890885031557
0.5748925607265836
0.5748960329500113
0.5748995051734394
0.5749029773968671
0.574906449620295
0.5749099218437228
0.5749133940671507
0.5749168662905786
0.5749203385140065
0.5749238107374343
0.5749272829608622
0.57493075518429
0.5749342274077178
0.5749376996311457
0.5749411718545735
0.5749446440780014
0.5749481163014293
0.5749515885248572
0.574955060748285
0.5749585329717128
0.5749620051951407
0.5749654774185685
0.5749689496419964
0.5749724218654242
0.5749758940888521
0.57497936631228
0.5749828385357079
0.5749863107591356
0.5749897829825635
0.5749932552059914
0.5749967274294192
0.5750001996528471
0.5750036718762749
0.5750071440997028
0.5750106163231307
0.5750140885465586
0.5750175607699863
0.5750210329934142
0.5750245052168421
0.5750279774402699
0.5750314496636978
0.5750349218871256
0.5750383941105535
0.5750418663339814
0.5750453385574092
0.575048810780837
0.5750522830042649
0.5750557552276928
0.5750592274511207
0.5750626996745485
0.5750661718979764
0.5750696441214042
0.575073116344832
0.5750765885682599
0.5750800607916877
0.5750835330151156
0.5750870052385435
0.5750904774619714
0.5750939496853992
0.5750974219088271
0.5751008941322548
0.5751043663556827
0.5751078385791106
0.5751113108025384
0.5751147830259663
0.5751182552493942
0.5751217274728221
0.5751251996962499
0.5751286719196778
0.5751321441431055
0.5751356163665334
0.5751390885899613
0.5751425608133891
0.575146033036817
0.5751495052602449
0.5751529774836728
0.5751564497071006
0.5751599219305285
0.5751633941539562
0.5751668663773841
0.575170338600812
0.5751738108242398
0.5751772830476677
0.5751807552710956
0.5751842274945235
0.5751876997179513
0.5751911719413791
0.5751946441648069
0.5751981163882349
0.5752015886116627
0.5752050608350906
0.5752085330585184
0.5752120052819463
0.5752154775053742
0.5752189497288019
0.5752224219522298
0.5752258941756576
0.5752293663990856
0.5752328386225134
0.5752363108459413
0.5752397830693691
0.575243255292797
0.5752467275162249
0.5752501997396526
0.5752536719630805
0.5752571441865083
0.5752606164099363
0.5752640886333641
0.575267560856792
0.5752710330802198
0.5752745053036477
0.5752779775270755
0.5752814497505033
0.5752849219739312
0.575288394197359
0.575291866420787
0.5752953386442148
0.5752988108676427
0.5753022830910705
0.5753057553144985
0.5753092275379262
0.575312699761354
0.5753161719847819
0.5753196442082097
0.5753231164316377
0.5753265886550655
0.5753300608784934
0.5753335331019211
0.5753370053253491
0.5753404775487769
0.5753439497722048
