0.898958645471752
0.8989621176951798
0.8989655899186076
0.8989690621420354
0.8989725343654633
0.8989760065888911
0.898979478812319
0.8989829510357468
0.8989864232591748
0.8989898954826027
0.8989933677060304
0.8989968399294583
0.8990003121528861
0.899003784376314
0.8990072565997418
0.8990107288231698
0.8990142010465975
0.8990176732700255
0.8990211454934534
0.8990246177168811
0.899028089940309
0.8990315621637368
0.8990350343871647
0.8990385066105925
0.8990419788340205
0.8990454510574484
0.8990489232808762
0.899052395504304
0.8990558677277318
0.8990593399511597
0.8990628121745875
0.8990662843980154
0.8990697566214432
0.8990732288448711
0.8990767010682988
0.8990801732917268
0.8990836455151547
0.8990871177385825
0.8990905899620104
0.8990940621854382
0.8990975344088661
0.8991010066322939
0.899104478855722
0.8991079510791495
0.8991114233025777
0.8991148955260054
0.8991183677494333
0.8991218399728611
0.8991253121962889
0.8991287844197168
0.8991322566431446
0.8991357288665727
0.8991392010900005
0.8991426733134283
0.8991461455368561
0.899149617760284
0.8991530899837118
0.8991565622071397
0.8991600344305675
0.8991635066539954
0.8991669788774231
0.8991704511008509
0.899173923324279
0.8991773955477068
0.8991808677711347
0.8991843399945625
0.8991878122179904
0.8991912844414182
0.899194756664846
0.899198228888274
0.8992017011117017
0.8992051733351297
0.8992086455585575
0.8992121177819854
0.8992155900054132
0.8992190622288411
0.8992225344522689
0.8992260066756967
0.8992294788991247
0.8992329511225525
0.8992364233459804
0.8992398955694082
0.8992433677928361
0.8992468400162639
0.8992503122396918
0.8992537844631195
0.8992572566865474
0.8992607289099752
0.8992642011334031
0.8992676733568311
0.8992711455802589
0.8992746178036868
0.8992780900271146
0.8992815622505425
0.8992850344739702
0.8992885066973981
0.8992919789208261
0.8992954511442538
0.8992989233676818
0.8993023955911096
0.8993058678145375
0.8993093400379653
0.8993128122613931
0.8993162844848209
0.8993197567082488
0.8993232289316768
0.8993267011551045
0.8993301733785325
0.8993336456019603
0.8993371178253882
0.899340590048816
0.8993440622722438
0.8993475344956716
0.8993510067190995
0.8993544789425275
0.8993579511659552
0.8993614233893832
0.899364895612811
0.8993683678362389
0.8993718400596666
0.8993753122830945
0.8993787845065223
0.8993822567299502
0.899385728953378
0.8993892011768059
0.8993926734002339
0.8993961456236618
0.8993996178470895
0.8994030900705174
0.8994065622939452
0.899410034517373
0.8994135067408009
0.8994169789642289
0.8994204511876566
0.8994239234110846
0.8994273956345125
0.8994308678579402
0.8994343400813681
0.8994378123047959
0.8994412845282238
0.8994447567516516
0.8994482289750796
0.8994517011985075
0.8994551734219353
0.8994586456453632
0.8994621178687909
0.8994655900922188
0.8994690623156466
0.8994725345390745
0.8994760067625023
0.8994794789859302
0.899482951209358
0.899486423432786
0.8994898956562138
0.8994933678796416
0.8994968401030695
0.8995003123264973
0.8995037845499252
0.899507256773353
0.899510728996781
0.8995142012202086
0.8995176734436366
0.8995211456670643
0.8995246178904923
0.8995280901139202
0.899531562337348
0.8995350345607759
0.8995385067842037
0.8995419790076317
0.8995454512310596
0.8995489234544873
0.8995523956779152
0.899555867901343
0.8995593401247709
0.8995628123481987
0.8995662845716266
0.8995697567950544
0.8995732290184822
0.89957670124191
0.899580173465338
0.8995836456887659
0.8995871179121937
0.8995905901356216
0.8995940623590494
0.8995975345824773
0.899601006805905
0.899604479029333
0.8996079512527607
0.8996114234761887
0.8996148956996166
0.8996183679230444
0.8996218401464723
0.8996253123699001
0.899628784593328
0.8996322568167557
0.8996357290401839
0.8996392012636116
0.8996426734870395
0.8996461457104673
0.8996496179338951
