0.1197917082610098
0.11979518048443763
0.11979865270786551
0.11980212493129334
0.11980559715472122
0.11980906937814906
0.11981254160157694
0.11981601382500473
0.11981948604843261
0.1198229582718605
0.11982643049528832
0.11982990271871621
0.11983337494214405
0.11983684716557193
0.1198403193889998
0.1198437916124276
0.11984726383585548
0.11985073605928331
0.11985420828271119
0.11985768050613907
0.1198611527295669
0.11986462495299478
0.11986809717642258
0.11987156939985046
0.11987504162327833
0.11987851384670617
0.11988198607013406
0.11988545829356188
0.11988893051698978
0.11989240274041756
0.11989587496384543
0.11989934718727333
0.11990281941070116
0.11990629163412904
0.11990976385755688
0.11991323608098475
0.11991670830441259
0.11992018052784043
0.1199236527512683
0.11992712497469614
0.11993059719812402
0.1199340694215519
0.11993754164497969
0.11994101386840757
0.1199444860918354
0.11994795831526328
0.11995143053869112
0.119954902762119
0.11995837498554689
0.11996184720897467
0.11996531943240256
0.11996879165583038
0.11997226387925827
0.11997573610268615
0.11997920832611399
0.11998268054954186
0.11998615277296966
0.11998962499639754
0.11999309721982541
0.11999656944325325
0.12000004166668113
0.12000351389010896
0.12000698611353684
0.12001045833696473
0.12001393056039251
0.12001740278382039
0.12002087500724823
0.12002434723067612
0.12002781945410394
0.12003129167753183
0.12003476390095967
0.12003823612438749
0.12004170834781538
0.12004518057124322
0.1200486527946711
0.12005212501809898
0.12005559724152677
0.12005906946495465
0.12006254168838248
0.12006601391181036
0.12006948613523824
0.12007295835866608
0.12007643058209395
0.12007990280552175
0.12008337502894963
0.1200868472523775
0.12009031947580534
0.12009379169923323
0.12009726392266105
0.12010073614608895
0.12010420836951673
0.12010768059294462
0.1201111528163725
0.12011462503980033
0.12011809726322821
0.12012156948665605
0.12012504171008392
0.1201285139335118
0.1201319861569396
0.12013545838036747
0.12013893060379531
0.12014240282722319
0.12014587505065107
0.1201493472740789
0.12015281949750674
0.12015629172093457
0.12015976394436245
0.12016323616779029
0.12016670839121818
0.12017018061464606
0.1201736528380739
0.12017712506150173
0.12018059728492955
0.12018406950835744
0.12018754173178532
0.12019101395521316
0.12019448617864104
0.12019795840206883
0.12020143062549671
0.12020490284892459
0.12020837507235242
0.1202118472957803
0.12021531951920814
0.12021879174263601
0.1202222639660639
0.12022573618949169
0.12022920841291956
0.1202326806363474
0.12023615285977529
0.12023962508320311
0.120243097306631
0.12024656953005888
0.12025004175348668
0.12025351397691456
0.12025698620034239
0.12026045842377027
0.12026393064719815
0.12026740287062598
0.12027087509405386
0.12027434731748166
0.12027781954090953
0.12028129176433741
0.12028476398776525
0.12028823621119313
0.12029170843462096
0.1202951806580488
0.12029865288147668
0.12030212510490451
0.1203055973283324
0.12030906955176024
0.12031254177518812
0.12031601399861595
0.12031948622204379
0.12032295844547167
0.1203264306688995
0.12032990289232738
0.12033337511575522
0.1203368473391831
0.12034031956261097
0.12034379178603877
0.12034726400946665
0.12035073623289448
0.12035420845632236
0.12035768067975025
0.12036115290317807
0.12036462512660596
0.12036809735003375
0.12037156957346162
0.12037504179688946
0.12037851402031735
0.12038198624374523
0.12038545846717306
0.12038893069060094
0.12039240291402872
0.12039587513745661
0.12039934736088449
0.12040281958431233
0.1204062918077402
0.12040976403116804
0.12041323625459592
0.12041670847802376
0.12042018070145159
0.12042365292487947
0.1204271251483073
0.12043059737173518
0.12043406959516308
0.12043754181859086
0.12044101404201873
0.12044448626544657
0.12044795848887446
0.1204514307123023
0.12045490293573018
0.12045837515915805
0.12046184738258585
0.12046531960601373
0.12046879182944156
0.12047226405286944
0.12047573627629732
0.12047920849972515
0.12048268072315303
