0.23298619200909443
0.23298966423252226
0.23299313645595016
0.232996608679378
0.23300008090280586
0.23300355312623375
0.23300702534966153
0.23301049757308942
0.23301396979651726
0.23301744201994512
0.233020914243373
0.23302438646680085
0.23302785869022874
0.23303133091365652
0.23303480313708438
0.23303827536051228
0.2330417475839401
0.233045219807368
0.23304869203079584
0.2330521642542237
0.23305563647765148
0.23305910870107938
0.23306258092450727
0.2330660531479351
0.23306952537136297
0.2330729975947908
0.23307646981821864
0.23307994204164653
0.23308341426507437
0.23308688648850223
0.23309035871193007
0.23309383093535796
0.23309730315878585
0.23310077538221363
0.2331042476056415
0.23310771982906933
0.23311119205249722
0.23311466427592512
0.23311813649935295
0.23312160872278082
0.23312508094620862
0.2331285531696365
0.23313202539306432
0.23313549761649222
0.23313896983992008
0.23314244206334792
0.2331459142867758
0.2331493865102036
0.23315285873363148
0.23315633095705934
0.23315980318048718
0.23316327540391507
0.2331667476273429
0.2331702198507708
0.23317369207419864
0.23317716429762644
0.23318063652105434
0.23318410874448217
0.23318758096791006
0.23319105319133793
0.23319452541476576
0.2331979976381936
0.23320146986162144
0.23320494208504933
0.23320841430847716
0.23321188653190503
0.23321535875533292
0.2332188309787607
0.2332223032021886
0.23322577542561643
0.2332292476490443
0.23323271987247218
0.23323619209590002
0.2332396643193279
0.2332431365427557
0.23324660876618356
0.23325008098961145
0.23325355321303928
0.23325702543646717
0.233260497659895
0.23326396988332287
0.23326744210675068
0.23327091433017855
0.23327438655360644
0.23327785877703427
0.23328133100046214
0.23328480322388997
0.23328827544731787
0.23329174767074576
0.23329521989417354
0.2332986921176014
0.23330216434102924
0.23330563656445713
0.23330910878788502
0.23331258101131286
0.2333160532347407
0.2333195254581685
0.2333229976815964
0.2333264699050243
0.23332994212845212
0.23333341435188
0.2333368865753078
0.23334035879873566
0.2333438310221635
0.2333473032455914
0.23335077546901925
0.2333542476924471
0.23335771991587498
0.23336119213930276
0.23336466436273065
0.23336813658615851
0.23337160880958635
0.23337508103301424
0.23337855325644208
0.23338202547986997
0.23338549770329783
0.23338896992672561
0.2333924421501535
0.23339591437358134
0.23339938659700923
0.2334028588204371
0.23340633104386493
0.23340980326729283
0.2334132754907206
0.2334167477141485
0.23342021993757633
0.2334236921610042
0.2334271643844321
0.23343063660785993
0.23343410883128776
0.2334375810547156
0.23344105327814346
0.23344452550157135
0.2334479977249992
0.23345146994842708
0.23345494217185492
0.23345841439528275
0.23346188661871062
0.23346535884213845
0.23346883106556635
0.23347230328899418
0.23347577551242205
0.23347924773584985
0.23348271995927772
0.2334861921827056
0.23348966440613345
0.2334931366295613
0.23349660885298915
0.23350008107641704
0.23350355329984493
0.2335070255232727
0.23351049774670057
0.2335139699701284
0.2335174421935563
0.2335209144169842
0.23352438664041203
0.2335278588638399
0.23353133108726767
0.23353480331069557
0.23353827553412346
0.2335417477575513
0.23354521998097916
0.233548692204407
0.23355216442783489
0.23355563665126267
0.23355910887469056
0.23356258109811842
0.23356605332154626
0.23356952554497415
0.23357299776840199
0.23357646999182982
0.23357994221525769
0.23358341443868552
0.2335868866621134
0.23359035888554125
0.23359383110896914
0.233597303332397
0.2336007755558248
0.23360424777925268
0.2336077200026805
0.2336111922261084
0.23361466444953627
0.2336181366729641
0.233621608896392
0.23362508111981978
0.23362855334324767
0.2336320255666755
0.23363549779010337
0.23363897001353126
0.2336424422369591
0.233645914460387
0.23364938668381477
0.23365285890724263
0.23365633113067052
0.23365980335409836
0.23366327557752625
0.2336667478009541
0.23367022002438195
0.2336736922478098
0.23367716447123763
