0.7496530380739715
0.7496565102973994
0.7496599825208272
0.7496634547442551
0.749666926967683
0.7496703991911108
0.7496738714145387
0.7496773436379666
0.7496808158613945
0.7496842880848222
0.7496877603082501
0.7496912325316779
0.7496947047551058
0.7496981769785337
0.7497016492019615
0.7497051214253894
0.7497085936488173
0.7497120658722451
0.7497155380956729
0.7497190103191008
0.7497224825425286
0.7497259547659565
0.7497294269893843
0.7497328992128123
0.7497363714362402
0.749739843659668
0.7497433158830958
0.7497467881065236
0.7497502603299515
0.7497537325533793
0.7497572047768072
0.7497606770002351
0.749764149223663
0.7497676214470907
0.7497710936705186
0.7497745658939465
0.7497780381173743
0.7497815103408022
0.74978498256423
0.7497884547876579
0.7497919270110858
0.7497953992345137
0.7497988714579414
0.7498023436813693
0.7498058159047972
0.749809288128225
0.7498127603516529
0.7498162325750807
0.7498197047985086
0.7498231770219363
0.7498266492453644
0.7498301214687922
0.74983359369222
0.7498370659156479
0.7498405381390757
0.7498440103625036
0.7498474825859314
0.7498509548093593
0.7498544270327872
0.749857899256215
0.7498613714796428
0.7498648437030708
0.7498683159264986
0.7498717881499265
0.7498752603733543
0.7498787325967821
0.74988220482021
0.7498856770436377
0.7498891492670657
0.7498926214904936
0.7498960937139215
0.7498995659373493
0.7499030381607772
0.749906510384205
0.7499099826076329
0.7499134548310606
0.7499169270544885
0.7499203992779164
0.7499238715013442
0.7499273437247722
0.7499308159482
0.7499342881716279
0.7499377603950557
0.7499412326184836
0.7499447048419113
0.7499481770653392
0.7499516492887671
0.7499551215121949
0.7499585937356229
0.7499620659590507
0.7499655381824786
0.7499690104059064
0.7499724826293342
0.749975954852762
0.7499794270761899
0.7499828992996178
0.7499863715230457
0.7499898437464736
0.7499933159699014
0.7499967881933293
0.750000260416757
0.7500037326401849
0.7500072048636127
0.7500106770870407
0.7500141493104686
0.7500176215338964
0.7500210937573243
0.7500245659807521
0.75002803820418
0.7500315104276077
0.7500349826510356
0.7500384548744634
0.7500419270978913
0.7500453993213192
0.7500488715447471
0.750052343768175
0.7500558159916028
0.7500592882150307
0.7500627604384584
0.7500662326618863
0.7500697048853141
0.7500731771087421
0.7500766493321699
0.7500801215555978
0.7500835937790256
0.7500870660024535
0.7500905382258813
0.7500940104493091
0.750097482672737
0.7501009548961648
0.7501044271195928
0.7501078993430207
0.7501113715664485
0.7501148437898764
0.7501183160133041
0.750121788236732
0.7501252604601598
0.7501287326835877
0.7501322049070156
0.7501356771304434
0.7501391493538713
0.7501426215772992
0.750146093800727
0.750149566024155
0.7501530382475827
0.7501565104710106
0.7501599826944384
0.7501634549178662
0.7501669271412942
0.750170399364722
0.75017387158815
0.7501773438115777
0.7501808160350056
0.7501842882584334
0.7501877604818613
0.7501912327052891
0.750194704928717
0.7501981771521449
0.7502016493755727
0.7502051215990005
0.7502085938224284
0.7502120660458563
0.7502155382692841
0.750219010492712
0.7502224827161398
0.7502259549395677
0.7502294271629955
0.7502328993864233
0.7502363716098512
0.7502398438332791
0.750243316056707
0.7502467882801348
0.7502502605035627
0.7502537327269905
0.7502572049504184
0.7502606771738461
0.750264149397274
0.750267621620702
0.7502710938441298
0.7502745660675577
0.7502780382909855
0.7502815105144134
0.7502849827378412
0.7502884549612691
0.750291927184697
0.7502953994081248
0.7502988716315527
0.7503023438549805
0.7503058160784084
0.7503092883018362
0.7503127605252641
0.7503162327486919
0.7503197049721199
0.7503231771955475
0.7503266494189755
0.7503301216424033
0.7503335938658312
0.7503370660892591
0.7503405383126869
0.7503440105361148
