0.685764127001433
0.6857675992248609
0.6857710714482886
0.6857745436717165
0.6857780158951444
0.6857814881185722
0.6857849603420001
0.6857884325654279
0.6857919047888559
0.6857953770122837
0.6857988492357115
0.6858023214591394
0.6858057936825673
0.6858092659059951
0.6858127381294229
0.6858162103528508
0.6858196825762786
0.6858231547997066
0.6858266270231343
0.6858300992465622
0.6858335714699901
0.685837043693418
0.6858405159168458
0.6858439881402737
0.6858474603637015
0.6858509325871294
0.6858544048105573
0.685857877033985
0.6858613492574129
0.6858648214808407
0.6858682937042687
0.6858717659276965
0.6858752381511244
0.6858787103745522
0.6858821825979801
0.685885654821408
0.6858891270448357
0.6858925992682636
0.6858960714916915
0.6858995437151194
0.6859030159385472
0.6859064881619751
0.6859099603854029
0.6859134326088308
0.6859169048322586
0.6859203770556864
0.6859238492791143
0.6859273215025422
0.6859307937259701
0.6859342659493979
0.6859377381728258
0.6859412103962536
0.6859446826196814
0.6859481548431093
0.6859516270665371
0.685955099289965
0.6859585715133928
0.6859620437368208
0.6859655159602486
0.6859689881836765
0.6859724604071042
0.6859759326305321
0.68597940485396
0.6859828770773879
0.6859863493008157
0.6859898215242436
0.6859932937476715
0.6859967659710993
0.6860002381945272
0.6860037104179549
0.6860071826413828
0.6860106548648107
0.6860141270882386
0.6860175993116664
0.6860210715350943
0.6860245437585222
0.68602801598195
0.6860314882053778
0.6860349604288056
0.6860384326522335
0.6860419048756614
0.6860453770990893
0.6860488493225171
0.686052321545945
0.6860557937693729
0.6860592659928006
0.6860627382162285
0.6860662104396563
0.6860696826630842
0.6860731548865121
0.68607662710994
0.6860800993333678
0.6860835715567958
0.6860870437802236
0.6860905160036515
0.6860939882270792
0.686097460450507
0.686100932673935
0.6861044048973628
0.6861078771207907
0.6861113493442185
0.6861148215676464
0.6861182937910743
0.6861217660145021
0.6861252382379299
0.6861287104613578
0.6861321826847856
0.6861356549082135
0.6861391271316414
0.6861425993550692
0.6861460715784972
0.6861495438019249
0.6861530160253528
0.6861564882487806
0.6861599604722085
0.6861634326956363
0.6861669049190642
0.6861703771424921
0.6861738493659199
0.6861773215893479
0.6861807938127756
0.6861842660362035
0.6861877382596313
0.6861912104830592
0.686194682706487
0.6861981549299149
0.6862016271533428
0.6862050993767705
0.6862085716001984
0.6862120438236263
0.6862155160470542
0.686218988270482
0.6862224604939099
0.6862259327173377
0.6862294049407657
0.6862328771641935
0.6862363493876212
0.6862398216110492
0.686243293834477
0.6862467660579049
0.6862502382813327
0.6862537105047606
0.6862571827281884
0.6862606549516164
0.6862641271750441
0.686267599398472
0.6862710716218998
0.6862745438453277
0.6862780160687556
0.6862814882921834
0.6862849605156113
0.6862884327390391
0.6862919049624671
0.6862953771858948
0.6862988494093227
0.6863023216327506
0.6863057938561784
0.6863092660796063
0.6863127383030341
0.686316210526462
0.6863196827498897
0.6863231549733178
0.6863266271967455
0.6863300994201734
0.6863335716436013
0.6863370438670291
0.686340516090457
0.6863439883138848
0.6863474605373127
0.6863509327607406
0.6863544049841684
0.6863578772075962
0.6863613494310241
0.6863648216544519
0.6863682938778799
0.6863717661013077
0.6863752383247356
0.6863787105481634
0.6863821827715911
0.6863856549950191
0.6863891272184469
0.6863925994418748
0.6863960716653027
0.6863995438887306
0.6864030161121584
0.6864064883355863
0.686409960559014
0.6864134327824419
0.6864169050058698
0.6864203772292976
0.6864238494527255
0.6864273216761534
0.6864307938995813
0.6864342661230091
0.686437738346437
0.6864412105698647
0.6864446827932926
0.6864481550167205
0.6864516272401483
0.6864550994635762
