0.5684029751399219
0.5684064473633498
0.5684099195867776
0.5684133918102054
0.5684168640336333
0.5684203362570612
0.568423808480489
0.5684272807039169
0.5684307529273448
0.5684342251507726
0.5684376973742005
0.5684411695976282
0.5684446418210561
0.568448114044484
0.5684515862679119
0.5684550584913397
0.5684585307147677
0.5684620029381955
0.5684654751616234
0.5684689473850512
0.568472419608479
0.5684758918319068
0.5684793640553347
0.5684828362787626
0.5684863085021904
0.5684897807256183
0.5684932529490462
0.5684967251724741
0.5685001973959019
0.5685036696193297
0.5685071418427575
0.5685106140661854
0.5685140862896133
0.5685175585130411
0.568521030736469
0.5685245029598969
0.5685279751833248
0.5685314474067525
0.5685349196301804
0.5685383918536082
0.5685418640770361
0.568545336300464
0.5685488085238918
0.5685522807473197
0.5685557529707476
0.5685592251941755
0.5685626974176032
0.5685661696410311
0.5685696418644589
0.5685731140878869
0.5685765863113147
0.5685800585347425
0.5685835307581705
0.5685870029815983
0.5685904752050261
0.5685939474284539
0.5685974196518818
0.5686008918753096
0.5686043640987376
0.5686078363221654
0.5686113085455933
0.568614780769021
0.568618252992449
0.5686217252158768
0.5686251974393046
0.5686286696627325
0.5686321418861603
0.5686356141095883
0.5686390863330161
0.568642558556444
0.5686460307798717
0.5686495030032996
0.5686529752267275
0.5686564474501553
0.5686599196735832
0.568663391897011
0.568666864120439
0.5686703363438668
0.5686738085672947
0.5686772807907224
0.5686807530141503
0.5686842252375782
0.568687697461006
0.5686911696844339
0.5686946419078617
0.5686981141312897
0.5687015863547175
0.5687050585781454
0.5687085308015732
0.5687120030250011
0.5687154752484289
0.5687189474718567
0.5687224196952846
0.5687258919187124
0.5687293641421404
0.5687328363655682
0.568736308588996
0.5687397808124238
0.5687432530358518
0.5687467252592796
0.5687501974827075
0.5687536697061353
0.5687571419295632
0.5687606141529911
0.5687640863764188
0.5687675585998467
0.5687710308232745
0.5687745030467025
0.5687779752701303
0.5687814474935582
0.568784919716986
0.5687883919404139
0.5687918641638418
0.5687953363872695
0.5687988086106974
0.5688022808341252
0.5688057530575532
0.568809225280981
0.5688126975044089
0.5688161697278367
0.5688196419512646
0.5688231141746924
0.5688265863981202
0.5688300586215481
0.5688335308449759
0.5688370030684039
0.5688404752918317
0.5688439475152596
0.5688474197386874
0.5688508919621152
0.5688543641855431
0.568857836408971
0.5688613086323988
0.5688647808558266
0.5688682530792546
0.5688717253026824
0.5688751975261103
0.568878669749538
0.5688821419729659
0.5688856141963938
0.5688890864198217
0.5688925586432495
0.5688960308666774
0.5688995030901053
0.5689029753135331
0.568906447536961
0.5689099197603887
0.5689133919838166
0.5689168642072445
0.5689203364306724
0.5689238086541002
0.5689272808775281
0.568930753100956
0.5689342253243838
0.5689376975478116
0.5689411697712394
0.5689446419946673
0.5689481142180952
0.5689515864415231
0.5689550586649509
0.5689585308883788
0.5689620031118067
0.5689654753352344
0.5689689475586623
0.5689724197820901
0.568975892005518
0.5689793642289459
0.5689828364523738
0.5689863086758016
0.5689897808992295
0.5689932531226574
0.5689967253460853
0.569000197569513
0.5690036697929408
0.5690071420163687
0.5690106142397966
0.5690140864632245
0.5690175586866523
0.5690210309100802
0.569024503133508
0.5690279753569359
0.5690314475803637
0.5690349198037916
0.5690383920272194
0.5690418642506473
0.5690453364740752
0.569048808697503
0.5690522809209309
0.5690557531443587
0.5690592253677866
0.5690626975912144
0.5690661698146423
0.5690696420380701
0.569073114261498
0.5690765864849259
0.5690800587083537
0.5690835309317815
0.5690870031552094
0.5690904753786373
0.5690939476020651
