0.9545142203174375
0.9545176925408655
0.9545211647642934
0.9545246369877212
0.9545281092111491
0.9545315814345768
0.9545350536580047
0.9545385258814325
0.9545419981048605
0.9545454703282882
0.9545489425517162
0.9545524147751441
0.9545558869985719
0.9545593592219997
0.9545628314454275
0.9545663036688554
0.9545697758922832
0.9545732481157112
0.9545767203391389
0.9545801925625669
0.9545836647859945
0.9545871370094225
0.9545906092328504
0.9545940814562782
0.9545975536797063
0.9546010259031339
0.954604498126562
0.9546079703499896
0.9546114425734176
0.9546149147968455
0.9546183870202732
0.9546218592437011
0.9546253314671289
0.9546288036905568
0.9546322759139846
0.9546357481374127
0.9546392203608403
0.9546426925842684
0.9546461648076962
0.954649637031124
0.9546531092545518
0.9546565814779797
0.9546600537014075
0.9546635259248353
0.9546669981482634
0.954670470371691
0.9546739425951191
0.9546774148185466
0.9546808870419747
0.9546843592654025
0.9546878314888304
0.9546913037122584
0.9546947759356861
0.9546982481591141
0.9547017203825418
0.9547051926059698
0.9547086648293975
0.9547121370528254
0.9547156092762532
0.9547190814996811
0.9547225537231091
0.9547260259465368
0.9547294981699648
0.9547329703933924
0.9547364426168204
0.9547399148402482
0.9547433870636761
0.9547468592871039
0.9547503315105318
0.9547538037339596
0.9547572759573875
0.9547607481808155
0.9547642204042431
0.9547676926276711
0.9547711648510988
0.9547746370745268
0.9547781092979546
0.9547815815213825
0.9547850537448105
0.9547885259682382
0.9547919981916662
0.9547954704150938
0.9547989426385218
0.9548024148619495
0.9548058870853775
0.9548093593088053
0.9548128315322332
0.9548163037556612
0.9548197759790888
0.9548232482025168
0.9548267204259445
0.9548301926493725
0.9548336648728003
0.9548371370962282
0.954840609319656
0.9548440815430839
0.9548475537665116
0.9548510259899395
0.9548544982133675
0.9548579704367952
0.9548614426602232
0.954864914883651
0.9548683871070789
0.9548718593305067
0.9548753315539346
0.9548788037773623
0.9548822760007902
0.9548857482242182
0.9548892204476459
0.9548926926710739
0.9548961648945016
0.9548996371179296
0.9549031093413574
0.9549065815647853
0.9549100537882133
0.9549135260116409
0.9549169982350689
0.9549204704584966
0.9549239426819246
0.9549274149053525
0.9549308871287803
0.9549343593522082
0.9549378315756359
0.9549413037990637
0.9549447760224916
0.9549482482459196
0.9549517204693473
0.9549551926927753
0.9549586649162032
0.954962137139631
0.9549656093630589
0.9549690815864866
0.9549725538099145
0.9549760260333423
0.9549794982567703
0.954982970480198
0.954986442703626
0.9549899149270537
0.9549933871504817
0.9549968593739095
0.9550003315973373
0.9550038038207653
0.955007276044193
0.955010748267621
0.9550142204910487
0.9550176927144767
0.9550211649379046
0.9550246371613323
0.9550281093847602
0.955031581608188
0.9550350538316159
0.9550385260550437
0.9550419982784717
0.9550454705018994
0.9550489427253274
0.9550524149487553
0.955055887172183
0.9550593593956109
0.9550628316190387
0.9550663038424666
0.9550697760658944
0.9550732482893224
0.95507672051275
0.9550801927361781
0.9550836649596057
0.9550871371830337
0.9550906094064616
0.9550940816298894
0.9550975538533174
0.9551010260767451
0.9551044983001731
0.9551079705236007
0.9551114427470287
0.9551149149704566
0.9551183871938844
0.9551218594173123
0.9551253316407401
0.955128803864168
0.9551322760875958
0.9551357483110238
0.9551392205344514
0.9551426927578794
0.9551461649813073
0.9551496372047351
0.955153109428163
0.9551565816515908
0.9551600538750187
0.9551635260984465
0.9551669983218746
0.9551704705453021
0.9551739427687302
0.9551774149921578
0.9551808872155858
0.9551843594390137
0.9551878316624415
0.9551913038858696
0.9551947761092972
0.9551982483327253
0.9552017205561528
0.9552051927795809
