0.07256946964217692
0.07257294186560484
0.07257641408903258
0.07257988631246051
0.07258335853588835
0.07258683075931618
0.0725903029827441
0.07259377520617194
0.07259724742959978
0.07260071965302761
0.07260419187645545
0.07260766409988338
0.07261113632331122
0.07261460854673904
0.07261808077016697
0.07262155299359471
0.07262502521702265
0.07262849744045048
0.07263196966387832
0.07263544188730615
0.07263891411073407
0.07264238633416191
0.07264585855758975
0.07264933078101758
0.07265280300444542
0.07265627522787334
0.07265974745130117
0.07266321967472901
0.07266669189815694
0.07267016412158468
0.0726736363450126
0.07267710856844044
0.07268058079186827
0.07268405301529621
0.07268752523872404
0.07269099746215188
0.0726944696855798
0.07269794190900754
0.07270141413243547
0.07270488635586331
0.07270835857929114
0.07271183080271898
0.0727153030261469
0.07271877524957474
0.07272224747300257
0.07272571969643041
0.07272919191985824
0.07273266414328616
0.072736136366714
0.07273960859014184
0.07274308081356967
0.07274655303699751
0.07275002526042544
0.07275349748385328
0.0727569697072811
0.07276044193070903
0.07276391415413677
0.0727673863775647
0.07277085860099254
0.07277433082442038
0.0727778030478483
0.07278127527127613
0.07278474749470397
0.0727882197181318
0.07279169194155964
0.07279516416498756
0.0727986363884154
0.07280210861184323
0.07280558083527107
0.072809053058699
0.07281252528212684
0.07281599750555466
0.0728194697289825
0.07282294195241033
0.07282641417583827
0.0728298863992661
0.07283335862269394
0.07283683084612186
0.0728403030695496
0.07284377529297753
0.07284724751640537
0.0728507197398332
0.07285419196326112
0.07285766418668896
0.0728611364101168
0.07286460863354463
0.07286808085697247
0.0728715530804004
0.07287502530382822
0.07287849752725606
0.0728819697506839
0.07288544197411173
0.07288891419753966
0.0728923864209675
0.07289585864439534
0.07289933086782316
0.07290280309125109
0.07290627531467893
0.07290974753810676
0.0729132197615346
0.07291669198496244
0.07292016420839036
0.07292363643181819
0.07292710865524603
0.07293058087867396
0.0729340531021017
0.07293752532552962
0.07294099754895746
0.07294446977238529
0.07294794199581323
0.07295141421924106
0.0729548864426689
0.07295835866609672
0.07296183088952456
0.07296530311295249
0.07296877533638033
0.07297224755980816
0.072975719783236
0.07297919200666383
0.07298266423009175
0.07298613645351959
0.07298960867694743
0.07299308090037526
0.07299655312380318
0.07300002534723102
0.07300349757065885
0.07300696979408669
0.07301044201751453
0.07301391424094246
0.07301738646437028
0.07302085868779812
0.07302433091122605
0.07302780313465379
0.07303127535808172
0.07303474758150956
0.0730382198049374
0.07304169202836532
0.07304516425179315
0.07304863647522099
0.07305210869864882
0.07305558092207666
0.0730590531455045
0.07306252536893242
0.07306599759236025
0.07306946981578809
0.07307294203921602
0.07307641426264376
0.07307988648607168
0.07308335870949952
0.07308683093292735
0.07309030315635529
0.07309377537978312
0.07309724760321096
0.07310071982663878
0.07310419205006662
0.07310766427349455
0.07311113649692239
0.07311460872035022
0.07311808094377814
0.0731215531672059
0.07312502539063381
0.07312849761406165
0.07313196983748949
0.07313544206091732
0.07313891428434524
0.07314238650777308
0.07314585873120091
0.07314933095462875
0.07315280317805659
0.07315627540148452
0.07315974762491234
0.07316321984834018
0.07316669207176811
0.07317016429519585
0.07317363651862378
0.07317710874205162
0.07318058096547946
0.07318405318890737
0.07318752541233521
0.07319099763576305
0.07319446985919098
0.07319794208261872
0.07320141430604664
0.07320488652947447
0.07320835875290231
0.07321183097633015
0.07321530319975808
0.0732187754231859
0.07322224764661374
0.07322571987004158
0.07322919209346941
0.07323266431689734
0.07323613654032518
0.07323960876375302
0.07324308098718084
0.07324655321060868
0.07325002543403661
0.07325349765746444
0.07325696988089228
0.0732604421043202
