0.4607640488764059
0.4607675210998337
0.46077099332326155
0.46077446554668944
0.4607779377701173
0.4607814099935451
0.46078488221697295
0.4607883544404008
0.46079182666382873
0.46079529888725657
0.4607987711106844
0.46080224333411224
0.46080571555754013
0.46080918778096797
0.4608126600043958
0.46081613222782364
0.4608196044512515
0.4608230766746794
0.46082654889810726
0.4608300211215351
0.46083349334496293
0.4608369655683909
0.4608404377918187
0.46084391001524655
0.4608473822386744
0.46085085446210217
0.4608543266855301
0.46085779890895795
0.4608612711323858
0.4608647433558136
0.46086821557924157
0.4608716878026694
0.46087516002609724
0.4608786322495251
0.4608821044729529
0.4608855766963808
0.46088904891980864
0.4608925211432365
0.4608959933666643
0.46089946559009226
0.4609029378135201
0.46090641003694793
0.46090988226037577
0.4609133544838036
0.4609168267072315
0.46092029893065933
0.46092377115408717
0.460927243377515
0.46093071560094295
0.4609341878243708
0.4609376600477986
0.46094113227122646
0.4609446044946543
0.4609480767180822
0.46095154894151
0.46095502116493786
0.4609584933883657
0.46096196561179364
0.4609654378352215
0.4609689100586493
0.46097238228207715
0.460975854505505
0.46097932672893294
0.4609827989523608
0.4609862711757886
0.46098974339921645
0.46099321562264434
0.4609966878460722
0.4610001600695
0.46100363229292785
0.4610071045163557
0.46101057673978363
0.46101404896321146
0.4610175211866393
0.46102099341006714
0.46102446563349503
0.46102793785692286
0.4610314100803507
0.46103488230377854
0.4610383545272064
0.4610418267506343
0.46104529897406216
0.46104877119749
0.46105224342091783
0.4610557156443457
0.46105918786777356
0.4610626600912014
0.46106613231462923
0.46106960453805707
0.461073076761485
0.46107654898491285
0.4610800212083407
0.4610834934317685
0.4610869656551964
0.46109043787862425
0.4610939101020521
0.4610973823254799
0.46110085454890776
0.4611043267723357
0.46110779899576354
0.4611112712191914
0.4611147434426192
0.46111821566604716
0.461121687889475
0.46112516011290283
0.46112863233633067
0.4611321045597585
0.4611355767831864
0.46113904900661423
0.46114252123004207
0.4611459934534699
0.46114946567689785
0.4611529379003257
0.4611564101237535
0.46115988234718136
0.4611633545706092
0.4611668267940371
0.4611702990174649
0.46117377124089276
0.4611772434643206
0.46118071568774854
0.4611841879111764
0.4611876601346042
0.46119113235803205
0.4611946045814599
0.4611980768048878
0.4612015490283156
0.46120502125174345
0.4612084934751713
0.46121196569859924
0.46121543792202707
0.4612189101454549
0.46122238236888274
0.4612258545923106
0.46122932681573847
0.4612327990391663
0.46123627126259414
0.461239743486022
0.4612432157094499
0.46124668793287776
0.4612501601563056
0.46125363237973344
0.46125710460316127
0.4612605768265892
0.46126404905001706
0.4612675212734449
0.4612709934968727
0.4612744657203006
0.46127793794372846
0.4612814101671563
0.46128488239058413
0.46128835461401196
0.4612918268374399
0.46129529906086775
0.4612987712842956
0.4613022435077234
0.4613057157311513
0.46130918795457915
0.461312660178007
0.4613161324014348
0.46131960462486266
0.4613230768482906
0.46132654907171844
0.4613300212951463
0.4613334935185741
0.461336965742002
0.46134043796542984
0.4613439101888577
0.4613473824122855
0.46135085463571335
0.4613543268591413
0.46135779908256913
0.46136127130599697
0.4613647435294248
0.46136821575285275
0.46137168797628053
0.46137516019970837
0.4613786324231362
0.46138210464656404
0.461385576869992
0.4613890490934198
0.46139252131684766
0.4613959935402755
0.46139946576370344
0.4614029379871313
0.4614064102105591
0.46140988243398695
0.4614133546574148
0.4614168268808427
0.4614202991042705
0.46142377132769835
0.4614272435511262
0.46143071577455413
0.46143418799798197
0.4614376602214098
0.46144113244483764
0.4614446046682655
0.46144807689169337
0.4614515491151212
0.46145502133854904
