0.6413196671248844
0.6413231393483123
0.6413266115717401
0.641330083795168
0.6413335560185959
0.6413370282420238
0.6413405004654515
0.6413439726888794
0.6413474449123072
0.6413509171357351
0.641354389359163
0.6413578615825908
0.6413613338060187
0.6413648060294466
0.6413682782528745
0.6413717504763022
0.6413752226997301
0.6413786949231579
0.6413821671465858
0.6413856393700137
0.6413891115934415
0.6413925838168694
0.6413960560402971
0.6413995282637251
0.6414030004871529
0.6414064727105808
0.6414099449340086
0.6414134171574365
0.6414168893808643
0.6414203616042922
0.6414238338277201
0.641427306051148
0.6414307782745758
0.6414342504980036
0.6414377227214315
0.6414411949448593
0.6414446671682872
0.6414481393917151
0.641451611615143
0.6414550838385707
0.6414585560619986
0.6414620282854265
0.6414655005088543
0.6414689727322822
0.64147244495571
0.6414759171791379
0.6414793894025658
0.6414828616259937
0.6414863338494214
0.6414898060728493
0.6414932782962772
0.641496750519705
0.6415002227431329
0.6415036949665607
0.6415071671899886
0.6415106394134165
0.6415141116368444
0.6415175838602721
0.6415210560837
0.6415245283071279
0.6415280005305557
0.6415314727539836
0.6415349449774114
0.6415384172008393
0.6415418894242672
0.641545361647695
0.6415488338711228
0.6415523060945507
0.6415557783179786
0.6415592505414065
0.6415627227648343
0.6415661949882621
0.64156966721169
0.6415731394351178
0.6415766116585457
0.6415800838819735
0.6415835561054015
0.6415870283288293
0.6415905005522572
0.641593972775685
0.6415974449991129
0.6416009172225406
0.6416043894459685
0.6416078616693964
0.6416113338928242
0.6416148061162522
0.64161827833968
0.6416217505631079
0.6416252227865357
0.6416286950099636
0.6416321672333914
0.6416356394568192
0.6416391116802471
0.6416425839036749
0.6416460561271028
0.6416495283505307
0.6416530005739586
0.6416564727973864
0.6416599450208142
0.641663417244242
0.6416668894676699
0.6416703616910978
0.6416738339145256
0.6416773061379536
0.6416807783613814
0.6416842505848093
0.641687722808237
0.6416911950316649
0.6416946672550927
0.6416981394785207
0.6417016117019485
0.6417050839253763
0.6417085561488043
0.6417120283722321
0.64171550059566
0.6417189728190877
0.6417224450425156
0.6417259172659434
0.6417293894893714
0.6417328617127992
0.6417363339362271
0.6417398061596549
0.6417432783830828
0.6417467506065107
0.6417502228299384
0.6417536950533663
0.6417571672767941
0.6417606395002221
0.6417641117236499
0.6417675839470778
0.6417710561705057
0.6417745283939335
0.6417780006173613
0.6417814728407891
0.641784945064217
0.6417884172876448
0.6417918895110728
0.6417953617345006
0.6417988339579285
0.6418023061813563
0.6418057784047841
0.641809250628212
0.6418127228516398
0.6418161950750677
0.6418196672984955
0.6418231395219234
0.6418266117453513
0.6418300839687792
0.641833556192207
0.641837028415635
0.6418405006390627
0.6418439728624906
0.6418474450859184
0.6418509173093462
0.6418543895327742
0.641857861756202
0.6418613339796299
0.6418648062030577
0.6418682784264856
0.6418717506499134
0.6418752228733413
0.6418786950967691
0.641882167320197
0.6418856395436249
0.6418891117670527
0.6418925839904805
0.6418960562139083
0.6418995284373363
0.6419030006607641
0.641906472884192
0.6419099451076198
0.6419134173310477
0.6419168895544756
0.6419203617779033
0.6419238340013312
0.6419273062247591
0.641930778448187
0.6419342506716148
0.6419377228950427
0.6419411951184705
0.6419446673418984
0.6419481395653263
0.641951611788754
0.6419550840121819
0.6419585562356098
0.6419620284590377
0.6419655006824655
0.6419689729058934
0.6419724451293212
0.6419759173527491
0.641979389576177
0.6419828617996048
0.6419863340230326
0.6419898062464604
0.6419932784698884
0.6419967506933162
0.6420002229167441
0.6420036951401719
0.6420071673635998
0.6420106395870276
