0.07604169307003235
0.07604516529346018
0.07604863751688802
0.07605210974031584
0.07605558196374368
0.07605905418717152
0.07606252641059945
0.07606599863402728
0.07606947085745512
0.07607294308088304
0.07607641530431078
0.07607988752773871
0.07608335975116655
0.07608683197459438
0.0760903041980223
0.07609377642145014
0.07609724864487798
0.07610072086830591
0.07610419309173365
0.07610766531516158
0.0761111375385894
0.07611460976201724
0.07611808198544508
0.07612155420887301
0.07612502643230085
0.07612849865572868
0.07613197087915652
0.07613544310258434
0.07613891532601227
0.07614238754944011
0.07614585977286795
0.07614933199629578
0.07615280421972362
0.07615627644315154
0.07615974866657937
0.07616322089000721
0.07616669311343514
0.07617016533686288
0.0761736375602908
0.07617710978371864
0.07618058200714647
0.07618405423057441
0.07618752645400224
0.07619099867743008
0.0761944709008579
0.07619794312428574
0.07620141534771367
0.07620488757114151
0.07620835979456934
0.07621183201799718
0.0762153042414251
0.07621877646485294
0.07622224868828077
0.07622572091170861
0.07622919313513644
0.07623266535856436
0.0762361375819922
0.07623960980542004
0.07624308202884787
0.07624655425227571
0.07625002647570364
0.07625349869913146
0.0762569709225593
0.07626044314598723
0.07626391536941507
0.0762673875928429
0.07627085981627074
0.07627433203969858
0.0762778042631265
0.07628127648655433
0.07628474870998217
0.07628822093341
0.07629169315683784
0.07629516538026576
0.0762986376036936
0.07630210982712143
0.07630558205054927
0.0763090542739772
0.07631252649740503
0.07631599872083286
0.0763194709442607
0.07632294316768853
0.07632641539111647
0.0763298876145443
0.07633335983797214
0.07633683206140006
0.0763403042848278
0.07634377650825573
0.07634724873168357
0.0763507209551114
0.07635419317853932
0.07635766540196716
0.076361137625395
0.07636460984882283
0.07636808207225067
0.0763715542956786
0.07637502651910642
0.07637849874253426
0.0763819709659621
0.07638544318938993
0.07638891541281786
0.0763923876362457
0.07639585985967352
0.07639933208310136
0.07640280430652929
0.07640627652995703
0.07640974875338497
0.0764132209768128
0.07641669320024064
0.07642016542366856
0.07642363764709639
0.07642710987052423
0.07643058209395216
0.0764340543173799
0.07643752654080782
0.07644099876423566
0.0764444709876635
0.07644794321109143
0.07645141543451926
0.07645488765794708
0.07645835988137492
0.07646183210480276
0.07646530432823069
0.07646877655165853
0.07647224877508636
0.0764757209985142
0.07647919322194212
0.07648266544536986
0.07648613766879779
0.07648960989222563
0.07649308211565346
0.07649655433908138
0.07650002656250922
0.07650349878593705
0.07650697100936489
0.07651044323279273
0.07651391545622065
0.07651738767964848
0.07652085990307632
0.07652433212650425
0.07652780434993199
0.07653127657335992
0.07653474879678776
0.07653822102021558
0.07654169324364342
0.07654516546707135
0.07654863769049919
0.07655210991392702
0.07655558213735486
0.0765590543607827
0.07656252658421062
0.07656599880763845
0.07656947103106629
0.07657294325449422
0.07657641547792196
0.07657988770134988
0.07658335992477772
0.07658683214820555
0.07659030437163349
0.07659377659506132
0.07659724881848914
0.07660072104191708
0.07660419326534482
0.07660766548877275
0.07661113771220059
0.07661460993562842
0.07661808215905626
0.07662155438248418
0.07662502660591201
0.07662849882933985
0.07663197105276769
0.07663544327619552
0.07663891549962344
0.07664238772305128
0.07664585994647911
0.07664933216990695
0.07665280439333479
0.0766562766167627
0.07665974884019054
0.07666322106361838
0.07666669328704631
0.07667016551047405
0.07667363773390198
0.07667710995732982
0.07668058218075764
0.07668405440418558
0.07668752662761341
0.07669099885104125
0.07669447107446908
0.07669794329789692
0.07670141552132484
0.07670488774475268
0.07670835996818051
0.07671183219160835
0.07671530441503628
0.0767187766384641
0.07672224886189194
0.07672572108531978
0.07672919330874761
0.07673266553217555
