0.4003473612317226
0.4003508334551505
0.4003543056785783
0.4003577779020062
0.40036125012543405
0.4003647223488619
0.4003681945722898
0.4003716667957177
0.4003751390191455
0.40037861124257335
0.4003820834660012
0.400385555689429
0.4003890279128569
0.40039250013628475
0.4003959723597126
0.4003994445831405
0.40040291680656837
0.4004063890299962
0.40040986125342404
0.4004133334768519
0.4004168057002797
0.4004202779237076
0.40042375014713544
0.4004272223705633
0.40043069459399117
0.40043416681741906
0.4004376390408469
0.40044111126427473
0.4004445834877026
0.40044805571113046
0.4004515279345583
0.40045500015798613
0.400458472381414
0.40046194460484186
0.4004654168282697
0.4004688890516976
0.4004723612751254
0.4004758334985533
0.40047930572198115
0.400482777945409
0.4004862501688368
0.40048972239226466
0.40049319461569255
0.40049666683912044
0.4005001390625483
0.4005036112859761
0.400507083509404
0.40051055573283184
0.40051402795625973
0.40051750017968757
0.4005209724031154
0.40052444462654324
0.40052791684997113
0.40053138907339897
0.4005348612968268
0.4005383335202547
0.40054180574368253
0.4005452779671104
0.40054875019053826
0.4005522224139661
0.40055569463739393
0.4005591668608218
0.40056263908424966
0.4005661113076775
0.4005695835311054
0.4005730557545332
0.4005765279779611
0.40058000020138895
0.40058347242481684
0.4005869446482447
0.4005904168716725
0.40059388909510035
0.4005973613185282
0.4006008335419561
0.4006043057653839
0.4006077779888118
0.40061125021223964
0.4006147224356675
0.4006181946590954
0.4006216668825232
0.40062513910595104
0.4006286113293789
0.4006320835528068
0.4006355557762346
0.4006390279996625
0.40064250022309034
0.4006459724465182
0.40064944466994606
0.40065291689337396
0.4006563891168018
0.40065986134022963
0.40066333356365746
0.4006668057870853
0.4006702780105132
0.40067375023394103
0.40067722245736886
0.40068069468079676
0.40068416690422465
0.4006876391276525
0.4006911113510803
0.40069458357450816
0.400698055797936
0.4007015280213639
0.4007050002447917
0.4007084724682196
0.40071194469164745
0.4007154169150753
0.4007188891385032
0.400722361361931
0.4007258335853589
0.40072930580878674
0.4007327780322146
0.4007362502556424
0.40073972247907025
0.40074319470249814
0.40074666692592603
0.40075013914935387
0.4007536113727817
0.4007570835962096
0.40076055581963743
0.40076402804306527
0.4007675002664931
0.40077097248992094
0.40077444471334883
0.4007779169367767
0.40078138916020456
0.4007848613836324
0.4007883336070603
0.4007918058304881
0.400795278053916
0.40079875027734385
0.4008022225007717
0.4008056947241995
0.4008091669476274
0.40081263917105525
0.4008161113944831
0.400819583617911
0.4008230558413388
0.4008265280647667
0.40083000028819454
0.4008334725116224
0.4008369447350502
0.40084041695847805
0.40084388918190594
0.4008473614053338
0.40085083362876167
0.4008543058521895
0.4008577780756174
0.40086125029904524
0.40086472252247307
0.40086819474590096
0.4008716669693288
0.40087513919275664
0.40087861141618447
0.40088208363961236
0.4008855558630402
0.4008890280864681
0.4008925003098959
0.40089597253332376
0.40089944475675166
0.40090291698017955
0.4009063892036073
0.40090986142703516
0.40091333365046306
0.4009168058738909
0.4009202780973188
0.4009237503207466
0.40092722254417446
0.40093069476760235
0.40093416699103024
0.4009376392144581
0.4009411114378859
0.40094458366131375
0.4009480558847416
0.4009515281081695
0.4009550003315973
0.4009584725550252
0.40096194477845304
0.4009654170018809
0.40096888922530877
0.4009723614487366
0.40097583367216444
0.4009793058955923
0.40098277811902017
0.400986250342448
0.40098972256587584
0.40099319478930373
0.4009966670127316
0.40100013923615946
0.4010036114595873
0.4010070836830152
0.401010555906443
0.40101402812987086
0.4010175003532987
0.40102097257672653
0.4010244448001544
0.4010279170235823
0.40103138924701015
0.401034861470438
0.4010383336938659
