0.006597224512925158
0.006600696736352992
0.0066041689597808265
0.006607641183208755
0.006611113406636589
0.0066145856300644235
0.0066180578534923516
0.006621530076920093
0.00662500230034802
0.006628474523775856
0.00663194674720369
0.0066354189706315245
0.006638891194059453
0.006642363417487287
0.006645835640915122
0.006649307864342957
0.006652780087770791
0.006656252311198719
0.006659724534626554
0.006663196758054388
0.006666668981482316
0.006670141204910058
0.006673613428337986
0.00667708565176582
0.006680557875193655
0.006684030098621583
0.006687502322049417
0.006690974545477252
0.006694446768905087
0.006697918992332921
0.006701391215760849
0.006704863439188684
0.006708335662616518
0.006711807886044353
0.006715280109472188
0.006718752332900115
0.0067222245563279505
0.006725696779755785
0.006729169003183619
0.006732641226611547
0.006736113450039382
0.006739585673467216
0.0067430578968950515
0.006746530120322886
0.006750002343750814
0.006753474567178648
0.006756946790606483
0.006760419014034411
0.0067638912374621525
0.00676736346089008
0.006770835684317915
0.0067743079077457495
0.0067777801311736776
0.006781252354601512
0.006784724578029346
0.006788196801457181
0.006791669024885016
0.006795141248312943
0.006798613471740779
0.006802085695168613
0.0068055579185964474
0.0068090301420243755
0.00681250236545221
0.006815974588880044
0.00681944681230788
0.006822919035735714
0.006826391259163642
0.006829863482591477
0.006833335706019311
0.006836807929447145
0.006840280152874981
0.006843752376302908
0.006847224599730743
0.006850696823158578
0.006854169046586506
0.006857641270014247
0.0068611134934421746
0.006864585716870009
0.006868057940297844
0.0068715301637257715
0.006875002387153607
0.006878474610581441
0.006881946834009276
0.006885419057437111
0.006888891280865038
0.0068923635042928725
0.006895835727720708
0.006899307951148542
0.00690278017457647
0.006906252398004305
0.006909724621432139
0.0069131968448599744
0.006916669068287809
0.006920141291715736
0.006923613515143571
0.006927085738571406
0.006930557961999334
0.0069340301854270755
0.006937502408855003
0.006940974632282838
0.006944446855710672
0.0069479190791386
0.006951391302566435
0.006954863525994269
0.006958335749422104
0.006961807972849939
0.006965280196277866
0.0069687524197057015
0.006972224643133536
0.00697569686656137
0.006979169089989205
0.006982641313417133
0.006986113536844967
0.006989585760272803
0.006993057983700637
0.006996530207128565
0.007000002430556306
0.007003474653984234
0.007006946877412068
0.007010419100839904
0.007013891324267831
0.007017363547695666
0.007020835771123501
0.007024307994551429
0.007027780217979169
0.0070312524414070975
0.007034724664834932
0.007038196888262767
0.007041669111690694
0.00704514133511853
0.007048613558546364
0.0070520857819741985
0.007055558005402033
0.007059030228829868
0.0070625024522577955
0.007065974675685631
0.007069446899113465
0.0070729191225413
0.007076391345969134
0.007079863569397062
0.0070833357928248965
0.007086808016252732
0.007090280239680659
0.007093752463108494
0.007097224686536329
0.007100696909964163
0.0071041691333919976
0.007107641356819926
0.00711111358024776
0.007114585803675595
0.007118058027103523
0.007121530250531264
0.007125002473959192
0.007128474697387027
0.007131946920814861
0.007135419144242696
0.007138891367670624
0.007142363591098459
0.007145835814526293
0.007149308037954128
0.007152780261381963
0.00715625248480989
0.007159724708237725
0.00716319693166556
0.007166669155093487
0.007170141378521229
0.007173613601949157
0.007177085825376991
0.007180558048804827
0.007184030272232754
0.007187502495660588
0.0071909747190884235
0.007194446942516258
0.007197919165944092
0.00720139138937202
0.007204863612799855
0.00720833583622769
0.0072118080596555246
0.007215280283083359
0.007218752506511287
0.0072222247299391215
0.007225696953366956
0.007229169176794791
0.007232641400222718
0.007236113623650554
0.007239585847078388
0.0072430580705062225
0.007246530293934057
0.007250002517361985
0.0072534747407898194
0.007256946964217655
0.007260419187645582
0.007263891411073324
0.007267363634501252
0.007270835857929086
0.0072743080813569205
0.007277780304784849
0.007281252528212683
0.007284724751640518
0.007288196975068353
