0.35868068009745835
0.35868415232088624
0.3586876245443141
0.3586910967677419
0.35869456899116975
0.35869804121459764
0.3587015134380255
0.3587049856614533
0.35870845788488115
0.35871193010830904
0.3587154023317369
0.35871887455516477
0.3587223467785926
0.35872581900202044
0.35872929122544833
0.3587327634488762
0.35873623567230406
0.3587397078957319
0.35874318011915973
0.3587466523425876
0.35875012456601546
0.3587535967894433
0.3587570690128712
0.3587605412362991
0.3587640134597269
0.35876748568315475
0.3587709579065826
0.3587744301300104
0.3587779023534383
0.35878137457686615
0.358784846800294
0.3587883190237218
0.3587917912471497
0.3587952634705776
0.35879873569400544
0.3588022079174333
0.35880568014086117
0.358809152364289
0.35881262458771684
0.3588160968111447
0.35881956903457257
0.3588230412580004
0.3588265134814283
0.35882998570485614
0.358833457928284
0.35883693015171186
0.3588404023751397
0.35884387459856754
0.35884734682199537
0.35885081904542326
0.35885429126885116
0.358857763492279
0.35886123571570683
0.35886470793913466
0.3588681801625625
0.35887165238599045
0.3588751246094183
0.3588785968328461
0.35888206905627396
0.3588855412797018
0.3588890135031297
0.3588924857265575
0.35889595794998536
0.35889943017341325
0.35890290239684114
0.358906374620269
0.3589098468436968
0.35891331906712465
0.3589167912905525
0.3589202635139804
0.3589237357374082
0.35892720796083605
0.35893068018426394
0.35893415240769183
0.35893762463111967
0.3589410968545475
0.35894456907797534
0.35894804130140323
0.35895151352483107
0.3589549857482589
0.35895845797168674
0.35896193019511463
0.35896540241854247
0.35896887464197036
0.3589723468653982
0.35897581908882603
0.3589792913122539
0.35898276353568176
0.3589862357591096
0.35898970798253743
0.3589931802059653
0.3589966524293932
0.35900012465282105
0.3590035968762489
0.3590070690996768
0.35901054132310467
0.3590140135465325
0.35901748576996034
0.3590209579933882
0.359024430216816
0.3590279024402439
0.35903137466367174
0.3590348468870996
0.3590383191105274
0.3590417913339553
0.3590452635573832
0.35904873578081103
0.35905220800423887
0.3590556802276667
0.35905915245109454
0.35906262467452243
0.35906609689795027
0.35906956912137816
0.359073041344806
0.3590765135682339
0.3590799857916617
0.3590834580150896
0.35908693023851745
0.3590904024619453
0.3590938746853731
0.35909734690880096
0.35910081913222885
0.35910429135565675
0.3591077635790846
0.3591112358025124
0.35911470802594025
0.3591181802493681
0.35912165247279604
0.3591251246962238
0.35912859691965165
0.3591320691430795
0.3591355413665074
0.3591390135899353
0.3591424858133631
0.35914595803679095
0.35914943026021884
0.35915290248364673
0.35915637470707457
0.3591598469305024
0.35916331915393024
0.3591667913773581
0.35917026360078597
0.3591737358242138
0.35917720804764164
0.35918068027106953
0.3591841524944974
0.35918762471792526
0.3591910969413531
0.35919456916478093
0.3591980413882088
0.35920151361163666
0.3592049858350645
0.35920845805849233
0.3592119302819202
0.35921540250534806
0.35921887472877595
0.3592223469522038
0.3592258191756316
0.3592292913990595
0.35923276362248735
0.3592362358459152
0.359239708069343
0.3592431802927709
0.3592466525161988
0.35925012473962664
0.3592535969630545
0.35925706918648237
0.35926054140991026
0.3592640136333381
0.3592674858567659
0.3592709580801937
0.3592744303036216
0.3592779025270495
0.35928137475047733
0.35928484697390517
0.359288319197333
0.3592917914207609
0.3592952636441888
0.3592987358676166
0.35930220809104446
0.3593056803144723
0.35930915253790013
0.359312624761328
0.35931609698475586
0.35931956920818375
0.3593230414316116
0.3593265136550395
0.3593299858784673
0.3593334581018952
0.359336930325323
0.3593404025487509
0.3593438747721787
0.35934734699560655
0.3593508192190344
0.35935429144246234
0.3593577636658902
0.359361235889318
0.35936470811274585
0.3593681803361737
0.3593716525596016
