0.4211807017988548
0.42118417402228264
0.4211876462457105
0.4211911184691383
0.42119459069256615
0.4211980629159941
0.42120153513942193
0.42120500736284977
0.4212084795862776
0.4212119518097055
0.42121542403313333
0.42121889625656117
0.421222368479989
0.42122584070341684
0.4212293129268448
0.4212327851502726
0.42123625737370046
0.4212397295971283
0.42124320182055625
0.4212466740439841
0.42125014626741186
0.4212536184908397
0.42125709071426753
0.4212605629376955
0.4212640351611233
0.42126750738455115
0.421270979607979
0.42127445183140694
0.4212779240548348
0.4212813962782626
0.42128486850169045
0.4212883407251183
0.4212918129485462
0.421295285171974
0.42129875739540185
0.4213022296188297
0.42130570184225763
0.42130917406568547
0.4213126462891133
0.42131611851254114
0.421319590735969
0.42132306295939687
0.4213265351828247
0.42133000740625254
0.4213334796296804
0.4213369518531083
0.42134042407653616
0.421343896299964
0.42134736852339183
0.42135084074681967
0.42135431297024756
0.4213577851936754
0.42136125741710323
0.42136472964053107
0.421368201863959
0.42137167408738685
0.4213751463108147
0.4213786185342425
0.42138209075767036
0.4213855629810983
0.42138903520452614
0.4213925074279539
0.42139597965138176
0.4213994518748097
0.42140292409823754
0.4214063963216654
0.4214098685450932
0.42141334076852105
0.421416812991949
0.42142028521537683
0.42142375743880467
0.4214272296622325
0.4214307018856604
0.42143417410908823
0.42143764633251607
0.4214411185559439
0.42144459077937174
0.4214480630027997
0.4214515352262275
0.42145500744965536
0.4214584796730832
0.4214619518965111
0.4214654241199389
0.42146889634336676
0.4214723685667946
0.42147584079022243
0.4214793130136504
0.4214827852370782
0.42148625746050605
0.4214897296839339
0.4214932019073618
0.4214966741307896
0.42150014635421745
0.4215036185776453
0.4215070908010731
0.4215105630245011
0.4215140352479289
0.42151750747135674
0.4215209796947846
0.42152445191821253
0.42152792414164036
0.4215313963650682
0.421534868588496
0.4215383408119238
0.42154181303535176
0.4215452852587796
0.42154875748220744
0.4215522297056353
0.4215557019290632
0.42155917415249106
0.4215626463759189
0.42156611859934673
0.42156959082277456
0.42157306304620246
0.4215765352696303
0.42158000749305813
0.42158347971648596
0.4215869519399139
0.42159042416334175
0.4215938963867696
0.4215973686101974
0.42160084083362526
0.42160431305705315
0.421607785280481
0.4216112575039088
0.42161472972733666
0.4216182019507646
0.42162167417419244
0.4216251463976203
0.4216286186210481
0.42163209084447595
0.42163556306790384
0.4216390352913317
0.4216425075147595
0.42164597973818735
0.4216494519616153
0.42165292418504313
0.42165639640847097
0.4216598686318988
0.42166334085532664
0.4216668130787546
0.4216702853021824
0.42167375752561026
0.42167722974903804
0.421680701972466
0.4216841741958938
0.42168764641932166
0.4216911186427495
0.42169459086617733
0.4216980630896053
0.4217015353130331
0.42170500753646095
0.4217084797598888
0.4217119519833167
0.4217154242067445
0.42171889643017235
0.4217223686536002
0.421725840877028
0.42172931310045597
0.4217327853238838
0.42173625754731164
0.4217397297707395
0.42174320199416737
0.4217466742175952
0.42175014644102304
0.4217536186644509
0.4217570908878787
0.42176056311130666
0.4217640353347345
0.42176750755816234
0.42177097978159017
0.42177445200501806
0.4217779242284459
0.42178139645187374
0.42178486867530157
0.4217883408987294
0.42179181312215736
0.4217952853455852
0.421798757569013
0.42180222979244086
0.4218057020158688
0.42180917423929665
0.4218126464627245
0.4218161186861523
0.4218195909095801
0.42182306313300805
0.4218265353564359
0.4218300075798637
0.42183347980329156
0.4218369520267195
0.42184042425014734
0.4218438964735752
0.421847368697003
0.42185084092043085
0.42185431314385874
0.4218577853672866
0.4218612575907144
0.42186472981414225
0.4218682020375702
0.42187167426099803
