0.4364584848814183
0.43646195710484625
0.4364654293282741
0.4364689015517019
0.43647237377512976
0.4364758459985576
0.4364793182219855
0.4364827904454133
0.43648626266884116
0.436489734892269
0.43649320711569695
0.4364966793391248
0.4365001515625526
0.43650362378598045
0.4365070960094083
0.43651056823283624
0.4365140404562641
0.4365175126796919
0.4365209849031197
0.43652445712654764
0.4365279293499755
0.4365314015734033
0.43653487379683115
0.436538346020259
0.43654181824368693
0.43654529046711477
0.4365487626905426
0.43655223491397044
0.43655570713739833
0.43655917936082617
0.436562651584254
0.43656612380768184
0.4365695960311097
0.4365730682545376
0.43657654047796546
0.4365800127013933
0.43658348492482113
0.436586957148249
0.43659042937167686
0.4365939015951047
0.43659737381853253
0.43660084604196037
0.4366043182653883
0.43660779048881615
0.436611262712244
0.4366147349356718
0.4366182071590997
0.43662167938252755
0.4366251516059554
0.4366286238293832
0.43663209605281106
0.436635568276239
0.43663904049966684
0.4366425127230947
0.4366459849465225
0.43664945716995046
0.4366529293933783
0.43665640161680613
0.43665987384023397
0.43666334606366175
0.4366668182870897
0.43667029051051753
0.43667376273394537
0.4366772349573732
0.43668070718080115
0.436684179404229
0.4366876516276568
0.43669112385108466
0.4366945960745125
0.4366980682979404
0.4367015405213682
0.43670501274479606
0.4367084849682239
0.43671195719165185
0.4367154294150797
0.4367189016385075
0.43672237386193535
0.4367258460853632
0.4367293183087911
0.4367327905322189
0.43673626275564675
0.4367397349790746
0.43674320720250254
0.4367466794259304
0.4367501516493582
0.43675362387278605
0.4367570960962139
0.4367605683196418
0.4367640405430696
0.43676751276649745
0.4367709849899253
0.43677445721335323
0.43677792943678106
0.4367814016602089
0.43678487388363674
0.4367883461070646
0.4367918183304925
0.43679529055392036
0.4367987627773482
0.43680223500077603
0.4368057072242039
0.43680917944763176
0.4368126516710596
0.43681612389448743
0.43681959611791527
0.4368230683413432
0.43682654056477105
0.4368300127881989
0.4368334850116267
0.4368369572350546
0.43684042945848245
0.4368439016819103
0.4368473739053381
0.43685084612876596
0.4368543183521939
0.43685779057562174
0.4368612627990496
0.4368647350224774
0.4368682072459053
0.43687167946933314
0.436875151692761
0.4368786239161888
0.43688209613961665
0.4368855683630446
0.43688904058647243
0.43689251280990027
0.4368959850333281
0.43689945725675605
0.43690292948018383
0.43690640170361167
0.4369098739270395
0.43691334615046734
0.4369168183738953
0.4369202905973231
0.43692376282075096
0.4369272350441788
0.43693070726760674
0.4369341794910346
0.4369376517144624
0.43694112393789025
0.4369445961613181
0.436948068384746
0.4369515406081738
0.43695501283160165
0.4369584850550295
0.43696195727845744
0.43696542950188527
0.4369689017253131
0.43697237394874094
0.4369758461721688
0.43697931839559667
0.4369827906190245
0.43698626284245234
0.4369897350658802
0.4369932072893081
0.43699667951273596
0.4370001517361638
0.43700362395959164
0.43700709618301947
0.43701056840644736
0.4370140406298752
0.43701751285330304
0.4370209850767309
0.4370244573001588
0.43702792952358666
0.4370314017470145
0.43703487397044233
0.43703834619387016
0.4370418184172981
0.4370452906407259
0.43704876286415373
0.43705223508758156
0.4370557073110095
0.43705917953443735
0.4370626517578652
0.437066123981293
0.43706959620472086
0.4370730684281488
0.43707654065157664
0.4370800128750045
0.4370834850984323
0.4370869573218602
0.43709042954528804
0.4370939017687159
0.4370973739921437
0.43710084621557155
0.4371043184389995
0.43710779066242733
0.43711126288585517
0.437114735109283
0.4371182073327109
0.43712167955613873
0.43712515177956657
0.4371286240029944
0.43713209622642224
0.4371355684498502
0.437139040673278
0.43714251289670586
0.4371459851201337
0.4371494573435616
