0.5371529642892238
0.5371564365126515
0.5371599087360794
0.5371633809595072
0.5371668531829351
0.537170325406363
0.5371737976297908
0.5371772698532187
0.5371807420766466
0.5371842143000745
0.5371876865235022
0.5371911587469301
0.5371946309703579
0.5371981031937858
0.5372015754172137
0.5372050476406415
0.5372085198640694
0.5372119920874973
0.5372154643109252
0.5372189365343529
0.5372224087577808
0.5372258809812086
0.5372293532046365
0.5372328254280644
0.5372362976514922
0.5372397698749201
0.537243242098348
0.5372467143217758
0.5372501865452036
0.5372536587686315
0.5372571309920593
0.5372606032154873
0.5372640754389151
0.537267547662343
0.5372710198857708
0.5372744921091986
0.5372779643326265
0.5372814365560543
0.5372849087794822
0.53728838100291
0.537291853226338
0.5372953254497658
0.5372987976731937
0.5373022698966214
0.5373057421200493
0.5373092143434772
0.537312686566905
0.5373161587903329
0.5373196310137607
0.5373231032371887
0.5373265754606165
0.5373300476840444
0.5373335199074721
0.5373369921309
0.5373404643543279
0.5373439365777557
0.5373474088011836
0.5373508810246114
0.5373543532480394
0.5373578254714672
0.537361297694895
0.5373647699183228
0.5373682421417508
0.5373717143651786
0.5373751865886064
0.5373786588120343
0.5373821310354621
0.5373856032588901
0.5373890754823178
0.5373925477057457
0.5373960199291735
0.5373994921526015
0.5374029643760293
0.5374064365994572
0.537409908822885
0.5374133810463129
0.5374168532697408
0.5374203254931685
0.5374237977165964
0.5374272699400242
0.5374307421634522
0.53743421438688
0.5374376866103079
0.5374411588337357
0.5374446310571636
0.5374481032805914
0.5374515755040192
0.5374550477274471
0.5374585199508749
0.5374619921743029
0.5374654643977307
0.5374689366211586
0.5374724088445864
0.5374758810680142
0.5374793532914421
0.5374828255148699
0.5374862977382978
0.5374897699617256
0.5374932421851536
0.5374967144085814
0.5375001866320093
0.537503658855437
0.5375071310788649
0.5375106033022928
0.5375140755257206
0.5375175477491485
0.5375210199725763
0.5375244921960043
0.5375279644194321
0.53753143664286
0.5375349088662877
0.5375383810897156
0.5375418533131435
0.5375453255365714
0.5375487977599992
0.5375522699834271
0.537555742206855
0.5375592144302828
0.5375626866537107
0.5375661588771384
0.5375696311005663
0.5375731033239942
0.5375765755474221
0.5375800477708499
0.5375835199942778
0.5375869922177057
0.5375904644411335
0.5375939366645613
0.5375974088879891
0.537600881111417
0.5376043533348449
0.5376078255582728
0.5376112977817006
0.5376147700051285
0.5376182422285564
0.5376217144519841
0.537625186675412
0.5376286588988398
0.5376321311222677
0.5376356033456956
0.5376390755691235
0.5376425477925513
0.5376460200159792
0.5376494922394071
0.5376529644628348
0.5376564366862627
0.5376599089096905
0.5376633811331184
0.5376668533565463
0.5376703255799742
0.537673797803402
0.5376772700268299
0.5376807422502577
0.5376842144736856
0.5376876866971134
0.5376911589205413
0.5376946311439691
0.537698103367397
0.5377015755908249
0.5377050478142527
0.5377085200376805
0.5377119922611084
0.5377154644845363
0.5377189367079641
0.537722408931392
0.5377258811548198
0.5377293533782477
0.5377328256016756
0.5377362978251033
0.5377397700485312
0.5377432422719591
0.537746714495387
0.5377501867188148
0.5377536589422427
0.5377571311656705
0.5377606033890984
0.5377640756125263
0.537767547835954
0.5377710200593819
0.5377744922828098
0.5377779645062377
0.5377814367296655
0.5377849089530934
0.5377883811765212
0.5377918533999492
0.537795325623377
0.5377987978468047
0.5378022700702326
0.5378057422936605
0.5378092145170884
0.5378126867405162
0.5378161589639441
0.5378196311873719
0.5378231034107999
0.5378265756342276
0.5378300478576555
0.5378335200810833
0.5378369923045112
0.5378404645279391
0.5378439367513669
