0.5795140901090591
0.5795175623324869
0.5795210345559147
0.5795245067793426
0.5795279790027705
0.5795314512261983
0.5795349234496262
0.579538395673054
0.5795418678964819
0.5795453401199098
0.5795488123433375
0.5795522845667654
0.5795557567901933
0.5795592290136212
0.579562701237049
0.5795661734604769
0.5795696456839047
0.5795731179073327
0.5795765901307605
0.5795800623541882
0.5795835345776161
0.579587006801044
0.5795904790244719
0.5795939512478997
0.5795974234713276
0.5796008956947554
0.5796043679181834
0.5796078401416112
0.579611312365039
0.5796147845884668
0.5796182568118947
0.5796217290353226
0.5796252012587504
0.5796286734821783
0.5796321457056061
0.5796356179290341
0.5796390901524618
0.5796425623758897
0.5796460345993175
0.5796495068227454
0.5796529790461733
0.5796564512696011
0.579659923493029
0.5796633957164568
0.5796668679398848
0.5796703401633125
0.5796738123867404
0.5796772846101682
0.5796807568335961
0.579684229057024
0.5796877012804518
0.5796911735038797
0.5796946457273074
0.5796981179507354
0.5797015901741632
0.5797050623975911
0.5797085346210189
0.5797120068444469
0.5797154790678747
0.5797189512913025
0.5797224235147304
0.5797258957381581
0.5797293679615861
0.5797328401850139
0.5797363124084418
0.5797397846318696
0.5797432568552976
0.5797467290787254
0.5797502013021533
0.579753673525581
0.5797571457490089
0.5797606179724368
0.5797640901958646
0.5797675624192925
0.5797710346427203
0.5797745068661483
0.5797779790895761
0.579781451313004
0.5797849235364317
0.5797883957598596
0.5797918679832875
0.5797953402067153
0.5797988124301432
0.579802284653571
0.579805756876999
0.5798092291004268
0.5798127013238547
0.5798161735472824
0.5798196457707103
0.5798231179941382
0.579826590217566
0.5798300624409939
0.5798335346644217
0.5798370068878497
0.5798404791112775
0.5798439513347053
0.5798474235581331
0.579850895781561
0.5798543680049889
0.5798578402284168
0.5798613124518446
0.5798647846752724
0.5798682568987004
0.5798717291221281
0.579875201345556
0.5798786735689838
0.5798821457924117
0.5798856180158396
0.5798890902392675
0.5798925624626953
0.5798960346861232
0.579899506909551
0.5799029791329788
0.5799064513564067
0.5799099235798345
0.5799133958032624
0.5799168680266903
0.5799203402501182
0.579923812473546
0.5799272846969739
0.5799307569204017
0.5799342291438295
0.5799377013672574
0.5799411735906852
0.5799446458141131
0.579948118037541
0.5799515902609689
0.5799550624843967
0.5799585347078245
0.5799620069312524
0.5799654791546802
0.5799689513781081
0.5799724236015359
0.5799758958249638
0.5799793680483917
0.5799828402718196
0.5799863124952473
0.5799897847186752
0.5799932569421031
0.579996729165531
0.5800002013889588
0.5800036736123866
0.5800071458358145
0.5800106180592424
0.5800140902826703
0.580017562506098
0.5800210347295259
0.5800245069529538
0.5800279791763817
0.5800314513998095
0.5800349236232374
0.5800383958466652
0.5800418680700931
0.580045340293521
0.5800488125169487
0.5800522847403767
0.5800557569638045
0.5800592291872324
0.5800627014106602
0.5800661736340881
0.5800696458575159
0.5800731180809438
0.5800765903043716
0.5800800625277994
0.5800835347512273
0.5800870069746552
0.5800904791980831
0.5800939514215109
0.5800974236449388
0.5801008958683666
0.5801043680917944
0.5801078403152223
0.5801113125386501
0.580114784762078
0.5801182569855059
0.5801217292089338
0.5801252014323616
0.5801286736557895
0.5801321458792172
0.5801356181026452
0.580139090326073
0.5801425625495009
0.5801460347729287
0.5801495069963566
0.5801529792197845
0.5801564514432123
0.5801599236666402
0.5801633958900679
0.5801668681134959
0.5801703403369237
0.5801738125603516
0.5801772847837795
0.5801807570072073
0.5801842292306352
0.580187701454063
0.5801911736774908
0.5801946459009186
0.5801981181243466
0.5802015903477744
0.5802050625712023
