0.5038196193818122
0.5038230916052402
0.503826563828668
0.5038300360520959
0.5038335082755236
0.5038369804989516
0.5038404527223794
0.5038439249458072
0.5038473971692351
0.5038508693926629
0.5038543416160909
0.5038578138395187
0.5038612860629466
0.5038647582863743
0.5038682305098023
0.5038717027332301
0.503875174956658
0.5038786471800858
0.5038821194035137
0.5038855916269416
0.5038890638503694
0.5038925360737972
0.503896008297225
0.503899480520653
0.5039029527440808
0.5039064249675087
0.5039098971909365
0.5039133694143644
0.5039168416377923
0.50392031386122
0.5039237860846479
0.5039272583080757
0.5039307305315037
0.5039342027549315
0.5039376749783594
0.5039411472017872
0.5039446194252151
0.503948091648643
0.5039515638720707
0.5039550360954986
0.5039585083189264
0.5039619805423544
0.5039654527657822
0.5039689249892101
0.5039723972126379
0.5039758694360658
0.5039793416594937
0.5039828138829214
0.5039862861063493
0.5039897583297771
0.5039932305532051
0.5039967027766329
0.5040001750000608
0.5040036472234886
0.5040071194469165
0.5040105916703443
0.5040140638937722
0.5040175361172
0.5040210083406279
0.5040244805640558
0.5040279527874836
0.5040314250109115
0.5040348972343393
0.5040383694577671
0.504041841681195
0.5040453139046229
0.5040487861280507
0.5040522583514786
0.5040557305749065
0.5040592027983343
0.5040626750217622
0.5040661472451899
0.5040696194686178
0.5040730916920457
0.5040765639154736
0.5040800361389014
0.5040835083623293
0.5040869805857572
0.504090452809185
0.5040939250326129
0.5040973972560406
0.5041008694794685
0.5041043417028964
0.5041078139263243
0.5041112861497521
0.50411475837318
0.5041182305966079
0.5041217028200358
0.5041251750434635
0.5041286472668913
0.5041321194903192
0.5041355917137471
0.504139063937175
0.5041425361606028
0.5041460083840307
0.5041494806074586
0.5041529528308865
0.5041564250543142
0.5041598972777421
0.5041633695011699
0.5041668417245978
0.5041703139480257
0.5041737861714535
0.5041772583948814
0.5041807306183093
0.5041842028417372
0.5041876750651649
0.5041911472885928
0.5041946195120206
0.5041980917354485
0.5042015639588764
0.5042050361823042
0.5042085084057321
0.50421198062916
0.5042154528525878
0.5042189250760156
0.5042223972994435
0.5042258695228713
0.5042293417462992
0.5042328139697271
0.5042362861931549
0.5042397584165828
0.5042432306400106
0.5042467028634385
0.5042501750868663
0.5042536473102942
0.504257119533722
0.50426059175715
0.5042640639805778
0.5042675362040056
0.5042710084274334
0.5042744806508613
0.5042779528742892
0.504281425097717
0.5042848973211449
0.5042883695445727
0.5042918417680007
0.5042953139914285
0.5042987862148564
0.5043022584382841
0.504305730661712
0.5043092028851399
0.5043126751085677
0.5043161473319956
0.5043196195554234
0.5043230917788514
0.5043265640022792
0.504330036225707
0.5043335084491348
0.5043369806725627
0.5043404528959906
0.5043439251194184
0.5043473973428463
0.5043508695662741
0.5043543417897021
0.5043578140131298
0.5043612862365577
0.5043647584599855
0.5043682306834134
0.5043717029068413
0.5043751751302691
0.504378647353697
0.5043821195771248
0.5043855918005528
0.5043890640239805
0.5043925362474084
0.5043960084708362
0.5043994806942642
0.504402952917692
0.5044064251411199
0.5044098973645477
0.5044133695879754
0.5044168418114034
0.5044203140348312
0.5044237862582591
0.5044272584816869
0.5044307307051149
0.5044342029285427
0.5044376751519706
0.5044411473753984
0.5044446195988262
0.5044480918222541
0.5044515640456819
0.5044550362691098
0.5044585084925376
0.5044619807159656
0.5044654529393934
0.5044689251628213
0.504472397386249
0.5044758696096769
0.5044793418331048
0.5044828140565326
0.5044862862799605
0.5044897585033883
0.5044932307268163
0.5044967029502441
0.504500175173672
0.5045036473970997
0.5045071196205276
0.5045105918439555
