0.3524306779273187
0.3524341501507466
0.3524376223741744
0.35244109459760226
0.35244456682103015
0.35244803904445804
0.3524515112678859
0.3524549834913137
0.35245845571474155
0.3524619279381694
0.3524654001615973
0.3524688723850251
0.35247234460845295
0.3524758168318808
0.3524792890553087
0.35248276127873657
0.3524862335021644
0.35248970572559224
0.35249317794902013
0.35249665017244797
0.3525001223958758
0.35250359461930364
0.35250706684273153
0.35251053906615937
0.35251401128958726
0.3525174835130151
0.352520955736443
0.3525244279598708
0.3525279001832987
0.3525313724067265
0.35253484463015433
0.35253831685358217
0.3525417890770101
0.35254526130043795
0.3525487335238658
0.3525522057472936
0.35255567797072146
0.3525591501941494
0.35256262241757724
0.3525660946410051
0.3525695668644329
0.35257303908786075
0.35257651131128864
0.3525799835347165
0.3525834557581443
0.3525869279815722
0.3525904002050001
0.35259387242842793
0.35259734465185577
0.35260081687528366
0.3526042890987115
0.35260776132213933
0.35261123354556717
0.352614705768995
0.3526181779924229
0.3526216502158508
0.3526251224392786
0.35262859466270646
0.3526320668861343
0.3526355391095622
0.35263901133299
0.35264248355641786
0.3526459557798457
0.3526494280032736
0.3526529002267014
0.3526563724501293
0.35265984467355715
0.35266331689698505
0.3526667891204129
0.3526702613438408
0.35267373356726855
0.3526772057906964
0.3526806780141243
0.3526841502375522
0.35268762246098
0.35269109468440785
0.35269456690783574
0.35269803913126363
0.35270151135469147
0.3527049835781193
0.35270845580154714
0.352711928024975
0.35271540024840287
0.3527188724718307
0.35272234469525854
0.3527258169186864
0.35272928914211427
0.35273276136554216
0.35273623358897
0.35273970581239783
0.3527431780358257
0.3527466502592535
0.3527501224826814
0.35275359470610923
0.3527570669295371
0.35276053915296496
0.35276401137639285
0.3527674835998207
0.3527709558232486
0.3527744280466764
0.35277790027010425
0.3527813724935321
0.3527848447169599
0.35278831694038776
0.3527917891638157
0.35279526138724354
0.3527987336106714
0.3528022058340992
0.3528056780575271
0.352809150280955
0.35281262250438283
0.3528160947278106
0.35281956695123845
0.35282303917466634
0.35282651139809423
0.35282998362152207
0.3528334558449499
0.3528369280683778
0.3528404002918057
0.3528438725152335
0.35284734473866136
0.3528508169620892
0.3528542891855171
0.3528577614089449
0.35286123363237276
0.3528647058558006
0.3528681780792285
0.3528716503026564
0.3528751225260842
0.35287859474951205
0.3528820669729399
0.3528855391963678
0.3528890114197956
0.35289248364322345
0.3528959558666513
0.3528994280900792
0.352902900313507
0.3529063725369349
0.35290984476036275
0.35291331698379064
0.3529167892072185
0.3529202614306463
0.35292373365407415
0.352927205877502
0.3529306781009299
0.35293415032435776
0.3529376225477856
0.35294109477121344
0.35294456699464133
0.3529480392180692
0.35295151144149706
0.3529549836649249
0.3529584558883527
0.3529619281117805
0.35296540033520846
0.3529688725586363
0.35297234478206413
0.35297581700549197
0.35297928922891986
0.35298276145234775
0.3529862336757756
0.3529897058992034
0.35299317812263126
0.3529966503460591
0.353000122569487
0.3530035947929148
0.3530070670163427
0.35301053923977055
0.35301401146319844
0.3530174836866263
0.35302095591005417
0.353024428133482
0.35302790035690984
0.3530313725803377
0.3530348448037655
0.35303831702719335
0.3530417892506213
0.35304526147404913
0.35304873369747697
0.3530522059209048
0.3530556781443327
0.35305915036776053
0.35306262259118837
0.3530660948146162
0.35306956703804404
0.35307303926147193
0.3530765114848998
0.35307998370832766
0.3530834559317555
0.3530869281551834
0.3530904003786113
0.3530938726020391
0.35309734482546695
0.3531008170488948
0.3531042892723227
0.3531077614957505
0.35311123371917835
0.3531147059426062
0.3531181781660341
0.35312165038946197
