0.48923628098481975
0.4892397532082476
0.48924322543167553
0.48924669765510337
0.4892501698785312
0.48925364210195904
0.4892571143253869
0.48926058654881477
0.4892640587722426
0.48926753099567044
0.4892710032190983
0.4892744754425262
0.48927794766595406
0.4892814198893819
0.48928489211280973
0.48928836433623757
0.4892918365596655
0.48929530878309335
0.4892987810065212
0.489302253229949
0.4893057254533769
0.48930919767680475
0.4893126699002326
0.4893161421236604
0.48931961434708826
0.4893230865705162
0.48932655879394404
0.4893300310173719
0.4893335032407997
0.4893369754642276
0.48934044768765544
0.4893439199110833
0.4893473921345111
0.48935086435793895
0.4893543365813669
0.48935780880479474
0.48936128102822257
0.4893647532516504
0.4893682254750783
0.48937169769850614
0.489375169921934
0.4893786421453618
0.48938211436878964
0.4893855865922176
0.48938905881564543
0.48939253103907326
0.4893960032625011
0.489399475485929
0.48940294770935683
0.48940641993278466
0.4894098921562125
0.48941336437964034
0.4894168366030683
0.4894203088264961
0.48942378104992396
0.4894272532733518
0.48943072549677974
0.4894341977202076
0.4894376699436354
0.48944114216706325
0.4894446143904911
0.489448086613919
0.4894515588373468
0.48945503106077465
0.4894585032842025
0.48946197550763043
0.48946544773105827
0.4894689199544861
0.48947239217791394
0.4894758644013418
0.48947933662476967
0.4894828088481975
0.48948628107162534
0.4894897532950532
0.4894932255184811
0.48949669774190896
0.4895001699653368
0.48950364218876463
0.48950711441219247
0.48951058663562036
0.4895140588590482
0.48951753108247603
0.48952100330590387
0.4895244755293318
0.48952794775275965
0.4895314199761875
0.4895348921996153
0.48953836442304316
0.48954183664647105
0.4895453088698989
0.4895487810933267
0.48955225331675456
0.4895557255401825
0.48955919776361034
0.4895626699870382
0.489566142210466
0.48956961443389385
0.4895730866573218
0.48957655888074963
0.48958003110417747
0.4895835033276053
0.4895869755510332
0.48959044777446104
0.48959391999788887
0.4895973922213167
0.48960086444474454
0.4896043366681725
0.4896078088916003
0.48961128111502816
0.489614753338456
0.4896182255618839
0.4896216977853117
0.48962517000873956
0.4896286422321674
0.48963211445559524
0.4896355866790232
0.489639058902451
0.48964253112587885
0.4896460033493067
0.4896494755727346
0.4896529477961624
0.48965642001959025
0.4896598922430181
0.4896633644664459
0.4896668366898739
0.4896703089133017
0.48967378113672955
0.4896772533601574
0.48968072558358533
0.4896841978070131
0.48968767003044095
0.4896911422538688
0.4896946144772966
0.48969808670072457
0.4897015589241524
0.48970503114758024
0.4897085033710081
0.489711975594436
0.48971544781786386
0.4897189200412917
0.48972239226471953
0.48972586448814737
0.48972933671157526
0.4897328089350031
0.48973628115843093
0.48973975338185877
0.4897432256052867
0.48974669782871455
0.4897501700521424
0.4897536422755702
0.48975711449899806
0.48976058672242595
0.4897640589458538
0.4897675311692816
0.48977100339270946
0.4897744756161374
0.48977794783956524
0.4897814200629931
0.4897848922864209
0.48978836450984875
0.48979183673327664
0.4897953089567045
0.4897987811801323
0.48980225340356015
0.4898057256269881
0.48980919785041593
0.48981267007384377
0.4898161422972716
0.48981961452069944
0.4898230867441274
0.48982655896755517
0.489830031190983
0.48983350341441084
0.4898369756378388
0.4898404478612666
0.48984392008469446
0.4898473923081223
0.48985086453155013
0.4898543367549781
0.4898578089784059
0.48986128120183375
0.4898647534252616
0.4898682256486895
0.4898716978721173
0.48987517009554515
0.489878642318973
0.4898821145424008
0.4898855867658288
0.4898890589892566
0.48989253121268445
0.4898960034361123
0.4898994756595402
0.489902947882968
0.48990642010639585
0.4899098923298237
0.4899133645532515
0.48991683677667947
0.4899203090001073
0.48992378122353514
0.489927253446963
