0.5475696345727897
0.5475731067962176
0.5475765790196455
0.5475800512430733
0.5475835234665012
0.5475869956899291
0.547590467913357
0.5475939401367848
0.5475974123602126
0.5476008845836404
0.5476043568070683
0.5476078290304962
0.547611301253924
0.5476147734773519
0.5476182457007798
0.5476217179242077
0.5476251901476354
0.5476286623710633
0.5476321345944911
0.547635606817919
0.5476390790413469
0.5476425512647747
0.5476460234882026
0.5476494957116305
0.5476529679350584
0.5476564401584861
0.547659912381914
0.5476633846053418
0.5476668568287697
0.5476703290521976
0.5476738012756254
0.5476772734990533
0.5476807457224812
0.547684217945909
0.5476876901693368
0.5476911623927647
0.5476946346161925
0.5476981068396205
0.5477015790630483
0.5477050512864762
0.547708523509904
0.5477119957333318
0.5477154679567597
0.5477189401801875
0.5477224124036154
0.5477258846270432
0.5477293568504712
0.547732829073899
0.5477363012973269
0.5477397735207546
0.5477432457441825
0.5477467179676104
0.5477501901910382
0.5477536624144661
0.5477571346378939
0.5477606068613219
0.5477640790847497
0.5477675513081776
0.5477710235316053
0.5477744957550332
0.5477779679784611
0.5477814402018889
0.5477849124253168
0.5477883846487446
0.5477918568721726
0.5477953290956004
0.5477988013190283
0.547802273542456
0.5478057457658839
0.5478092179893118
0.5478126902127396
0.5478161624361675
0.5478196346595953
0.5478231068830233
0.547826579106451
0.5478300513298789
0.5478335235533067
0.5478369957767347
0.5478404680001625
0.5478439402235904
0.5478474124470182
0.547850884670446
0.547854356893874
0.5478578291173017
0.5478613013407296
0.5478647735641574
0.5478682457875854
0.5478717180110132
0.5478751902344411
0.5478786624578689
0.5478821346812968
0.5478856069047247
0.5478890791281524
0.5478925513515803
0.5478960235750081
0.5478994957984361
0.5479029680218639
0.5479064402452918
0.5479099124687196
0.5479133846921475
0.5479168569155753
0.5479203291390031
0.547923801362431
0.5479272735858588
0.5479307458092868
0.5479342180327146
0.5479376902561425
0.5479411624795703
0.5479446347029981
0.547948106926426
0.5479515791498538
0.5479550513732817
0.5479585235967095
0.5479619958201375
0.5479654680435653
0.5479689402669932
0.547972412490421
0.5479758847138488
0.5479793569372767
0.5479828291607046
0.5479863013841324
0.5479897736075603
0.5479932458309882
0.547996718054416
0.5480001902778439
0.5480036625012716
0.5480071347246995
0.5480106069481274
0.5480140791715553
0.5480175513949831
0.548021023618411
0.5480244958418389
0.5480279680652667
0.5480314402886945
0.5480349125121223
0.5480383847355502
0.5480418569589781
0.548045329182406
0.5480488014058338
0.5480522736292617
0.5480557458526896
0.5480592180761173
0.5480626902995452
0.548066162522973
0.5480696347464009
0.5480731069698288
0.5480765791932567
0.5480800514166845
0.5480835236401124
0.5480869958635403
0.548090468086968
0.5480939403103959
0.5480974125338237
0.5481008847572516
0.5481043569806795
0.5481078292041074
0.5481113014275352
0.5481147736509631
0.548118245874391
0.5481217180978188
0.5481251903212466
0.5481286625446745
0.5481321347681023
0.5481356069915302
0.5481390792149581
0.5481425514383859
0.5481460236618138
0.5481494958852416
0.5481529681086695
0.5481564403320973
0.5481599125555252
0.548163384778953
0.5481668570023809
0.5481703292258088
0.5481738014492366
0.5481772736726644
0.5481807458960923
0.5481842181195202
0.548187690342948
0.5481911625663759
0.5481946347898037
0.5481981070132316
0.5482015792366595
0.5482050514600872
0.5482085236835151
0.548211995906943
0.5482154681303709
0.5482189403537987
0.5482224125772266
0.5482258848006544
0.5482293570240823
0.5482328292475102
0.5482363014709379
0.5482397736943658
0.5482432459177937
0.5482467181412216
0.5482501903646494
0.5482536625880773
0.5482571348115051
0.5482606070349331
