0.18506950870469052
0.18507298092811836
0.18507645315154625
0.18507992537497403
0.18508339759840192
0.18508686982182979
0.18509034204525762
0.1850938142686855
0.18509728649211335
0.1851007587155412
0.18510423093896902
0.18510770316239689
0.18511117538582478
0.1851146476092526
0.18511811983268048
0.18512159205610831
0.1851250642795362
0.1851285365029641
0.18513200872639188
0.18513548094981974
0.18513895317324758
0.18514242539667547
0.18514589762010336
0.1851493698435312
0.18515284206695906
0.18515631429038687
0.18515978651381473
0.18516325873724263
0.18516673096067046
0.18517020318409833
0.18517367540752616
0.185177147630954
0.18518061985438183
0.18518409207780973
0.1851875643012376
0.18519103652466543
0.18519450874809332
0.18519798097152115
0.185201453194949
0.18520492541837685
0.1852083976418047
0.18521186986523258
0.18521534208866042
0.1852188143120883
0.18522228653551617
0.18522575875894398
0.18522923098237185
0.18523270320579968
0.18523617542922757
0.1852396476526554
0.18524311987608327
0.18524659209951116
0.18525006432293895
0.18525353654636684
0.18525700876979467
0.18526048099322254
0.18526395321665043
0.18526742544007826
0.18527089766350616
0.18527436988693394
0.1852778421103618
0.1852813143337897
0.18528478655721753
0.18528825878064542
0.18529173100407326
0.18529520322750112
0.18529867545092896
0.1853021476743568
0.18530561989778468
0.18530909212121252
0.18531256434464038
0.18531603656806822
0.18531950879149606
0.18532298101492395
0.18532645323835178
0.18532992546177965
0.18533339768520748
0.18533686990863538
0.18534034213206327
0.18534381435549105
0.1853472865789189
0.18535075880234675
0.18535423102577464
0.18535770324920253
0.18536117547263037
0.18536464769605823
0.18536811991948604
0.1853715921429139
0.1853750643663418
0.18537853658976963
0.1853820088131975
0.18538548103662533
0.18538895326005322
0.185392425483481
0.1853958977069089
0.18539936993033676
0.1854028421537646
0.1854063143771925
0.18540978660062032
0.18541325882404822
0.18541673104747605
0.18542020327090386
0.18542367549433175
0.1854271477177596
0.18543061994118748
0.18543409216461534
0.18543756438804318
0.18544103661147102
0.18544450883489885
0.18544798105832674
0.18545145328175458
0.18545492550518244
0.18545839772861034
0.18546186995203812
0.185465342175466
0.18546881439889384
0.1854722866223217
0.1854757588457496
0.18547923106917744
0.18548270329260533
0.1854861755160331
0.18548964773946097
0.18549311996288886
0.1854965921863167
0.1855000644097446
0.18550353663317243
0.1855070088566003
0.18551048108002818
0.18551395330345596
0.18551742552688386
0.1855208977503117
0.18552436997373956
0.1855278421971674
0.18553131442059528
0.18553478664402318
0.18553825886745096
0.18554173109087882
0.18554520331430666
0.18554867553773455
0.18555214776116244
0.18555561998459028
0.1855590922080181
0.18556256443144592
0.1855660366548738
0.1855695088783017
0.18557298110172954
0.1855764533251574
0.1855799255485852
0.18558339777201308
0.18558686999544097
0.1855903422188688
0.18559381444229667
0.1855972866657245
0.1856007588891524
0.18560423111258018
0.18560770333600807
0.18561117555943593
0.18561464778286377
0.18561812000629166
0.1856215922297195
0.1856250644531474
0.18562853667657525
0.18563200890000303
0.18563548112343092
0.18563895334685876
0.18564242557028665
0.18564589779371451
0.18564937001714235
0.18565284224057024
0.18565631446399802
0.18565978668742592
0.18566325891085378
0.18566673113428162
0.1856702033577095
0.18567367558113734
0.18567714780456523
0.18568062002799302
0.18568409225142088
0.18568756447484877
0.1856910366982766
0.1856945089217045
0.18569798114513233
0.18570145336856017
0.18570492559198803
0.18570839781541587
0.18571187003884376
0.1857153422622716
0.18571881448569946
0.18572228670912735
0.18572575893255514
0.18572923115598303
0.18573270337941086
0.18573617560283873
0.18573964782626656
0.18574312004969445
0.18574659227312235
0.18575006449655013
0.185753536719978
0.18575700894340583
0.18576048116683372
