0.39340291437601194
0.3934063865994398
0.3934098588228676
0.39341333104629544
0.3934168032697234
0.39342027549315123
0.39342374771657906
0.3934272199400069
0.3934306921634348
0.39343416438686263
0.39343763661029046
0.3934411088337183
0.3934445810571462
0.39344805328057403
0.3934515255040019
0.39345499772742976
0.3934584699508576
0.3934619421742855
0.3934654143977133
0.39346888662114116
0.393472358844569
0.3934758310679969
0.3934793032914247
0.3934827755148526
0.39348624773828045
0.3934897199617083
0.3934931921851362
0.39349666440856407
0.3935001366319919
0.39350360885541974
0.3935070810788475
0.39351055330227547
0.3935140255257033
0.39351749774913114
0.393520969972559
0.39352444219598687
0.39352791441941476
0.3935313866428426
0.39353485886627043
0.39353833108969827
0.39354180331312616
0.393545275536554
0.39354874775998183
0.39355221998340967
0.39355569220683756
0.39355916443026545
0.3935626366536933
0.3935661088771211
0.393569581100549
0.39357305332397685
0.3935765255474047
0.3935799977708325
0.39358346999426036
0.39358694221768825
0.39359041444111614
0.393593886664544
0.3935973588879718
0.3936008311113997
0.39360430333482754
0.3936077755582554
0.3936112477816832
0.39361472000511105
0.39361819222853894
0.39362166445196684
0.39362513667539467
0.3936286088988225
0.39363208112225034
0.3936355533456783
0.3936390255691061
0.39364249779253396
0.3936459700159618
0.39364944223938964
0.3936529144628175
0.39365638668624536
0.3936598589096732
0.39366333113310104
0.393666803356529
0.3936702755799568
0.39367374780338465
0.3936772200268125
0.3936806922502403
0.3936841644736682
0.39368763669709606
0.3936911089205239
0.3936945811439518
0.3936980533673796
0.3937015255908075
0.39370499781423535
0.3937084700376632
0.3937119422610911
0.3937154144845189
0.39371888670794675
0.3937223589313746
0.3937258311548025
0.3937293033782303
0.3937327756016582
0.39373624782508604
0.3937397200485139
0.39374319227194177
0.3937466644953696
0.39375013671879744
0.3937536089422253
0.3937570811656531
0.39376055338908106
0.3937640256125089
0.39376749783593673
0.39377097005936457
0.39377444228279246
0.39377791450622035
0.3937813867296482
0.393784858953076
0.39378833117650386
0.39379180339993175
0.3937952756233596
0.3937987478467874
0.39380222007021526
0.39380569229364315
0.39380916451707104
0.3938126367404989
0.3938161089639267
0.39381958118735455
0.3938230534107824
0.3938265256342103
0.3938299978576381
0.39383347008106595
0.39383694230449384
0.39384041452792173
0.39384388675134957
0.3938473589747774
0.3938508311982053
0.39385430342163313
0.39385777564506097
0.3938612478684888
0.39386472009191664
0.39386819231534453
0.3938716645387724
0.39387513676220026
0.3938786089856281
0.39388208120905593
0.3938855534324838
0.39388902565591166
0.3938924978793395
0.39389597010276733
0.3938994423261952
0.3939029145496231
0.39390638677305095
0.3939098589964788
0.3939133312199066
0.3939168034433346
0.3939202756667624
0.39392374789019025
0.3939272201136181
0.3939306923370459
0.3939341645604738
0.39393763678390165
0.3939411090073295
0.3939445812307574
0.3939480534541852
0.3939515256776131
0.39395499790104094
0.3939584701244688
0.3939619423478966
0.3939654145713245
0.39396888679475234
0.3939723590181802
0.39397583124160807
0.3939793034650359
0.3939827756884638
0.39398624791189163
0.39398972013531947
0.39399319235874736
0.3939966645821752
0.39400013680560303
0.39400360902903087
0.3940070812524587
0.39401055347588665
0.3940140256993145
0.3940174979227423
0.39402097014617016
0.39402444236959805
0.3940279145930259
0.3940313868164537
0.39403485903988156
0.3940383312633094
0.39404180348673734
0.3940452757101652
0.394048747933593
0.39405222015702085
0.39405569238044874
0.39405916460387663
0.39406263682730447
0.3940661090507323
0.39406958127416014
0.394073053497588
0.39407652572101587
0.3940799979444437
0.39408347016787154
0.39408694239129943
0.3940904146147273
0.39409388683815516
