0.9253475435234527
0.9253510157468804
0.9253544879703084
0.9253579601937361
0.9253614324171641
0.925364904640592
0.9253683768640197
0.9253718490874476
0.9253753213108754
0.9253787935343033
0.9253822657577311
0.9253857379811591
0.9253892102045868
0.9253926824280148
0.9253961546514426
0.9253996268748704
0.9254030990982983
0.9254065713217261
0.925410043545154
0.9254135157685818
0.9254169879920098
0.9254204602154374
0.9254239324388654
0.9254274046622931
0.9254308768857211
0.925434349109149
0.9254378213325768
0.9254412935560049
0.9254447657794325
0.9254482380028605
0.9254517102262881
0.9254551824497161
0.9254586546731438
0.9254621268965718
0.9254655991199997
0.9254690713434275
0.9254725435668556
0.9254760157902832
0.9254794880137113
0.9254829602371388
0.9254864324605669
0.9254899046839947
0.9254933769074225
0.9254968491308504
0.9255003213542782
0.9255037935777061
0.9255072658011338
0.925510738024562
0.9255142102479895
0.9255176824714176
0.9255211546948452
0.9255246269182733
0.9255280991417011
0.925531571365129
0.9255350435885568
0.9255385158119845
0.9255419880354127
0.9255454602588402
0.9255489324822683
0.9255524047056959
0.925555876929124
0.9255593491525518
0.9255628213759797
0.9255662935994077
0.9255697658228353
0.9255732380462633
0.925576710269691
0.925580182493119
0.9255836547165468
0.9255871269399747
0.9255905991634025
0.9255940713868304
0.9255975436102581
0.925601015833686
0.925604488057114
0.9256079602805417
0.9256114325039697
0.9256149047273975
0.9256183769508254
0.9256218491742532
0.9256253213976811
0.9256287936211088
0.9256322658445367
0.9256357380679647
0.9256392102913924
0.9256426825148204
0.9256461547382481
0.9256496269616761
0.9256530991851039
0.9256565714085317
0.9256600436319598
0.9256635158553874
0.9256669880788154
0.9256704603022431
0.9256739325256711
0.9256774047490989
0.9256808769725268
0.9256843491959545
0.9256878214193824
0.9256912936428102
0.9256947658662381
0.9256982380896661
0.9257017103130938
0.9257051825365218
0.9257086547599496
0.9257121269833775
0.9257155992068052
0.9257190714302331
0.9257225436536609
0.9257260158770888
0.9257294881005168
0.9257329603239445
0.9257364325473725
0.9257399047708001
0.9257433769942282
0.9257468492176559
0.9257503214410838
0.9257537936645118
0.9257572658879395
0.9257607381113675
0.9257642103347952
0.9257676825582232
0.9257711547816511
0.9257746270050788
0.9257780992285066
0.9257815714519345
0.9257850436753623
0.9257885158987902
0.9257919881222182
0.9257954603456459
0.9257989325690739
0.9258024047925018
0.9258058770159295
0.9258093492393574
0.9258128214627852
0.9258162936862131
0.9258197659096409
0.9258232381330689
0.9258267103564966
0.9258301825799246
0.9258336548033522
0.9258371270267802
0.9258405992502081
0.9258440714736359
0.9258475436970639
0.9258510159204916
0.9258544881439196
0.9258579603673472
0.9258614325907752
0.9258649048142031
0.9258683770376309
0.9258718492610588
0.9258753214844866
0.9258787937079146
0.9258822659313423
0.9258857381547703
0.9258892103781979
0.9258926826016259
0.9258961548250538
0.9258996270484816
0.9259030992719095
0.9259065714953373
0.9259100437187652
0.925913515942193
0.925916988165621
0.9259204603890486
0.9259239326124766
0.9259274048359043
0.9259308770593323
0.9259343492827602
0.925937821506188
0.925941293729616
0.9259447659530436
0.9259482381764716
0.9259517103998993
0.9259551826233273
0.925958654846755
0.925962127070183
0.9259655992936109
0.9259690715170387
0.9259725437404667
0.9259760159638943
0.9259794881873223
0.92598296041075
0.925986432634178
0.9259899048576059
0.9259933770810337
0.9259968493044616
0.9260003215278894
0.9260037937513173
0.926007265974745
0.9260107381981731
0.9260142104216007
0.9260176826450287
0.9260211548684564
0.9260246270918844
0.9260280993153123
0.92603157153874
0.9260350437621679
0.9260385159855957
