0.16979172562212694
0.16979519784555477
0.16979867006898264
0.16980214229241047
0.16980561451583837
0.16980908673926626
0.1698125589626941
0.1698160311861219
0.16981950340954974
0.16982297563297763
0.16982644785640547
0.16982992007983336
0.16983339230326122
0.16983686452668903
0.1698403367501169
0.16984380897354473
0.16984728119697262
0.16985075342040049
0.16985422564382832
0.1698576978672562
0.169861170090684
0.16986464231411189
0.16986811453753975
0.16987158676096759
0.16987505898439548
0.1698785312078233
0.1698820034312512
0.16988547565467907
0.16988894787810685
0.16989242010153474
0.16989589232496258
0.16989936454839047
0.1699028367718183
0.16990630899524617
0.16990978121867406
0.16991325344210184
0.16991672566552973
0.16992019788895757
0.16992367011238543
0.16992714233581332
0.16993061455924116
0.169934086782669
0.16993755900609683
0.1699410312295247
0.1699445034529526
0.16994797567638043
0.16995144789980832
0.1699549201232361
0.16995839234666396
0.16996186457009185
0.1699653367935197
0.16996880901694758
0.16997228124037542
0.16997575346380328
0.1699792256872311
0.16998269791065895
0.16998617013408684
0.16998964235751468
0.16999311458094254
0.16999658680437038
0.17000005902779827
0.17000353125122616
0.17000700347465394
0.1700104756980818
0.17001394792150964
0.17001742014493754
0.17002089236836543
0.17002436459179326
0.17002783681522113
0.1700313090386489
0.1700347812620768
0.17003825348550464
0.17004172570893253
0.1700451979323604
0.17004867015578823
0.17005214237921612
0.1700556146026439
0.1700590868260718
0.17006255904949966
0.1700660312729275
0.17006950349635538
0.17007297571978322
0.17007644794321106
0.17007992016663892
0.17008339239006676
0.17008686461349465
0.17009033683692248
0.17009380906035038
0.17009728128377824
0.17010075350720602
0.1701042257306339
0.17010769795406175
0.17011117017748964
0.17011464240091748
0.17011811462434534
0.17012158684777323
0.170125059071201
0.1701285312946289
0.17013200351805674
0.1701354757414846
0.1701389479649125
0.17014242018834033
0.17014589241176822
0.170149364635196
0.17015283685862387
0.17015630908205176
0.1701597813054796
0.1701632535289075
0.17016672575233532
0.1701701979757632
0.17017367019919102
0.17017714242261886
0.17018061464604675
0.1701840868694746
0.17018755909290245
0.1701910313163303
0.17019450353975812
0.17019797576318602
0.17020144798661385
0.17020492021004172
0.17020839243346955
0.17021186465689744
0.17021533688032534
0.17021880910375312
0.17022228132718098
0.17022575355060882
0.1702292257740367
0.1702326979974646
0.17023617022089244
0.1702396424443203
0.17024311466774808
0.17024658689117597
0.1702500591146038
0.1702535313380317
0.17025700356145956
0.1702604757848874
0.1702639480083153
0.17026742023174307
0.17027089245517096
0.17027436467859883
0.17027783690202666
0.17028130912545456
0.1702847813488824
0.17028825357231028
0.17029172579573815
0.17029519801916593
0.17029867024259382
0.17030214246602166
0.17030561468944955
0.1703090869128774
0.17031255913630525
0.17031603135973308
0.17031950358316092
0.1703229758065888
0.17032644803001665
0.1703299202534445
0.1703333924768724
0.17033686470030018
0.17034033692372808
0.1703438091471559
0.17034728137058378
0.17035075359401167
0.1703542258174395
0.1703576980408674
0.17036117026429518
0.17036464248772304
0.17036811471115093
0.17037158693457877
0.17037505915800666
0.1703785313814345
0.17038200360486236
0.17038547582829025
0.17038894805171803
0.17039242027514592
0.17039589249857376
0.17039936472200162
0.17040283694542946
0.17040630916885735
0.17040978139228521
0.17041325361571302
0.1704167258391409
0.17042019806256872
0.17042367028599661
0.1704271425094245
0.17043061473285234
0.17043408695628015
0.170437559179708
0.17044103140313588
0.17044450362656377
0.1704479758499916
0.17045144807341947
0.1704549202968473
0.17045839252027514
0.17046186474370298
0.17046533696713087
0.17046880919055873
0.17047228141398657
0.17047575363741446
0.17047922586084224
0.17048269808427013
