0.011458337311922646
0.01146180953535048
0.011465281758778315
0.011468753982206243
0.011472226205634078
0.011475698429061912
0.01147917065248984
0.011482642875917583
0.01148611509934551
0.011489587322773345
0.01149305954620118
0.011496531769629108
0.011500003993056942
0.011503476216484777
0.011506948439912611
0.011510420663340445
0.011513892886768374
0.011517365110196208
0.011520837333624042
0.01152430955705197
0.011527781780479713
0.01153125400390764
0.011534726227335475
0.01153819845076331
0.011541670674191144
0.011545142897619072
0.011548615121046907
0.011552087344474741
0.011555559567902576
0.01155903179133041
0.011562504014758338
0.011565976238186173
0.011569448461614007
0.011572920685041935
0.011576392908469678
0.011579865131897604
0.01158333735532544
0.011586809578753274
0.011590281802181203
0.011593754025609037
0.011597226249036871
0.011600698472464706
0.01160417069589254
0.011607642919320468
0.011611115142748303
0.011614587366176137
0.011618059589603972
0.011621531813031806
0.011625004036459734
0.011628476259887569
0.011631948483315405
0.011635420706743239
0.011638892930171167
0.011642365153599002
0.011645837377026836
0.01164930960045467
0.011652781823882505
0.011656254047310433
0.011659726270738267
0.011663198494166102
0.01166667071759403
0.011670142941021772
0.011673615164449699
0.011677087387877533
0.01168055961130537
0.011684031834733296
0.011687504058161132
0.011690976281588966
0.0116944485050168
0.011697920728444635
0.011701392951872563
0.011704865175300398
0.011708337398728232
0.011711809622156066
0.011715281845583994
0.011718754069011829
0.011722226292439663
0.0117256985158675
0.011729170739295334
0.01173264296272326
0.011736115186151096
0.01173958740957893
0.011743059633006765
0.0117465318564346
0.011750004079862528
0.011753476303290362
0.011756948526718197
0.011760420750146125
0.011763892973573865
0.011767365197001793
0.011770837420429628
0.011774309643857464
0.01177778186728539
0.011781254090713227
0.011784726314141061
0.011788198537568895
0.01179167076099673
0.011795142984424658
0.011798615207852492
0.011802087431280327
0.011805559654708161
0.01180903187813609
0.011812504101563924
0.011815976324991758
0.011819448548419592
0.011822920771847429
0.011826392995275355
0.011829865218703191
0.011833337442131026
0.011836809665558954
0.011840281888986694
0.011843754112414622
0.011847226335842457
0.011850698559270291
0.01185417078269822
0.011857643006126054
0.011861115229553888
0.011864587452981723
0.011868059676409557
0.011871531899837485
0.01187500412326532
0.011878476346693156
0.01188194857012099
0.011885420793548825
0.011888893016976659
0.011892365240404587
0.011895837463832422
0.011899309687260256
0.011902781910688184
0.011906254134115925
0.011909726357543853
0.011913198580971687
0.011916670804399522
0.01192014302782745
0.011923615251255284
0.01192708747468312
0.011930559698111047
0.01193403192153879
0.011937504144966717
0.011940976368394552
0.011944448591822386
0.011947920815250314
0.011951393038678149
0.011954865262105983
0.011958337485533817
0.011961809708961652
0.011965281932389488
0.011968754155817414
0.011972226379245249
0.011975698602673085
0.011979170826101011
0.011982643049528754
0.011986115272956682
0.011989587496384516
0.01199305971981235
0.011996531943240279
0.012000004166668113
0.012003476390095948
0.012006948613523782
0.012010420836951616
0.012013893060379545
0.012017365283807379
0.012020837507235215
0.012024309730663141
0.012027781954090884
0.012031254177518812
0.012034726400946646
0.012038198624374481
0.012041670847802315
0.012045143071230243
0.012048615294658078
0.012052087518085912
0.012055559741513747
0.012059031964941581
0.01206250418836951
0.012065976411797344
0.01206944863522518
0.012072920858653106
0.012076393082080849
0.012079865305508777
0.012083337528936611
0.012086809752364445
0.012090281975792374
0.012093754199220208
0.012097226422648042
0.012100698646075877
0.012104170869503711
0.01210764309293164
0.012111115316359474
0.012114587539787308
0.012118059763215144
0.01212153198664307
0.012125004210070907
0.012128476433498741
0.012131948656926576
0.01213542088035441
0.012138893103782338
0.012142365327210173
0.012145837550638007
0.012149309774065841
