0.7371530337336922
0.7371565059571201
0.7371599781805479
0.7371634504039758
0.7371669226274036
0.7371703948508316
0.7371738670742595
0.7371773392976873
0.7371808115211151
0.7371842837445429
0.7371877559679708
0.7371912281913986
0.7371947004148265
0.7371981726382544
0.7372016448616823
0.73720511708511
0.737208589308538
0.7372120615319658
0.7372155337553937
0.7372190059788215
0.7372224782022493
0.7372259504256772
0.7372294226491051
0.737232894872533
0.7372363670959607
0.7372398393193887
0.7372433115428165
0.7372467837662444
0.7372502559896722
0.7372537282131001
0.7372572004365279
0.7372606726599558
0.7372641448833837
0.7372676171068115
0.7372710893302394
0.7372745615536672
0.7372780337770951
0.7372815060005229
0.7372849782239508
0.7372884504473786
0.7372919226708065
0.7372953948942343
0.7372988671176621
0.7373023393410901
0.7373058115645179
0.7373092837879458
0.7373127560113736
0.7373162282348015
0.7373197004582293
0.7373231726816571
0.737326644905085
0.7373301171285128
0.7373335893519408
0.7373370615753686
0.7373405337987965
0.7373440060222243
0.7373474782456522
0.73735095046908
0.7373544226925078
0.7373578949159357
0.7373613671393636
0.7373648393627915
0.7373683115862193
0.7373717838096472
0.737375256033075
0.7373787282565029
0.7373822004799306
0.7373856727033586
0.7373891449267864
0.7373926171502143
0.7373960893736422
0.73739956159707
0.7374030338204979
0.7374065060439257
0.7374099782673535
0.7374134504907813
0.7374169227142092
0.7374203949376371
0.737423867161065
0.7374273393844929
0.7374308116079207
0.7374342838313486
0.7374377560547763
0.7374412282782042
0.737444700501632
0.73744817272506
0.7374516449484878
0.7374551171719157
0.7374585893953436
0.7374620616187714
0.7374655338421993
0.737469006065627
0.7374724782890549
0.7374759505124827
0.7374794227359107
0.7374828949593385
0.7374863671827664
0.7374898394061943
0.7374933116296222
0.73749678385305
0.7375002560764777
0.7375037282999056
0.7375072005233334
0.7375106727467613
0.7375141449701892
0.7375176171936172
0.737521089417045
0.7375245616404729
0.7375280338639006
0.7375315060873285
0.7375349783107563
0.7375384505341842
0.7375419227576121
0.7375453949810399
0.7375488672044678
0.7375523394278957
0.7375558116513236
0.7375592838747513
0.7375627560981792
0.737566228321607
0.7375697005450349
0.7375731727684628
0.7375766449918906
0.7375801172153185
0.7375835894387464
0.7375870616621742
0.737590533885602
0.7375940061090299
0.7375974783324577
0.7376009505558856
0.7376044227793134
0.7376078950027413
0.7376113672261693
0.737614839449597
0.7376183116730249
0.7376217838964527
0.7376252561198806
0.7376287283433084
0.7376322005667363
0.7376356727901642
0.7376391450135921
0.7376426172370198
0.7376460894604477
0.7376495616838756
0.7376530339073034
0.7376565061307313
0.7376599783541591
0.737663450577587
0.7376669228010148
0.7376703950244428
0.7376738672478707
0.7376773394712984
0.7376808116947263
0.7376842839181541
0.737687756141582
0.7376912283650098
0.7376947005884377
0.7376981728118656
0.7377016450352935
0.7377051172587212
0.7377085894821491
0.737712061705577
0.7377155339290048
0.7377190061524327
0.7377224783758605
0.7377259505992884
0.7377294228227163
0.7377328950461441
0.7377363672695719
0.7377398394929998
0.7377433117164277
0.7377467839398555
0.7377502561632834
0.7377537283867112
0.737757200610139
0.7377606728335668
0.7377641450569948
0.7377676172804227
0.7377710895038506
0.7377745617272784
0.7377780339507063
0.7377815061741341
0.7377849783975619
0.7377884506209897
0.7377919228444176
0.7377953950678455
0.7377988672912733
0.7378023395147013
0.7378058117381291
0.737809283961557
0.7378127561849848
0.7378162284084127
0.7378197006318404
0.7378231728552683
0.7378266450786962
0.737830117302124
0.737833589525552
0.7378370617489798
0.7378405339724077
0.7378440061958355
