0.16076394470970298
0.16076741693313087
0.1607708891565587
0.16077436137998657
0.1607778336034144
0.1607813058268423
0.16078477805027017
0.16078825027369797
0.16079172249712584
0.16079519472055367
0.16079866694398157
0.1608021391674094
0.16080561139083727
0.16080908361426516
0.16081255583769294
0.16081602806112083
0.16081950028454867
0.16082297250797656
0.16082644473140442
0.16082991695483226
0.16083338917826015
0.16083686140168793
0.16084033362511582
0.16084380584854369
0.16084727807197152
0.16085075029539941
0.16085422251882725
0.16085769474225511
0.16086116696568295
0.1608646391891108
0.16086811141253868
0.16087158363596651
0.1608750558593944
0.16087852808282221
0.16088200030625005
0.16088547252967794
0.16088894475310578
0.16089241697653367
0.1608958891999615
0.16089936142338937
0.16090283364681726
0.16090630587024504
0.16090977809367293
0.16091325031710077
0.16091672254052863
0.16092019476395653
0.16092366698738436
0.16092713921081223
0.16093061143424003
0.1609340836576679
0.1609375558810958
0.16094102810452363
0.16094450032795152
0.16094797255137933
0.16095144477480722
0.160954916998235
0.1609583892216629
0.16096186144509078
0.16096533366851862
0.16096880589194648
0.16097227811537432
0.1609757503388022
0.16097922256223005
0.16098269478565788
0.16098616700908575
0.16098963923251358
0.16099311145594147
0.16099658367936934
0.16100005590279715
0.161003528126225
0.16100700034965285
0.16101047257308074
0.16101394479650857
0.16101741701993647
0.16102088924336433
0.1610243614667921
0.16102783369022
0.16103130591364784
0.16103477813707573
0.1610382503605036
0.16104172258393143
0.16104519480735932
0.1610486670307871
0.161052139254215
0.16105561147764286
0.1610590837010707
0.16106255592449858
0.16106602814792642
0.16106950037135428
0.16107297259478218
0.16107644481820996
0.16107991704163785
0.16108338926506569
0.16108686148849358
0.16109033371192139
0.16109380593534928
0.16109727815877717
0.16110075038220495
0.16110422260563284
0.16110769482906068
0.16111116705248854
0.16111463927591643
0.16111811149934427
0.1611215837227721
0.16112505594619994
0.1611285281696278
0.1611320003930557
0.16113547261648353
0.1611389448399114
0.1611424170633392
0.16114588928676707
0.16114936151019496
0.1611528337336228
0.1611563059570507
0.16115977818047852
0.1611632504039064
0.16116672262733417
0.16117019485076206
0.16117366707418995
0.1611771392976178
0.16118061152104565
0.1611840837444735
0.16118755596790138
0.16119102819132924
0.16119450041475705
0.16119797263818492
0.16120144486161275
0.16120491708504064
0.1612083893084685
0.16121186153189634
0.16121533375532424
0.16121880597875202
0.1612222782021799
0.16122575042560774
0.16122922264903564
0.1612326948724635
0.16123616709589134
0.16123963931931917
0.161243111542747
0.1612465837661749
0.16125005598960276
0.1612535282130306
0.1612570004364585
0.16126047265988633
0.16126394488331416
0.16126741710674203
0.16127088933016986
0.16127436155359776
0.1612778337770256
0.16128130600045346
0.16128477822388135
0.16128825044730913
0.16129172267073702
0.16129519489416486
0.16129866711759275
0.16130213934102058
0.16130561156444845
0.16130908378787634
0.16131255601130412
0.161316028234732
0.16131950045815985
0.1613229726815877
0.1613264449050156
0.16132991712844344
0.1613333893518713
0.1613368615752991
0.16134033379872698
0.16134380602215487
0.1613472782455827
0.16135075046901057
0.1613542226924384
0.1613576949158663
0.16136116713929413
0.16136463936272197
0.16136811158614986
0.1613715838095777
0.16137505603300556
0.1613785282564334
0.16138200047986123
0.16138547270328912
0.16138894492671696
0.16139241715014482
0.16139588937357266
0.16139936159700055
0.16140283382042842
0.16140630604385622
0.1614097782672841
0.16141325049071192
0.16141672271413982
0.1614201949375677
0.16142366716099552
0.1614271393844234
0.1614306116078512
0.16143408383127908
0.16143755605470692
0.1614410282781348
0.16144450050156267
0.1614479727249905
0.1614514449484184
0.16145491717184618
