0.8961808667294676
0.8961843389528955
0.8961878111763233
0.8961912833997512
0.896194755623179
0.896198227846607
0.8962017000700346
0.8962051722934626
0.8962086445168905
0.8962121167403183
0.8962155889637462
0.896219061187174
0.8962225334106019
0.8962260056340297
0.8962294778574577
0.8962329500808855
0.8962364223043133
0.8962398945277412
0.896243366751169
0.8962468389745969
0.8962503111980247
0.8962537834214526
0.8962572556448803
0.8962607278683082
0.896264200091736
0.896267672315164
0.8962711445385919
0.8962746167620197
0.8962780889854476
0.8962815612088754
0.8962850334323033
0.896288505655731
0.896291977879159
0.8962954501025867
0.8962989223260147
0.8963023945494426
0.8963058667728704
0.8963093389962983
0.8963128112197261
0.896316283443154
0.8963197556665817
0.8963232278900098
0.8963267001134374
0.8963301723368654
0.8963336445602933
0.8963371167837211
0.896340589007149
0.8963440612305767
0.8963475334540046
0.8963510056774324
0.8963544779008603
0.8963579501242881
0.8963614223477162
0.896364894571144
0.8963683667945719
0.8963718390179997
0.8963753112414274
0.8963787834648553
0.8963822556882831
0.8963857279117112
0.8963892001351388
0.8963926723585669
0.8963961445819947
0.8963996168054226
0.8964030890288504
0.8964065612522782
0.896410033475706
0.8964135056991339
0.8964169779225619
0.8964204501459895
0.8964239223694176
0.8964273945928454
0.8964308668162733
0.896434339039701
0.8964378112631289
0.8964412834865567
0.8964447557099846
0.8964482279334126
0.8964517001568404
0.8964551723802683
0.8964586446036961
0.896462116827124
0.8964655890505517
0.8964690612739796
0.8964725334974074
0.8964760057208353
0.8964794779442631
0.896482950167691
0.896486422391119
0.8964898946145468
0.8964933668379746
0.8964968390614024
0.8965003112848303
0.8965037835082581
0.896507255731686
0.896510727955114
0.8965142001785417
0.8965176724019697
0.8965211446253974
0.8965246168488253
0.8965280890722531
0.896531561295681
0.8965350335191088
0.8965385057425367
0.8965419779659647
0.8965454501893925
0.8965489224128204
0.8965523946362481
0.896555866859676
0.8965593390831038
0.8965628113065317
0.8965662835299595
0.8965697557533874
0.8965732279768152
0.896576700200243
0.896580172423671
0.8965836446470988
0.8965871168705267
0.8965905890939545
0.8965940613173824
0.8965975335408102
0.8966010057642381
0.8966044779876661
0.8966079502110937
0.8966114224345217
0.8966148946579495
0.8966183668813774
0.8966218391048052
0.8966253113282331
0.8966287835516609
0.8966322557750888
0.8966357279985168
0.8966392002219447
0.8966426724453724
0.8966461446688003
0.8966496168922281
0.896653089115656
0.8966565613390838
0.8966600335625116
0.8966635057859395
0.8966669780093672
0.8966704502327951
0.8966739224562231
0.896677394679651
0.8966808669030788
0.8966843391265067
0.8966878113499345
0.8966912835733624
0.8966947557967901
0.8966982280202181
0.8967017002436458
0.8967051724670738
0.8967086446905017
0.8967121169139295
0.8967155891373574
0.8967190613607852
0.896722533584213
0.8967260058076408
0.8967294780310688
0.8967329502544967
0.8967364224779245
0.8967398947013524
0.8967433669247802
0.8967468391482081
0.8967503113716359
0.8967537835950637
0.8967572558184915
0.8967607280419194
0.8967642002653472
0.8967676724887752
0.8967711447122031
0.8967746169356309
0.8967780891590588
0.8967815613824865
0.8967850336059144
0.8967885058293422
0.8967919780527702
0.8967954502761979
0.8967989224996259
0.8968023947230538
0.8968058669464816
0.8968093391699095
0.8968128113933372
0.8968162836167651
0.8968197558401929
0.8968232280636209
0.8968267002870486
0.8968301725104766
0.8968336447339045
0.8968371169573323
0.8968405891807602
0.8968440614041879
0.8968475336276158
0.8968510058510436
0.8968544780744716
0.8968579502978993
0.8968614225213273
0.8968648947447552
0.896868366968183
0.8968718391916108
