0.432986261453563
0.43298973367699084
0.43299320590041873
0.43299667812384657
0.4330001503472744
0.43300362257070224
0.4330070947941301
0.433010567017558
0.43301403924098586
0.4330175114644137
0.43302098368784153
0.4330244559112694
0.43302792813469726
0.4330314003581251
0.43303487258155293
0.43303834480498077
0.4330418170284087
0.43304528925183655
0.4330487614752644
0.4330522336986922
0.43305570592212017
0.43305917814554795
0.4330626503689758
0.4330661225924036
0.43306959481583146
0.4330730670392594
0.43307653926268724
0.4330800114861151
0.4330834837095429
0.43308695593297086
0.4330904281563987
0.43309390037982654
0.43309737260325437
0.4331008448266822
0.4331043170501101
0.43310778927353794
0.43311126149696577
0.4331147337203936
0.43311820594382155
0.4331216781672494
0.4331251503906772
0.43312862261410506
0.4331320948375329
0.4331355670609608
0.4331390392843886
0.43314251150781646
0.4331459837312443
0.43314945595467225
0.4331529281781001
0.4331564004015279
0.43315987262495576
0.4331633448483836
0.4331668170718115
0.4331702892952393
0.43317376151866716
0.433177233742095
0.43318070596552294
0.4331841781889508
0.4331876504123786
0.43319112263580645
0.4331945948592343
0.43319806708266223
0.43320153930609
0.43320501152951785
0.4332084837529457
0.43321195597637363
0.43321542819980147
0.4332189004232293
0.43322237264665714
0.433225844870085
0.4332293170935129
0.43323278931694076
0.4332362615403686
0.43323973376379643
0.4332432059872243
0.43324667821065216
0.43325015043408
0.43325362265750783
0.43325709488093567
0.4332605671043636
0.43326403932779145
0.4332675115512193
0.4332709837746471
0.433274455998075
0.43327792822150285
0.4332814004449307
0.4332848726683585
0.43328834489178636
0.4332918171152143
0.43329528933864214
0.43329876156207
0.4333022337854978
0.4333057060089257
0.43330917823235354
0.4333126504557814
0.4333161226792092
0.43331959490263705
0.433323067126065
0.43332653934949283
0.43333001157292067
0.4333334837963485
0.43333695601977645
0.4333404282432043
0.43334390046663207
0.4333473726900599
0.43335084491348774
0.4333543171369157
0.4333577893603435
0.43336126158377136
0.4333647338071992
0.43336820603062715
0.433371678254055
0.4333751504774828
0.43337862270091065
0.4333820949243385
0.4333855671477664
0.4333890393711942
0.43339251159462205
0.4333959838180499
0.43339945604147784
0.4334029282649057
0.4334064004883335
0.43340987271176135
0.4334133449351892
0.4334168171586171
0.4334202893820449
0.43342376160547275
0.4334272338289006
0.43343070605232853
0.43343417827575637
0.4334376504991842
0.43344112272261204
0.4334445949460399
0.43344806716946777
0.4334515393928956
0.43345501161632344
0.4334584838397513
0.4334619560631792
0.43346542828660706
0.4334689005100349
0.43347237273346273
0.43347584495689057
0.4334793171803185
0.43348278940374635
0.43348626162717413
0.43348973385060197
0.4334932060740299
0.43349667829745775
0.4335001505208856
0.4335036227443134
0.43350709496774126
0.4335105671911692
0.43351403941459704
0.4335175116380249
0.4335209838614527
0.4335244560848806
0.43352792830830844
0.4335314005317363
0.4335348727551641
0.43353834497859195
0.4335418172020199
0.43354528942544773
0.43354876164887557
0.4335522338723034
0.4335557060957313
0.43355917831915913
0.43356265054258697
0.4335661227660148
0.43356959498944264
0.4335730672128706
0.4335765394362984
0.43358001165972626
0.4335834838831541
0.433586956106582
0.4335904283300098
0.43359390055343766
0.4335973727768655
0.43360084500029333
0.4336043172237213
0.4336077894471491
0.43361126167057695
0.4336147338940048
0.43361820611743274
0.4336216783408606
0.4336251505642884
0.4336286227877162
0.433632095011144
0.433635567234572
0.4336390394579998
0.43364251168142764
0.4336459839048555
0.43364945612828343
0.43365292835171126
0.4336564005751391
0.43365987279856694
0.4336633450219948
0.43366681724542266
0.4336702894688505
0.43367376169227834
0.4336772339157062
