0.10937503797744375
0.10937851020087158
0.10938198242429946
0.10938545464772724
0.10938892687115513
0.10939239909458301
0.10939587131801085
0.10939934354143872
0.10940281576486656
0.10940628798829444
0.10940976021172232
0.10941323243515011
0.10941670465857799
0.10942017688200582
0.1094236491054337
0.10942712132886158
0.10943059355228942
0.1094340657757173
0.10943753799914509
0.10944101022257297
0.1094444824460008
0.1094479546694287
0.10945142689285657
0.10945489911628441
0.10945837133971224
0.10946184356314007
0.10946531578656796
0.10946878800999583
0.10947226023342367
0.10947573245685155
0.10947920468027934
0.10948267690370722
0.1094861491271351
0.10948962135056294
0.10949309357399081
0.10949656579741865
0.10950003802084653
0.10950351024427442
0.1095069824677022
0.10951045469113008
0.10951392691455791
0.1095173991379858
0.10952087136141363
0.10952434358484152
0.1095278158082694
0.10953128803169719
0.10953476025512507
0.1095382324785529
0.10954170470198078
0.10954517692540866
0.1095486491488365
0.10955212137226437
0.10955559359569217
0.10955906581912005
0.10956253804254792
0.10956601026597576
0.10956948248940364
0.10957295471283147
0.10957642693625937
0.10957989915968715
0.10958337138311502
0.10958684360654292
0.10959031582997075
0.10959378805339863
0.10959726027682647
0.1096007325002543
0.10960420472368218
0.10960767694711002
0.1096111491705379
0.10961462139396573
0.10961809361739361
0.10962156584082149
0.10962503806424928
0.10962851028767716
0.109631982511105
0.10963545473453287
0.10963892695796076
0.10964239918138859
0.10964587140481648
0.10964934362824426
0.10965281585167214
0.10965628807509997
0.10965976029852786
0.10966323252195574
0.10966670474538358
0.10967017696881146
0.10967364919223925
0.10967712141566713
0.109680593639095
0.10968406586252284
0.10968753808595072
0.10969101030937856
0.10969448253280643
0.10969795475623427
0.1097014269796621
0.10970489920308998
0.10970837142651782
0.1097118436499457
0.10971531587337359
0.10971878809680137
0.10972226032022926
0.10972573254365708
0.10972920476708498
0.10973267699051281
0.10973614921394069
0.10973962143736857
0.10974309366079636
0.10974656588422424
0.10975003810765208
0.10975351033107995
0.10975698255450783
0.10976045477793567
0.10976392700136355
0.10976739922479134
0.10977087144821922
0.1097743436716471
0.10977781589507493
0.10978128811850282
0.10978476034193065
0.10978823256535854
0.10979170478878632
0.1097951770122142
0.10979864923564209
0.10980212145906992
0.1098055936824978
0.10980906590592564
0.10981253812935352
0.10981601035278135
0.10981948257620919
0.10982295479963707
0.1098264270230649
0.10982989924649278
0.10983337146992066
0.1098368436933485
0.10984031591677633
0.10984378814020417
0.10984726036363204
0.10985073258705993
0.10985420481048776
0.10985767703391565
0.10986114925734343
0.10986462148077131
0.10986809370419914
0.10987156592762704
0.10987503815105491
0.10987851037448275
0.10988198259791063
0.10988545482133842
0.1098889270447663
0.10989239926819418
0.10989587149162201
0.10989934371504989
0.10990281593847773
0.1099062881619056
0.1099097603853335
0.10991323260876128
0.10991670483218915
0.10992017705561699
0.10992364927904488
0.10992712150247276
0.1099305937259006
0.10993406594932847
0.10993753817275626
0.10994101039618415
0.10994448261961198
0.10994795484303986
0.10995142706646774
0.10995489928989557
0.10995837151332341
0.10996184373675125
0.10996531596017912
0.109968788183607
0.10997226040703484
0.10997573263046272
0.10997920485389055
0.10998267707731839
0.10998614930074627
0.1099896215241741
0.109993093747602
0.10999656597102982
0.11000003819445771
0.11000351041788549
0.11000698264131337
0.11001045486474126
0.1100139270881691
0.11001739931159697
0.11002087153502481
0.11002434375845269
0.11002781598188056
0.11003128820530836
0.11003476042873624
0.11003823265216407
0.11004170487559195
0.11004517709901983
0.11004864932244766
0.11005212154587556
0.11005559376930334
0.11005906599273121
0.1100625382161591
0.11006601043958694
