0.05729168655961332
0.057295158783041256
0.057298631006469085
0.05730210322989692
0.05730557545332485
0.05730904767675259
0.05731251990018052
0.057315992123608356
0.05731946434703619
0.05732293657046412
0.057326408793891954
0.057329881017319784
0.05733335324074762
0.057336825464175456
0.05734029768760338
0.05734376991103122
0.057347242134459055
0.057350714357886884
0.05735418658131472
0.057357658804742556
0.05736113102817048
0.05736460325159832
0.057368075475026155
0.05737154769845408
0.05737501992188192
0.057378492145309754
0.05738196436873758
0.05738543659216542
0.057388908815593345
0.05739238103902118
0.05739585326244902
0.057399325485876944
0.05740279770930469
0.057406269932732616
0.05740974215616045
0.05741321437958828
0.057416686603016215
0.057420158826444044
0.05742363104987188
0.057427103273299716
0.05743057549672755
0.05743404772015538
0.057437519943583315
0.057440992167011144
0.05744446439043898
0.05744793661386691
0.05745140883729465
0.05745488106072258
0.057458353284150415
0.05746182550757825
0.05746529773100618
0.057468769954434014
0.05747224217786184
0.05747571440128968
0.057479186624717515
0.05748265884814544
0.05748613107157328
0.057489603295001114
0.05749307551842904
0.05749654774185678
0.057500019965284706
0.05750349218871254
0.05750696441214038
0.057510436635568214
0.05751390885899614
0.05751738108242398
0.05752085330585181
0.05752432552927964
0.05752779775270748
0.057531269976135405
0.05753474219956324
0.05753821442299108
0.057541686646419
0.05754515886984675
0.057548631093274676
0.05755210331670251
0.05755557554013034
0.05755904776355827
0.0575625199869861
0.05756599221041394
0.057569464433841866
0.05757293665726961
0.05757640888069754
0.057579881104125374
0.057583353327553204
0.05758682555098104
0.057590297774408966
0.0575937699978368
0.05759724222126464
0.057600714444692475
0.05760418666812031
0.05760765889154824
0.05761113111497607
0.0576146033384039
0.05761807556183174
0.057621547785259575
0.0576250200086875
0.05762849223211534
0.05763196445554317
0.0576354366789711
0.05763890890239884
0.057642381125826765
0.0576458533492546
0.05764932557268244
0.057652797796110364
0.0576562700195382
0.057659742242966036
0.05766321446639387
0.0576666866898217
0.057670158913249635
0.057673631136677464
0.0576771033601053
0.057680575583533136
0.05768404780696106
0.0576875200303889
0.057690992253816735
0.057694464477244564
0.0576979367006724
0.05770140892410033
0.05770488114752816
0.057708353370956
0.057711825594383925
0.05771529781781167
0.0577187700412396
0.057722242264667434
0.05772571448809526
0.057729186711523196
0.057732658934951026
0.05773613115837886
0.0577396033818067
0.057743075605234534
0.05774654782866246
0.057750020052090296
0.05775349227551813
0.05775696449894596
0.0577604367223738
0.057763908945801724
0.05776738116922956
0.0577708533926574
0.05777432561608523
0.05777779783951316
0.057781270062940995
0.057784742286368825
0.05778821450979666
0.0577916867332245
0.05779515895665242
0.05779863118008026
0.057802103403508096
0.05780557562693602
0.05780904785036376
0.057812520073791694
0.05781599229721952
0.05781946452064736
0.057822936744075286
0.05782640896750312
0.05782988119093096
0.057833353414358794
0.057836825637786624
0.05784029786121456
0.057843770084642386
0.05784724230807022
0.05785071453149806
0.057854186754925895
0.05785765897835373
0.05786113120178166
0.05786460342520949
0.05786807564863732
0.057871547872065256
0.057875020095493085
0.05787849231892092
0.05788196454234876
0.05788543676577659
0.05788890898920452
0.057892381212632356
0.05789585343606019
0.05789932565948812
0.05790279788291586
0.057906270106343784
0.05790974232977162
0.057913214553199456
0.05791668677662738
0.05792015900005522
0.057923631223483055
0.057927103446910884
0.05793057567033872
0.057934047893766556
0.05793752011719448
0.05794099234062232
0.057944464564050155
0.05794793678747808
0.05795140901090582
0.057954881234333754
0.05795835345776158
0.05796182568118942
0.057965297904617345
0.05796877012804518
0.05797224235147302
0.057975714574900854
0.05797918679832868
0.057982659021756616
