0.7614585977286799
0.7614620699521076
0.7614655421755355
0.7614690143989633
0.7614724866223912
0.761475958845819
0.7614794310692469
0.7614829032926748
0.7614863755161027
0.7614898477395305
0.7614933199629583
0.7614967921863862
0.761500264409814
0.7615037366332419
0.7615072088566697
0.7615106810800976
0.7615141533035255
0.7615176255269532
0.7615210977503812
0.761524569973809
0.7615280421972369
0.7615315144206647
0.7615349866440926
0.7615384588675205
0.7615419310909483
0.7615454033143761
0.7615488755378039
0.7615523477612319
0.7615558199846597
0.7615592922080876
0.7615627644315154
0.7615662366549433
0.761569708878371
0.761573181101799
0.7615766533252268
0.7615801255486547
0.7615835977720826
0.7615870699955104
0.7615905422189383
0.7615940144423661
0.761597486665794
0.7616009588892217
0.7616044311126497
0.7616079033360775
0.7616113755595054
0.7616148477829333
0.7616183200063611
0.761621792229789
0.7616252644532168
0.7616287366766447
0.7616322089000724
0.7616356811235004
0.7616391533469282
0.7616426255703561
0.761646097793784
0.7616495700172118
0.7616530422406397
0.7616565144640675
0.7616599866874953
0.7616634589109231
0.761666931134351
0.7616704033577789
0.7616738755812069
0.7616773478046347
0.7616808200280626
0.7616842922514904
0.7616877644749181
0.761691236698346
0.7616947089217738
0.7616981811452018
0.7617016533686296
0.7617051255920576
0.7617085978154853
0.7617120700389133
0.7617155422623411
0.761719014485769
0.7617224867091967
0.7617259589326246
0.7617294311560525
0.7617329033794804
0.7617363756029082
0.7617398478263361
0.761743320049764
0.7617467922731918
0.7617502644966196
0.7617537367200474
0.7617572089434753
0.7617606811669031
0.761764153390331
0.7617676256137589
0.7617710978371868
0.7617745700606147
0.7617780422840424
0.7617815145074703
0.7617849867308981
0.761788458954326
0.7617919311777539
0.7617954034011817
0.7617988756246097
0.7618023478480374
0.7618058200714654
0.7618092922948931
0.761812764518321
0.7618162367417488
0.7618197089651767
0.7618231811886046
0.7618266534120325
0.7618301256354603
0.7618335978588882
0.761837070082316
0.7618405423057438
0.7618440145291717
0.7618474867525995
0.7618509589760275
0.7618544311994552
0.7618579034228832
0.761861375646311
0.7618648478697388
0.7618683200931667
0.7618717923165945
0.7618752645400224
0.7618787367634502
0.7618822089868781
0.761885681210306
0.7618891534337339
0.7618926256571618
0.7618960978805895
0.7618995701040174
0.7619030423274452
0.7619065145508731
0.7619099867743009
0.7619134589977288
0.7619169312211567
0.7619204034445846
0.7619238756680123
0.7619273478914402
0.7619308201148681
0.7619342923382959
0.7619377645617238
0.7619412367851516
0.7619447090085796
0.7619481812320072
0.7619516534554353
0.761955125678863
0.761958597902291
0.7619620701257188
0.7619655423491467
0.7619690145725745
0.7619724867960023
0.7619759590194302
0.7619794312428579
0.7619829034662859
0.7619863756897138
0.7619898479131417
0.7619933201365695
0.7619967923599974
0.7620002645834252
0.7620037368068531
0.7620072090302809
0.7620106812537087
0.7620141534771366
0.7620176257005645
0.7620210979239924
0.7620245701474202
0.7620280423708481
0.7620315145942759
0.7620349868177038
0.7620384590411317
0.7620419312645594
0.7620454034879873
0.7620488757114151
0.7620523479348431
0.7620558201582709
0.7620592923816988
0.7620627646051266
0.7620662368285545
0.7620697090519822
0.7620731812754101
0.762076653498838
0.7620801257222659
0.7620835979456938
0.7620870701691216
0.7620905423925495
0.7620940146159773
0.7620974868394051
0.7621009590628329
0.7621044312862609
0.7621079035096887
0.7621113757331166
0.7621148479565445
0.7621183201799723
0.7621217924034002
0.762125264626828
0.7621287368502558
0.7621322090736836
0.7621356812971116
0.7621391535205394
0.7621426257439673
0.7621460979673952
0.762149570190823
