0.37743068660787726
0.37743415883130516
0.377437631054733
0.3774411032781608
0.3774445755015887
0.37744804772501656
0.37745151994844445
0.3774549921718723
0.3774584643953001
0.37746193661872796
0.37746540884215585
0.3774688810655837
0.3774723532890115
0.3774758255124394
0.37747929773586725
0.37748276995929514
0.377486242182723
0.3774897144061508
0.3774931866295787
0.37749665885300654
0.3775001310764344
0.3775036032998622
0.37750707552329005
0.37751054774671794
0.37751401997014583
0.37751749219357367
0.3775209644170015
0.3775244366404294
0.37752790886385723
0.37753138108728507
0.3775348533107129
0.37753832553414074
0.3775417977575687
0.3775452699809965
0.37754874220442436
0.3775522144278522
0.3775556866512801
0.377559158874708
0.3775626310981358
0.37756610332156365
0.3775695755449915
0.3775730477684193
0.3775765199918472
0.37757999221527505
0.3775834644387029
0.3775869366621308
0.37759040888555867
0.3775938811089865
0.37759735333241434
0.3776008255558422
0.37760429777927
0.3776077700026979
0.37761124222612574
0.3776147144495536
0.37761818667298147
0.37762165889640936
0.3776251311198372
0.37762860334326503
0.37763207556669287
0.37763554779012076
0.3776390200135486
0.37764249223697643
0.37764596446040427
0.37764943668383216
0.37765290890726005
0.3776563811306879
0.3776598533541157
0.37766332557754356
0.37766679780097145
0.3776702700243993
0.3776737422478271
0.37767721447125496
0.37768068669468285
0.37768415891811075
0.3776876311415386
0.3776911033649664
0.3776945755883943
0.37769804781182215
0.37770152003525004
0.3777049922586779
0.3777084644821057
0.37771193670553355
0.37771540892896144
0.3777188811523893
0.3777223533758171
0.377725825599245
0.37772929782267284
0.37773277004610073
0.37773624226952857
0.3777397144929564
0.37774318671638424
0.37774665893981213
0.37775013116323997
0.3777536033866678
0.37775707561009564
0.37776054783352353
0.3777640200569514
0.37776749228037926
0.3777709645038071
0.377774436727235
0.3777779089506628
0.37778138117409066
0.3777848533975185
0.37778832562094633
0.3777917978443743
0.3777952700678021
0.37779874229122995
0.3778022145146578
0.3778056867380857
0.3778091589615135
0.37781263118494135
0.3778161034083692
0.3778195756317971
0.3778230478552249
0.3778265200786528
0.37782999230208064
0.3778334645255085
0.37783693674893637
0.37784040897236426
0.3778438811957921
0.37784735341921993
0.37785082564264777
0.3778542978660756
0.3778577700895035
0.37786124231293133
0.37786471453635917
0.37786818675978706
0.37787165898321495
0.3778751312066428
0.3778786034300706
0.37788207565349846
0.3778855478769263
0.3778890201003542
0.377892492323782
0.37789596454720986
0.37789943677063775
0.37790290899406564
0.3779063812174935
0.3779098534409213
0.37791332566434915
0.37791679788777705
0.3779202701112049
0.3779237423346327
0.37792721455806055
0.37793068678148845
0.37793415900491634
0.3779376312283442
0.377941103451772
0.3779445756751999
0.37794804789862774
0.3779515201220556
0.3779549923454834
0.37795846456891125
0.37796193679233914
0.37796540901576703
0.37796888123919486
0.3779723534626227
0.3779758256860506
0.37797929790947843
0.3779827701329063
0.37798624235633416
0.377989714579762
0.37799318680318983
0.3779966590266177
0.37800013125004556
0.3780036034734734
0.37800707569690123
0.3780105479203291
0.378014020143757
0.37801749236718485
0.3780209645906127
0.3780244368140405
0.3780279090374684
0.37803138126089625
0.3780348534843241
0.3780383257077519
0.37804179793117987
0.3780452701546077
0.37804874237803554
0.3780522146014634
0.37805568682489127
0.3780591590483191
0.37806263127174694
0.3780661034951748
0.37806957571860267
0.3780730479420305
0.3780765201654584
0.37807999238888623
0.37808346461231407
0.37808693683574196
0.37809040905916985
0.37809388128259763
0.37809735350602547
0.37810082572945336
0.3781042979528812
0.3781077701763091
0.3781112423997369
0.37811471462316476
0.37811818684659265
0.37812165907002054
