0.1649306128231294
0.16493408504655727
0.1649375572699851
0.164941029493413
0.16494450171684089
0.16494797394026872
0.16495144616369659
0.16495491838712437
0.16495839061055226
0.16496186283398015
0.16496533505740799
0.16496880728083585
0.16497227950426369
0.16497575172769158
0.16497922395111944
0.16498269617454725
0.1649861683979751
0.16498964062140295
0.16499311284483084
0.16499658506825868
0.16500005729168657
0.16500352951511443
0.1650070017385422
0.1650104739619701
0.16501394618539794
0.16501741840882583
0.1650208906322537
0.16502436285568153
0.16502783507910937
0.1650313073025372
0.1650347795259651
0.16503825174939296
0.1650417239728208
0.1650451961962487
0.16504866841967647
0.16505214064310436
0.16505561286653223
0.16505908508996006
0.16506255731338795
0.1650660295368158
0.16506950176024368
0.16507297398367146
0.16507644620709933
0.16507991843052722
0.16508339065395505
0.16508686287738294
0.16509033510081078
0.16509380732423865
0.16509727954766654
0.16510075177109432
0.1651042239945222
0.16510769621795005
0.1651111684413779
0.1651146406648058
0.16511811288823364
0.1651215851116615
0.1651250573350893
0.16512852955851717
0.165132001781945
0.1651354740053729
0.1651389462288008
0.16514241845222863
0.16514589067565644
0.16514936289908427
0.16515283512251216
0.16515630734594006
0.1651597795693679
0.16516325179279576
0.1651667240162236
0.16517019623965143
0.16517366846307932
0.16517714068650716
0.16518061290993502
0.16518408513336286
0.16518755735679075
0.16519102958021864
0.16519450180364642
0.16519797402707428
0.16520144625050212
0.16520491847393
0.16520839069735785
0.16521186292078574
0.1652153351442136
0.16521880736764138
0.16522227959106928
0.1652257518144971
0.165229224037925
0.16523269626135287
0.1652361684847807
0.1652396407082086
0.16524311293163638
0.16524658515506427
0.16525005737849213
0.16525352960191997
0.16525700182534786
0.1652604740487757
0.16526394627220356
0.1652674184956314
0.16527089071905923
0.16527436294248712
0.16527783516591496
0.16528130738934285
0.1652847796127707
0.1652882518361985
0.1652917240596264
0.16529519628305422
0.16529866850648212
0.16530214072990995
0.16530561295333782
0.1653090851767657
0.1653125574001935
0.16531602962362138
0.16531950184704922
0.16532297407047708
0.16532644629390497
0.1653299185173328
0.1653333907407607
0.16533686296418848
0.16534033518761634
0.16534380741104424
0.16534727963447207
0.16535075185789996
0.1653542240813278
0.16535769630475566
0.16536116852818344
0.16536464075161134
0.16536811297503923
0.16537158519846706
0.16537505742189493
0.16537852964532276
0.16538200186875066
0.1653854740921785
0.16538894631560633
0.1653924185390342
0.16539589076246203
0.16539936298588992
0.1654028352093178
0.16540630743274562
0.16540977965617346
0.1654132518796013
0.16541672410302918
0.16542019632645702
0.1654236685498849
0.16542714077331278
0.16543061299674056
0.16543408522016845
0.16543755744359628
0.16544102966702418
0.16544450189045204
0.16544797411387988
0.16545144633730777
0.16545491856073555
0.16545839078416344
0.1654618630075913
0.16546533523101914
0.16546880745444703
0.16547227967787487
0.16547575190130276
0.16547922412473062
0.1654826963481584
0.1654861685715863
0.16548964079501413
0.16549311301844202
0.16549658524186986
0.16550005746529772
0.16550352968872561
0.1655070019121534
0.1655104741355813
0.16551394635900912
0.165517418582437
0.16552089080586488
0.16552436302929271
0.16552783525272055
0.1655313074761484
0.16553477969957625
0.16553825192300414
0.16554172414643198
0.16554519636985987
0.16554866859328765
0.16555214081671552
0.1655556130401434
0.16555908526357124
0.16556255748699913
0.16556602971042697
0.16556950193385483
0.16557297415728262
0.1655764463807105
0.1655799186041384
0.16558339082756623
0.1655868630509941
0.16559033527442193
0.16559380749784983
0.1655972797212777
0.1656007519447055
0.16560422416813336
0.1656076963915612
0.1656111686149891
0.16561464083841698
0.16561811306184482
0.16562158528527268
