0.25451397726179764
0.2545174494852255
0.25452092170865337
0.2545243939320812
0.25452786615550904
0.25453133837893693
0.25453481060236477
0.2545382828257926
0.2545417550492205
0.2545452272726484
0.2545486994960762
0.254552171719504
0.2545556439429319
0.25455911616635973
0.2545625883897876
0.25456606061321546
0.25456953283664335
0.2545730050600712
0.254576477283499
0.2545799495069269
0.25458342173035475
0.2545868939537826
0.2545903661772104
0.2545938384006383
0.25459731062406615
0.25460078284749404
0.2546042550709219
0.2546077272943498
0.2546111995177776
0.25461467174120544
0.25461814396463334
0.2546216161880612
0.254625088411489
0.25462856063491685
0.2546320328583447
0.2546355050817726
0.25463897730520046
0.2546424495286283
0.25464592175205614
0.25464939397548403
0.25465286619891186
0.2546563384223397
0.25465981064576754
0.25466328286919543
0.25466675509262326
0.2546702273160511
0.254673699539479
0.2546771717629069
0.2546806439863347
0.25468411620976256
0.25468758843319045
0.2546910606566183
0.2546945328800461
0.25469800510347396
0.25470147732690185
0.2547049495503297
0.2547084217737575
0.2547118939971854
0.2547153662206133
0.25471883844404114
0.254722310667469
0.2547257828908968
0.25472925511432465
0.25473272733775254
0.2547361995611804
0.2547396717846082
0.2547431440080361
0.25474661623146394
0.2547500884548918
0.25475356067831967
0.25475703290174756
0.2547605051251754
0.25476397734860323
0.25476744957203107
0.25477092179545896
0.2547743940188868
0.25477786624231463
0.2547813384657425
0.25478481068917036
0.2547882829125982
0.2547917551360261
0.2547952273594539
0.25479869958288176
0.2548021718063096
0.2548056440297375
0.2548091162531653
0.2548125884765932
0.25481606070002105
0.25481953292344894
0.2548230051468768
0.2548264773703046
0.2548299495937325
0.25483342181716034
0.2548368940405882
0.254840366264016
0.2548438384874439
0.25484731071087174
0.25485078293429964
0.25485425515772747
0.25485772738115536
0.2548611996045832
0.25486467182801104
0.25486814405143887
0.2548716162748667
0.2548750884982946
0.25487856072172244
0.25488203294515027
0.25488550516857816
0.25488897739200606
0.2548924496154339
0.2548959218388617
0.2548993940622896
0.25490286628571746
0.2549063385091453
0.2549098107325731
0.254913282956001
0.25491675517942886
0.2549202274028567
0.2549236996262846
0.2549271718497125
0.2549306440731403
0.25493411629656815
0.254937588519996
0.2549410607434238
0.2549445329668517
0.25494800519027955
0.25495147741370744
0.2549549496371353
0.2549584218605631
0.254961894083991
0.2549653663074189
0.25496883853084673
0.25497231075427457
0.2549757829777024
0.25497925520113024
0.25498272742455813
0.25498619964798597
0.2549896718714138
0.2549931440948417
0.25499661631826953
0.25500008854169737
0.25500356076512526
0.2550070329885531
0.25501050521198093
0.25501397743540877
0.25501744965883666
0.2550209218822645
0.2550243941056924
0.2550278663291202
0.2550313385525481
0.25503481077597595
0.2550382829994038
0.2550417552228317
0.2550452274462595
0.25504869966968735
0.2550521718931152
0.2550556441165431
0.2550591163399709
0.2550625885633988
0.25506606078682664
0.25506953301025453
0.25507300523368237
0.2550764774571102
0.25507994968053804
0.25508342190396593
0.25508689412739377
0.2550903663508216
0.2550938385742495
0.25509731079767733
0.2551007830211052
0.25510425524453306
0.25510772746796095
0.2551111996913888
0.2551146719148166
0.25511814413824446
0.2551216163616723
0.2551250885851002
0.255128560808528
0.25513203303195586
0.25513550525538375
0.25513897747881165
0.2551424497022395
0.2551459219256673
0.25514939414909515
0.255152866372523
0.2551563385959509
0.2551598108193787
0.2551632830428066
0.25516675526623445
0.2551702274896623
0.2551736997130902
0.25517717193651807
0.2551806441599459
0.25518411638337374
0.2551875886068016
0.2551910608302294
0.2551945330536573
0.25519800527708514
0.25520147750051303
0.25520494972394087
