0.7753474914401012
0.775350963663529
0.775354435886957
0.7753579081103849
0.7753613803338126
0.7753648525572405
0.7753683247806683
0.7753717970040962
0.775375269227524
0.7753787414509519
0.7753822136743797
0.7753856858978075
0.7753891581212354
0.7753926303446634
0.7753961025680912
0.775399574791519
0.7754030470149469
0.7754065192383747
0.7754099914618026
0.7754134636852303
0.7754169359086583
0.7754204081320861
0.7754238803555141
0.7754273525789418
0.7754308248023698
0.7754342970257976
0.7754377692492255
0.7754412414726533
0.775444713696081
0.775448185919509
0.7754516581429369
0.7754551303663647
0.7754586025897926
0.7754620748132205
0.7754655470366483
0.7754690192600762
0.775472491483504
0.7754759637069318
0.7754794359303596
0.7754829081537875
0.7754863803772154
0.7754898526006433
0.7754933248240712
0.775496797047499
0.7755002692709269
0.7755037414943546
0.7755072137177825
0.7755106859412104
0.7755141581646382
0.7755176303880662
0.775521102611494
0.7755245748349219
0.7755280470583497
0.7755315192817775
0.7755349915052053
0.7755384637286332
0.7755419359520611
0.775545408175489
0.7755488803989168
0.7755523526223447
0.7755558248457726
0.7755592970692003
0.7755627692926282
0.775566241516056
0.775569713739484
0.7755731859629117
0.7755766581863397
0.7755801304097675
0.7755836026331954
0.7755870748566233
0.775590547080051
0.7755940193034789
0.7755974915269067
0.7756009637503346
0.7756044359737625
0.7756079081971904
0.7756113804206183
0.7756148526440461
0.775618324867474
0.7756217970909017
0.7756252693143296
0.7756287415377574
0.7756322137611853
0.7756356859846132
0.7756391582080411
0.7756426304314689
0.7756461026548968
0.7756495748783246
0.7756530471017524
0.7756565193251803
0.7756599915486081
0.7756634637720361
0.7756669359954638
0.7756704082188918
0.7756738804423196
0.7756773526657476
0.7756808248891753
0.7756842971126031
0.775687769336031
0.7756912415594588
0.7756947137828867
0.7756981860063145
0.7757016582297425
0.7757051304531704
0.7757086026765982
0.775712074900026
0.7757155471234539
0.7757190193468817
0.7757224915703096
0.7757259637937374
0.7757294360171653
0.7757329082405932
0.775736380464021
0.7757398526874489
0.7757433249108767
0.7757467971343046
0.7757502693577324
0.7757537415811603
0.7757572138045882
0.775760686028016
0.7757641582514438
0.7757676304748716
0.7757711026982996
0.7757745749217274
0.7757780471451553
0.7757815193685831
0.775784991592011
0.7757884638154388
0.7757919360388666
0.7757954082622945
0.7757988804857224
0.7758023527091503
0.7758058249325781
0.775809297156006
0.7758127693794338
0.7758162416028617
0.7758197138262894
0.7758231860497173
0.7758266582731452
0.7758301304965731
0.7758336027200009
0.7758370749434288
0.7758405471668567
0.7758440193902845
0.7758474916137124
0.7758509638371401
0.7758544360605681
0.775857908283996
0.7758613805074238
0.7758648527308517
0.7758683249542795
0.7758717971777074
0.7758752694011352
0.775878741624563
0.7758822138479908
0.7758856860714187
0.7758891582948466
0.7758926305182745
0.7758961027417024
0.7758995749651302
0.7759030471885581
0.7759065194119859
0.7759099916354137
0.7759134638588415
0.7759169360822695
0.7759204083056973
0.7759238805291252
0.775927352752553
0.7759308249759809
0.7759342971994088
0.7759377694228365
0.7759412416462644
0.7759447138696922
0.7759481860931202
0.7759516583165481
0.7759551305399759
0.7759586027634038
0.7759620749868316
0.7759655472102595
0.7759690194336872
0.7759724916571151
0.775975963880543
0.7759794361039708
0.7759829083273987
0.7759863805508266
0.7759898527742545
0.7759933249976824
0.7759967972211101
0.776000269444538
0.7760037416679658
0.7760072138913937
0.7760106861148216
0.7760141583382494
0.7760176305616774
0.7760211027851052
0.7760245750085331
0.7760280472319608
0.7760315194553887
0.7760349916788165
0.7760384639022444
