0.3565973460407451
0.356600818264173
0.3566042904876009
0.35660776271102873
0.35661123493445657
0.3566147071578844
0.35661817938131224
0.35662165160474013
0.35662512382816797
0.3566285960515958
0.35663206827502364
0.35663554049845153
0.3566390127218794
0.35664248494530726
0.3566459571687351
0.356649429392163
0.3566529016155908
0.3566563738390187
0.3566598460624465
0.3566633182858744
0.3566667905093022
0.3566702627327301
0.35667373495615795
0.35667720717958584
0.3566806794030137
0.35668415162644157
0.3566876238498694
0.35669109607329724
0.3566945682967251
0.35669804052015297
0.3567015127435808
0.35670498496700864
0.3567084571904365
0.35671192941386437
0.35671540163729226
0.3567188738607201
0.35672234608414793
0.35672581830757577
0.3567292905310036
0.3567327627544315
0.35673623497785933
0.35673970720128717
0.35674317942471506
0.35674665164814295
0.3567501238715708
0.3567535960949986
0.3567570683184265
0.35676054054185435
0.3567640127652822
0.35676748498871
0.35677095721213786
0.35677442943556575
0.35677790165899365
0.3567813738824215
0.3567848461058493
0.35678831832927715
0.3567917905527051
0.35679526277613294
0.3567987349995607
0.35680220722298855
0.35680567944641645
0.3568091516698443
0.3568126238932722
0.3568160961167
0.3568195683401279
0.35682304056355574
0.35682651278698363
0.35682998501041147
0.3568334572338393
0.35683692945726714
0.35684040168069503
0.35684387390412287
0.3568473461275507
0.3568508183509786
0.3568542905744065
0.3568577627978343
0.35686123502126216
0.35686470724469
0.35686817946811783
0.3568716516915457
0.35687512391497356
0.3568785961384014
0.35688206836182923
0.3568855405852571
0.356889012808685
0.35689248503211285
0.3568959572555407
0.3568994294789686
0.3569029017023964
0.35690637392582425
0.3569098461492521
0.35691331837268
0.3569167905961078
0.3569202628195357
0.35692373504296354
0.35692720726639143
0.35693067948981927
0.35693415171324716
0.356937623936675
0.3569410961601028
0.3569445683835306
0.35694804060695856
0.3569515128303864
0.35695498505381423
0.35695845727724207
0.35696192950066996
0.35696540172409785
0.3569688739475257
0.3569723461709535
0.35697581839438136
0.3569792906178092
0.3569827628412371
0.3569862350646649
0.35698970728809276
0.35699317951152065
0.35699665173494854
0.3570001239583764
0.3570035961818042
0.3570070684052321
0.35701054062865994
0.3570140128520878
0.3570174850755156
0.35702095729894345
0.35702442952237134
0.35702790174579924
0.3570313739692271
0.3570348461926549
0.35703831841608274
0.35704179063951064
0.3570452628629385
0.3570487350863663
0.35705220730979415
0.35705567953322204
0.3570591517566499
0.35706262398007776
0.3570660962035056
0.3570695684269335
0.35707304065036133
0.3570765128737892
0.35707998509721706
0.35708345732064484
0.35708692954407273
0.3570904017675006
0.35709387399092846
0.3570973462143563
0.3571008184377842
0.3571042906612121
0.3571077628846399
0.35711123510806775
0.3571147073314956
0.3571181795549234
0.3571216517783513
0.35712512400177915
0.357128596225207
0.3571320684486348
0.3571355406720627
0.3571390128954906
0.35714248511891844
0.3571459573423463
0.35714942956577417
0.357152901789202
0.35715637401262984
0.3571598462360577
0.35716331845948557
0.3571667906829134
0.3571702629063413
0.35717373512976913
0.357177207353197
0.35718067957662486
0.3571841518000527
0.35718762402348053
0.35719109624690837
0.3571945684703362
0.35719804069376415
0.357201512917192
0.3572049851406198
0.35720845736404766
0.35721192958747555
0.35721540181090344
0.3572188740343313
0.3572223462577591
0.3572258184811869
0.3572292907046148
0.3572327629280427
0.3572362351514705
0.35723970737489835
0.35724317959832624
0.35724665182175414
0.35725012404518197
0.3572535962686098
0.35725706849203764
0.35726054071546554
0.35726401293889337
0.3572674851623212
0.35727095738574904
0.35727442960917694
0.3572779018326048
0.35728137405603266
0.3572848462794605
0.35728831850288834
