0.1364583807147155
0.13646185293814336
0.13646532516157125
0.13646879738499904
0.13647226960842693
0.13647574183185476
0.13647921405528263
0.13648268627871052
0.13648615850213835
0.13648963072556625
0.13649310294899403
0.13649657517242192
0.13650004739584978
0.13650351961927762
0.1365069918427055
0.13651046406613335
0.1365139362895612
0.13651740851298902
0.13652088073641688
0.13652435295984477
0.1365278251832726
0.13653129740670047
0.1365347696301283
0.1365382418535562
0.13654171407698404
0.13654518630041187
0.13654865852383974
0.13655213074726757
0.13655560297069547
0.13655907519412336
0.13656254741755114
0.13656601964097903
0.13656949186440687
0.13657296408783473
0.13657643631126257
0.13657990853469046
0.13658338075811832
0.13658685298154613
0.136590325204974
0.13659379742840183
0.13659726965182972
0.1366007418752576
0.13660421409868542
0.13660768632211331
0.1366111585455411
0.136614630768969
0.13661810299239688
0.1366215752158247
0.13662504743925258
0.13662851966268041
0.1366319918861083
0.13663546410953617
0.13663893633296398
0.13664240855639184
0.13664588077981968
0.13664935300324757
0.1366528252266754
0.13665629745010327
0.1366597696735311
0.13666324189695894
0.13666671412038683
0.13667018634381467
0.13667365856724253
0.13667713079067043
0.13668060301409826
0.1366840752375261
0.13668754746095393
0.1366910196843818
0.1366944919078097
0.13669796413123753
0.13670143635466542
0.1367049085780932
0.1367083808015211
0.13671185302494895
0.1367153252483768
0.13671879747180468
0.13672226969523252
0.13672574191866038
0.1367292141420882
0.13673268636551605
0.13673615858894395
0.13673963081237178
0.13674310303579965
0.13674657525922748
0.13675004748265537
0.13675351970608327
0.13675699192951105
0.1367604641529389
0.13676393637636675
0.13676740859979464
0.13677088082322253
0.13677435304665037
0.13677782527007823
0.13678129749350604
0.1367847697169339
0.13678824194036174
0.13679171416378963
0.1367951863872175
0.13679865861064533
0.13680213083407317
0.136805603057501
0.1368090752809289
0.13681254750435676
0.1368160197277846
0.13681949195121249
0.13682296417464027
0.13682643639806816
0.13682990862149605
0.13683338084492386
0.13683685306835175
0.13684032529177959
0.13684379751520748
0.13684726973863534
0.13685074196206315
0.136854214185491
0.13685768640891885
0.13686115863234674
0.13686463085577458
0.13686810307920244
0.13687157530263033
0.1368750475260581
0.136878519749486
0.13688199197291384
0.1368854641963417
0.1368889364197696
0.13689240864319743
0.13689588086662532
0.1368993530900531
0.13690282531348097
0.13690629753690886
0.1369097697603367
0.1369132419837646
0.13691671420719242
0.1369201864306203
0.13692365865404812
0.13692713087747596
0.13693060310090385
0.1369340753243317
0.13693754754775955
0.1369410197711874
0.13694449199461523
0.13694796421804312
0.13695143644147095
0.13695490866489882
0.13695838088832665
0.13696185311175454
0.13696532533518244
0.13696879755861022
0.1369722697820381
0.13697574200546592
0.1369792142288938
0.1369826864523217
0.13698615867574954
0.1369896308991774
0.1369931031226052
0.13699657534603307
0.1370000475694609
0.1370035197928888
0.13700699201631666
0.1370104642397445
0.1370139364631724
0.13701740868660017
0.13702088091002806
0.13702435313345593
0.13702782535688376
0.13703129758031166
0.1370347698037395
0.13703824202716738
0.13704171425059522
0.13704518647402303
0.13704865869745092
0.13705213092087876
0.13705560314430665
0.1370590753677345
0.13706254759116232
0.13706601981459018
0.13706949203801802
0.1370729642614459
0.13707643648487375
0.1370799087083016
0.1370833809317295
0.13708685315515728
0.13709032537858518
0.137093797602013
0.13709726982544088
0.13710074204886877
0.1371042142722966
0.1371076864957245
0.13711115871915228
0.13711463094258017
0.13711810316600803
0.13712157538943587
0.13712504761286376
0.1371285198362916
0.13713199205971946
0.13713546428314735
0.13713893650657513
0.13714240873000302
0.13714588095343086
0.13714935317685872
