0.19756951304496975
0.19757298526839764
0.19757645749182554
0.19757992971525337
0.19758340193868124
0.19758687416210902
0.1975903463855369
0.1975938186089648
0.19759729083239264
0.1976007630558205
0.19760423527924834
0.19760770750267623
0.197611179726104
0.1976146519495319
0.19761812417295976
0.1976215963963876
0.1976250686198155
0.19762854084324333
0.1976320130666712
0.19763548529009908
0.19763895751352686
0.19764242973695476
0.1976459019603826
0.19764937418381048
0.19765284640723835
0.19765631863066618
0.19765979085409402
0.19766326307752186
0.19766673530094975
0.19767020752437758
0.19767367974780545
0.19767715197123334
0.19768062419466112
0.197684096418089
0.19768756864151685
0.1976910408649447
0.1976945130883726
0.19769798531180044
0.1977014575352283
0.1977049297586561
0.19770840198208398
0.19771187420551187
0.1977153464289397
0.1977188186523676
0.19772229087579543
0.1977257630992233
0.1977292353226512
0.19773270754607897
0.19773617976950686
0.1977396519929347
0.19774312421636256
0.1977465964397904
0.1977500686632183
0.19775354088664615
0.19775701311007396
0.19776048533350182
0.19776395755692966
0.19776742978035755
0.19777090200378544
0.19777437422721325
0.1977778464506411
0.19778131867406892
0.19778479089749681
0.1977882631209247
0.19779173534435254
0.1977952075677804
0.19779867979120824
0.19780215201463608
0.19780562423806397
0.1978090964614918
0.19781256868491967
0.1978160409083475
0.1978195131317754
0.19782298535520318
0.19782645757863107
0.19782992980205893
0.19783340202548677
0.19783687424891466
0.1978403464723425
0.19784381869577036
0.19784729091919825
0.19785076314262603
0.19785423536605393
0.19785770758948176
0.19786117981290965
0.19786465203633752
0.19786812425976535
0.19787159648319325
0.19787506870662103
0.19787854093004892
0.19788201315347678
0.19788548537690462
0.1978889576003325
0.19789242982376035
0.1978959020471882
0.19789937427061602
0.19790284649404388
0.19790631871747177
0.1979097909408996
0.1979132631643275
0.1979167353877553
0.19792020761118315
0.19792367983461104
0.19792715205803887
0.19793062428146677
0.1979340965048946
0.19793756872832247
0.19794104095175036
0.19794451317517814
0.19794798539860603
0.19795145762203387
0.19795492984546173
0.19795840206888957
0.19796187429231746
0.19796534651574532
0.19796881873917313
0.197972290962601
0.19797576318602883
0.19797923540945672
0.1979827076328846
0.19798617985631242
0.1979896520797403
0.1979931243031681
0.19799659652659599
0.19800006875002388
0.1980035409734517
0.19800701319687958
0.1980104854203074
0.1980139576437353
0.19801742986716314
0.19802090209059098
0.19802437431401884
0.19802784653744668
0.19803131876087457
0.1980347909843024
0.19803826320773027
0.1980417354311581
0.19804520765458594
0.19804867987801383
0.19805215210144167
0.19805562432486956
0.19805909654829743
0.1980625687717252
0.1980660409951531
0.19806951321858093
0.19807298544200883
0.1980764576654367
0.19807992988886453
0.19808340211229242
0.1980868743357202
0.1980903465591481
0.19809381878257595
0.1980972910060038
0.19810076322943168
0.19810423545285952
0.19810770767628738
0.1981111798997152
0.19811465212314305
0.19811812434657095
0.19812159656999878
0.19812506879342667
0.19812854101685448
0.19813201324028237
0.19813548546371026
0.19813895768713805
0.19814242991056594
0.19814590213399377
0.19814937435742164
0.19815284658084953
0.19815631880427736
0.1981597910277052
0.19816326325113304
0.1981667354745609
0.19817020769798874
0.19817367992141663
0.1981771521448445
0.1981806243682723
0.19818409659170017
0.198187568815128
0.1981910410385559
0.19819451326198378
0.19819798548541162
0.19820145770883948
0.19820492993226727
0.19820840215569516
0.19821187437912305
0.19821534660255088
0.19821881882597875
0.19822229104940658
0.19822576327283448
0.19822923549626234
0.19823270771969015
0.198236179943118
0.19823965216654585
0.19824312438997374
0.19824659661340158
0.19825006883682944
0.19825354106025733
0.1982570132836851
0.198260485507113
