0.8982642007861807
0.8982676730096087
0.8982711452330365
0.8982746174564644
0.8982780896798922
0.8982815619033201
0.8982850341267479
0.8982885063501758
0.8982919785736038
0.8982954507970314
0.8982989230204594
0.8983023952438873
0.8983058674673151
0.898309339690743
0.8983128119141708
0.8983162841375986
0.8983197563610265
0.8983232285844545
0.8983267008078821
0.8983301730313101
0.898333645254738
0.8983371174781658
0.8983405897015937
0.8983440619250215
0.8983475341484494
0.8983510063718771
0.8983544785953052
0.8983579508187328
0.8983614230421608
0.8983648952655887
0.8983683674890165
0.8983718397124444
0.8983753119358722
0.8983787841593001
0.8983822563827278
0.8983857286061557
0.8983892008295835
0.8983926730530115
0.8983961452764394
0.8983996174998672
0.8984030897232951
0.8984065619467229
0.8984100341701508
0.8984135063935785
0.8984169786170065
0.8984204508404342
0.8984239230638622
0.8984273952872901
0.8984308675107179
0.8984343397341458
0.8984378119575736
0.8984412841810014
0.8984447564044292
0.8984482286278572
0.8984517008512851
0.8984551730747129
0.8984586452981408
0.8984621175215686
0.8984655897449965
0.8984690619684242
0.8984725341918521
0.8984760064152799
0.8984794786387078
0.8984829508621356
0.8984864230855636
0.8984898953089915
0.8984933675324193
0.8984968397558472
0.8985003119792749
0.8985037842027028
0.8985072564261306
0.8985107286495586
0.8985142008729863
0.8985176730964143
0.8985211453198422
0.89852461754327
0.8985280897666978
0.8985315619901256
0.8985350342135535
0.8985385064369813
0.8985419786604094
0.8985454508838372
0.8985489231072651
0.8985523953306929
0.8985558675541206
0.8985593397775485
0.8985628120009763
0.8985662842244042
0.898569756447832
0.8985732286712599
0.8985767008946877
0.8985801731181158
0.8985836453415436
0.8985871175649714
0.8985905897883992
0.8985940620118271
0.8985975342352549
0.8986010064586827
0.8986044786821108
0.8986079509055384
0.8986114231289665
0.8986148953523942
0.8986183675758221
0.8986218397992499
0.8986253120226778
0.8986287842461056
0.8986322564695335
0.8986357286929615
0.8986392009163893
0.8986426731398172
0.8986461453632449
0.8986496175866728
0.8986530898101006
0.8986565620335285
0.8986600342569563
0.8986635064803842
0.898666978703812
0.8986704509272399
0.8986739231506679
0.8986773953740956
0.8986808675975235
0.8986843398209513
0.8986878120443792
0.898691284267807
0.8986947564912349
0.8986982287146629
0.8987017009380905
0.8987051731615185
0.8987086453849463
0.8987121176083742
0.898715589831802
0.8987190620552299
0.8987225342786577
0.8987260065020856
0.8987294787255136
0.8987329509489413
0.8987364231723692
0.898739895395797
0.8987433676192249
0.8987468398426527
0.8987503120660806
0.8987537842895084
0.8987572565129363
0.898760728736364
0.8987642009597919
0.8987676731832199
0.8987711454066477
0.8987746176300756
0.8987780898535034
0.8987815620769313
0.898785034300359
0.898788506523787
0.898791978747215
0.8987954509706426
0.8987989231940706
0.8988023954174984
0.8988058676409263
0.8988093398643541
0.898812812087782
0.8988162843112097
0.8988197565346376
0.8988232287580656
0.8988267009814933
0.8988301732049213
0.8988336454283492
0.898837117651777
0.8988405898752048
0.8988440620986327
0.8988475343220604
0.8988510065454883
0.8988544787689163
0.898857950992344
0.898861423215772
0.8988648954391999
0.8988683676626277
0.8988718398860556
0.8988753121094833
0.8988787843329112
0.898882256556339
0.8988857287797668
0.8988892010031947
0.8988926732266227
0.8988961454500506
0.8988996176734784
0.8989030898969063
0.898906562120334
0.8989100343437619
0.8989135065671897
0.8989169787906177
0.8989204510140454
0.8989239232374734
0.8989273954609013
0.8989308676843291
0.898934339907757
0.8989378121311847
0.8989412843546126
0.8989447565780404
0.8989482288014684
0.8989517010248963
0.8989551732483241
