0.7045141335118519
0.7045176057352798
0.7045210779587077
0.7045245501821356
0.7045280224055633
0.7045314946289912
0.704534966852419
0.7045384390758469
0.7045419112992748
0.7045453835227026
0.7045488557461305
0.7045523279695584
0.7045558001929862
0.704559272416414
0.7045627446398419
0.7045662168632697
0.7045696890866976
0.7045731613101255
0.7045766335335533
0.7045801057569812
0.704583577980409
0.7045870502038369
0.7045905224272647
0.7045939946506926
0.7045974668741204
0.7046009390975483
0.7046044113209762
0.704607883544404
0.7046113557678318
0.7046148279912597
0.7046183002146876
0.7046217724381154
0.7046252446615433
0.7046287168849711
0.7046321891083991
0.7046356613318269
0.7046391335552546
0.7046426057786825
0.7046460780021103
0.7046495502255383
0.7046530224489661
0.704656494672394
0.7046599668958218
0.7046634391192497
0.7046669113426776
0.7046703835661055
0.7046738557895332
0.7046773280129611
0.704680800236389
0.7046842724598168
0.7046877446832447
0.7046912169066725
0.7046946891301004
0.7046981613535283
0.7047016335769561
0.7047051058003839
0.7047085780238118
0.7047120502472397
0.7047155224706675
0.7047189946940954
0.7047224669175232
0.7047259391409512
0.7047294113643789
0.7047328835878068
0.7047363558112346
0.7047398280346625
0.7047433002580904
0.7047467724815182
0.7047502447049461
0.7047537169283739
0.7047571891518017
0.7047606613752296
0.7047641335986575
0.7047676058220853
0.7047710780455133
0.7047745502689411
0.7047780224923689
0.7047814947157968
0.7047849669392245
0.7047884391626524
0.7047919113860803
0.7047953836095082
0.704798855832936
0.704802328056364
0.7048058002797918
0.7048092725032197
0.7048127447266475
0.7048162169500753
0.7048196891735031
0.704823161396931
0.7048266336203589
0.7048301058437867
0.7048335780672147
0.7048370502906425
0.7048405225140704
0.7048439947374981
0.704847466960926
0.7048509391843538
0.7048544114077817
0.7048578836312096
0.7048613558546374
0.7048648280780654
0.7048683003014932
0.7048717725249211
0.7048752447483488
0.7048787169717767
0.7048821891952046
0.7048856614186324
0.7048891336420603
0.7048926058654881
0.704896078088916
0.7048995503123439
0.7049030225357718
0.7049064947591995
0.7049099669826274
0.7049134392060552
0.7049169114294832
0.704920383652911
0.7049238558763388
0.7049273280997668
0.7049308003231946
0.7049342725466224
0.7049377447700502
0.7049412169934781
0.7049446892169059
0.7049481614403339
0.7049516336637617
0.7049551058871896
0.7049585781106175
0.7049620503340452
0.7049655225574731
0.7049689947809009
0.7049724670043288
0.7049759392277567
0.7049794114511846
0.7049828836746124
0.7049863558980403
0.704989828121468
0.7049933003448959
0.7049967725683238
0.7050002447917516
0.7050037170151795
0.7050071892386073
0.7050106614620353
0.7050141336854631
0.705017605908891
0.7050210781323188
0.7050245503557466
0.7050280225791745
0.7050314948026023
0.7050349670260302
0.705038439249458
0.705041911472886
0.7050453836963138
0.7050488559197416
0.7050523281431695
0.7050558003665974
0.7050592725900252
0.705062744813453
0.7050662170368809
0.7050696892603087
0.7050731614837367
0.7050766337071644
0.7050801059305923
0.7050835781540202
0.7050870503774481
0.7050905226008759
0.7050939948243038
0.7050974670477316
0.7051009392711595
0.7051044114945874
0.7051078837180151
0.705111355941443
0.7051148281648709
0.7051183003882988
0.7051217726117266
0.7051252448351545
0.7051287170585823
0.7051321892820102
0.705135661505438
0.7051391337288658
0.7051426059522937
0.7051460781757215
0.7051495503991495
0.7051530226225773
0.7051564948460052
0.705159967069433
0.7051634392928608
0.7051669115162887
0.7051703837397165
0.7051738559631444
0.7051773281865723
0.7051808004100002
0.705184272633428
0.7051877448568559
0.7051912170802836
0.7051946893037115
0.7051981615271394
0.7052016337505673
0.7052051059739951
