0.15034727442613693
0.1503507466495648
0.1503542188729927
0.15035769109642047
0.15036116331984836
0.1503646355432762
0.1503681077667041
0.1503715799901319
0.1503750522135598
0.15037852443698768
0.15038199666041546
0.15038546888384335
0.1503889411072712
0.15039241333069905
0.15039588555412695
0.15039935777755478
0.15040283000098262
0.15040630222441045
0.15040977444783832
0.1504132466712662
0.15041671889469405
0.1504201911181219
0.15042366334154972
0.15042713556497758
0.15043060778840542
0.1504340800118333
0.1504375522352612
0.15044102445868904
0.1504444966821169
0.15044796890554468
0.15045144112897257
0.15045491335240047
0.1504583855758283
0.15046185779925617
0.150465330022684
0.1504688022461119
0.15047227446953976
0.15047574669296757
0.15047921891639543
0.15048269113982327
0.15048616336325116
0.15048963558667905
0.15049310781010686
0.15049658003353475
0.15050005225696253
0.15050352448039042
0.15050699670381826
0.15051046892724615
0.150513941150674
0.15051741337410185
0.15052088559752974
0.15052435782095752
0.1505278300443854
0.15053130226781328
0.1505347744912411
0.150538246714669
0.15054171893809684
0.15054519116152468
0.15054866338495254
0.15055213560838038
0.15055560783180827
0.1505590800552361
0.15056255227866397
0.15056602450209186
0.15056949672551964
0.15057296894894753
0.15057644117237537
0.15057991339580326
0.1505833856192311
0.15058685784265896
0.15059033006608685
0.15059380228951463
0.15059727451294252
0.15060074673637036
0.15060421895979823
0.15060769118322612
0.15061116340665395
0.15061463563008182
0.15061810785350963
0.1506215800769375
0.15062505230036538
0.15062852452379322
0.1506319967472211
0.15063546897064892
0.1506389411940768
0.1506424134175046
0.15064588564093248
0.15064935786436037
0.1506528300877882
0.15065630231121607
0.1506597745346439
0.15066324675807174
0.15066671898149964
0.15067019120492747
0.15067366342835534
0.15067713565178317
0.15068060787521106
0.15068408009863893
0.15068755232206674
0.1506910245454946
0.15069449676892244
0.15069796899235033
0.15070144121577822
0.15070491343920603
0.15070838566263392
0.1507118578860617
0.1507153301094896
0.15071880233291743
0.15072227455634532
0.15072574677977318
0.15072921900320102
0.1507326912266289
0.1507361634500567
0.15073963567348458
0.15074310789691245
0.15074658012034028
0.15075005234376818
0.150753524567196
0.15075699679062388
0.15076046901405177
0.15076394123747955
0.15076741346090744
0.15077088568433528
0.15077435790776317
0.15077783013119103
0.15078130235461887
0.1507847745780467
0.15078824680147454
0.15079171902490243
0.15079519124833027
0.15079866347175813
0.15080213569518602
0.1508056079186138
0.1508090801420417
0.15081255236546953
0.1508160245888974
0.1508194968123253
0.15082296903575312
0.150826441259181
0.1508299134826088
0.15083338570603666
0.15083685792946455
0.1508403301528924
0.15084380237632028
0.1508472745997481
0.15085074682317598
0.15085421904660376
0.15085769127003165
0.15086116349345954
0.15086463571688738
0.15086810794031524
0.15087158016374308
0.15087505238717097
0.15087852461059884
0.15088199683402664
0.1508854690574545
0.15088894128088234
0.15089241350431024
0.1508958857277381
0.15089935795116594
0.15090283017459377
0.1509063023980216
0.1509097746214495
0.1509132468448774
0.1509167190683052
0.1509201912917331
0.15092366351516093
0.15092713573858876
0.1509306079620166
0.1509340801854445
0.15093755240887236
0.1509410246323002
0.15094449685572808
0.15094796907915586
0.15095144130258376
0.15095491352601162
0.15095838574943946
0.15096185797286735
0.15096533019629518
0.15096880241972305
0.15097227464315094
0.15097574686657872
0.1509792190900066
0.15098269131343445
0.15098616353686234
0.1509896357602902
0.15099310798371804
0.15099658020714593
0.1510000524305737
0.1510035246540016
0.15100699687742944
0.1510104691008573
0.1510139413242852
0.15101741354771303
0.1510208857711409
0.1510243579945687
0.15102783021799657
0.15103130244142446
0.1510347746648523
0.15103824688828016
