0.6190974371866101
0.6191009094100379
0.6191043816334658
0.6191078538568937
0.6191113260803215
0.6191147983037495
0.6191182705271773
0.6191217427506052
0.619125214974033
0.6191286871974608
0.6191321594208886
0.6191356316443165
0.6191391038677444
0.6191425760911722
0.6191460483146002
0.619149520538028
0.6191529927614559
0.6191564649848836
0.6191599372083115
0.6191634094317393
0.6191668816551673
0.6191703538785951
0.619173826102023
0.6191772983254508
0.6191807705488787
0.6191842427723065
0.6191877149957343
0.6191911872191622
0.61919465944259
0.619198131666018
0.6192016038894458
0.6192050761128737
0.6192085483363015
0.6192120205597293
0.6192154927831572
0.619218965006585
0.6192224372300129
0.6192259094534407
0.6192293816768687
0.6192328539002965
0.6192363261237244
0.6192397983471523
0.61924327057058
0.6192467427940079
0.6192502150174357
0.6192536872408636
0.6192571594642914
0.6192606316877194
0.6192641039111472
0.6192675761345751
0.619271048358003
0.6192745205814307
0.6192779928048586
0.6192814650282864
0.6192849372517143
0.6192884094751421
0.6192918816985701
0.6192953539219979
0.6192988261454258
0.6193022983688535
0.6193057705922815
0.6193092428157093
0.6193127150391372
0.619316187262565
0.6193196594859928
0.6193231317094208
0.6193266039328486
0.6193300761562764
0.6193335483797042
0.6193370206031322
0.61934049282656
0.6193439650499879
0.6193474372734157
0.6193509094968436
0.6193543817202715
0.6193578539436992
0.6193613261671271
0.619364798390555
0.6193682706139829
0.6193717428374107
0.6193752150608386
0.6193786872842664
0.6193821595076943
0.6193856317311222
0.6193891039545499
0.6193925761779778
0.6193960484014057
0.6193995206248336
0.6194029928482614
0.6194064650716893
0.6194099372951171
0.619413409518545
0.6194168817419728
0.6194203539654006
0.6194238261888285
0.6194272984122563
0.6194307706356843
0.6194342428591121
0.61943771508254
0.6194411873059678
0.6194446595293956
0.6194481317528235
0.6194516039762514
0.6194550761996792
0.6194585484231071
0.619462020646535
0.6194654928699628
0.6194689650933907
0.6194724373168184
0.6194759095402463
0.6194793817636742
0.6194828539871021
0.6194863262105299
0.6194897984339578
0.6194932706573857
0.6194967428808135
0.6195002151042414
0.6195036873276691
0.619507159551097
0.6195106317745249
0.6195141039979528
0.6195175762213806
0.6195210484448085
0.6195245206682364
0.6195279928916642
0.619531465115092
0.6195349373385198
0.6195384095619477
0.6195418817853756
0.6195453540088035
0.6195488262322313
0.6195522984556592
0.6195557706790871
0.6195592429025149
0.6195627151259427
0.6195661873493705
0.6195696595727984
0.6195731317962263
0.6195766040196542
0.619580076243082
0.6195835484665099
0.6195870206899378
0.6195904929133657
0.6195939651367934
0.6195974373602213
0.6196009095836491
0.619604381807077
0.6196078540305049
0.6196113262539327
0.6196147984773607
0.6196182707007885
0.6196217429242163
0.6196252151476441
0.619628687371072
0.6196321595944998
0.6196356318179277
0.6196391040413556
0.6196425762647834
0.6196460484882114
0.6196495207116391
0.619652992935067
0.6196564651584948
0.6196599373819227
0.6196634096053505
0.6196668818287784
0.6196703540522063
0.619673826275634
0.619677298499062
0.6196807707224898
0.6196842429459177
0.6196877151693455
0.6196911873927734
0.6196946596162012
0.6196981318396291
0.619701604063057
0.6197050762864847
0.6197085485099126
0.6197120207333405
0.6197154929567684
0.6197189651801962
0.6197224374036241
0.6197259096270519
0.6197293818504799
0.6197328540739077
0.6197363262973355
0.6197397985207634
0.6197432707441912
0.6197467429676191
0.6197502151910469
0.6197536874144748
0.6197571596379026
0.6197606318613306
0.6197641040847583
0.6197675763081862
0.6197710485316141
0.6197745207550419
0.6197779929784698
0.6197814652018976
0.6197849374253255
0.6197884096487533
