0.5190974024643759
0.5191008746878036
0.5191043469112316
0.5191078191346594
0.5191112913580872
0.5191147635815151
0.519118235804943
0.5191217080283709
0.5191251802517987
0.5191286524752265
0.5191321246986543
0.5191355969220823
0.5191390691455101
0.519142541368938
0.5191460135923658
0.5191494858157937
0.5191529580392216
0.5191564302626493
0.5191599024860772
0.519163374709505
0.519166846932933
0.5191703191563608
0.5191737913797887
0.5191772636032165
0.5191807358266444
0.5191842080500723
0.5191876802735
0.5191911524969279
0.5191946247203557
0.5191980969437837
0.5192015691672115
0.5192050413906394
0.5192085136140672
0.5192119858374951
0.519215458060923
0.5192189302843507
0.5192224025077786
0.5192258747312064
0.5192293469546344
0.5192328191780622
0.5192362914014901
0.5192397636249179
0.5192432358483459
0.5192467080717736
0.5192501802952015
0.5192536525186293
0.5192571247420571
0.5192605969654851
0.5192640691889129
0.5192675414123408
0.5192710136357686
0.5192744858591966
0.5192779580826243
0.5192814303060522
0.51928490252948
0.5192883747529079
0.5192918469763358
0.5192953191997636
0.5192987914231915
0.5193022636466192
0.5193057358700472
0.519309208093475
0.5193126803169029
0.5193161525403307
0.5193196247637586
0.5193230969871865
0.5193265692106143
0.5193300414340422
0.5193335136574699
0.5193369858808979
0.5193404581043257
0.5193439303277536
0.5193474025511814
0.5193508747746093
0.5193543469980372
0.519357819221465
0.5193612914448928
0.5193647636683206
0.5193682358917486
0.5193717081151764
0.5193751803386043
0.5193786525620321
0.51938212478546
0.5193855970088879
0.5193890692323158
0.5193925414557435
0.5193960136791713
0.5193994859025993
0.5194029581260271
0.519406430349455
0.5194099025728828
0.5194133747963107
0.5194168470197386
0.5194203192431665
0.5194237914665942
0.5194272636900221
0.51943073591345
0.5194342081368778
0.5194376803603057
0.5194411525837335
0.5194446248071614
0.5194480970305893
0.5194515692540171
0.5194550414774449
0.5194585137008728
0.5194619859243007
0.5194654581477285
0.5194689303711564
0.5194724025945842
0.519475874818012
0.5194793470414399
0.5194828192648678
0.5194862914882956
0.5194897637117235
0.5194932359351514
0.5194967081585792
0.5195001803820071
0.5195036526054349
0.5195071248288627
0.5195105970522906
0.5195140692757185
0.5195175414991463
0.5195210137225742
0.5195244859460021
0.51952795816943
0.5195314303928578
0.5195349026162857
0.5195383748397134
0.5195418470631413
0.5195453192865692
0.519548791509997
0.5195522637334249
0.5195557359568528
0.5195592081802807
0.5195626804037085
0.5195661526271363
0.5195696248505641
0.519573097073992
0.5195765692974199
0.5195800415208477
0.5195835137442756
0.5195869859677035
0.5195904581911314
0.5195939304145591
0.519597402637987
0.5196008748614148
0.5196043470848427
0.5196078193082706
0.5196112915316984
0.5196147637551263
0.5196182359785542
0.5196217082019821
0.5196251804254098
0.5196286526488377
0.5196321248722655
0.5196355970956934
0.5196390693191213
0.5196425415425491
0.519646013765977
0.5196494859894049
0.5196529582128327
0.5196564304362605
0.5196599026596884
0.5196633748831162
0.5196668471065442
0.519670319329972
0.5196737915533999
0.5196772637768277
0.5196807360002555
0.5196842082236834
0.5196876804471112
0.5196911526705391
0.5196946248939669
0.5196980971173949
0.5197015693408227
0.5197050415642506
0.5197085137876784
0.5197119860111062
0.5197154582345341
0.5197189304579619
0.5197224026813898
0.5197258749048176
0.5197293471282456
0.5197328193516734
0.5197362915751013
0.519739763798529
0.5197432360219569
0.5197467082453848
0.5197501804688126
0.5197536526922405
0.5197571249156683
0.5197605971390963
0.5197640693625241
0.519767541585952
0.5197710138093797
0.5197744860328076
0.5197779582562355
0.5197814304796633
0.5197849027030912
0.519788374926519
