0.2802084306279273
0.28021190285135517
0.280215375074783
0.28021884729821084
0.2802223195216387
0.2802257917450665
0.2802292639684944
0.2802327361919223
0.28023620841535013
0.28023968063877797
0.28024315286220586
0.2802466250856337
0.2802500973090616
0.2802535695324894
0.28025704175591726
0.2802605139793451
0.28026398620277293
0.2802674584262008
0.2802709306496287
0.28027440287305655
0.2802778750964844
0.2802813473199123
0.2802848195433401
0.28028829176676795
0.2802917639901958
0.2802952362136237
0.2802987084370515
0.28030218066047935
0.28030565288390724
0.2803091251073351
0.28031259733076297
0.2803160695541908
0.2803195417776187
0.28032301400104653
0.28032648622447437
0.2803299584479022
0.28033343067133004
0.28033690289475793
0.28034037511818577
0.28034384734161366
0.2803473195650415
0.2803507917884694
0.2803542640118972
0.28035773623532506
0.2803612084587529
0.2803646806821808
0.2803681529056086
0.28037162512903646
0.28037509735246435
0.2803785695758922
0.2803820417993201
0.2803855140227479
0.2803889862461758
0.28039245846960364
0.2803959306930315
0.2803994029164593
0.2804028751398872
0.28040634736331504
0.2804098195867429
0.2804132918101708
0.2804167640335986
0.28042023625702645
0.28042370848045434
0.2804271807038822
0.28043065292731
0.28043412515073785
0.28043759737416574
0.2804410695975936
0.28044454182102146
0.2804480140444493
0.28045148626787714
0.28045495849130503
0.28045843071473286
0.28046190293816076
0.2804653751615886
0.28046884738501643
0.28047231960844426
0.2804757918318721
0.2804792640553
0.2804827362787279
0.2804862085021557
0.28048968072558356
0.28049315294901145
0.2804966251724393
0.2805000973958671
0.28050356961929496
0.28050704184272285
0.2805105140661507
0.2805139862895785
0.2805174585130064
0.2805209307364343
0.28052440295986214
0.28052787518329
0.28053134740671787
0.2805348196301457
0.28053829185357354
0.2805417640770014
0.28054523630042927
0.2805487085238571
0.28055218074728494
0.28055565297071283
0.2805591251941407
0.28056259741756856
0.2805660696409964
0.28056954186442423
0.28057301408785207
0.28057648631127996
0.2805799585347078
0.28058343075813563
0.2805869029815635
0.28059037520499136
0.28059384742841925
0.2805973196518471
0.280600791875275
0.2806042640987028
0.28060773632213065
0.2806112085455585
0.2806146807689864
0.2806181529924142
0.28062162521584205
0.28062509743926994
0.2806285696626978
0.28063204188612567
0.2806355141095535
0.28063898633298134
0.2806424585564092
0.280645930779837
0.2806494030032649
0.2806528752266928
0.28065634745012064
0.28065981967354847
0.28066329189697636
0.2806667641204042
0.28067023634383204
0.2806737085672599
0.28067718079068776
0.2806806530141156
0.28068412523754344
0.2806875974609713
0.28069106968439916
0.28069454190782706
0.2806980141312549
0.2807014863546827
0.2807049585781106
0.28070843080153846
0.2807119030249663
0.28071537524839413
0.280718847471822
0.28072231969524986
0.2807257919186777
0.2807292641421056
0.2807327363655335
0.2807362085889613
0.28073968081238915
0.28074315303581704
0.2807466252592449
0.2807500974826727
0.28075356970610055
0.28075704192952844
0.2807605141529563
0.2807639863763841
0.280767458599812
0.2807709308232399
0.28077440304666773
0.28077787527009557
0.2807813474935234
0.28078481971695124
0.28078829194037913
0.28079176416380697
0.28079523638723486
0.2807987086106627
0.28080218083409053
0.2808056530575184
0.2808091252809463
0.28081259750437415
0.280816069727802
0.2808195419512298
0.28082301417465766
0.28082648639808555
0.2808299586215134
0.2808334308449412
0.2808369030683691
0.28084037529179695
0.28084384751522484
0.2808473197386527
0.2808507919620805
0.28085426418550835
0.2808577364089362
0.2808612086323641
0.28086468085579197
0.2808681530792198
0.28087162530264764
0.28087509752607553
0.28087856974950337
0.2808820419729312
0.2808855141963591
0.28088898641978693
0.28089245864321477
0.2808959308666426
0.2808994030900705
