0.012847226683064799
0.012850698906492633
0.012854171129920561
0.012857643353348396
0.012861115576776232
0.012864587800204066
0.0128680600236319
0.012871532247059829
0.012875004470487663
0.012878476693915498
0.012881948917343332
0.012885421140771167
0.012888893364199001
0.01289236558762693
0.012895837811054764
0.0128993100344826
0.012902782257910526
0.012906254481338269
0.012909726704766197
0.012913198928194031
0.012916671151621865
0.012920143375049794
0.012923615598477628
0.012927087821905462
0.01293056004533339
0.012934032268761131
0.01293750449218906
0.012940976715616894
0.012944448939044728
0.012947921162472656
0.01295139338590049
0.012954865609328327
0.012958337832756161
0.012961810056183996
0.01296528227961183
0.012968754503039758
0.012972226726467593
0.012975698949895427
0.012979171173323355
0.012982643396751096
0.012986115620179024
0.012989587843606858
0.012993060067034693
0.01299653229046262
0.013000004513890455
0.013003476737318291
0.013006948960746126
0.01301042118417396
0.013013893407601888
0.013017365631029723
0.013020837854457557
0.013024310077885485
0.013027782301313226
0.013031254524741154
0.013034726748168989
0.013038198971596823
0.013041671195024657
0.013045143418452585
0.01304861564188042
0.013052087865308256
0.01305556008873609
0.013059032312163925
0.013062504535591853
0.013065976759019687
0.013069448982447522
0.01307292120587545
0.01307639342930319
0.013079865652731119
0.013083337876158953
0.013086810099586788
0.013090282323014716
0.01309375454644255
0.013097226769870384
0.01310069899329822
0.013104171216726055
0.013107643440153983
0.013111115663581818
0.013114587887009652
0.013118060110437486
0.013121532333865414
0.013125004557293249
0.013128476780721083
0.013131949004148918
0.013135421227576752
0.01313889345100468
0.013142365674432515
0.013145837897860349
0.013149310121288185
0.01315278234471602
0.013156254568143948
0.013159726791571782
0.013163199014999617
0.013166671238427545
0.013170143461855285
0.013173615685283213
0.013177087908711048
0.013180560132138882
0.01318403235556681
0.013187504578994645
0.01319097680242248
0.013194449025850315
0.01319792124927815
0.013201393472706076
0.013204865696133912
0.013208337919561747
0.013211810142989581
0.01321528236641751
0.013218754589845344
0.013222226813273178
0.013225699036701013
0.013229171260128847
0.013232643483556775
0.01323611570698461
0.013239587930412444
0.01324306015384028
0.013246532377268114
0.01325000460069604
0.013253476824123877
0.013256949047551711
0.01326042127097964
0.013263893494407474
0.013267365717835308
0.013270837941263143
0.013274310164690977
0.013277782388118905
0.01328125461154674
0.013284726834974574
0.013288199058402408
0.013291671281830245
0.013295143505258171
0.013298615728686007
0.013302087952113842
0.013305560175541676
0.013309032398969604
0.013312504622397345
0.013315976845825273
0.013319449069253107
0.013322921292680942
0.01332639351610887
0.013329865739536704
0.013333337962964539
0.013336810186392467
0.01334028240982021
0.013343754633248136
0.013347226856675972
0.013350699080103806
0.013354171303531734
0.013357643526959569
0.013361115750387403
0.013364587973815237
0.013368060197243072
0.013371532420671
0.013375004644098834
0.013378476867526669
0.013381949090954503
0.013385421314382338
0.013388893537810174
0.0133923657612381
0.013395837984665936
0.01339931020809377
0.013402782431521699
0.01340625465494944
0.013409726878377368
0.013413199101805202
0.013416671325233036
0.013420143548660965
0.013423615772088799
0.013427087995516633
0.013430560218944562
0.013434032442372302
0.01343750466580023
0.013440976889228065
0.013444449112655901
0.013447921336083827
0.013451393559511663
0.013454865782939498
0.013458338006367332
0.013461810229795167
0.013465282453223001
0.01346875467665093
0.013472226900078764
0.013475699123506598
0.013479171346934526
0.013482643570362269
0.013486115793790195
0.01348958801721803
0.013493060240645866
0.013496532464073792
0.013500004687501628
0.013503476910929462
0.013506949134357297
0.013510421357785131
0.01351389358121306
0.013517365804640894
0.013520838028068728
0.013524310251496563
0.013527782474924397
0.013531254698352325
0.01353472692178016
0.013538199145207996
