0.9732642268278564
0.9732676990512844
0.9732711712747123
0.9732746434981401
0.973278115721568
0.9732815879449958
0.9732850601684236
0.9732885323918514
0.9732920046152795
0.9732954768387071
0.9732989490621351
0.9733024212855628
0.9733058935089908
0.9733093657324187
0.9733128379558464
0.9733163101792746
0.9733197824027021
0.9733232546261302
0.9733267268495578
0.9733301990729859
0.9733336712964137
0.9733371435198416
0.9733406157432694
0.9733440879666971
0.9733475601901252
0.9733510324135528
0.9733545046369809
0.9733579768604085
0.9733614490838366
0.9733649213072644
0.9733683935306923
0.97337186575412
0.9733753379775479
0.9733788102009757
0.9733822824244036
0.9733857546478316
0.9733892268712592
0.9733926990946873
0.9733961713181151
0.973399643541543
0.9734031157649707
0.9734065879883986
0.9734100602118264
0.9734135324352543
0.9734170046586823
0.97342047688211
0.973423949105538
0.9734274213289656
0.9734308935523937
0.9734343657758214
0.9734378379992493
0.9734413102226773
0.973444782446105
0.973448254669533
0.9734517268929607
0.9734551991163887
0.9734586713398165
0.9734621435632443
0.9734656157866721
0.9734690880101
0.9734725602335278
0.9734760324569557
0.9734795046803837
0.9734829769038114
0.9734864491272394
0.9734899213506671
0.973493393574095
0.9734968657975228
0.9735003380209507
0.9735038102443785
0.9735072824678064
0.9735107546912344
0.973514226914662
0.97351769913809
0.9735211713615177
0.9735246435849457
0.9735281158083735
0.9735315880318014
0.9735350602552294
0.9735385324786571
0.9735420047020851
0.9735454769255127
0.9735489491489407
0.9735524213723685
0.9735558935957964
0.9735593658192242
0.9735628380426521
0.9735663102660799
0.9735697824895078
0.9735732547129358
0.9735767269363634
0.9735801991597914
0.9735836713832192
0.9735871436066471
0.9735906158300749
0.9735940880535028
0.9735975602769306
0.9736010325003585
0.9736045047237865
0.9736079769472141
0.9736114491706421
0.9736149213940698
0.9736183936174978
0.9736218658409257
0.9736253380643535
0.9736288102877815
0.9736322825112091
0.9736357547346371
0.9736392269580648
0.9736426991814928
0.9736461714049207
0.9736496436283485
0.9736531158517764
0.9736565880752042
0.9736600602986321
0.9736635325220598
0.9736670047454878
0.9736704769689155
0.9736739491923435
0.9736774214157714
0.9736808936391992
0.9736843658626271
0.9736878380860549
0.9736913103094827
0.9736947825329105
0.9736982547563385
0.9737017269797662
0.9737051992031942
0.9737086714266219
0.9737121436500499
0.9737156158734778
0.9737190880969055
0.9737225603203336
0.9737260325437612
0.9737295047671892
0.9737329769906169
0.9737364492140449
0.9737399214374728
0.9737433936609006
0.9737468658843285
0.9737503381077562
0.9737538103311842
0.9737572825546119
0.9737607547780399
0.9737642270014676
0.9737676992248956
0.9737711714483235
0.9737746436717513
0.9737781158951792
0.9737815881186069
0.9737850603420348
0.9737885325654626
0.9737920047888906
0.9737954770123183
0.9737989492357463
0.973802421459174
0.973805893682602
0.9738093659060298
0.9738128381294576
0.9738163103528857
0.9738197825763133
0.9738232547997413
0.973826727023169
0.973830199246597
0.9738336714700246
0.9738371436934526
0.9738406159168805
0.9738440881403083
0.9738475603637364
0.973851032587164
0.9738545048105921
0.9738579770340197
0.9738614492574478
0.9738649214808756
0.9738683937043033
0.9738718659277312
0.973875338151159
0.9738788103745869
0.9738822825980147
0.9738857548214428
0.9738892270448704
0.9738926992682985
0.9738961714917262
0.9738996437151541
0.9739031159385819
0.9739065881620098
0.9739100603854376
0.9739135326088654
0.9739170048322935
0.973920477055721
0.9739239492791492
0.9739274215025767
0.9739308937260048
0.9739343659494326
0.9739378381728605
0.9739413103962885
0.9739447826197162
0.9739482548431442
0.9739517270665718
0.9739551992899999
