0.7413197018471186
0.7413231740705465
0.7413266462939744
0.7413301185174024
0.7413335907408302
0.741337062964258
0.7413405351876858
0.7413440074111136
0.7413474796345415
0.7413509518579693
0.7413544240813973
0.7413578963048251
0.741361368528253
0.7413648407516809
0.7413683129751087
0.7413717851985365
0.7413752574219644
0.7413787296453922
0.7413822018688201
0.741385674092248
0.7413891463156758
0.7413926185391037
0.7413960907625315
0.7413995629859594
0.7414030352093872
0.7414065074328151
0.7414099796562429
0.7414134518796708
0.7414169241030986
0.7414203963265265
0.7414238685499545
0.7414273407733822
0.7414308129968101
0.7414342852202379
0.7414377574436658
0.7414412296670936
0.7414447018905215
0.7414481741139494
0.7414516463373771
0.741455118560805
0.7414585907842329
0.7414620630076608
0.7414655352310886
0.7414690074545165
0.7414724796779443
0.7414759519013722
0.7414794241248001
0.741482896348228
0.7414863685716557
0.7414898407950836
0.7414933130185115
0.7414967852419393
0.7415002574653672
0.741503729688795
0.7415072019122229
0.7415106741356506
0.7415141463590786
0.7415176185825065
0.7415210908059343
0.7415245630293622
0.74152803525279
0.7415315074762179
0.7415349796996457
0.7415384519230735
0.7415419241465014
0.7415453963699293
0.7415488685933571
0.741552340816785
0.7415558130402129
0.7415592852636407
0.7415627574870686
0.7415662297104963
0.7415697019339242
0.741573174157352
0.74157664638078
0.7415801186042079
0.7415835908276357
0.7415870630510636
0.7415905352744914
0.7415940074979193
0.741597479721347
0.7416009519447749
0.7416044241682028
0.7416078963916307
0.7416113686150585
0.7416148408384865
0.7416183130619143
0.7416217852853422
0.74162525750877
0.7416287297321977
0.7416322019556256
0.7416356741790535
0.7416391464024814
0.7416426186259092
0.7416460908493372
0.741649563072765
0.7416530352961929
0.7416565075196206
0.7416599797430485
0.7416634519664763
0.7416669241899042
0.7416703964133321
0.74167386863676
0.7416773408601879
0.7416808130836157
0.7416842853070436
0.7416877575304713
0.7416912297538992
0.741694701977327
0.7416981742007549
0.7417016464241828
0.7417051186476106
0.7417085908710386
0.7417120630944664
0.7417155353178942
0.741719007541322
0.7417224797647499
0.7417259519881777
0.7417294242116056
0.7417328964350335
0.7417363686584613
0.7417398408818893
0.741743313105317
0.7417467853287449
0.7417502575521727
0.7417537297756006
0.7417572019990284
0.7417606742224563
0.7417641464458842
0.7417676186693121
0.74177109089274
0.7417745631161677
0.7417780353395956
0.7417815075630234
0.7417849797864513
0.7417884520098791
0.7417919242333071
0.7417953964567349
0.7417988686801628
0.7418023409035907
0.7418058131270184
0.7418092853504463
0.7418127575738741
0.741816229797302
0.7418197020207298
0.7418231742441577
0.7418266464675856
0.7418301186910135
0.7418335909144413
0.7418370631378691
0.741840535361297
0.7418440075847248
0.7418474798081527
0.7418509520315805
0.7418544242550085
0.7418578964784363
0.7418613687018641
0.741864840925292
0.7418683131487198
0.7418717853721477
0.7418752575955755
0.7418787298190034
0.7418822020424312
0.7418856742658592
0.7418891464892869
0.7418926187127148
0.7418960909361427
0.7418995631595706
0.7419030353829984
0.7419065076064263
0.7419099798298541
0.7419134520532819
0.7419169242767097
0.7419203965001376
0.7419238687235656
0.7419273409469934
0.7419308131704213
0.7419342853938491
0.741937757617277
0.7419412298407048
0.7419447020641327
0.7419481742875605
0.7419516465109883
0.7419551187344162
0.7419585909578441
0.741962063181272
0.7419655354046998
0.7419690076281277
0.7419724798515555
0.7419759520749833
0.7419794242984112
0.741982896521839
0.7419863687452669
0.7419898409686948
0.7419933131921227
0.7419967854155505
0.7420002576389784
0.7420037298624061
0.742007202085834
0.7420106743092618
