0.5732640879389195
0.5732675601623473
0.573271032385775
0.573274504609203
0.5732779768326308
0.5732814490560587
0.5732849212794865
0.5732883935029144
0.5732918657263423
0.5732953379497702
0.573298810173198
0.5733022823966258
0.5733057546200537
0.5733092268434815
0.5733126990669094
0.5733161712903372
0.5733196435137651
0.573323115737193
0.5733265879606209
0.5733300601840486
0.5733335324074765
0.5733370046309044
0.5733404768543322
0.5733439490777601
0.5733474213011879
0.5733508935246158
0.5733543657480437
0.5733578379714716
0.5733613101948993
0.5733647824183272
0.5733682546417551
0.5733717268651829
0.5733751990886108
0.5733786713120386
0.5733821435354665
0.5733856157588944
0.5733890879823222
0.57339256020575
0.5733960324291779
0.5733995046526058
0.5734029768760337
0.5734064490994615
0.5734099213228894
0.5734133935463172
0.573416865769745
0.5734203379931729
0.5734238102166007
0.5734272824400286
0.5734307546634565
0.5734342268868844
0.5734376991103122
0.5734411713337401
0.5734446435571678
0.5734481157805957
0.5734515880040236
0.5734550602274514
0.5734585324508793
0.5734620046743072
0.5734654768977351
0.5734689491211629
0.5734724213445908
0.5734758935680185
0.5734793657914464
0.5734828380148743
0.5734863102383021
0.57348978246173
0.5734932546851579
0.5734967269085858
0.5735001991320136
0.5735036713554414
0.5735071435788692
0.5735106158022971
0.573514088025725
0.5735175602491528
0.5735210324725807
0.5735245046960086
0.5735279769194365
0.5735314491428642
0.5735349213662921
0.5735383935897199
0.5735418658131479
0.5735453380365757
0.5735488102600036
0.5735522824834314
0.5735557547068593
0.5735592269302872
0.5735626991537149
0.5735661713771428
0.5735696436005706
0.5735731158239986
0.5735765880474264
0.5735800602708543
0.5735835324942821
0.57358700471771
0.5735904769411379
0.5735939491645656
0.5735974213879935
0.5736008936114213
0.5736043658348493
0.5736078380582771
0.573611310281705
0.5736147825051328
0.5736182547285607
0.5736217269519885
0.5736251991754163
0.5736286713988442
0.573632143622272
0.5736356158457
0.5736390880691278
0.5736425602925557
0.5736460325159835
0.5736495047394113
0.5736529769628392
0.573656449186267
0.5736599214096949
0.5736633936331227
0.5736668658565507
0.5736703380799785
0.5736738103034064
0.5736772825268341
0.5736807547502621
0.5736842269736899
0.5736876991971178
0.5736911714205456
0.5736946436439734
0.5736981158674014
0.5737015880908292
0.573705060314257
0.5737085325376848
0.5737120047611128
0.5737154769845406
0.5737189492079685
0.5737224214313963
0.5737258936548242
0.5737293658782521
0.5737328381016799
0.5737363103251077
0.5737397825485355
0.5737432547719635
0.5737467269953913
0.5737501992188192
0.573753671442247
0.5737571436656749
0.5737606158891028
0.5737640881125305
0.5737675603359584
0.5737710325593862
0.5737745047828142
0.573777977006242
0.5737814492296699
0.5737849214530977
0.5737883936765256
0.5737918658999535
0.5737953381233812
0.5737988103468091
0.5738022825702369
0.5738057547936649
0.5738092270170927
0.5738126992405206
0.5738161714639484
0.5738196436873763
0.5738231159108041
0.573826588134232
0.5738300603576598
0.5738335325810877
0.5738370048045156
0.5738404770279434
0.5738439492513713
0.5738474214747991
0.573850893698227
0.5738543659216548
0.5738578381450827
0.5738613103685105
0.5738647825919384
0.5738682548153663
0.5738717270387941
0.573875199262222
0.5738786714856497
0.5738821437090776
0.5738856159325055
0.5738890881559334
0.5738925603793612
0.5738960326027891
0.573899504826217
0.5739029770496448
0.5739064492730727
0.5739099214965004
0.5739133937199283
0.5739168659433562
0.5739203381667841
0.5739238103902119
0.5739272826136398
0.5739307548370677
0.5739342270604955
0.5739376992839234
0.5739411715073511
0.573944643730779
0.5739481159542069
0.5739515881776348
0.5739550604010626
