0.40312513997400695
0.4031286121974348
0.4031320844208626
0.40313555664429046
0.40313902886771835
0.4031425010911462
0.403145973314574
0.4031494455380019
0.4031529177614298
0.40315638998485764
0.4031598622082855
0.4031633344317133
0.40316680665514115
0.40317027887856904
0.4031737511019969
0.4031772233254247
0.4031806955488526
0.4031841677722805
0.40318763999570834
0.40319111221913617
0.40319458444256406
0.4031980566659919
0.40320152888941974
0.40320500111284757
0.40320847333627546
0.4032119455597033
0.4032154177831312
0.403218890006559
0.40322236222998686
0.40322583445341476
0.4032293066768426
0.4032327789002704
0.40323625112369826
0.40323972334712616
0.403243195570554
0.40324666779398183
0.4032501400174097
0.40325361224083756
0.40325708446426545
0.4032605566876933
0.4032640289111212
0.403267501134549
0.40327097335797685
0.4032744455814047
0.4032779178048326
0.4032813900282604
0.40328486225168825
0.40328833447511614
0.403291806698544
0.40329527892197187
0.4032987511453997
0.40330222336882754
0.4033056955922554
0.40330916781568327
0.4033126400391111
0.40331611226253894
0.40331958448596683
0.40332305670939467
0.40332652893282256
0.4033300011562504
0.4033334733796783
0.4033369456031061
0.40334041782653396
0.4033438900499618
0.40334736227338963
0.4033508344968175
0.40335430672024536
0.40335777894367325
0.4033612511671011
0.403364723390529
0.4033681956139568
0.40337166783738465
0.4033751400608125
0.4033786122842403
0.4033820845076682
0.40338555673109605
0.40338902895452394
0.4033925011779518
0.4033959734013796
0.4033994456248075
0.4034029178482354
0.40340639007166323
0.40340986229509107
0.4034133345185189
0.40341680674194674
0.40342027896537463
0.40342375118880247
0.4034272234122303
0.4034306956356582
0.4034341678590861
0.4034376400825139
0.40344111230594176
0.4034445845293696
0.40344805675279743
0.4034515289762253
0.40345500119965316
0.40345847342308105
0.4034619456465089
0.4034654178699368
0.4034688900933646
0.40347236231679245
0.40347583454022035
0.4034793067636482
0.403482778987076
0.40348625121050385
0.40348972343393175
0.4034931956573596
0.4034966678807874
0.4035001401042153
0.40350361232764315
0.40350708455107104
0.4035105567744989
0.4035140289979267
0.40351750122135455
0.4035209734447824
0.4035244456682103
0.40352791789163817
0.403531390115066
0.40353486233849384
0.40353833456192173
0.40354180678534957
0.40354527900877746
0.4035487512322053
0.40355222345563313
0.40355569567906097
0.40355916790248886
0.4035626401259167
0.40356611234934453
0.4035695845727724
0.40357305679620026
0.40357652901962815
0.403580001243056
0.4035834734664839
0.40358694568991166
0.40359041791333955
0.4035938901367674
0.4035973623601952
0.4036008345836231
0.40360430680705095
0.40360777903047884
0.4036112512539067
0.40361472347733457
0.4036181957007624
0.40362166792419024
0.4036251401476181
0.4036286123710459
0.4036320845944738
0.40363555681790164
0.40363902904132953
0.40364250126475737
0.4036459734881852
0.4036494457116131
0.403652917935041
0.40365639015846877
0.4036598623818966
0.4036633346053245
0.40366680682875233
0.4036702790521802
0.40367375127560806
0.4036772234990359
0.4036806957224638
0.4036841679458917
0.4036876401693195
0.40369111239274735
0.4036945846161752
0.403698056839603
0.4037015290630309
0.40370500128645875
0.4037084735098866
0.4037119457333145
0.4037154179567424
0.4037188901801702
0.40372236240359805
0.4037258346270259
0.4037293068504537
0.4037327790738816
0.40373625129730945
0.40373972352073734
0.4037431957441652
0.403746667967593
0.4037501401910209
0.40375361241444874
0.40375708463787663
0.40376055686130446
0.4037640290847323
0.40376750130816014
0.403770973531588
0.40377444575501586
0.40377791797844376
0.4037813902018716
0.40378486242529943
0.4037883346487273
0.40379180687215516
0.40379527909558305
0.40379875131901083
0.40380222354243867
0.40380569576586656
0.40380916798929445
0.4038126402127223
0.4038161124361501
