0.44756959985055544
0.4475730720739834
0.4475765442974112
0.44758001652083906
0.4475834887442669
0.4475869609676948
0.4475904331911226
0.44759390541455046
0.4475973776379783
0.44760084986140614
0.4476043220848341
0.4476077943082619
0.44761126653168976
0.4476147387551176
0.4476182109785455
0.4476216832019733
0.44762515542540116
0.447628627648829
0.44763209987225683
0.4476355720956848
0.4476390443191126
0.44764251654254045
0.4476459887659683
0.44764946098939623
0.44765293321282407
0.4476564054362519
0.44765987765967974
0.4476633498831076
0.44766682210653547
0.4476702943299633
0.44767376655339114
0.447677238776819
0.4476807110002469
0.44768418322367476
0.4476876554471026
0.44769112767053043
0.44769459989395827
0.44769807211738616
0.447701544340814
0.44770501656424183
0.44770848878766967
0.4477119610110976
0.44771543323452545
0.4477189054579533
0.4477223776813811
0.44772584990480896
0.44772932212823685
0.4477327943516647
0.4477362665750925
0.44773973879852036
0.4477432110219483
0.44774668324537614
0.447750155468804
0.4477536276922318
0.44775709991565965
0.44776057213908754
0.4477640443625154
0.4477675165859432
0.44777098880937105
0.447774461032799
0.44777793325622683
0.44778140547965467
0.4477848777030825
0.44778834992651034
0.4477918221499383
0.4477952943733661
0.44779876659679396
0.4478022388202218
0.4478057110436497
0.4478091832670775
0.44781265549050536
0.4478161277139332
0.44781959993736103
0.447823072160789
0.4478265443842168
0.44783001660764465
0.4478334888310725
0.4478369610545004
0.4478404332779282
0.44784390550135605
0.4478473777247839
0.4478508499482117
0.4478543221716397
0.4478577943950675
0.44786126661849535
0.4478647388419232
0.4478682110653511
0.4478716832887789
0.44787515551220675
0.4478786277356346
0.4478820999590624
0.44788557218249037
0.4478890444059182
0.44789251662934604
0.4478959888527739
0.4478994610762018
0.4479029332996296
0.44790640552305744
0.4479098777464853
0.4479133499699131
0.44791682219334106
0.4479202944167689
0.44792376664019673
0.44792723886362457
0.4479307110870525
0.44793418331048035
0.4479376555339082
0.447941127757336
0.44794459998076386
0.44794807220419175
0.4479515444276196
0.4479550166510474
0.44795848887447526
0.4479619610979032
0.44796543332133104
0.4479689055447589
0.4479723777681867
0.44797584999161455
0.44797932221504244
0.4479827944384703
0.4479862666618981
0.44798973888532595
0.4479932111087539
0.44799668333218173
0.44800015555560957
0.4480036277790374
0.44800710000246524
0.44801057222589313
0.44801404444932097
0.4480175166727488
0.44802098889617664
0.4480244611196046
0.4480279333430324
0.44803140556646026
0.4480348777898881
0.44803835001331593
0.4480418222367439
0.44804529446017166
0.4480487666835995
0.44805223890702733
0.4480557111304553
0.4480591833538831
0.44806265557731095
0.4480661278007388
0.4480696000241666
0.4480730722475946
0.4480765444710224
0.44808001669445024
0.4480834889178781
0.448086961141306
0.4480904333647338
0.44809390558816165
0.4480973778115895
0.4481008500350173
0.44810432225844526
0.4481077944818731
0.44811126670530094
0.4481147389287288
0.44811821115215666
0.4481216833755845
0.44812515559901234
0.4481286278224402
0.448132100045868
0.44813557226929596
0.4481390444927238
0.44814251671615163
0.44814598893957946
0.44814946116300736
0.4481529333864352
0.44815640560986303
0.44815987783329087
0.4481633500567187
0.44816682228014665
0.4481702945035745
0.4481737667270023
0.44817723895043016
0.4481807111738581
0.44818418339728594
0.4481876556207137
0.44819112784414156
0.4481946000675694
0.44819807229099734
0.4482015445144252
0.448205016737853
0.44820848896128085
0.4482119611847088
0.44821543340813663
0.44821890563156447
0.4482223778549923
0.44822585007842014
0.44822932230184803
0.44823279452527587
0.4482362667487037
0.44823973897213154
0.4482432111955595
0.4482466834189873
0.44825015564241516
0.448253627865843
0.44825710008927083
0.4482605723126987
