0.151041719111708
0.15104519133513583
0.15104866355856372
0.15105213578199156
0.15105560800541945
0.15105908022884726
0.15106255245227515
0.15106602467570293
0.15106949689913082
0.15107296912255871
0.15107644134598655
0.15107991356941441
0.15108338579284225
0.15108685801627014
0.151090330239698
0.15109380246312581
0.15109727468655368
0.15110074690998151
0.1511042191334094
0.15110769135683727
0.1511111635802651
0.151114635803693
0.15111810802712078
0.15112158025054867
0.15112505247397656
0.1511285246974044
0.15113199692083226
0.1511354691442601
0.151138941367688
0.15114241359111577
0.15114588581454366
0.15114935803797153
0.15115283026139936
0.15115630248482725
0.1511597747082551
0.15116324693168295
0.1511667191551108
0.15117019137853863
0.15117366360196652
0.15117713582539435
0.15118060804882222
0.1511840802722501
0.1511875524956779
0.15119102471910578
0.15119449694253362
0.1511979691659615
0.15120144138938937
0.1512049136128172
0.1512083858362451
0.15121185805967288
0.15121533028310077
0.1512188025065286
0.15122227472995647
0.15122574695338437
0.1512292191768122
0.15123269140024007
0.15123616362366787
0.15123963584709574
0.15124310807052363
0.15124658029395147
0.15125005251737933
0.15125352474080717
0.15125699696423506
0.15126046918766295
0.15126394141109073
0.15126741363451862
0.15127088585794646
0.15127435808137432
0.1512778303048022
0.15128130252823005
0.15128477475165789
0.15128824697508572
0.15129171919851359
0.15129519142194142
0.1512986636453693
0.15130213586879718
0.15130560809222499
0.15130908031565285
0.15131255253908069
0.15131602476250858
0.15131949698593647
0.15132296920936428
0.15132644143279217
0.15132991365621995
0.15133338587964784
0.15133685810307573
0.15134033032650357
0.15134380254993143
0.15134727477335927
0.15135074699678716
0.15135421922021494
0.15135769144364283
0.1513611636670707
0.15136463589049853
0.15136810811392643
0.15137158033735426
0.15137505256078213
0.15137852478421002
0.1513819970076378
0.1513854692310657
0.15138894145449353
0.1513924136779214
0.15139588590134928
0.15139935812477712
0.15140283034820495
0.1514063025716328
0.15140977479506068
0.15141324701848854
0.15141671924191638
0.15142019146534427
0.1514236636887721
0.15142713591219994
0.15143060813562778
0.15143408035905565
0.15143755258248354
0.15144102480591137
0.15144449702933924
0.15144796925276705
0.1514514414761949
0.1514549136996228
0.15145838592305064
0.15146185814647853
0.15146533036990634
0.15146880259333423
0.15147227481676212
0.1514757470401899
0.1514792192636178
0.15148269148704563
0.1514861637104735
0.15148963593390138
0.15149310815732922
0.15149658038075708
0.1515000526041849
0.15150352482761276
0.1515069970510406
0.15151046927446848
0.15151394149789635
0.15151741372132418
0.15152088594475208
0.15152435816817986
0.15152783039160775
0.15153130261503564
0.15153477483846345
0.15153824706189134
0.15154171928531918
0.151545191508747
0.1515486637321749
0.15155213595560274
0.1515556081790306
0.15155908040245844
0.15156255262588633
0.15156602484931417
0.151569497072742
0.15157296929616987
0.1515764415195977
0.1515799137430256
0.15158338596645343
0.1515868581898813
0.1515903304133092
0.15159380263673697
0.15159727486016486
0.1516007470835927
0.1516042193070206
0.15160769153044845
0.1516111637538763
0.15161463597730418
0.15161810820073196
0.15162158042415985
0.15162505264758772
0.15162852487101555
0.15163199709444344
0.15163546931787128
0.15163894154129914
0.15164241376472695
0.15164588598815482
0.1516493582115827
0.15165283043501054
0.1516563026584384
0.15165977488186624
0.15166324710529414
0.15166671932872197
0.1516701915521498
0.1516736637755777
0.1516771359990055
0.1516806082224334
0.1516840804458613
0.15168755266928907
0.15169102489271696
0.1516944971161448
0.15169796933957266
0.15170144156300056
0.1517049137864284
0.15170838600985626
0.15171185823328406
0.15171533045671193
0.15171880268013976
0.15172227490356766
0.15172574712699552
0.15172921935042336
0.15173269157385125
