0.9177086519821709
0.9177121242055987
0.9177155964290266
0.9177190686524543
0.9177225408758822
0.91772601309931
0.917729485322738
0.9177329575461657
0.9177364297695937
0.9177399019930216
0.9177433742164494
0.9177468464398773
0.917750318663305
0.9177537908867329
0.9177572631101607
0.9177607353335888
0.9177642075570166
0.9177676797804444
0.9177711520038723
0.9177746242273
0.9177780964507279
0.9177815686741557
0.9177850408975836
0.9177885131210114
0.9177919853444393
0.9177954575678671
0.9177989297912952
0.917802402014723
0.9178058742381509
0.9178093464615786
0.9178128186850064
0.9178162909084343
0.9178197631318621
0.9178232353552902
0.9178267075787178
0.9178301798021459
0.9178336520255737
0.9178371242490015
0.9178405964724293
0.9178440686958572
0.917847540919285
0.9178510131427129
0.9178544853661409
0.9178579575895685
0.9178614298129966
0.9178649020364243
0.9178683742598522
0.91787184648328
0.9178753187067079
0.9178787909301357
0.9178822631535636
0.9178857353769916
0.9178892076004193
0.9178926798238473
0.917896152047275
0.9178996242707029
0.9179030964941307
0.9179065687175586
0.9179100409409864
0.9179135131644143
0.9179169853878423
0.91792045761127
0.917923929834698
0.9179274020581257
0.9179308742815536
0.9179343465049814
0.9179378187284093
0.9179412909518371
0.917944763175265
0.917948235398693
0.9179517076221206
0.9179551798455486
0.9179586520689764
0.9179621242924043
0.9179655965158321
0.91796906873926
0.9179725409626878
0.9179760131861157
0.9179794854095437
0.9179829576329714
0.9179864298563993
0.9179899020798271
0.917993374303255
0.9179968465266828
0.9180003187501107
0.9180037909735385
0.9180072631969663
0.9180107354203941
0.918014207643822
0.91801767986725
0.9180211520906778
0.9180246243141057
0.9180280965375335
0.9180315687609614
0.9180350409843892
0.918038513207817
0.918041985431245
0.9180454576546727
0.9180489298781007
0.9180524021015285
0.9180558743249564
0.9180593465483842
0.9180628187718121
0.9180662909952398
0.9180697632186677
0.9180732354420957
0.9180767076655236
0.9180801798889514
0.9180836521123793
0.9180871243358071
0.918090596559235
0.9180940687826628
0.9180975410060905
0.9181010132295184
0.9181044854529462
0.9181079576763741
0.9181114298998021
0.91811490212323
0.9181183743466578
0.9181218465700857
0.9181253187935134
0.9181287910169413
0.9181322632403691
0.9181357354637971
0.9181392076872248
0.9181426799106528
0.9181461521340807
0.9181496243575085
0.9181530965809364
0.9181565688043641
0.918160041027792
0.9181635132512198
0.9181669854746478
0.9181704576980757
0.9181739299215035
0.9181774021449314
0.9181808743683592
0.918184346591787
0.9181878188152148
0.9181912910386427
0.9181947632620705
0.9181982354854984
0.9182017077089262
0.9182051799323542
0.9182086521557821
0.9182121243792098
0.9182155966026377
0.9182190688260655
0.9182225410494934
0.9182260132729212
0.9182294854963492
0.9182329577197769
0.9182364299432049
0.9182399021666328
0.9182433743900605
0.9182468466134884
0.9182503188369162
0.9182537910603441
0.9182572632837719
0.9182607355071999
0.9182642077306278
0.9182676799540556
0.9182711521774835
0.9182746244009112
0.9182780966243391
0.9182815688477669
0.9182850410711948
0.9182885132946226
0.9182919855180505
0.9182954577414782
0.9182989299649063
0.9183024021883341
0.9183058744117619
0.9183093466351898
0.9183128188586176
0.9183162910820455
0.9183197633054733
0.9183232355289014
0.9183267077523289
0.918330179975757
0.9183336521991848
0.9183371244226126
0.9183405966460405
0.9183440688694683
0.9183475410928962
0.918351013316324
0.9183544855397521
0.9183579577631796
0.9183614299866077
0.9183649022100355
0.9183683744334634
0.9183718466568912
0.9183753188803191
0.9183787911037469
0.9183822633271747
0.9183857355506028
0.9183892077740303
0.9183926799974584
0.9183961522208862
0.9183996244443141
