0.48715294692810657
0.4871564191515344
0.48715989137496224
0.4871633635983901
0.487166835821818
0.48717030804524586
0.4871737802686737
0.48717725249210153
0.4871807247155294
0.48718419693895726
0.4871876691623851
0.48719114138581293
0.48719461360924077
0.4871980858326687
0.48720155805609655
0.4872050302795244
0.4872085025029522
0.48721197472638017
0.487215446949808
0.4872189191732358
0.4872223913966636
0.48722586362009146
0.4872293358435194
0.48723280806694724
0.4872362802903751
0.4872397525138029
0.48724322473723086
0.4872466969606587
0.48725016918408653
0.48725364140751437
0.4872571136309422
0.4872605858543701
0.48726405807779793
0.48726753030122577
0.4872710025246536
0.48727447474808155
0.4872779469715094
0.4872814191949372
0.48728489141836506
0.4872883636417929
0.4872918358652208
0.4872953080886486
0.48729878031207646
0.4873022525355043
0.48730572475893225
0.4873091969823601
0.4873126692057879
0.48731614142921575
0.4873196136526436
0.4873230858760715
0.4873265580994993
0.48733003032292715
0.487333502546355
0.48733697476978294
0.4873404469932108
0.4873439192166386
0.48734739144006645
0.4873508636634943
0.48735433588692223
0.48735780811035007
0.48736128033377785
0.4873647525572057
0.48736822478063363
0.48737169700406147
0.4873751692274893
0.48737864145091714
0.487382113674345
0.4873855858977729
0.48738905812120076
0.4873925303446286
0.48739600256805643
0.4873994747914843
0.48740294701491216
0.48740641923834
0.48740989146176783
0.48741336368519567
0.4874168359086236
0.48742030813205145
0.4874237803554793
0.4874272525789071
0.487430724802335
0.48743419702576285
0.4874376692491907
0.4874411414726185
0.48744461369604636
0.4874480859194743
0.48745155814290214
0.48745503036633
0.4874585025897578
0.4874619748131857
0.48746544703661354
0.4874689192600414
0.4874723914834692
0.48747586370689705
0.487479335930325
0.48748280815375283
0.48748628037718067
0.4874897526006085
0.48749322482403645
0.4874966970474643
0.4875001692708921
0.4875036414943199
0.48750711371774774
0.4875105859411757
0.4875140581646035
0.48751753038803136
0.4875210026114592
0.48752447483488714
0.487527947058315
0.4875314192817428
0.48753489150517065
0.4875383637285985
0.4875418359520264
0.4875453081754542
0.48754878039888205
0.4875522526223099
0.48755572484573784
0.4875591970691657
0.4875626692925935
0.48756614151602135
0.4875696137394492
0.4875730859628771
0.4875765581863049
0.48758003040973275
0.4875835026331606
0.48758697485658853
0.48759044708001636
0.4875939193034442
0.48759739152687204
0.4876008637502999
0.48760433597372776
0.4876078081971556
0.48761128042058344
0.4876147526440113
0.4876182248674392
0.48762169709086706
0.4876251693142949
0.48762864153772273
0.48763211376115057
0.4876355859845785
0.48763905820800635
0.4876425304314342
0.48764600265486197
0.4876494748782899
0.48765294710171775
0.4876564193251456
0.4876598915485734
0.48766336377200126
0.4876668359954292
0.48767030821885704
0.4876737804422849
0.4876772526657127
0.4876807248891406
0.48768419711256844
0.4876876693359963
0.4876911415594241
0.48769461378285195
0.4876980860062799
0.48770155822970773
0.48770503045313557
0.4877085026765634
0.4877119748999913
0.48771544712341913
0.48771891934684697
0.4877223915702748
0.48772586379370264
0.4877293360171306
0.4877328082405584
0.48773628046398626
0.4877397526874141
0.487743224910842
0.4877466971342698
0.48775016935769766
0.4877536415811255
0.48775711380455333
0.4877605860279813
0.4877640582514091
0.48776753047483695
0.4877710026982648
0.48777447492169274
0.48777794714512057
0.4877814193685484
0.48778489159197624
0.487788363815404
0.48779183603883197
0.4877953082622598
0.48779878048568764
0.4878022527091155
0.4878057249325434
0.48780919715597126
0.4878126693793991
0.48781614160282694
0.48781961382625477
0.48782308604968266
0.4878265582731105
0.48783003049653834
0.48783350271996617
0.4878369749433941
0.48784044716682196
0.4878439193902498
