0.20798618332853586
0.20798965555196375
0.20799312777539158
0.20799659999881942
0.20800007222224726
0.20800354444567512
0.208007016669103
0.20801048889253085
0.20801396111595874
0.20801743333938652
0.20802090556281438
0.20802437778624228
0.2080278500096701
0.208031322233098
0.20803479445652584
0.2080382666799537
0.2080417389033816
0.20804521112680938
0.20804868335023727
0.2080521555736651
0.20805562779709297
0.2080591000205208
0.2080625722439487
0.20806604446737656
0.20806951669080437
0.20807298891423223
0.20807646113766007
0.20807993336108796
0.20808340558451585
0.2080868778079437
0.20809035003137155
0.20809382225479933
0.20809729447822722
0.20810076670165512
0.20810423892508295
0.20810771114851082
0.20811118337193865
0.2081146555953665
0.20811812781879432
0.20812160004222222
0.20812507226565008
0.20812854448907792
0.2081320167125058
0.20813548893593364
0.20813896115936148
0.20814243338278934
0.20814590560621718
0.20814937782964507
0.2081528500530729
0.2081563222765008
0.20815979449992866
0.20816326672335644
0.20816673894678434
0.20817021117021217
0.20817368339364006
0.20817715561706793
0.20818062784049576
0.20818410006392365
0.20818757228735144
0.20819104451077933
0.20819451673420716
0.20819798895763503
0.20820146118106292
0.20820493340449076
0.20820840562791862
0.20821187785134643
0.2082153500747743
0.20821882229820218
0.20822229452163002
0.2082257667450579
0.20822923896848575
0.2082327111919136
0.20823618341534145
0.20823965563876928
0.20824312786219717
0.208246600085625
0.20825007230905287
0.20825354453248077
0.20825701675590855
0.20826048897933644
0.20826396120276428
0.20826743342619214
0.20827090564961998
0.20827437787304787
0.20827785009647573
0.20828132231990354
0.2082847945433314
0.20828826676675924
0.20829173899018713
0.20829521121361502
0.20829868343704286
0.20830215566047072
0.2083056278838985
0.2083091001073264
0.2083125723307543
0.20831604455418212
0.20831951677761
0.20832298900103782
0.20832646122446571
0.2083299334478935
0.2083334056713214
0.20833687789474925
0.2083403501181771
0.20834382234160498
0.20834729456503281
0.20835076678846068
0.20835423901188851
0.20835771123531635
0.20836118345874424
0.20836465568217208
0.20836812790559997
0.20837160012902783
0.20837507235245567
0.2083785445758835
0.20838201679931134
0.20838548902273923
0.2083889612461671
0.20839243346959493
0.20839590569302283
0.2083993779164506
0.2084028501398785
0.20840632236330633
0.2084097945867342
0.2084132668101621
0.20841673903358993
0.2084202112570178
0.2084236834804456
0.20842715570387346
0.20843062792730135
0.2084341001507292
0.20843757237415708
0.20844104459758492
0.20844451682101278
0.20844798904444067
0.20845146126786845
0.20845493349129635
0.20845840571472418
0.20846187793815205
0.20846535016157994
0.20846882238500777
0.20847229460843564
0.20847576683186345
0.2084792390552913
0.20848271127871915
0.20848618350214704
0.20848965572557493
0.20849312794900274
0.20849660017243057
0.2085000723958584
0.2085035446192863
0.2085070168427142
0.20851048906614203
0.2085139612895699
0.20851743351299767
0.20852090573642557
0.20852437795985346
0.2085278501832813
0.20853132240670916
0.208534794630137
0.20853826685356489
0.20854173907699267
0.20854521130042056
0.20854868352384842
0.20855215574727626
0.20855562797070415
0.20855910019413199
0.20856257241755985
0.20856604464098774
0.20856951686441552
0.2085729890878434
0.20857646131127125
0.20857993353469914
0.208583405758127
0.20858687798155484
0.20859035020498273
0.2085938224284105
0.2085972946518384
0.20860076687526627
0.2086042390986941
0.208607711322122
0.20861118354554983
0.20861465576897767
0.2086181279924055
0.20862160021583337
0.20862507243926126
0.2086285446626891
0.208632016886117
0.2086354891095448
0.20863896133297263
0.20864243355640053
0.20864590577982836
0.20864937800325625
0.2086528502266841
0.20865632245011195
0.20865979467353984
0.20866326689696763
0.20866673912039552
0.20867021134382335
0.20867368356725122
0.2086771557906791
