0.6392363330681712
0.639239805291599
0.639243277515027
0.6392467497384547
0.6392502219618826
0.6392536941853104
0.6392571664087383
0.6392606386321662
0.6392641108555941
0.6392675830790219
0.6392710553024498
0.6392745275258777
0.6392779997493054
0.6392814719727333
0.6392849441961611
0.639288416419589
0.6392918886430169
0.6392953608664448
0.6392988330898726
0.6393023053133005
0.6393057775367283
0.6393092497601561
0.639312721983584
0.6393161942070118
0.6393196664304397
0.6393231386538676
0.6393266108772955
0.6393300831007233
0.6393335553241511
0.639337027547579
0.6393404997710068
0.6393439719944347
0.6393474442178625
0.6393509164412904
0.6393543886647183
0.6393578608881462
0.639361333111574
0.639364805335002
0.6393682775584297
0.6393717497818576
0.6393752220052854
0.6393786942287132
0.6393821664521411
0.639385638675569
0.6393891108989969
0.6393925831224246
0.6393960553458525
0.6393995275692804
0.6394029997927083
0.6394064720161361
0.639409944239564
0.6394134164629918
0.6394168886864197
0.6394203609098476
0.6394238331332753
0.6394273053567033
0.6394307775801311
0.639434249803559
0.6394377220269868
0.6394411942504147
0.6394446664738425
0.6394481386972704
0.6394516109206982
0.639455083144126
0.639458555367554
0.6394620275909818
0.6394654998144097
0.6394689720378375
0.6394724442612654
0.6394759164846933
0.639479388708121
0.6394828609315489
0.6394863331549767
0.6394898053784046
0.6394932776018325
0.6394967498252604
0.6395002220486882
0.6395036942721161
0.6395071664955438
0.6395106387189718
0.6395141109423996
0.6395175831658275
0.6395210553892554
0.6395245276126832
0.6395279998361111
0.6395314720595389
0.6395349442829668
0.6395384165063945
0.6395418887298225
0.6395453609532503
0.6395488331766782
0.639552305400106
0.6395557776235339
0.6395592498469618
0.6395627220703896
0.6395661942938174
0.6395696665172452
0.6395731387406732
0.639576610964101
0.6395800831875289
0.6395835554109567
0.6395870276343846
0.6395904998578125
0.6395939720812402
0.6395974443046681
0.6396009165280959
0.6396043887515239
0.6396078609749517
0.6396113331983796
0.6396148054218075
0.6396182776452353
0.6396217498686632
0.6396252220920909
0.6396286943155188
0.6396321665389467
0.6396356387623746
0.6396391109858024
0.6396425832092303
0.6396460554326581
0.6396495276560861
0.6396529998795139
0.6396564721029417
0.6396599443263695
0.6396634165497973
0.6396668887732252
0.6396703609966531
0.639673833220081
0.6396773054435089
0.6396807776669368
0.6396842498903645
0.6396877221137924
0.6396911943372202
0.6396946665606481
0.639698138784076
0.6397016110075038
0.6397050832309317
0.6397085554543596
0.6397120276777875
0.6397154999012152
0.6397189721246431
0.6397224443480709
0.6397259165714988
0.6397293887949267
0.6397328610183545
0.6397363332417824
0.6397398054652101
0.6397432776886381
0.6397467499120659
0.6397502221354938
0.6397536943589216
0.6397571665823495
0.6397606388057774
0.6397641110292052
0.639767583252633
0.639771055476061
0.6397745276994888
0.6397779999229166
0.6397814721463445
0.6397849443697723
0.6397884165932002
0.6397918888166281
0.639795361040056
0.6397988332634837
0.6398023054869116
0.6398057777103395
0.6398092499337673
0.6398127221571952
0.639816194380623
0.6398196666040509
0.6398231388274788
0.6398266110509067
0.6398300832743344
0.6398335554977623
0.6398370277211902
0.639840499944618
0.6398439721680459
0.6398474443914737
0.6398509166149016
0.6398543888383295
0.6398578610617573
0.6398613332851851
0.639864805508613
0.6398682777320409
0.6398717499554687
0.6398752221788966
0.6398786944023244
0.6398821666257524
0.6398856388491801
0.639889111072608
0.6398925832960358
0.6398960555194637
0.6398995277428916
0.6399029999663194
0.6399064721897473
0.6399099444131751
0.639913416636603
0.6399168888600307
0.6399203610834587
0.6399238333068865
0.6399273055303145
