0.6836807929447198
0.6836842651681476
0.6836877373915755
0.6836912096150033
0.6836946818384312
0.6836981540618591
0.6837016262852869
0.6837050985087147
0.6837085707321425
0.6837120429555705
0.6837155151789983
0.6837189874024262
0.683722459625854
0.6837259318492819
0.6837294040727098
0.6837328762961375
0.6837363485195654
0.6837398207429933
0.6837432929664212
0.683746765189849
0.6837502374132769
0.6837537096367047
0.6837571818601326
0.6837606540835605
0.6837641263069884
0.6837675985304161
0.683771070753844
0.6837745429772719
0.6837780152006997
0.6837814874241276
0.6837849596475554
0.6837884318709833
0.6837919040944112
0.683795376317839
0.6837988485412668
0.6838023207646947
0.6838057929881226
0.6838092652115504
0.6838127374349783
0.6838162096584061
0.683819681881834
0.6838231541052618
0.6838266263286897
0.6838300985521175
0.6838335707755454
0.6838370429989733
0.6838405152224011
0.683843987445829
0.6838474596692568
0.6838509318926848
0.6838544041161125
0.6838578763395404
0.6838613485629682
0.6838648207863961
0.683868293009824
0.6838717652332518
0.6838752374566797
0.6838787096801074
0.6838821819035353
0.6838856541269631
0.6838891263503911
0.6838925985738189
0.6838960707972469
0.6838995430206747
0.6839030152441026
0.6839064874675304
0.6839099596909581
0.683913431914386
0.6839169041378139
0.6839203763612418
0.6839238485846696
0.6839273208080976
0.6839307930315254
0.6839342652549533
0.683937737478381
0.6839412097018089
0.6839446819252368
0.6839481541486646
0.6839516263720925
0.6839550985955203
0.6839585708189482
0.6839620430423761
0.683965515265804
0.6839689874892317
0.6839724597126596
0.6839759319360874
0.6839794041595153
0.6839828763829432
0.683986348606371
0.683989820829799
0.6839932930532268
0.6839967652766547
0.6840002375000824
0.6840037097235103
0.6840071819469381
0.684010654170366
0.6840141263937939
0.6840175986172217
0.6840210708406497
0.6840245430640775
0.6840280152875053
0.6840314875109331
0.684034959734361
0.6840384319577888
0.6840419041812168
0.6840453764046446
0.6840488486280725
0.6840523208515004
0.6840557930749281
0.684059265298356
0.6840627375217838
0.6840662097452117
0.6840696819686395
0.6840731541920675
0.6840766264154953
0.6840800986389232
0.684083570862351
0.6840870430857788
0.6840905153092067
0.6840939875326345
0.6840974597560624
0.6841009319794903
0.6841044042029182
0.684107876426346
0.6841113486497739
0.6841148208732016
0.6841182930966295
0.6841217653200574
0.6841252375434852
0.6841287097669131
0.6841321819903409
0.6841356542137688
0.6841391264371967
0.6841425986606245
0.6841460708840524
0.6841495431074802
0.6841530153309081
0.6841564875543359
0.6841599597777638
0.6841634320011916
0.6841669042246196
0.6841703764480473
0.6841738486714752
0.6841773208949031
0.684180793118331
0.6841842653417588
0.6841877375651867
0.6841912097886145
0.6841946820120424
0.6841981542354703
0.684201626458898
0.6842050986823259
0.6842085709057537
0.6842120431291817
0.6842155153526095
0.6842189875760374
0.6842224597994652
0.6842259320228931
0.684229404246321
0.6842328764697487
0.6842363486931766
0.6842398209166045
0.6842432931400324
0.6842467653634602
0.6842502375868881
0.6842537098103159
0.6842571820337437
0.6842606542571716
0.6842641264805994
0.6842675987040273
0.6842710709274552
0.6842745431508831
0.6842780153743109
0.6842814875977388
0.6842849598211665
0.6842884320445944
0.6842919042680223
0.6842953764914501
0.684298848714878
0.6843023209383059
0.6843057931617338
0.6843092653851616
0.6843127376085895
0.6843162098320172
0.6843196820554451
0.684323154278873
0.6843266265023009
0.6843300987257287
0.6843335709491566
0.6843370431725845
0.6843405153960123
0.6843439876194402
0.6843474598428679
0.6843509320662959
0.6843544042897237
0.6843578765131516
0.6843613487365794
0.6843648209600073
0.6843682931834352
0.684371765406863
