0.5079862874952387
0.5079897597186666
0.5079932319420944
0.5079967041655223
0.5080001763889501
0.508003648612378
0.5080071208358058
0.5080105930592337
0.5080140652826616
0.5080175375060894
0.5080210097295172
0.5080244819529451
0.508027954176373
0.5080314263998008
0.5080348986232287
0.5080383708466565
0.5080418430700844
0.5080453152935123
0.50804878751694
0.5080522597403679
0.5080557319637958
0.5080592041872237
0.5080626764106515
0.5080661486340794
0.5080696208575072
0.5080730930809351
0.508076565304363
0.5080800375277907
0.5080835097512186
0.5080869819746465
0.5080904541980744
0.5080939264215022
0.5080973986449301
0.5081008708683579
0.5081043430917859
0.5081078153152137
0.5081112875386414
0.5081147597620693
0.5081182319854972
0.5081217042089251
0.5081251764323529
0.5081286486557808
0.5081321208792086
0.5081355931026366
0.5081390653260643
0.5081425375494922
0.50814600977292
0.5081494819963479
0.5081529542197758
0.5081564264432036
0.5081598986666315
0.5081633708900593
0.5081668431134873
0.508170315336915
0.5081737875603429
0.5081772597837707
0.5081807320071986
0.5081842042306265
0.5081876764540543
0.5081911486774822
0.5081946209009099
0.508198093124338
0.5082015653477657
0.5082050375711936
0.5082085097946214
0.5082119820180493
0.5082154542414772
0.508218926464905
0.5082223986883329
0.5082258709117606
0.5082293431351886
0.5082328153586164
0.5082362875820443
0.5082397598054721
0.5082432320289001
0.5082467042523279
0.5082501764757557
0.5082536486991835
0.5082571209226113
0.5082605931460393
0.5082640653694671
0.508267537592895
0.5082710098163228
0.5082744820397508
0.5082779542631786
0.5082814264866065
0.5082848987100342
0.5082883709334621
0.50829184315689
0.5082953153803178
0.5082987876037457
0.5083022598271735
0.5083057320506015
0.5083092042740293
0.5083126764974571
0.5083161487208849
0.5083196209443128
0.5083230931677407
0.5083265653911685
0.5083300376145964
0.5083335098380242
0.5083369820614522
0.50834045428488
0.5083439265083078
0.5083473987317356
0.5083508709551635
0.5083543431785914
0.5083578154020192
0.5083612876254471
0.5083647598488749
0.5083682320723029
0.5083717042957306
0.5083751765191585
0.5083786487425863
0.5083821209660142
0.5083855931894421
0.50838906541287
0.5083925376362978
0.5083960098597256
0.5083994820831536
0.5084029543065813
0.5084064265300092
0.508409898753437
0.5084133709768649
0.5084168432002928
0.5084203154237207
0.5084237876471485
0.5084272598705764
0.5084307320940042
0.508434204317432
0.5084376765408599
0.5084411487642877
0.5084446209877156
0.5084480932111435
0.5084515654345714
0.5084550376579992
0.508458509881427
0.5084619821048549
0.5084654543282827
0.5084689265517106
0.5084723987751384
0.5084758709985663
0.5084793432219942
0.5084828154454221
0.5084862876688498
0.5084897598922777
0.5084932321157056
0.5084967043391334
0.5085001765625613
0.5085036487859891
0.508507121009417
0.5085105932328449
0.5085140654562728
0.5085175376797005
0.5085210099031284
0.5085244821265563
0.5085279543499842
0.508531426573412
0.5085348987968398
0.5085383710202677
0.5085418432436956
0.5085453154671234
0.5085487876905512
0.5085522599139791
0.508555732137407
0.5085592043608349
0.5085626765842627
0.5085661488076906
0.5085696210311184
0.5085730932545462
0.5085765654779741
0.5085800377014019
0.5085835099248298
0.5085869821482577
0.5085904543716856
0.5085939265951134
0.5085973988185413
0.508600871041969
0.5086043432653969
0.5086078154888248
0.5086112877122526
0.5086147599356805
0.5086182321591084
0.5086217043825363
0.5086251766059641
0.508628648829392
0.5086321210528197
0.5086355932762476
0.5086390654996755
0.5086425377231033
0.5086460099465312
0.5086494821699591
0.508652954393387
0.5086564266168148
0.5086598988402427
0.5086633710636704
0.5086668432870984
0.5086703155105262
0.5086737877339541
0.5086772599573819
