0.4642362723042612
0.464239744527689
0.46424321675111696
0.4642466889745448
0.46425016119797263
0.46425363342140047
0.4642571056448283
0.46426057786825625
0.46426405009168403
0.46426752231511187
0.4642709945385397
0.46427446676196765
0.4642779389853955
0.4642814112088233
0.46428488343225116
0.464288355655679
0.46429182787910694
0.4642953001025348
0.4642987723259626
0.46430224454939045
0.46430571677281834
0.4643091889962462
0.464312661219674
0.46431613344310185
0.4643196056665297
0.46432307788995764
0.46432655011338547
0.4643300223368133
0.46433349456024114
0.46433696678366904
0.4643404390070969
0.4643439112305247
0.46434738345395254
0.4643508556773804
0.46435432790080833
0.46435780012423616
0.464361272347664
0.46436474457109184
0.46436821679451973
0.46437168901794756
0.4643751612413754
0.46437863346480324
0.4643821056882311
0.464385577911659
0.46438905013508686
0.4643925223585147
0.46439599458194253
0.4643994668053705
0.4644029390287983
0.4644064112522261
0.46440988347565393
0.46441335569908176
0.4644168279225097
0.46442030014593755
0.4644237723693654
0.4644272445927932
0.46443071681622117
0.464434189039649
0.46443766126307684
0.4644411334865047
0.4644446057099325
0.4644480779333604
0.46445155015678824
0.4644550223802161
0.4644584946036439
0.46446196682707186
0.4644654390504997
0.46446891127392753
0.46447238349735537
0.4644758557207832
0.4644793279442111
0.46448280016763893
0.46448627239106677
0.4644897446144946
0.46449321683792255
0.4644966890613504
0.4645001612847782
0.46450363350820606
0.4645071057316339
0.4645105779550618
0.4645140501784896
0.46451752240191746
0.4645209946253453
0.46452446684877324
0.4645279390722011
0.4645314112956289
0.46453488351905675
0.4645383557424846
0.46454182796591253
0.46454530018934037
0.46454877241276815
0.464552244636196
0.46455571685962394
0.46455918908305177
0.4645626613064796
0.46456613352990744
0.4645696057533353
0.4645730779767632
0.46457655020019106
0.4645800224236189
0.46458349464704674
0.4645869668704746
0.46459043909390246
0.4645939113173303
0.46459738354075814
0.46460085576418597
0.4646043279876139
0.46460780021104175
0.4646112724344696
0.4646147446578974
0.4646182168813253
0.46462168910475315
0.464625161328181
0.4646286335516088
0.46463210577503666
0.4646355779984646
0.46463905022189245
0.4646425224453203
0.4646459946687481
0.464649466892176
0.46465293911560385
0.4646564113390317
0.4646598835624595
0.46466335578588736
0.4646668280093153
0.46467030023274314
0.464673772456171
0.4646772446795988
0.46468071690302676
0.4646841891264546
0.46468766134988243
0.4646911335733102
0.46469460579673805
0.464698078020166
0.46470155024359383
0.46470502246702167
0.4647084946904495
0.46471196691387745
0.4647154391373053
0.4647189113607331
0.46472238358416096
0.4647258558075888
0.4647293280310167
0.4647328002544445
0.46473627247787236
0.4647397447013002
0.46474321692472814
0.464746689148156
0.4647501613715838
0.46475363359501165
0.4647571058184395
0.4647605780418674
0.4647640502652952
0.46476752248872305
0.4647709947121509
0.46477446693557883
0.46477793915900667
0.4647814113824345
0.46478488360586234
0.4647883558292902
0.46479182805271807
0.4647953002761459
0.46479877249957374
0.4648022447230016
0.4648057169464295
0.46480918916985736
0.4648126613932852
0.46481613361671303
0.46481960584014087
0.4648230780635688
0.46482655028699665
0.4648300225104245
0.46483349473385227
0.4648369669572802
0.46484043918070805
0.4648439114041359
0.4648473836275637
0.46485085585099156
0.4648543280744195
0.46485780029784735
0.4648612725212752
0.464864744744703
0.4648682169681309
0.46487168919155875
0.4648751614149866
0.4648786336384144
0.46488210586184225
0.4648855780852702
0.46488905030869804
0.4648925225321259
0.4648959947555537
0.4648994669789816
0.46490293920240944
0.4649064114258373
0.4649098836492651
0.46491335587269295
0.4649168280961209
0.46492030031954873
0.46492377254297657
0.4649272447664044
