0.03298612256462588
0.03298959478805372
0.032993067011481546
0.03299653923490938
0.03300001145833731
0.033003483681765144
0.03300695590519298
0.03301042812862091
0.03301390035204865
0.03301737257547658
0.033020844798904415
0.033024317022332245
0.03302778924576018
0.03303126146918801
0.03303473369261584
0.03303820591604368
0.033041678139471516
0.03304515036289944
0.03304862258632728
0.03305209480975511
0.03305556703318304
0.03305903925661078
0.033062511480038706
0.03306598370346654
0.03306945592689438
0.033072928150322214
0.03307640037375014
0.03307987259717798
0.033083344820605806
0.03308681704403364
0.03309028926746148
0.033093761490889405
0.03309723371431724
0.03310070593774508
0.033104178161173003
0.03310765038460074
0.03311112260802867
0.033114594831456505
0.03311806705488434
0.03312153927831227
0.033125011501740104
0.03312848372516794
0.033131955948595776
0.033135428172023605
0.03313890039545154
0.03314237261887937
0.033145844842307204
0.03314931706573504
0.033152789289162966
0.0331562615125908
0.03315973373601864
0.033163205959446475
0.033166678182874304
0.03317015040630224
0.03317362262973007
0.0331770948531579
0.03318056707658574
0.033184039300013575
0.0331875115234415
0.03319098374686934
0.03319445597029717
0.0331979281937251
0.03320140041715284
0.033204872640580765
0.0332083448640086
0.03321181708743644
0.033215289310864364
0.0332187615342922
0.033222233757720036
0.033225705981147866
0.0332291782045757
0.03323265042800363
0.033236122651431464
0.0332395948748593
0.033243067098287137
0.03324653932171506
0.0332500115451429
0.03325348376857073
0.033256955991998564
0.0332604282154264
0.03326390043885433
0.03326737266228216
0.03327084488571
0.033274317109137835
0.033277789332565665
0.0332812615559936
0.03328473377942143
0.03328820600284926
0.03329167822627719
0.033295150449705026
0.03329862267313286
0.0333020948965607
0.033305567119988534
0.03330903934341646
0.0333125115668443
0.033315983790272126
0.03331945601369996
0.0333229282371278
0.033326400460555725
0.03332987268398356
0.0333333449074114
0.033336817130839226
0.03334028935426716
0.03334376157769499
0.033347233801122825
0.03335070602455066
0.0333541782479785
0.03335765047140642
0.03336112269483426
0.033364594918262096
0.03336806714169002
0.03337153936511776
0.03337501158854569
0.033378483811973524
0.03338195603540136
0.033385428258829286
0.03338890048225712
0.03339237270568496
0.03339584492911279
0.033399317152540624
0.03340278937596855
0.033406261599396386
0.03340973382282422
0.03341320604625206
0.033416678269679895
0.033420150493107724
0.03342362271653566
0.033427094939963486
0.03343056716339132
0.03343403938681925
0.033437511610246995
0.03344098383367492
0.03344445605710276
0.033447928280530594
0.03345140050395852
0.033454872727386356
0.033458344950814185
0.03346181717424211
0.03346528939766986
0.033468761621097784
0.03347223384452562
0.033475706067953456
0.03347917829138138
0.03348265051480922
0.03348612273823705
0.033489594961664884
0.03349306718509272
0.033496539408520556
0.03350001163194848
0.03350348385537632
0.033506956078804155
0.03351042830223208
0.03351390052565982
0.03351737274908775
0.03352084497251558
0.03352431719594342
0.033527789419371345
0.03353126164279918
0.03353473386622702
0.03353820608965485
0.03354167831308268
0.03354515053651061
0.033548622759938446
0.03355209498336628
0.03355556720679421
0.033559039430221954
0.03356251165364988
0.03356598387707772
0.033569456100505546
0.03357292832393338
0.03357640054736131
0.033579872770789145
0.03358334499421698
0.03358681721764482
0.033590289441072646
0.03359376166450058
0.03359723388792841
0.033600706111356245
0.03360417833478417
0.03360765055821192
0.03361112278163984
0.03361459500506768
0.033618067228495516
0.03362153945192344
0.03362501167535128
0.03362848389877911
0.033631956122206944
0.03363542834563478
0.033638900569062706
0.03364237279249054
0.03364584501591838
0.033649317239346214
0.03365278946277414
0.03365626168620198
0.033659733909629806
0.03366320613305764
0.03366667835648548
0.033670150579913405
0.03367362280334124
0.03367709502676908
