0.15243060848285012
0.15243408070627798
0.15243755292970587
0.1524410251531337
0.1524444973765616
0.15244796959998938
0.15245144182341727
0.15245491404684514
0.15245838627027297
0.15246185849370086
0.1524653307171287
0.15246880294055656
0.15247227516398446
0.15247574738741224
0.15247921961084013
0.15248269183426796
0.15248616405769583
0.15248963628112366
0.15249310850455156
0.15249658072797945
0.15250005295140723
0.15250352517483512
0.15250699739826293
0.15251046962169082
0.1525139418451187
0.15251741406854655
0.1525208862919744
0.15252435851540222
0.15252783073883008
0.15253130296225798
0.1525347751856858
0.15253824740911368
0.1525417196325415
0.1525451918559694
0.15254866407939724
0.15255213630282508
0.15255560852625294
0.15255908074968078
0.15256255297310867
0.1525660251965365
0.15256949741996434
0.15257296964339223
0.15257644186682004
0.15257991409024793
0.15258338631367577
0.15258685853710366
0.15259033076053152
0.15259380298395933
0.1525972752073872
0.15260074743081503
0.15260421965424292
0.1526076918776708
0.15261116410109862
0.15261463632452651
0.1526181085479543
0.1526215807713822
0.15262505299481005
0.1526285252182379
0.15263199744166578
0.15263546966509361
0.1526389418885215
0.1526424141119493
0.15264588633537718
0.15264935855880504
0.15265283078223288
0.15265630300566077
0.1526597752290886
0.15266324745251647
0.1526667196759443
0.15267019189937214
0.15267366412280003
0.15267713634622787
0.15268060856965573
0.15268408079308363
0.1526875530165114
0.1526910252399393
0.15269449746336713
0.152697969686795
0.15270144191022283
0.15270491413365073
0.15270838635707862
0.1527118585805064
0.1527153308039343
0.1527188030273621
0.15272227525079
0.15272574747421788
0.15272921969764572
0.15273269192107358
0.1527361641445014
0.15273963636792925
0.15274310859135715
0.15274658081478498
0.15275005303821285
0.15275352526164068
0.15275699748506857
0.15276046970849647
0.15276394193192425
0.1527674141553521
0.15277088637877995
0.15277435860220784
0.15277783082563567
0.15278130304906357
0.1527847752724914
0.15278824749591924
0.1527917197193471
0.15279519194277494
0.15279866416620283
0.1528021363896307
0.15280560861305853
0.15280908083648637
0.1528125530599142
0.1528160252833421
0.15281949750676996
0.1528229697301978
0.15282644195362569
0.15282991417705347
0.15283338640048136
0.15283685862390925
0.15284033084733706
0.15284380307076495
0.15284727529419279
0.15285074751762068
0.15285421974104846
0.15285769196447635
0.1528611641879042
0.15286463641133205
0.15286810863475994
0.15287158085818778
0.15287505308161564
0.15287852530504353
0.15288199752847131
0.1528854697518992
0.15288894197532704
0.1528924141987549
0.1528958864221828
0.15289935864561063
0.15290283086903853
0.1529063030924663
0.15290977531589417
0.152913247539322
0.1529167197627499
0.1529201919861778
0.15292366420960563
0.15292713643303346
0.1529306086564613
0.15293408087988916
0.15293755310331705
0.1529410253267449
0.15294449755017275
0.1529479697736006
0.15295144199702843
0.15295491422045632
0.15295838644388415
0.15296185866731202
0.15296533089073985
0.15296880311416775
0.15297227533759564
0.15297574756102342
0.1529792197844513
0.15298269200787912
0.152986164231307
0.15298963645473485
0.15299310867816274
0.1529965809015906
0.1530000531250184
0.15300352534844627
0.1530069975718741
0.153010469795302
0.15301394201872986
0.1530174142421577
0.1530208864655856
0.15302435868901337
0.15302783091244127
0.15303130313586913
0.15303477535929697
0.15303824758272486
0.1530417198061527
0.15304519202958058
0.15304866425300842
0.15305213647643623
0.15305560869986412
0.15305908092329196
0.15306255314671985
0.15306602537014768
0.15306949759357552
0.15307296981700338
0.15307644204043122
0.1530799142638591
0.15308338648728695
0.1530868587107148
0.1530903309341427
0.15309380315757048
0.15309727538099838
0.1531007476044262
0.15310421982785408
0.15310769205128197
0.1531111642747098
0.1531146364981377
0.15311810872156548
0.15312158094499337
