0.6788196801457222
0.6788231523691501
0.678826624592578
0.6788300968160058
0.6788335690394337
0.6788370412628616
0.6788405134862894
0.6788439857097173
0.678847457933145
0.6788509301565729
0.6788544023800008
0.6788578746034287
0.6788613468268565
0.6788648190502844
0.6788682912737123
0.6788717634971401
0.678875235720568
0.6788787079439957
0.6788821801674236
0.6788856523908515
0.6788891246142794
0.6788925968377072
0.6788960690611351
0.678899541284563
0.6789030135079908
0.6789064857314187
0.6789099579548464
0.6789134301782743
0.6789169024017022
0.6789203746251301
0.6789238468485579
0.6789273190719859
0.6789307912954137
0.6789342635188415
0.6789377357422693
0.6789412079656971
0.6789446801891251
0.6789481524125529
0.6789516246359808
0.6789550968594086
0.6789585690828365
0.6789620413062644
0.6789655135296923
0.67896898575312
0.6789724579765479
0.6789759301999757
0.6789794024234035
0.6789828746468315
0.6789863468702593
0.6789898190936873
0.678993291317115
0.678996763540543
0.6790002357639707
0.6790037079873986
0.6790071802108264
0.6790106524342543
0.6790141246576822
0.67901759688111
0.679021069104538
0.6790245413279657
0.6790280135513936
0.6790314857748214
0.6790349579982493
0.6790384302216772
0.679041902445105
0.6790453746685329
0.6790488468919607
0.6790523191153885
0.6790557913388164
0.6790592635622443
0.6790627357856721
0.6790662080091
0.6790696802325278
0.6790731524559558
0.6790766246793836
0.6790800969028113
0.6790835691262394
0.6790870413496671
0.679090513573095
0.6790939857965228
0.6790974580199507
0.6791009302433785
0.6791044024668065
0.6791078746902343
0.6791113469136622
0.67911481913709
0.6791182913605178
0.6791217635839457
0.6791252358073735
0.6791287080308014
0.6791321802542292
0.6791356524776572
0.679139124701085
0.6791425969245128
0.6791460691479407
0.6791495413713685
0.6791530135947964
0.6791564858182242
0.6791599580416521
0.6791634302650799
0.6791669024885079
0.6791703747119356
0.6791738469353635
0.6791773191587914
0.6791807913822192
0.6791842636056471
0.6791877358290749
0.6791912080525028
0.6791946802759307
0.6791981524993586
0.6792016247227863
0.6792050969462142
0.679208569169642
0.67921204139307
0.6792155136164978
0.6792189858399256
0.6792224580633535
0.6792259302867812
0.6792294025102091
0.679232874733637
0.6792363469570649
0.6792398191804928
0.6792432914039207
0.6792467636273485
0.6792502358507764
0.6792537080742042
0.679257180297632
0.6792606525210599
0.6792641247444877
0.6792675969679156
0.6792710691913435
0.6792745414147714
0.6792780136381992
0.6792814858616271
0.6792849580850548
0.6792884303084827
0.6792919025319106
0.6792953747553384
0.6792988469787663
0.6793023192021941
0.6793057914256221
0.6793092636490499
0.6793127358724778
0.6793162080959055
0.6793196803193334
0.6793231525427613
0.6793266247661891
0.679330096989617
0.6793335692130449
0.6793370414364728
0.6793405136599006
0.6793439858833284
0.6793474581067562
0.6793509303301841
0.679354402553612
0.6793578747770398
0.6793613470004677
0.6793648192238956
0.6793682914473235
0.6793717636707512
0.6793752358941791
0.6793787081176069
0.6793821803410348
0.6793856525644627
0.6793891247878906
0.6793925970113184
0.6793960692347463
0.6793995414581742
0.6794030136816019
0.6794064859050298
0.6794099581284576
0.6794134303518855
0.6794169025753134
0.6794203747987413
0.6794238470221691
0.679427319245597
0.6794307914690249
0.6794342636924526
0.6794377359158805
0.6794412081393083
0.6794446803627363
0.6794481525861641
0.679451624809592
0.6794550970330198
0.6794585692564477
0.6794620414798755
0.6794655137033033
0.6794689859267312
0.679472458150159
0.6794759303735869
0.6794794025970147
0.6794828748204427
0.6794863470438705
0.6794898192672985
0.6794932914907262
0.6794967637141541
0.6795002359375819
0.6795037081610097
0.6795071803844376
0.6795106526078655
