0.8246530641156473
0.8246565363390751
0.824660008562503
0.8246634807859308
0.8246669530093585
0.8246704252327866
0.8246738974562144
0.8246773696796423
0.8246808419030701
0.824684314126498
0.8246877863499258
0.8246912585733537
0.8246947307967815
0.8246982030202094
0.8247016752436372
0.8247051474670651
0.824708619690493
0.8247120919139208
0.8247155641373487
0.8247190363607765
0.8247225085842044
0.8247259808076322
0.82472945303106
0.824732925254488
0.8247363974779157
0.8247398697013437
0.8247433419247715
0.8247468141481994
0.8247502863716272
0.8247537585950551
0.824757230818483
0.8247607030419107
0.8247641752653386
0.8247676474887665
0.8247711197121944
0.8247745919356222
0.8247780641590501
0.8247815363824779
0.8247850086059058
0.8247884808293335
0.8247919530527615
0.8247954252761893
0.8247988974996172
0.824802369723045
0.8248058419464729
0.8248093141699008
0.8248127863933286
0.8248162586167564
0.8248197308401842
0.8248232030636122
0.8248266752870401
0.8248301475104679
0.8248336197338958
0.8248370919573236
0.8248405641807515
0.8248440364041792
0.8248475086276071
0.824850980851035
0.8248544530744628
0.8248579252978907
0.8248613975213186
0.8248648697447465
0.8248683419681743
0.8248718141916022
0.8248752864150299
0.8248787586384578
0.8248822308618856
0.8248857030853136
0.8248891753087414
0.8248926475321694
0.8248961197555972
0.8248995919790251
0.8249030642024529
0.8249065364258806
0.8249100086493085
0.8249134808727363
0.8249169530961643
0.8249204253195922
0.82492389754302
0.8249273697664479
0.8249308419898758
0.8249343142133035
0.8249377864367314
0.8249412586601592
0.8249447308835871
0.8249482031070149
0.8249516753304428
0.8249551475538707
0.8249586197772986
0.8249620920007265
0.8249655642241542
0.8249690364475821
0.8249725086710099
0.8249759808944378
0.8249794531178657
0.8249829253412935
0.8249863975647215
0.8249898697881493
0.8249933420115771
0.8249968142350049
0.8250002864584328
0.8250037586818606
0.8250072309052885
0.8250107031287164
0.8250141753521442
0.8250176475755722
0.825021119799
0.8250245920224278
0.8250280642458556
0.8250315364692835
0.8250350086927113
0.8250384809161393
0.825041953139567
0.825045425362995
0.8250488975864227
0.8250523698098506
0.8250558420332785
0.8250593142567063
0.8250627864801342
0.825066258703562
0.8250697309269899
0.8250732031504177
0.8250766753738457
0.8250801475972735
0.8250836198207013
0.8250870920441292
0.825090564267557
0.8250940364909849
0.8250975087144127
0.8251009809378406
0.8251044531612685
0.8251079253846964
0.8251113976081242
0.825114869831552
0.8251183420549799
0.8251218142784077
0.8251252865018356
0.8251287587252634
0.8251322309486914
0.8251357031721192
0.825139175395547
0.8251426476189748
0.8251461198424027
0.8251495920658306
0.8251530642892584
0.8251565365126863
0.8251600087361141
0.825163480959542
0.8251669531829697
0.8251704254063977
0.8251738976298256
0.8251773698532535
0.8251808420766813
0.8251843143001092
0.825187786523537
0.8251912587469648
0.8251947309703926
0.8251982031938205
0.8252016754172484
0.8252051476406763
0.8252086198641041
0.825212092087532
0.8252155643109599
0.8252190365343877
0.8252225087578156
0.8252259809812433
0.8252294532046712
0.8252329254280992
0.8252363976515269
0.8252398698749549
0.8252433420983827
0.8252468143218106
0.8252502865452384
0.8252537587686662
0.8252572309920941
0.8252607032155219
0.8252641754389498
0.8252676476623777
0.8252711198858056
0.8252745921092334
0.8252780643326613
0.825281536556089
0.8252850087795169
0.8252884810029447
0.8252919532263726
0.8252954254498005
0.8252988976732284
0.8253023698966562
0.8253058421200841
0.825309314343512
0.8253127865669397
0.8253162587903676
0.8253197310137954
0.8253232032372234
0.8253266754606513
0.825330147684079
0.825333619907507
0.8253370921309348
0.8253405643543626
0.8253440365777904
