0.46631960636097436
0.4663230785844023
0.46632655080783014
0.466330023031258
0.4663334952546858
0.46633696747811376
0.4663404397015416
0.46634391192496943
0.46634738414839727
0.46635085637182505
0.466354328595253
0.46635780081868083
0.46636127304210867
0.4663647452655365
0.46636821748896445
0.4663716897123923
0.4663751619358201
0.46637863415924796
0.4663821063826758
0.4663855786061037
0.4663890508295315
0.46639252305295936
0.4663959952763872
0.46639946749981515
0.466402939723243
0.4664064119466708
0.46640988417009865
0.4664133563935265
0.4664168286169544
0.4664203008403822
0.46642377306381005
0.4664272452872379
0.46643071751066584
0.4664341897340937
0.4664376619575215
0.46644113418094935
0.4664446064043772
0.4664480786278051
0.4664515508512329
0.46645502307466075
0.4664584952980886
0.46646196752151653
0.46646543974494437
0.4664689119683722
0.46647238419180004
0.4664758564152279
0.4664793286386558
0.46648280086208366
0.4664862730855115
0.46648974530893933
0.4664932175323672
0.46649668975579506
0.4665001619792229
0.46650363420265073
0.46650710642607857
0.4665105786495065
0.46651405087293435
0.4665175230963622
0.46652099531979
0.4665244675432179
0.46652793976664575
0.4665314119900736
0.4665348842135014
0.46653835643692926
0.4665418286603572
0.46654530088378504
0.4665487731072129
0.4665522453306407
0.4665557175540686
0.46655918977749644
0.4665626620009243
0.4665661342243521
0.46656960644777995
0.4665730786712079
0.46657655089463573
0.46658002311806357
0.4665834953414914
0.46658696756491935
0.46659043978834713
0.46659391201177497
0.4665973842352028
0.46660085645863064
0.4666043286820586
0.4666078009054864
0.46661127312891426
0.4666147453523421
0.46661821757577004
0.4666216897991979
0.4666251620226257
0.46662863424605355
0.4666321064694814
0.4666355786929093
0.4666390509163371
0.46664252313976495
0.4666459953631928
0.46664946758662074
0.4666529398100486
0.4666564120334764
0.46665988425690424
0.4666633564803321
0.46666682870376
0.4666703009271878
0.46667377315061565
0.4666772453740435
0.46668071759747143
0.46668418982089926
0.4666876620443271
0.46669113426775494
0.4666946064911828
0.46669807871461066
0.4667015509380385
0.46670502316146634
0.4667084953848942
0.4667119676083221
0.46671543983174996
0.4667189120551778
0.46672238427860563
0.46672585650203346
0.4667293287254614
0.4667328009488892
0.46673627317231703
0.46673974539574486
0.4667432176191728
0.46674668984260065
0.4667501620660285
0.4667536342894563
0.46675710651288416
0.4667605787363121
0.46676405095973994
0.4667675231831678
0.4667709954065956
0.4667744676300235
0.46677793985345134
0.4667814120768792
0.466784884300307
0.46678835652373485
0.4667918287471628
0.46679530097059063
0.46679877319401847
0.4668022454174463
0.4668057176408742
0.46680918986430203
0.46681266208772987
0.4668161343111577
0.46681960653458554
0.4668230787580135
0.4668265509814413
0.46683002320486916
0.466833495428297
0.4668369676517249
0.4668404398751527
0.46684391209858056
0.4668473843220084
0.46685085654543623
0.4668543287688642
0.466857800992292
0.46686127321571985
0.4668647454391477
0.46686821766257564
0.46687168988600347
0.46687516210943125
0.4668786343328591
0.4668821065562869
0.46688557877971487
0.4668890510031427
0.46689252322657054
0.4668959954499984
0.4668994676734263
0.46690293989685416
0.466906412120282
0.46690988434370984
0.46691335656713767
0.46691682879056556
0.4669203010139934
0.46692377323742124
0.46692724546084907
0.466930717684277
0.46693418990770486
0.4669376621311327
0.4669411343545605
0.46694460657798836
0.46694807880141626
0.4669515510248441
0.4669550232482719
0.46695849547169976
0.4669619676951277
0.46696543991855555
0.4669689121419834
0.4669723843654112
0.46697585658883906
0.46697932881226695
0.4669828010356948
0.4669862732591226
0.46698974548255046
0.4669932177059784
0.46699668992940624
0.4670001621528341
0.4670036343762619
0.46700710659968975
0.4670105788231177
