0.23020841326681019
0.230211885490238
0.23021535771366589
0.23021882993709367
0.23022230216052156
0.2302257743839494
0.23022924660737729
0.23023271883080515
0.23023619105423299
0.23023966327766088
0.23024313550108866
0.23024660772451655
0.2302500799479444
0.23025355217137225
0.23025702439480014
0.23026049661822798
0.23026396884165584
0.23026744106508368
0.23027091328851151
0.2302743855119394
0.23027785773536724
0.23028132995879513
0.23028480218222294
0.23028827440565083
0.23029174662907867
0.2302952188525065
0.2302986910759344
0.23030216329936223
0.2303056355227901
0.230309107746218
0.23031257996964577
0.23031605219307366
0.2303195244165015
0.23032299663992936
0.23032646886335725
0.2303299410867851
0.23033341331021295
0.23033688553364076
0.23034035775706863
0.23034382998049652
0.23034730220392435
0.23035077442735225
0.23035424665078005
0.23035771887420795
0.23036119109763573
0.23036466332106362
0.2303681355444915
0.23037160776791935
0.2303750799913472
0.23037855221477505
0.23038202443820294
0.2303854966616308
0.2303889688850586
0.23039244110848647
0.2303959133319143
0.2303993855553422
0.23040285777877006
0.2304063300021979
0.23040980222562574
0.23041327444905357
0.23041674667248147
0.23042021889590936
0.2304236911193372
0.23042716334276506
0.2304306355661929
0.23043410778962073
0.23043758001304857
0.23044105223647646
0.23044452445990432
0.23044799668333216
0.23045146890676005
0.23045494113018783
0.23045841335361572
0.23046188557704358
0.23046535780047142
0.2304688300238993
0.23047230224732715
0.230475774470755
0.2304792466941829
0.23048271891761068
0.23048619114103858
0.2304896633644664
0.2304931355878943
0.2304966078113221
0.23050008003475
0.2305035522581779
0.23050702448160568
0.23051049670503357
0.2305139689284614
0.23051744115188927
0.23052091337531716
0.230524385598745
0.23052785782217286
0.23053133004560067
0.23053480226902853
0.23053827449245642
0.23054174671588426
0.23054521893931212
0.23054869116273996
0.2305521633861678
0.2305556356095957
0.23055910783302352
0.23056258005645142
0.23056605227987925
0.23056952450330712
0.2305729967267349
0.2305764689501628
0.23057994117359068
0.23058341339701852
0.23058688562044638
0.23059035784387422
0.2305938300673021
0.23059730229072997
0.23060077451415778
0.23060424673758564
0.23060771896101348
0.23061119118444137
0.23061466340786924
0.23061813563129707
0.23062160785472496
0.23062508007815274
0.23062855230158064
0.23063202452500853
0.23063549674843636
0.23063896897186423
0.23064244119529206
0.23064591341871996
0.23064938564214774
0.23065285786557563
0.2306563300890035
0.23065980231243133
0.23066327453585922
0.23066674675928706
0.23067021898271492
0.23067369120614276
0.2306771634295706
0.23068063565299848
0.23068410787642632
0.23068758009985418
0.23069105232328208
0.23069452454670986
0.23069799677013775
0.23070146899356558
0.23070494121699348
0.23070841344042128
0.23071188566384918
0.23071535788727707
0.23071883011070485
0.23072230233413274
0.23072577455756058
0.23072924678098844
0.23073271900441633
0.23073619122784417
0.23073966345127203
0.23074313567469984
0.2307466078981277
0.2307500801215556
0.23075355234498343
0.2307570245684113
0.23076049679183913
0.23076396901526702
0.23076744123869491
0.2307709134621227
0.2307743856855506
0.23077785790897842
0.2307813301324063
0.23078480235583412
0.23078827457926201
0.23079174680268985
0.2307952190261177
0.23079869124954555
0.2308021634729734
0.23080563569640128
0.23080910791982914
0.23081258014325695
0.23081605236668482
0.23081952459011265
0.23082299681354054
0.23082646903696843
0.23082994126039624
0.23083341348382413
0.23083688570725192
0.2308403579306798
0.2308438301541077
0.23084730237753553
0.2308507746009634
0.23085424682439123
0.23085771904781913
0.2308611912712469
0.2308646634946748
0.23086813571810266
0.2308716079415305
0.2308750801649584
0.23087855238838623
0.2308820246118141
0.23088549683524198
0.23088896905866976
0.23089244128209765
0.2308959135055255
0.23089938572895335
