0.6357641096403158
0.6357675818637437
0.6357710540871716
0.6357745263105995
0.6357779985340273
0.6357814707574551
0.635784942980883
0.6357884152043107
0.6357918874277387
0.6357953596511665
0.6357988318745944
0.6358023040980223
0.6358057763214502
0.635809248544878
0.6358127207683059
0.6358161929917336
0.6358196652151615
0.6358231374385894
0.6358266096620172
0.6358300818854451
0.6358335541088729
0.6358370263323009
0.6358404985557287
0.6358439707791566
0.6358474430025843
0.6358509152260122
0.6358543874494401
0.6358578596728679
0.6358613318962958
0.6358648041197237
0.6358682763431516
0.6358717485665794
0.6358752207900072
0.635878693013435
0.6358821652368629
0.6358856374602908
0.6358891096837186
0.6358925819071465
0.6358960541305743
0.6358995263540023
0.63590299857743
0.6359064708008579
0.6359099430242857
0.6359134152477136
0.6359168874711415
0.6359203596945693
0.6359238319179972
0.6359273041414251
0.635930776364853
0.6359342485882807
0.6359377208117086
0.6359411930351364
0.6359446652585643
0.6359481374819922
0.6359516097054201
0.6359550819288479
0.6359585541522758
0.6359620263757036
0.6359654985991314
0.6359689708225593
0.6359724430459871
0.6359759152694151
0.6359793874928429
0.6359828597162708
0.6359863319396986
0.6359898041631264
0.6359932763865543
0.6359967486099821
0.63600022083341
0.6360036930568378
0.6360071652802657
0.6360106375036935
0.6360141097271215
0.6360175819505492
0.6360210541739771
0.636024526397405
0.6360279986208328
0.6360314708442607
0.6360349430676885
0.6360384152911164
0.6360418875145443
0.6360453597379722
0.6360488319613999
0.6360523041848279
0.6360557764082557
0.6360592486316835
0.6360627208551114
0.6360661930785392
0.6360696653019671
0.636073137525395
0.6360766097488229
0.6360800819722506
0.6360835541956785
0.6360870264191064
0.6360904986425343
0.6360939708659621
0.63609744308939
0.6361009153128178
0.6361043875362457
0.6361078597596735
0.6361113319831013
0.6361148042065293
0.6361182764299571
0.636121748653385
0.6361252208768128
0.6361286931002407
0.6361321653236685
0.6361356375470963
0.6361391097705242
0.636142581993952
0.6361460542173799
0.6361495264408078
0.6361529986642357
0.6361564708876635
0.6361599431110914
0.6361634153345191
0.636166887557947
0.6361703597813749
0.6361738320048027
0.6361773042282307
0.6361807764516585
0.6361842486750864
0.6361877208985142
0.6361911931219421
0.6361946653453698
0.6361981375687978
0.6362016097922256
0.6362050820156534
0.6362085542390814
0.6362120264625092
0.6362154986859371
0.6362189709093649
0.6362224431327927
0.6362259153562206
0.6362293875796485
0.6362328598030763
0.6362363320265042
0.636239804249932
0.6362432764733599
0.6362467486967878
0.6362502209202155
0.6362536931436434
0.6362571653670712
0.6362606375904991
0.636264109813927
0.6362675820373549
0.6362710542607828
0.6362745264842106
0.6362779987076385
0.6362814709310662
0.6362849431544941
0.6362884153779219
0.6362918876013499
0.6362953598247777
0.6362988320482056
0.6363023042716335
0.6363057764950613
0.6363092487184892
0.6363127209419169
0.6363161931653448
0.6363196653887726
0.6363231376122006
0.6363266098356284
0.6363300820590563
0.6363335542824841
0.6363370265059121
0.6363404987293398
0.6363439709527676
0.6363474431761955
0.6363509153996233
0.6363543876230513
0.6363578598464791
0.636361332069907
0.6363648042933349
0.6363682765167628
0.6363717487401905
0.6363752209636184
0.6363786931870462
0.6363821654104741
0.636385637633902
0.6363891098573298
0.6363925820807577
0.6363960543041854
0.6363995265276134
0.6364029987510412
0.6364064709744691
0.6364099431978969
0.6364134154213248
0.6364168876447527
0.6364203598681805
0.6364238320916084
0.6364273043150362
0.6364307765384641
0.6364342487618919
0.6364377209853198
0.6364411932087476
0.6364446654321755
0.6364481376556034
0.6364516098790312
0.636455082102459
