0.2607639794319373
0.26076745165536513
0.26077092387879297
0.26077439610222086
0.2607778683256487
0.2607813405490766
0.2607848127725044
0.26078828499593226
0.2607917572193601
0.260795229442788
0.2607987016662158
0.26080217388964366
0.26080564611307155
0.2608091183364994
0.2608125905599272
0.2608160627833551
0.260819535006783
0.26082300723021085
0.2608264794536387
0.2608299516770665
0.2608334239004944
0.26083689612392225
0.2608403683473501
0.260843840570778
0.2608473127942058
0.26085078501763365
0.26085425724106154
0.26085772946448943
0.2608612016879172
0.26086467391134505
0.26086814613477294
0.26087161835820083
0.26087509058162867
0.2608785628050565
0.2608820350284844
0.26088550725191223
0.26088897947534007
0.26089245169876796
0.2608959239221958
0.26089939614562363
0.26090286836905147
0.26090634059247936
0.2609098128159072
0.2609132850393351
0.2609167572627629
0.26092022948619076
0.26092370170961865
0.2609271739330465
0.2609306461564743
0.26093411837990216
0.26093759060333005
0.2609410628267579
0.2609445350501857
0.2609480072736136
0.2609514794970415
0.26095495172046934
0.2609584239438972
0.26096189616732507
0.2609653683907529
0.26096884061418074
0.2609723128376086
0.26097578506103647
0.2609792572844643
0.26098272950789214
0.26098620173132003
0.2609896739547479
0.26099314617817576
0.2609966184016036
0.2610000906250315
0.26100356284845927
0.26100703507188716
0.261010507295315
0.2610139795187429
0.2610174517421707
0.26102092396559856
0.26102439618902645
0.26102786841245434
0.2610313406358822
0.26103481285931
0.26103828508273785
0.2610417573061657
0.2610452295295936
0.2610487017530214
0.26105217397644925
0.26105564619987714
0.261059118423305
0.2610625906467328
0.2610660628701607
0.2610695350935886
0.2610730073170164
0.2610764795404442
0.2610799517638721
0.2610834239873
0.26108689621072784
0.2610903684341557
0.26109384065758356
0.2610973128810114
0.26110078510443924
0.26110425732786713
0.26110772955129496
0.2611112017747228
0.26111467399815064
0.26111814622157853
0.2611216184450064
0.26112509066843426
0.2611285628918621
0.26113203511529
0.2611355073387178
0.26113897956214566
0.26114245178557355
0.2611459240090014
0.2611493962324292
0.26115286845585706
0.26115634067928495
0.2611598129027128
0.2611632851261407
0.2611667573495685
0.26117022957299635
0.26117370179642424
0.2611771740198521
0.2611806462432799
0.26118411846670775
0.26118759069013564
0.2611910629135635
0.2611945351369913
0.2611980073604192
0.2612014795838471
0.26120495180727493
0.26120842403070277
0.26121189625413066
0.26121536847755844
0.26121884070098633
0.26122231292441417
0.26122578514784206
0.2612292573712699
0.26123272959469773
0.2612362018181256
0.2612396740415535
0.26124314626498135
0.2612466184884092
0.261250090711837
0.26125356293526486
0.26125703515869275
0.2612605073821206
0.2612639796055485
0.2612674518289763
0.26127092405240415
0.26127439627583204
0.26127786849925994
0.26128134072268777
0.2612848129461156
0.26128828516954344
0.2612917573929713
0.26129522961639917
0.261298701839827
0.26130217406325484
0.26130564628668274
0.26130911851011057
0.2613125907335384
0.2613160629569663
0.26131953518039414
0.26132300740382197
0.2613264796272498
0.2613299518506777
0.2613334240741056
0.2613368962975334
0.26134036852096126
0.26134384074438916
0.261347312967817
0.2613507851912448
0.2613542574146727
0.26135772963810056
0.2613612018615284
0.26136467408495623
0.2613681463083841
0.261371618531812
0.26137509075523985
0.2613785629786677
0.2613820352020956
0.2613855074255234
0.26138897964895125
0.2613924518723791
0.261395924095807
0.2613993963192348
0.26140286854266265
0.26140634076609054
0.2614098129895184
0.26141328521294627
0.2614167574363741
0.26142022965980194
0.26142370188322983
0.26142717410665767
0.2614306463300855
0.26143411855351334
0.26143759077694123
0.26144106300036907
0.2614445352237969
0.2614480074472248
0.2614514796706527
0.2614549518940805
