0.2899306562259223
0.2899341284493501
0.289937600672778
0.28994107289620585
0.2899445451196337
0.2899480173430616
0.2899514895664894
0.28995496178991725
0.2899584340133451
0.289961906236773
0.2899653784602009
0.2899688506836287
0.28997232290705655
0.28997579513048444
0.2899792673539123
0.2899827395773401
0.28998621180076795
0.28998968402419584
0.2899931562476237
0.2899966284710515
0.2900001006944794
0.2900035729179073
0.29000704514133513
0.29001051736476297
0.29001398958819086
0.2900174618116187
0.29002093403504653
0.29002440625847437
0.2900278784819022
0.2900313507053301
0.29003482292875793
0.29003829515218577
0.29004176737561366
0.29004523959904155
0.2900487118224694
0.2900521840458972
0.29005565626932506
0.2900591284927529
0.2900626007161808
0.2900660729396086
0.2900695451630365
0.29007301738646435
0.2900764896098922
0.2900799618333201
0.29008343405674797
0.2900869062801758
0.29009037850360364
0.2900938507270315
0.2900973229504593
0.2901007951738872
0.29010426739731504
0.29010773962074293
0.29011121184417077
0.2901146840675986
0.2901181562910265
0.29012162851445433
0.29012510073788217
0.29012857296131
0.2901320451847379
0.29013551740816573
0.2901389896315936
0.29014246185502146
0.2901459340784493
0.2901494063018772
0.290152878525305
0.29015635074873286
0.29015982297216075
0.2901632951955886
0.2901667674190164
0.29017023964244426
0.29017371186587215
0.29017718408930004
0.2901806563127279
0.2901841285361557
0.2901876007595836
0.29019107298301144
0.2901945452064393
0.2901980174298671
0.290201489653295
0.29020496187672284
0.2902084341001507
0.2902119063235786
0.29021537854700646
0.2902188507704343
0.29022232299386214
0.29022579521729003
0.29022926744071786
0.2902327396641457
0.29023621188757354
0.29023968411100143
0.29024315633442926
0.2902466285578571
0.290250100781285
0.2902535730047129
0.2902570452281407
0.29026051745156856
0.2902639896749964
0.29026746189842423
0.29027093412185206
0.29027440634527996
0.2902778785687078
0.2902813507921357
0.2902848230155635
0.29028829523899136
0.2902917674624193
0.29029523968584714
0.290298711909275
0.2903021841327028
0.29030565635613065
0.2903091285795585
0.2903126008029864
0.2903160730264142
0.29031954524984205
0.29032301747326994
0.29032648969669783
0.29032996192012567
0.2903334341435535
0.29033690636698134
0.29034037859040923
0.29034385081383707
0.2903473230372649
0.2903507952606928
0.2903542674841207
0.2903577397075485
0.29036121193097636
0.2903646841544042
0.29036815637783203
0.2903716286012599
0.29037510082468776
0.2903785730481156
0.29038204527154343
0.2903855174949713
0.2903889897183992
0.29039246194182705
0.2903959341652549
0.2903994063886828
0.2904028786121106
0.29040635083553845
0.2904098230589663
0.2904132952823942
0.290416767505822
0.2904202397292499
0.29042371195267774
0.2904271841761056
0.29043065639953347
0.29043412862296136
0.2904376008463892
0.29044107306981704
0.29044454529324487
0.29044801751667276
0.2904514897401006
0.29045496196352844
0.29045843418695627
0.2904619064103841
0.29046537863381205
0.2904688508572399
0.2904723230806677
0.29047579530409556
0.2904792675275234
0.2904827397509513
0.2904862119743791
0.29048968419780696
0.29049315642123485
0.2904966286446627
0.2905001008680906
0.2905035730915184
0.2905070453149463
0.29051051753837415
0.290513989761802
0.2905174619852298
0.29052093420865766
0.29052440643208555
0.29052787865551344
0.2905313508789413
0.2905348231023691
0.29053829532579695
0.2905417675492249
0.29054523977265273
0.2905487119960805
0.29055218421950835
0.29055565644293624
0.2905591286663641
0.29056260088979197
0.2905660731132198
0.29056954533664764
0.29057301756007553
0.2905764897835034
0.29057996200693126
0.2905834342303591
0.29058690645378693
0.2905903786772148
0.29059385090064266
0.2905973231240705
0.2906007953474984
0.2906042675709263
0.2906077397943541
0.29061121201778195
0.2906146842412098
0.2906181564646376
0.2906216286880655
