0.00868055856963834
0.008684030793066268
0.008687503016494102
0.008690975239921937
0.008694447463349773
0.008697919686777607
0.008701391910205535
0.00870486413363337
0.008708336357061204
0.008711808580489038
0.008715280803916967
0.008718753027344801
0.008722225250772635
0.00872569747420047
0.008729169697628304
0.008732641921056232
0.008736114144484067
0.008739586367911903
0.008743058591339737
0.008746530814767572
0.0087500030381955
0.008753475261623334
0.008756947485051169
0.008760419708479097
0.008763891931906838
0.008767364155334766
0.0087708363787626
0.008774308602190434
0.008777780825618363
0.008781253049046197
0.008784725272474031
0.008788197495901868
0.008791669719329702
0.00879514194275763
0.008798614166185464
0.008802086389613299
0.008805558613041133
0.008809030836469061
0.008812503059896896
0.00881597528332473
0.008819447506752565
0.008822919730180399
0.008826391953608327
0.008829864177036162
0.008833336400463996
0.008836808623891832
0.008840280847319667
0.008843753070747595
0.008847225294175429
0.008850697517603263
0.008854169741031192
0.008857641964458932
0.00886111418788686
0.008864586411314695
0.00886805863474253
0.008871530858170457
0.008875003081598292
0.008878475305026126
0.00888194752845396
0.008885419751881797
0.008888891975309723
0.00889236419873756
0.008895836422165394
0.008899308645593228
0.008902780869021156
0.008906253092448897
0.008909725315876825
0.00891319753930466
0.008916669762732494
0.008920141986160422
0.008923614209588256
0.00892708643301609
0.008930558656444019
0.008934030879871761
0.008937503103299688
0.008940975326727524
0.008944447550155358
0.008947919773583286
0.00895139199701112
0.008954864220438955
0.00895833644386679
0.008961808667294624
0.008965280890722552
0.008968753114150387
0.008972225337578221
0.008975697561006055
0.008979169784433891
0.008982642007861726
0.008986114231289652
0.008989586454717488
0.008993058678145323
0.008996530901573251
0.009000003125000992
0.00900347534842892
0.009006947571856754
0.009010419795284589
0.009013892018712517
0.009017364242140351
0.009020836465568186
0.009024308688996114
0.009027780912423856
0.009031253135851782
0.009034725359279619
0.009038197582707453
0.00904166980613538
0.009045142029563216
0.00904861425299105
0.009052086476418884
0.009055558699846719
0.009059030923274553
0.009062503146702481
0.009065975370130316
0.00906944759355815
0.009072919816986078
0.00907639204041382
0.009079864263841747
0.009083336487269583
0.009086808710697418
0.009090280934125346
0.00909375315755318
0.009097225380981015
0.009100697604408849
0.009104169827836683
0.009107642051264611
0.009111114274692446
0.00911458649812028
0.009118058721548115
0.00912153094497595
0.009125003168403877
0.009128475391831712
0.009131947615259548
0.009135419838687382
0.00913889206211531
0.009142364285543145
0.00914583650897098
0.009149308732398814
0.009152780955826648
0.009156253179254576
0.00915972540268241
0.009163197626110245
0.009166669849538173
0.009170142072965914
0.009173614296393842
0.009177086519821676
0.009180558743249512
0.009184030966677439
0.009187503190105275
0.00919097541353311
0.009194447636960944
0.009197919860388778
0.009201392083816706
0.00920486430724454
0.009208336530672375
0.00921180875410021
0.009215280977528138
0.009218753200955972
0.009222225424383806
0.00922569764781164
0.009229169871239477
0.009232642094667403
0.00923611431809524
0.009239586541523074
0.009243058764950908
0.009246530988378743
0.00925000321180667
0.009253475435234505
0.00925694765866234
0.009260419882090268
0.009263892105518009
0.009267364328945937
0.009270836552373771
0.009274308775801607
0.009277780999229534
0.009281253222657368
0.009284725446085204
0.009288197669513039
0.009291669892940873
0.009295142116368801
0.009298614339796635
0.00930208656322447
0.009305558786652304
0.009309031010080232
0.009312503233508067
0.009315975456935901
0.009319447680363736
0.009322919903791572
0.009326392127219498
0.009329864350647334
0.009333336574075169
0.009336808797503003
0.009340281020930838
0.009343753244358766
0.0093472254677866
0.009350697691214434
0.009354169914642363
0.009357642138070197
0.009361114361498031
0.009364586584925866
0.0093680588083537
0.009371531031781628
