0.8003475001206597
0.8003509723440876
0.8003544445675155
0.8003579167909434
0.8003613890143713
0.800364861237799
0.8003683334612269
0.8003718056846547
0.8003752779080826
0.8003787501315104
0.8003822223549383
0.8003856945783662
0.8003891668017941
0.8003926390252218
0.8003961112486497
0.8003995834720776
0.8004030556955054
0.8004065279189333
0.8004100001423611
0.8004134723657891
0.8004169445892168
0.8004204168126448
0.8004238890360725
0.8004273612595005
0.8004308334829283
0.8004343057063561
0.800437777929784
0.8004412501532118
0.8004447223766397
0.8004481946000676
0.8004516668234954
0.8004551390469233
0.8004586112703512
0.800462083493779
0.8004655557172069
0.8004690279406347
0.8004725001640626
0.8004759723874904
0.8004794446109182
0.8004829168343462
0.8004863890577739
0.8004898612812019
0.8004933335046297
0.8004968057280576
0.8005002779514854
0.8005037501749133
0.8005072223983412
0.8005106946217689
0.8005141668451968
0.8005176390686246
0.8005211112920526
0.8005245835154804
0.8005280557389083
0.8005315279623361
0.800535000185764
0.8005384724091917
0.8005419446326196
0.8005454168560475
0.8005488890794754
0.8005523613029033
0.8005558335263311
0.800559305749759
0.8005627779731868
0.8005662501966146
0.8005697224200424
0.8005731946434704
0.8005766668668982
0.800580139090326
0.800583611313754
0.8005870835371818
0.8005905557606097
0.8005940279840374
0.8005975002074653
0.8006009724308932
0.800604444654321
0.8006079168777489
0.8006113891011768
0.8006148613246047
0.8006183335480325
0.8006218057714604
0.8006252779948881
0.800628750218316
0.8006322224417438
0.8006356946651717
0.8006391668885996
0.8006426391120275
0.8006461113354554
0.8006495835588832
0.800653055782311
0.8006565280057388
0.8006600002291667
0.8006634724525945
0.8006669446760225
0.8006704168994503
0.8006738891228782
0.8006773613463061
0.8006808335697339
0.8006843057931617
0.8006877780165895
0.8006912502400174
0.8006947224634453
0.8006981946868732
0.800701666910301
0.8007051391337289
0.8007086113571568
0.8007120835805847
0.8007155558040124
0.8007190280274402
0.8007225002508681
0.8007259724742959
0.8007294446977238
0.8007329169211517
0.8007363891445797
0.8007398613680075
0.8007433335914353
0.8007468058148631
0.800750278038291
0.8007537502617188
0.8007572224851467
0.8007606947085746
0.8007641669320024
0.8007676391554304
0.800771111378858
0.800774583602286
0.8007780558257138
0.8007815280491417
0.8007850002725695
0.8007884724959974
0.8007919447194253
0.8007954169428532
0.800798889166281
0.8008023613897088
0.8008058336131367
0.8008093058365645
0.8008127780599924
0.8008162502834202
0.8008197225068481
0.8008231947302759
0.8008266669537037
0.8008301391771318
0.8008336114005595
0.8008370836239874
0.8008405558474152
0.8008440280708431
0.8008475002942709
0.8008509725176988
0.8008544447411267
0.8008579169645546
0.8008613891879824
0.8008648614114101
0.8008683336348381
0.8008718058582659
0.8008752780816938
0.8008787503051216
0.8008822225285495
0.8008856947519774
0.8008891669754052
0.800892639198833
0.8008961114222609
0.8008995836456888
0.8009030558691166
0.8009065280925445
0.8009100003159723
0.8009134725394003
0.8009169447628279
0.8009204169862559
0.8009238892096837
0.8009273614331116
0.8009308336565395
0.8009343058799673
0.8009377781033952
0.800941250326823
0.8009447225502508
0.8009481947736787
0.8009516669971066
0.8009551392205345
0.8009586114439623
0.8009620836673902
0.800965555890818
0.8009690281142459
0.8009725003376736
0.8009759725611015
0.8009794447845294
0.8009829170079573
0.8009863892313851
0.8009898614548131
0.8009933336782409
0.8009968059016688
0.8010002781250966
0.8010037503485243
0.8010072225719523
0.80101069479538
0.801014167018808
0.8010176392422358
0.8010211114656638
0.8010245836890916
0.8010280559125195
0.8010315281359472
0.8010350003593751
0.8010384725828029
