0.7100696909964205
0.7100731632198483
0.7100766354432761
0.7100801076667042
0.7100835798901319
0.7100870521135598
0.7100905243369876
0.7100939965604155
0.7100974687838433
0.7101009410072712
0.7101044132306991
0.7101078854541268
0.7101113576775547
0.7101148299009826
0.7101183021244105
0.7101217743478383
0.7101252465712662
0.710128718794694
0.7101321910181219
0.7101356632415498
0.7101391354649775
0.7101426076884054
0.7101460799118333
0.7101495521352612
0.710153024358689
0.7101564965821169
0.7101599688055447
0.7101634410289726
0.7101669132524003
0.7101703854758283
0.7101738576992562
0.710177329922684
0.7101808021461119
0.7101842743695397
0.7101877465929676
0.7101912188163954
0.7101946910398232
0.7101981632632511
0.710201635486679
0.7102051077101068
0.7102085799335347
0.7102120521569626
0.7102155243803904
0.7102189966038183
0.710222468827246
0.7102259410506739
0.7102294132741018
0.7102328854975297
0.7102363577209575
0.7102398299443854
0.7102433021678133
0.7102467743912411
0.710250246614669
0.7102537188380967
0.7102571910615246
0.7102606632849524
0.7102641355083804
0.7102676077318083
0.7102710799552362
0.710274552178664
0.7102780244020919
0.7102814966255196
0.7102849688489474
0.7102884410723753
0.7102919132958032
0.7102953855192311
0.7102988577426589
0.7103023299660869
0.7103058021895147
0.7103092744129426
0.7103127466363703
0.7103162188597982
0.710319691083226
0.7103231633066539
0.7103266355300818
0.7103301077535097
0.7103335799769376
0.7103370522003654
0.7103405244237933
0.710343996647221
0.7103474688706489
0.7103509410940767
0.7103544133175046
0.7103578855409325
0.7103613577643603
0.7103648299877883
0.710368302211216
0.7103717744346439
0.7103752466580717
0.7103787188814996
0.7103821911049274
0.7103856633283553
0.7103891355517832
0.710392607775211
0.710396079998639
0.7103995522220667
0.7104030244454946
0.7104064966689224
0.7104099688923503
0.7104134411157781
0.710416913339206
0.7104203855626339
0.7104238577860618
0.7104273300094897
0.7104308022329174
0.7104342744563453
0.7104377466797731
0.710441218903201
0.7104446911266288
0.7104481633500568
0.7104516355734846
0.7104551077969125
0.7104585800203403
0.7104620522437681
0.710465524467196
0.7104689966906238
0.7104724689140517
0.7104759411374795
0.7104794133609075
0.7104828855843353
0.7104863578077631
0.710489830031191
0.7104933022546188
0.7104967744780467
0.7105002467014745
0.7105037189249024
0.7105071911483302
0.7105106633717581
0.710514135595186
0.7105176078186138
0.7105210800420417
0.7105245522654695
0.7105280244888974
0.7105314967123252
0.7105349689357531
0.7105384411591809
0.7105419133826089
0.7105453856060366
0.7105488578294645
0.7105523300528924
0.7105558022763203
0.7105592744997481
0.7105627467231759
0.7105662189466038
0.7105696911700315
0.7105731633934594
0.7105766356168873
0.7105801078403153
0.7105835800637431
0.710587052287171
0.7105905245105988
0.7105939967340267
0.7105974689574545
0.7106009411808824
0.7106044134043102
0.710607885627738
0.7106113578511659
0.7106148300745938
0.7106183022980217
0.7106217745214495
0.7106252467448774
0.7106287189683052
0.710632191191733
0.7106356634151609
0.7106391356385887
0.7106426078620166
0.7106460800854445
0.7106495523088724
0.7106530245323002
0.7106564967557281
0.7106599689791558
0.7106634412025837
0.7106669134260115
0.7106703856494394
0.7106738578728674
0.7106773300962952
0.7106808023197231
0.7106842745431509
0.7106877467665788
0.7106912189900065
0.7106946912134344
0.7106981634368623
0.7107016356602902
0.710705107883718
0.7107085801071459
0.7107120523305738
0.7107155245540016
0.7107189967774294
0.7107224690008572
0.7107259412242851
0.710729413447713
0.7107328856711409
0.7107363578945687
0.7107398301179966
0.7107433023414245
0.7107467745648522
0.7107502467882801
0.7107537190117079
0.7107571912351358
0.7107606634585636
