0.6503474480373083
0.6503509202607362
0.650354392484164
0.6503578647075919
0.6503613369310197
0.6503648091544476
0.6503682813778755
0.6503717536013034
0.6503752258247312
0.6503786980481591
0.6503821702715868
0.6503856424950146
0.6503891147184426
0.6503925869418704
0.6503960591652984
0.6503995313887262
0.6504030036121541
0.6504064758355819
0.6504099480590098
0.6504134202824375
0.6504168925058654
0.6504203647292933
0.6504238369527211
0.6504273091761491
0.6504307813995769
0.6504342536230048
0.6504377258464326
0.6504411980698604
0.6504446702932883
0.6504481425167161
0.650451614740144
0.6504550869635718
0.6504585591869997
0.6504620314104276
0.6504655036338555
0.6504689758572832
0.6504724480807111
0.6504759203041389
0.6504793925275668
0.6504828647509947
0.6504863369744225
0.6504898091978505
0.6504932814212783
0.6504967536447062
0.6505002258681339
0.6505036980915618
0.6505071703149896
0.6505106425384176
0.6505141147618454
0.6505175869852733
0.6505210592087012
0.650524531432129
0.6505280036555569
0.6505314758789846
0.6505349481024125
0.6505384203258403
0.6505418925492683
0.6505453647726961
0.650548836996124
0.6505523092195518
0.6505557814429797
0.6505592536664075
0.6505627258898353
0.6505661981132632
0.650569670336691
0.650573142560119
0.6505766147835468
0.6505800870069747
0.6505835592304026
0.6505870314538303
0.6505905036772582
0.650593975900686
0.6505974481241139
0.6506009203475417
0.6506043925709697
0.6506078647943975
0.6506113370178254
0.6506148092412531
0.6506182814646811
0.6506217536881089
0.6506252259115367
0.6506286981349646
0.6506321703583924
0.6506356425818203
0.6506391148052482
0.6506425870286761
0.650646059252104
0.6506495314755318
0.6506530036989596
0.6506564759223875
0.6506599481458153
0.6506634203692432
0.6506668925926711
0.6506703648160989
0.6506738370395267
0.6506773092629546
0.6506807814863825
0.6506842537098103
0.6506877259332382
0.650691198156666
0.6506946703800939
0.6506981426035218
0.6507016148269495
0.6507050870503774
0.6507085592738052
0.6507120314972332
0.650715503720661
0.6507189759440889
0.6507224481675167
0.6507259203909446
0.6507293926143725
0.6507328648378002
0.6507363370612281
0.650739809284656
0.6507432815080839
0.6507467537315117
0.6507502259549396
0.6507536981783674
0.6507571704017953
0.6507606426252232
0.6507641148486509
0.6507675870720788
0.6507710592955067
0.6507745315189346
0.6507780037423624
0.6507814759657903
0.6507849481892181
0.650788420412646
0.6507918926360738
0.6507953648595017
0.6507988370829295
0.6508023093063574
0.6508057815297853
0.6508092537532131
0.650812725976641
0.6508161982000688
0.6508196704234966
0.6508231426469245
0.6508266148703524
0.6508300870937802
0.6508335593172081
0.650837031540636
0.6508405037640638
0.6508439759874917
0.6508474482109194
0.6508509204343473
0.6508543926577752
0.6508578648812031
0.6508613371046309
0.6508648093280588
0.6508682815514867
0.6508717537749145
0.6508752259983424
0.6508786982217701
0.650882170445198
0.6508856426686258
0.6508891148920538
0.6508925871154816
0.6508960593389096
0.6508995315623374
0.6509030037857652
0.650906476009193
0.6509099482326208
0.6509134204560487
0.6509168926794766
0.6509203649029045
0.6509238371263323
0.6509273093497603
0.6509307815731881
0.650934253796616
0.6509377260200437
0.6509411982434716
0.6509446704668995
0.6509481426903273
0.6509516149137552
0.650955087137183
0.6509585593606109
0.6509620315840388
0.6509655038074666
0.6509689760308944
0.6509724482543223
0.6509759204777501
0.650979392701178
0.6509828649246059
0.6509863371480337
0.6509898093714617
0.6509932815948895
0.6509967538183173
0.6510002260417451
0.651003698265173
0.6510071704886008
0.6510106427120287
0.6510141149354566
0.6510175871588844
0.6510210593823124
0.6510245316057401
0.651028003829168
0.6510314760525958
0.6510349482760237
0.6510384204994515
