0.7690974892699615
0.7691009614933894
0.7691044337168172
0.7691079059402451
0.769111378163673
0.7691148503871008
0.7691183226105287
0.7691217948339566
0.7691252670573844
0.7691287392808123
0.76913221150424
0.7691356837276679
0.7691391559510959
0.7691426281745236
0.7691461003979516
0.7691495726213794
0.7691530448448073
0.7691565170682351
0.769159989291663
0.7691634615150909
0.7691669337385186
0.7691704059619465
0.7691738781853743
0.7691773504088023
0.7691808226322301
0.769184294855658
0.7691877670790858
0.7691912393025137
0.7691947115259414
0.7691981837493693
0.7692016559727972
0.7692051281962251
0.769208600419653
0.7692120726430808
0.7692155448665087
0.7692190170899365
0.7692224893133643
0.7692259615367921
0.76922943376022
0.7692329059836478
0.7692363782070757
0.7692398504305037
0.7692433226539315
0.7692467948773594
0.7692502671007871
0.769253739324215
0.7692572115476429
0.7692606837710707
0.7692641559944986
0.7692676282179265
0.7692711004413544
0.7692745726647822
0.76927804488821
0.7692815171116378
0.7692849893350657
0.7692884615584935
0.7692919337819215
0.7692954060053493
0.7692988782287772
0.7693023504522051
0.7693058226756329
0.7693092948990607
0.7693127671224885
0.7693162393459164
0.7693197115693442
0.7693231837927722
0.7693266560162
0.7693301282396279
0.7693336004630558
0.7693370726864835
0.7693405449099114
0.7693440171333392
0.7693474893567671
0.769350961580195
0.7693544338036228
0.7693579060270507
0.7693613782504786
0.7693648504739065
0.7693683226973344
0.7693717949207621
0.7693752671441899
0.7693787393676178
0.7693822115910456
0.7693856838144735
0.7693891560379014
0.7693926282613294
0.7693961004847572
0.769399572708185
0.7694030449316128
0.7694065171550407
0.7694099893784685
0.7694134616018964
0.7694169338253243
0.7694204060487521
0.7694238782721801
0.7694273504956078
0.7694308227190357
0.7694342949424635
0.7694377671658914
0.7694412393893192
0.7694447116127471
0.769448183836175
0.7694516560596028
0.7694551282830306
0.7694586005064585
0.7694620727298864
0.7694655449533142
0.7694690171767421
0.7694724894001699
0.7694759616235978
0.7694794338470256
0.7694829060704534
0.7694863782938814
0.7694898505173092
0.7694933227407371
0.7694967949641649
0.7695002671875928
0.7695037394110206
0.7695072116344485
0.7695106838578764
0.7695141560813041
0.7695176283047321
0.7695211005281598
0.7695245727515878
0.7695280449750156
0.7695315171984435
0.7695349894218713
0.7695384616452992
0.769541933868727
0.7695454060921549
0.7695488783155827
0.7695523505390106
0.7695558227624385
0.7695592949858663
0.7695627672092942
0.769566239432722
0.7695697116561498
0.7695731838795776
0.7695766561030056
0.7695801283264334
0.7695836005498613
0.7695870727732892
0.769590544996717
0.7695940172201449
0.7695974894435726
0.7696009616670005
0.7696044338904284
0.7696079061138563
0.7696113783372842
0.769614850560712
0.7696183227841399
0.7696217950075677
0.7696252672309956
0.7696287394544233
0.7696322116778512
0.7696356839012791
0.7696391561247071
0.7696426283481348
0.7696461005715628
0.7696495727949906
0.7696530450184185
0.7696565172418462
0.769659989465274
0.769663461688702
0.7696669339121297
0.7696704061355577
0.7696738783589855
0.7696773505824135
0.7696808228058413
0.7696842950292692
0.7696877672526969
0.7696912394761248
0.7696947116995526
0.7696981839229805
0.7697016561464084
0.7697051283698363
0.7697086005932642
0.769712072816692
0.7697155450401199
0.7697190172635476
0.7697224894869755
0.7697259617104033
0.7697294339338312
0.7697329061572591
0.7697363783806869
0.7697398506041149
0.7697433228275427
0.7697467950509705
0.7697502672743983
0.7697537394978262
0.7697572117212541
0.7697606839446819
0.7697641561681098
0.7697676283915376
0.7697711006149656
0.7697745728383933
0.7697780450618212
0.769781517285249
0.7697849895086769
0.7697884617321047
