0.7982641660639466
0.7982676382873745
0.7982711105108024
0.7982745827342301
0.798278054957658
0.7982815271810858
0.7982849994045137
0.7982884716279415
0.7982919438513694
0.7982954160747973
0.798298888298225
0.798302360521653
0.7983058327450808
0.7983093049685087
0.7983127771919365
0.7983162494153644
0.7983197216387922
0.7983231938622201
0.798326666085648
0.7983301383090758
0.7983336105325037
0.7983370827559315
0.7983405549793594
0.7983440272027872
0.7983474994262151
0.7983509716496429
0.7983544438730708
0.7983579160964986
0.7983613883199265
0.7983648605433543
0.7983683327667822
0.7983718049902101
0.7983752772136379
0.7983787494370658
0.7983822216604936
0.7983856938839216
0.7983891661073494
0.7983926383307772
0.7983961105542051
0.7983995827776329
0.7984030550010608
0.7984065272244886
0.7984099994479165
0.7984134716713444
0.7984169438947721
0.7984204161182
0.7984238883416279
0.7984273605650558
0.7984308327884836
0.7984343050119115
0.7984377772353393
0.7984412494587672
0.7984447216821949
0.7984481939056229
0.7984516661290507
0.7984551383524786
0.7984586105759064
0.7984620827993343
0.7984655550227622
0.79846902724619
0.7984724994696178
0.7984759716930456
0.7984794439164736
0.7984829161399015
0.7984863883633293
0.7984898605867572
0.798493332810185
0.7984968050336129
0.7985002772570406
0.7985037494804685
0.7985072217038964
0.7985106939273242
0.7985141661507521
0.79851763837418
0.7985211105976079
0.7985245828210358
0.7985280550444636
0.7985315272678914
0.7985349994913192
0.798538471714747
0.798541943938175
0.7985454161616028
0.7985488883850308
0.7985523606084586
0.7985558328318865
0.7985593050553143
0.7985627772787421
0.7985662495021699
0.7985697217255978
0.7985731939490257
0.7985766661724535
0.7985801383958814
0.7985836106193093
0.7985870828427372
0.7985905550661649
0.7985940272895928
0.7985974995130206
0.7986009717364485
0.7986044439598763
0.7986079161833042
0.7986113884067321
0.79861486063016
0.7986183328535879
0.7986218050770156
0.7986252773004435
0.7986287495238713
0.7986322217472992
0.7986356939707271
0.7986391661941549
0.7986426384175829
0.7986461106410107
0.7986495828644385
0.7986530550878663
0.7986565273112942
0.798659999534722
0.7986634717581499
0.7986669439815778
0.7986704162050057
0.7986738884284336
0.7986773606518613
0.7986808328752892
0.798684305098717
0.7986877773221449
0.7986912495455727
0.7986947217690007
0.7986981939924284
0.7987016662158564
0.7987051384392841
0.798708610662712
0.7987120828861399
0.7987155551095677
0.7987190273329956
0.7987224995564234
0.7987259717798513
0.798729444003279
0.7987329162267071
0.798736388450135
0.7987398606735627
0.7987433328969906
0.7987468051204184
0.7987502773438463
0.7987537495672741
0.798757221790702
0.7987606940141299
0.7987641662375577
0.7987676384609856
0.7987711106844135
0.7987745829078413
0.7987780551312691
0.798781527354697
0.7987849995781248
0.7987884718015527
0.7987919440249805
0.7987954162484086
0.7987988884718362
0.7988023606952642
0.798805832918692
0.7988093051421199
0.7988127773655477
0.7988162495889756
0.7988197218124033
0.7988231940358311
0.7988266662592591
0.798830138482687
0.7988336107061149
0.7988370829295427
0.7988405551529706
0.7988440273763984
0.7988474995998263
0.798850971823254
0.7988544440466819
0.7988579162701098
0.7988613884935377
0.7988648607169655
0.7988683329403934
0.7988718051638213
0.7988752773872491
0.798878749610677
0.7988822218341047
0.7988856940575326
0.7988891662809606
0.7988926385043883
0.7988961107278163
0.7988995829512441
0.798903055174672
0.7989065273980998
0.7989099996215276
0.7989134718449555
0.7989169440683833
0.7989204162918112
0.798923888515239
0.798927360738667
0.7989308329620948
0.7989343051855227
0.7989377774089504
0.7989412496323783
0.7989447218558061
0.7989481940792341
0.7989516663026619
0.7989551385260898
