0.5802085347946301
0.580212007018058
0.5802154792414859
0.5802189514649136
0.5802224236883415
0.5802258959117693
0.5802293681351973
0.5802328403586251
0.580236312582053
0.5802397848054808
0.5802432570289087
0.5802467292523366
0.5802502014757643
0.5802536736991922
0.58025714592262
0.580260618146048
0.5802640903694758
0.5802675625929037
0.5802710348163315
0.5802745070397595
0.5802779792631872
0.5802814514866151
0.5802849237100429
0.5802883959334707
0.5802918681568987
0.5802953403803265
0.5802988126037544
0.5803022848271823
0.5803057570506102
0.5803092292740379
0.5803127014974658
0.5803161737208936
0.5803196459443215
0.5803231181677494
0.5803265903911772
0.5803300626146051
0.5803335348380328
0.5803370070614609
0.5803404792848886
0.5803439515083165
0.5803474237317443
0.5803508959551722
0.5803543681786001
0.5803578404020279
0.5803613126254558
0.5803647848488835
0.5803682570723115
0.5803717292957393
0.5803752015191672
0.580378673742595
0.5803821459660229
0.5803856181894508
0.5803890904128786
0.5803925626363065
0.5803960348597342
0.5803995070831622
0.58040297930659
0.5804064515300179
0.5804099237534457
0.5804133959768736
0.5804168682003015
0.5804203404237294
0.5804238126471571
0.580427284870585
0.5804307570940129
0.5804342293174407
0.5804377015408686
0.5804411737642964
0.5804446459877243
0.5804481182111522
0.5804515904345801
0.5804550626580078
0.5804585348814357
0.5804620071048636
0.5804654793282914
0.5804689515517193
0.5804724237751471
0.580475895998575
0.5804793682220029
0.5804828404454307
0.5804863126688585
0.5804897848922864
0.5804932571157143
0.5804967293391421
0.58050020156257
0.5805036737859978
0.5805071460094257
0.5805106182328535
0.5805140904562814
0.5805175626797092
0.5805210349031371
0.580524507126565
0.5805279793499928
0.5805314515734207
0.5805349237968485
0.5805383960202763
0.5805418682437042
0.5805453404671321
0.5805488126905599
0.5805522849139879
0.5805557571374157
0.5805592293608436
0.5805627015842714
0.5805661738076993
0.580569646031127
0.5805731182545549
0.5805765904779828
0.5805800627014106
0.5805835349248385
0.5805870071482664
0.5805904793716943
0.5805939515951221
0.58059742381855
0.5806008960419777
0.5806043682654056
0.5806078404888335
0.5806113127122613
0.5806147849356892
0.5806182571591171
0.580621729382545
0.5806252016059728
0.5806286738294006
0.5806321460528284
0.5806356182762563
0.5806390904996842
0.580642562723112
0.5806460349465399
0.5806495071699678
0.5806529793933957
0.5806564516168234
0.5806599238402513
0.5806633960636791
0.5806668682871071
0.5806703405105349
0.5806738127339627
0.5806772849573907
0.5806807571808185
0.5806842294042464
0.5806877016276741
0.580691173851102
0.5806946460745298
0.5806981182979578
0.5807015905213856
0.5807050627448135
0.5807085349682413
0.5807120071916692
0.580715479415097
0.5807189516385248
0.5807224238619527
0.5807258960853805
0.5807293683088085
0.5807328405322363
0.5807363127556642
0.580739784979092
0.5807432572025198
0.5807467294259477
0.5807502016493755
0.5807536738728034
0.5807571460962312
0.5807606183196592
0.580764090543087
0.5807675627665149
0.5807710349899426
0.5807745072133705
0.5807779794367984
0.5807814516602262
0.5807849238836541
0.5807883961070819
0.5807918683305099
0.5807953405539377
0.5807988127773656
0.5808022850007935
0.5808057572242213
0.5808092294476491
0.5808127016710769
0.5808161738945048
0.5808196461179326
0.5808231183413606
0.5808265905647884
0.5808300627882163
0.580833535011644
0.580837007235072
0.5808404794584998
0.5808439516819277
0.5808474239053555
0.5808508961287834
0.5808543683522113
0.580857840575639
0.5808613127990669
0.5808647850224947
0.5808682572459227
0.5808717294693505
0.5808752016927784
0.5808786739162062
0.5808821461396341
0.580885618363062
0.5808890905864897
0.5808925628099176
0.5808960350333454
0.5808995072567734
