0.15451394253956338
0.15451741476299122
0.1545208869864191
0.1545243592098469
0.15452783143327478
0.15453130365670265
0.15453477588013048
0.15453824810355837
0.1545417203269862
0.15454519255041407
0.15454866477384188
0.15455213699726975
0.15455560922069764
0.15455908144412547
0.15456255366755337
0.1545660258909812
0.154569498114409
0.1545729703378369
0.15457644256126474
0.15457991478469263
0.15458338700812047
0.15458685923154833
0.15459033145497622
0.154593803678404
0.1545972759018319
0.15460074812525973
0.1546042203486876
0.15460769257211548
0.15461116479554332
0.1546146370189712
0.154618109242399
0.15462158146582686
0.1546250536892547
0.15462852591268259
0.15463199813611048
0.1546354703595383
0.15463894258296618
0.15464241480639396
0.15464588702982185
0.15464935925324974
0.15465283147667758
0.15465630370010544
0.15465977592353328
0.15466324814696117
0.15466672037038903
0.15467019259381684
0.1546736648172447
0.15467713704067254
0.15468060926410043
0.15468408148752832
0.15468755371095613
0.15469102593438397
0.1546944981578118
0.1546979703812397
0.15470144260466753
0.15470491482809542
0.1547083870515233
0.15471185927495107
0.15471533149837896
0.1547188037218068
0.1547222759452347
0.15472574816866255
0.1547292203920904
0.15473269261551828
0.15473616483894606
0.15473963706237395
0.15474310928580182
0.15474658150922965
0.15475005373265754
0.15475352595608538
0.15475699817951327
0.15476047040294105
0.15476394262636892
0.1547674148497968
0.15477088707322464
0.15477435929665254
0.15477783152008037
0.15478130374350824
0.15478477596693613
0.1547882481903639
0.1547917204137918
0.15479519263721964
0.1547986648606475
0.1548021370840754
0.15480560930750323
0.15480908153093106
0.1548125537543589
0.15481602597778676
0.15481949820121466
0.1548229704246425
0.15482644264807038
0.1548299148714982
0.15483338709492603
0.15483685931835386
0.15484033154178176
0.15484380376520965
0.15484727598863748
0.15485074821206535
0.15485422043549313
0.15485769265892102
0.1548611648823489
0.15486463710577675
0.1548681093292046
0.15487158155263245
0.15487505377606034
0.1548785259994882
0.154881998222916
0.15488547044634388
0.1548889426697717
0.1548924148931996
0.1548958871166275
0.15489935934005533
0.1549028315634832
0.15490630378691098
0.15490977601033887
0.1549132482337667
0.1549167204571946
0.15492019268062246
0.1549236649040503
0.1549271371274782
0.15493060935090597
0.15493408157433386
0.15493755379776172
0.15494102602118956
0.15494449824461745
0.1549479704680453
0.15495144269147312
0.154954914914901
0.15495838713832882
0.15496185936175672
0.15496533158518455
0.15496880380861244
0.1549722760320403
0.1549757482554681
0.15497922047889598
0.15498269270232382
0.1549861649257517
0.15498963714917954
0.1549931093726074
0.1549965815960353
0.15500005381946308
0.15500352604289097
0.1550069982663188
0.15501047048974667
0.15501394271317456
0.1550174149366024
0.15502088716003026
0.15502435938345807
0.15502783160688594
0.15503130383031383
0.15503477605374166
0.15503824827716955
0.1550417205005974
0.15504519272402525
0.15504866494745304
0.15505213717088093
0.15505560939430882
0.15505908161773665
0.15506255384116452
0.15506602606459235
0.15506949828802025
0.15507297051144808
0.15507644273487592
0.15507991495830378
0.15508338718173162
0.1550868594051595
0.1550903316285874
0.15509380385201518
0.15509727607544305
0.15510074829887088
0.15510422052229877
0.15510769274572667
0.1551111649691545
0.15511463719258237
0.15511810941601015
0.15512158163943804
0.15512505386286587
0.15512852608629377
0.15513199830972163
0.15513547053314947
0.15513894275657736
0.15514241498000514
0.15514588720343303
0.1551493594268609
0.15515283165028873
0.15515630387371662
0.15515977609714446
0.15516324832057232
0.15516672054400021
0.155170192767428
0.1551736649908559
0.15517713721428372
0.15518060943771161
0.15518408166113948
0.15518755388456731
0.15519102610799515
0.155194498331423
0.15519797055485088
0.15520144277827871
0.15520491500170658
