0.6378474436970291
0.6378509159204568
0.6378543881438848
0.6378578603673126
0.6378613325907404
0.6378648048141684
0.6378682770375962
0.6378717492610241
0.6378752214844519
0.6378786937078798
0.6378821659313075
0.6378856381547355
0.6378891103781633
0.6378925826015912
0.637896054825019
0.6378995270484469
0.6379029992718748
0.6379064714953026
0.6379099437187304
0.6379134159421582
0.6379168881655861
0.637920360389014
0.6379238326124419
0.6379273048358698
0.6379307770592976
0.6379342492827255
0.6379377215061532
0.6379411937295811
0.6379446659530089
0.6379481381764369
0.6379516103998647
0.6379550826232926
0.6379585548467205
0.6379620270701483
0.6379654992935762
0.6379689715170039
0.6379724437404318
0.6379759159638597
0.6379793881872876
0.6379828604107154
0.6379863326341433
0.6379898048575711
0.6379932770809991
0.6379967493044268
0.6380002215278547
0.6380036937512825
0.6380071659747103
0.6380106381981383
0.6380141104215661
0.638017582644994
0.6380210548684219
0.6380245270918498
0.6380279993152775
0.6380314715387054
0.6380349437621332
0.6380384159855611
0.638041888208989
0.6380453604324168
0.6380488326558447
0.6380523048792726
0.6380557771027004
0.6380592493261282
0.6380627215495561
0.6380661937729839
0.6380696659964118
0.6380731382198397
0.6380766104432675
0.6380800826666954
0.6380835548901231
0.6380870271135511
0.6380904993369789
0.6380939715604068
0.6380974437838346
0.6381009160072625
0.6381043882306904
0.6381078604541182
0.638111332677546
0.6381148049009739
0.6381182771244018
0.6381217493478296
0.6381252215712575
0.6381286937946853
0.6381321660181132
0.6381356382415411
0.638139110464969
0.6381425826883967
0.6381460549118245
0.6381495271352525
0.6381529993586803
0.6381564715821082
0.638159943805536
0.6381634160289639
0.6381668882523917
0.6381703604758197
0.6381738326992474
0.6381773049226753
0.6381807771461032
0.638184249369531
0.6381877215929589
0.6381911938163867
0.6381946660398146
0.6381981382632425
0.6382016104866703
0.6382050827100981
0.638208554933526
0.6382120271569539
0.6382154993803817
0.6382189716038096
0.6382224438272374
0.6382259160506654
0.6382293882740931
0.638232860497521
0.6382363327209488
0.6382398049443767
0.6382432771678046
0.6382467493912324
0.6382502216146603
0.638253693838088
0.638257166061516
0.6382606382849438
0.6382641105083717
0.6382675827317995
0.6382710549552275
0.6382745271786553
0.6382779994020832
0.638281471625511
0.6382849438489389
0.6382884160723666
0.6382918882957945
0.6382953605192224
0.6382988327426502
0.6383023049660782
0.638305777189506
0.6383092494129339
0.6383127216363617
0.6383161938597895
0.6383196660832173
0.6383231383066452
0.6383266105300731
0.6383300827535009
0.6383335549769288
0.6383370272003567
0.6383404994237846
0.6383439716472123
0.6383474438706402
0.638350916094068
0.6383543883174959
0.6383578605409238
0.6383613327643516
0.6383648049877796
0.6383682772112074
0.6383717494346353
0.638375221658063
0.6383786938814909
0.6383821661049187
0.6383856383283466
0.6383891105517745
0.6383925827752023
0.6383960549986302
0.6383995272220581
0.638402999445486
0.6384064716689137
0.6384099438923416
0.6384134161157694
0.6384168883391973
0.6384203605626252
0.6384238327860531
0.638427305009481
0.6384307772329088
0.6384342494563366
0.6384377216797644
0.6384411939031923
0.6384446661266201
0.6384481383500481
0.6384516105734759
0.6384550827969038
0.6384585550203317
0.6384620272437594
0.6384654994671873
0.6384689716906151
0.638472443914043
0.6384759161374709
0.6384793883608988
0.6384828605843266
0.6384863328077545
0.6384898050311822
0.6384932772546101
0.638496749478038
0.6385002217014658
0.6385036939248937
0.6385071661483215
0.6385106383717495
0.6385141105951773
0.6385175828186052
0.638521055042033
0.6385245272654609
0.6385279994888887
0.6385314717123165
0.6385349439357444
0.6385384161591722
