0.8663197452499115
0.8663232174733393
0.8663266896967672
0.8663301619201952
0.866333634143623
0.8663371063670509
0.8663405785904786
0.8663440508139065
0.8663475230373343
0.8663509952607622
0.8663544674841902
0.8663579397076179
0.8663614119310459
0.8663648841544737
0.8663683563779015
0.8663718286013293
0.8663753008247572
0.866378773048185
0.8663822452716129
0.8663857174950409
0.8663891897184688
0.8663926619418966
0.8663961341653245
0.8663996063887522
0.86640307861218
0.8664065508356079
0.8664100230590357
0.8664134952824636
0.8664169675058914
0.8664204397293193
0.8664239119527473
0.8664273841761752
0.8664308563996029
0.8664343286230308
0.8664378008464586
0.8664412730698865
0.8664447452933143
0.8664482175167423
0.86645168974017
0.866455161963598
0.8664586341870258
0.8664621064104536
0.8664655786338815
0.8664690508573093
0.8664725230807372
0.866475995304165
0.866479467527593
0.8664829397510209
0.8664864119744486
0.8664898841978765
0.8664933564213043
0.8664968286447322
0.86650030086816
0.8665037730915879
0.8665072453150157
0.8665107175384436
0.8665141897618713
0.8665176619852993
0.8665211342087272
0.866524606432155
0.8665280786555829
0.8665315508790107
0.8665350231024386
0.8665384953258664
0.8665419675492944
0.866545439772722
0.86654891199615
0.8665523842195779
0.8665558564430057
0.8665593286664336
0.8665628008898614
0.8665662731132893
0.866569745336717
0.866573217560145
0.8665766897835727
0.8665801620070007
0.8665836342304286
0.8665871064538564
0.8665905786772843
0.8665940509007121
0.86659752312414
0.8666009953475677
0.8666044675709957
0.8666079397944234
0.8666114120178514
0.8666148842412793
0.8666183564647071
0.866621828688135
0.8666253009115628
0.8666287731349906
0.8666322453584184
0.8666357175818463
0.8666391898052741
0.8666426620287021
0.86664613425213
0.8666496064755578
0.8666530786989857
0.8666565509224134
0.8666600231458413
0.8666634953692691
0.8666669675926972
0.8666704398161248
0.8666739120395529
0.8666773842629807
0.8666808564864086
0.8666843287098364
0.8666878009332641
0.866691273156692
0.8666947453801198
0.8666982176035479
0.8667016898269757
0.8667051620504036
0.8667086342738314
0.8667121064972593
0.866715578720687
0.8667190509441149
0.8667225231675427
0.8667259953909706
0.8667294676143984
0.8667329398378262
0.8667364120612543
0.8667398842846821
0.86674335650811
0.8667468287315377
0.8667503009549656
0.8667537731783934
0.8667572454018213
0.8667607176252493
0.866764189848677
0.866767662072105
0.8667711342955327
0.8667746065189607
0.8667780787423884
0.8667815509658163
0.8667850231892441
0.866788495412672
0.8667919676361
0.8667954398595278
0.8667989120829557
0.8668023843063835
0.8668058565298113
0.8668093287532391
0.866812800976667
0.8668162732000948
0.8668197454235227
0.8668232176469505
0.8668266898703784
0.8668301620938064
0.8668336343172341
0.866837106540662
0.8668405787640898
0.8668440509875177
0.8668475232109455
0.8668509954343734
0.8668544676578014
0.8668579398812291
0.8668614121046571
0.8668648843280848
0.8668683565515127
0.8668718287749405
0.8668753009983684
0.8668787732217962
0.8668822454452241
0.8668857176686521
0.8668891898920799
0.8668926621155078
0.8668961343389355
0.8668996065623634
0.8669030787857912
0.8669065510092191
0.8669100232326469
0.8669134954560748
0.8669169676795025
0.8669204399029304
0.8669239121263584
0.8669273843497862
0.8669308565732141
0.8669343287966419
0.8669378010200698
0.8669412732434976
0.8669447454669255
0.8669482176903535
0.8669516899137811
0.8669551621372091
0.866958634360637
0.8669621065840648
0.8669655788074927
0.8669690510309205
0.8669725232543483
0.8669759954777762
0.8669794677012042
0.8669829399246318
0.8669864121480598
0.8669898843714877
0.8669933565949155
0.8669968288183434
0.8670003010417712
0.8670037732651991
0.8670072454886268
0.8670107177120547
