0.7309030315635526
0.7309065037869805
0.7309099760104083
0.7309134482338361
0.7309169204572641
0.7309203926806919
0.7309238649041198
0.7309273371275476
0.7309308093509755
0.7309342815744033
0.7309377537978312
0.730941226021259
0.7309446982446869
0.7309481704681147
0.7309516426915426
0.7309551149149706
0.7309585871383983
0.7309620593618262
0.730965531585254
0.7309690038086819
0.7309724760321097
0.7309759482555376
0.7309794204789655
0.7309828927023932
0.7309863649258211
0.730989837149249
0.7309933093726769
0.7309967815961047
0.7310002538195326
0.7310037260429604
0.7310071982663883
0.7310106704898162
0.7310141427132439
0.7310176149366719
0.7310210871600997
0.7310245593835276
0.7310280316069554
0.7310315038303833
0.7310349760538111
0.731038448277239
0.7310419205006667
0.7310453927240947
0.7310488649475226
0.7310523371709504
0.7310558093943783
0.7310592816178061
0.731062753841234
0.7310662260646618
0.7310696982880897
0.7310731705115175
0.7310766427349454
0.7310801149583732
0.7310835871818011
0.731087059405229
0.7310905316286568
0.7310940038520847
0.7310974760755125
0.7311009482989403
0.7311044205223681
0.7311078927457961
0.731111364969224
0.7311148371926518
0.7311183094160797
0.7311217816395075
0.7311252538629354
0.7311287260863631
0.731132198309791
0.7311356705332189
0.7311391427566468
0.7311426149800746
0.7311460872035025
0.7311495594269304
0.7311530316503582
0.7311565038737861
0.7311599760972138
0.7311634483206417
0.7311669205440696
0.7311703927674975
0.7311738649909253
0.7311773372143533
0.7311808094377811
0.731184281661209
0.7311877538846367
0.7311912261080646
0.7311946983314924
0.7311981705549202
0.7312016427783482
0.7312051150017761
0.731208587225204
0.7312120594486318
0.7312155316720597
0.7312190038954874
0.7312224761189153
0.7312259483423431
0.731229420565771
0.7312328927891989
0.7312363650126267
0.7312398372360547
0.7312433094594825
0.7312467816829104
0.7312502539063381
0.731253726129766
0.7312571983531938
0.7312606705766217
0.7312641428000496
0.7312676150234775
0.7312710872469054
0.7312745594703332
0.731278031693761
0.7312815039171888
0.7312849761406167
0.7312884483640445
0.7312919205874724
0.7312953928109003
0.7312988650343282
0.7313023372577561
0.7313058094811838
0.7313092817046117
0.7313127539280395
0.7313162261514674
0.7313196983748952
0.7313231705983232
0.731326642821751
0.7313301150451789
0.7313335872686068
0.7313370594920345
0.7313405317154624
0.7313440039388902
0.7313474761623181
0.7313509483857459
0.7313544206091738
0.7313578928326017
0.7313613650560296
0.7313648372794574
0.7313683095028852
0.7313717817263131
0.7313752539497409
0.7313787261731688
0.7313821983965966
0.7313856706200246
0.7313891428434524
0.7313926150668802
0.7313960872903081
0.7313995595137359
0.7314030317371638
0.7314065039605916
0.7314099761840195
0.7314134484074473
0.7314169206308753
0.731420392854303
0.7314238650777309
0.7314273373011588
0.7314308095245866
0.7314342817480145
0.7314377539714423
0.7314412261948702
0.731444698418298
0.7314481706417258
0.7314516428651537
0.7314551150885817
0.7314585873120095
0.7314620595354374
0.7314655317588652
0.7314690039822931
0.7314724762057209
0.7314759484291488
0.7314794206525767
0.7314828928760044
0.7314863650994323
0.7314898373228602
0.7314933095462881
0.7314967817697159
0.7315002539931438
0.7315037262165716
0.7315071984399995
0.7315106706634273
0.7315141428868551
0.7315176151102831
0.7315210873337109
0.7315245595571388
0.7315280317805666
0.7315315040039945
0.7315349762274223
0.7315384484508501
0.7315419206742779
0.7315453928977058
0.7315488651211338
0.7315523373445616
0.7315558095679895
0.7315592817914173
0.7315627540148452
0.7315662262382729
0.7315696984617008
0.7315731706851287
0.7315766429085565
0.7315801151319844
0.7315835873554123
0.7315870595788402
0.731590531802268
0.7315940040256959
