0.8871530858170437
0.8871565580404716
0.8871600302638993
0.8871635024873272
0.887166974710755
0.8871704469341829
0.8871739191576109
0.8871773913810387
0.8871808636044666
0.8871843358278944
0.8871878080513222
0.88719128027475
0.8871947524981779
0.8871982247216059
0.8872016969450336
0.8872051691684616
0.8872086413918894
0.8872121136153173
0.887215585838745
0.8872190580621729
0.8872225302856007
0.8872260025090286
0.8872294747324566
0.8872329469558844
0.8872364191793123
0.8872398914027401
0.887243363626168
0.8872468358495957
0.8872503080730236
0.8872537802964514
0.8872572525198793
0.8872607247433071
0.887264196966735
0.887267669190163
0.8872711414135908
0.8872746136370186
0.8872780858604464
0.8872815580838743
0.8872850303073021
0.88728850253073
0.887291974754158
0.8872954469775857
0.8872989192010137
0.8873023914244413
0.8873058636478693
0.8873093358712972
0.887312808094725
0.8873162803181528
0.8873197525415807
0.8873232247650087
0.8873266969884366
0.8873301692118644
0.8873336414352923
0.88733711365872
0.8873405858821479
0.8873440581055757
0.8873475303290036
0.8873510025524314
0.8873544747758593
0.887357946999287
0.887361419222715
0.887364891446143
0.8873683636695707
0.8873718358929986
0.8873753081164264
0.8873787803398543
0.8873822525632821
0.8873857247867101
0.8873891970101377
0.8873926692335657
0.8873961414569936
0.8873996136804214
0.8874030859038493
0.8874065581272771
0.887410030350705
0.8874135025741328
0.8874169747975608
0.8874204470209887
0.8874239192444164
0.8874273914678443
0.8874308636912721
0.8874343359147
0.8874378081381278
0.8874412803615557
0.8874447525849835
0.8874482248084113
0.8874516970318391
0.8874551692552671
0.887458641478695
0.8874621137021228
0.8874655859255507
0.8874690581489785
0.8874725303724064
0.8874760025958341
0.8874794748192621
0.8874829470426898
0.8874864192661178
0.8874898914895457
0.8874933637129735
0.8874968359364014
0.8875003081598292
0.8875037803832571
0.8875072526066848
0.8875107248301128
0.8875141970535405
0.8875176692769685
0.8875211415003964
0.8875246137238242
0.8875280859472521
0.8875315581706799
0.8875350303941077
0.8875385026175355
0.8875419748409634
0.8875454470643912
0.8875489192878193
0.8875523915112471
0.8875558637346749
0.8875593359581028
0.8875628081815305
0.8875662804049584
0.8875697526283862
0.8875732248518143
0.8875766970752419
0.88758016929867
0.8875836415220978
0.8875871137455257
0.8875905859689535
0.8875940581923814
0.8875975304158091
0.8876010026392369
0.887604474862665
0.8876079470860926
0.8876114193095207
0.8876148915329485
0.8876183637563764
0.8876218359798042
0.887625308203232
0.8876287804266598
0.8876322526500877
0.8876357248735157
0.8876391970969434
0.8876426693203714
0.8876461415437992
0.8876496137672271
0.8876530859906548
0.8876565582140827
0.8876600304375105
0.8876635026609384
0.8876669748843662
0.8876704471077941
0.8876739193312221
0.8876773915546499
0.8876808637780778
0.8876843360015055
0.8876878082249334
0.8876912804483612
0.8876947526717891
0.8876982248952171
0.8877016971186448
0.8877051693420728
0.8877086415655006
0.8877121137889284
0.8877155860123562
0.8877190582357841
0.8877225304592119
0.8877260026826398
0.8877294749060678
0.8877329471294956
0.8877364193529235
0.8877398915763512
0.8877433637997791
0.8877468360232069
0.8877503082466348
0.8877537804700626
0.8877572526934905
0.8877607249169183
0.8877641971403462
0.8877676693637742
0.8877711415872019
0.8877746138106298
0.8877780860340576
0.8877815582574855
0.8877850304809133
0.8877885027043412
0.8877919749277692
0.8877954471511968
0.8877989193746249
0.8878023915980525
0.8878058638214805
0.8878093360449083
0.8878128082683362
0.887816280491764
0.8878197527151919
0.8878232249386199
0.8878266971620478
0.8878301693854755
0.8878336416089034
0.8878371138323312
0.887840586055759
0.8878440582791869
