0.06770835684317943
0.06771182906660736
0.0677153012900351
0.06771877351346302
0.06772224573689085
0.06772571796031869
0.06772919018374662
0.06773266240717446
0.0677361346306023
0.06773960685403012
0.06774307907745795
0.06774655130088579
0.06775002352431372
0.06775349574774156
0.0677569679711694
0.06776044019459732
0.06776391241802505
0.06776738464145299
0.06777085686488082
0.06777432908830866
0.06777780131173658
0.06778127353516442
0.06778474575859225
0.06778821798202009
0.06779169020544792
0.06779516242887586
0.0677986346523037
0.06780210687573152
0.06780557909915935
0.06780905132258729
0.06781252354601512
0.06781599576944296
0.0678194679928708
0.06782294021629862
0.06782641243972655
0.06782988466315439
0.06783335688658222
0.06783682911001006
0.0678403013334379
0.06784377355686581
0.06784724578029365
0.06785071800372149
0.06785419022714942
0.06785766245057716
0.06786113467400508
0.06786460689743291
0.06786807912086075
0.06787155134428868
0.06787502356771652
0.06787849579114436
0.06788196801457218
0.06788544023800001
0.06788891246142795
0.06789238468485578
0.06789585690828362
0.06789932913171146
0.06790280135513937
0.06790627357856721
0.06790974580199505
0.06791321802542288
0.06791669024885072
0.06792016247227864
0.06792363469570648
0.06792710691913431
0.06793057914256215
0.06793405136598998
0.06793752358941792
0.06794099581284575
0.06794446803627358
0.06794794025970151
0.06795141248312934
0.06795488470655718
0.06795835692998502
0.06796182915341285
0.06796530137684077
0.06796877360026861
0.06797224582369644
0.06797571804712428
0.06797919027055212
0.06798266249398004
0.06798613471740787
0.06798960694083571
0.06799307916426355
0.06799655138769148
0.06800002361111931
0.06800349583454714
0.06800696805797497
0.06801044028140281
0.06801391250483074
0.06801738472825858
0.06802085695168641
0.06802432917511433
0.06802780139854207
0.06803127362197
0.06803474584539784
0.06803821806882568
0.0680416902922536
0.06804516251568143
0.06804863473910927
0.0680521069625371
0.06805557918596494
0.06805905140939288
0.0680625236328207
0.06806599585624853
0.06806946807967637
0.0680729403031042
0.06807641252653214
0.06807988474995998
0.06808335697338781
0.06808682919681563
0.06809030142024357
0.06809377364367131
0.06809724586709924
0.06810071809052708
0.06810419031395491
0.06810766253738283
0.06811113476081067
0.0681146069842385
0.06811807920766644
0.06812155143109418
0.0681250236545221
0.06812849587794993
0.06813196810137777
0.0681354403248057
0.06813891254823354
0.06814238477166137
0.0681458569950892
0.06814932921851703
0.06815280144194497
0.0681562736653728
0.06815974588880064
0.06816321811222847
0.0681666903356564
0.06817016255908413
0.06817363478251207
0.0681771070059399
0.06818057922936774
0.06818405145279566
0.0681875236762235
0.06819099589965133
0.06819446812307917
0.068197940346507
0.06820141256993494
0.06820488479336276
0.0682083570167906
0.06821182924021853
0.06821530146364627
0.0682187736870742
0.06822224591050204
0.06822571813392986
0.0682291903573577
0.06823266258078563
0.06823613480421346
0.0682396070276413
0.06824307925106914
0.06824655147449697
0.06825002369792489
0.06825349592135273
0.06825696814478056
0.0682604403682085
0.06826391259163624
0.06826738481506416
0.06827085703849199
0.06827432926191983
0.06827780148534776
0.0682812737087756
0.06828474593220343
0.06828821815563135
0.06829169037905909
0.06829516260248703
0.06829863482591486
0.0683021070493427
0.06830557927277053
0.06830905149619845
0.06831252371962629
0.06831599594305413
0.06831946816648196
0.0683229403899098
0.06832641261333772
0.06832988483676555
0.06833335706019339
0.06833682928362123
0.06834030150704906
0.068343773730477
0.06834724595390482
0.06835071817733265
0.06835419040076059
0.06835766262418833
0.06836113484761626
0.0683646070710441
0.06836807929447192
0.06837155151789985
0.06837502374132769
0.06837849596475552
0.06838196818818336
0.0683854404116112
0.06838891263503911
0.06839238485846695
0.06839585708189479
0.06839932930532262
