0.8364586237703555
0.8364620959937834
0.8364655682172112
0.8364690404406391
0.8364725126640669
0.8364759848874948
0.8364794571109225
0.8364829293343504
0.8364864015577784
0.8364898737812062
0.8364933460046341
0.8364968182280619
0.8365002904514898
0.8365037626749176
0.8365072348983454
0.8365107071217733
0.8365141793452011
0.8365176515686291
0.8365211237920568
0.8365245960154848
0.8365280682389126
0.8365315404623405
0.8365350126857682
0.8365384849091961
0.836541957132624
0.8365454293560519
0.8365489015794797
0.8365523738029076
0.8365558460263355
0.8365593182497633
0.8365627904731912
0.8365662626966189
0.8365697349200469
0.8365732071434746
0.8365766793669025
0.8365801515903304
0.8365836238137583
0.8365870960371862
0.836590568260614
0.8365940404840418
0.8365975127074696
0.8366009849308975
0.8366044571543254
0.8366079293777533
0.8366114016011812
0.836614873824609
0.8366183460480369
0.8366218182714646
0.8366252904948925
0.8366287627183203
0.8366322349417482
0.8366357071651761
0.836639179388604
0.8366426516120318
0.8366461238354597
0.8366495960588876
0.8366530682823153
0.8366565405057432
0.836660012729171
0.836663484952599
0.8366669571760267
0.8366704293994547
0.8366739016228825
0.8366773738463104
0.8366808460697382
0.836684318293166
0.8366877905165939
0.8366912627400217
0.8366947349634496
0.8366982071868775
0.8367016794103054
0.8367051516337333
0.8367086238571612
0.8367120960805889
0.8367155683040167
0.8367190405274446
0.8367225127508724
0.8367259849743003
0.8367294571977282
0.8367329294211561
0.836736401644584
0.8367398738680119
0.8367433460914396
0.8367468183148675
0.8367502905382953
0.8367537627617232
0.8367572349851511
0.8367607072085788
0.8367641794320068
0.8367676516554345
0.8367711238788625
0.8367745961022903
0.8367780683257182
0.836781540549146
0.8367850127725739
0.8367884849960017
0.8367919572194296
0.8367954294428575
0.8367989016662853
0.8368023738897132
0.836805846113141
0.8368093183365689
0.8368127905599967
0.8368162627834246
0.8368197350068524
0.8368232072302803
0.8368266794537081
0.836830151677136
0.8368336239005639
0.8368370961239917
0.8368405683474196
0.8368440405708474
0.8368475127942753
0.8368509850177032
0.8368544572411311
0.8368579294645588
0.8368614016879866
0.8368648739114146
0.8368683461348424
0.8368718183582703
0.8368752905816981
0.836878762805126
0.8368822350285537
0.8368857072519816
0.8368891794754095
0.8368926516988374
0.8368961239222653
0.8368995961456931
0.836903068369121
0.8369065405925488
0.8369100128159767
0.8369134850394044
0.8369169572628324
0.8369204294862602
0.8369239017096881
0.836927373933116
0.8369308461565438
0.8369343183799717
0.8369377906033995
0.8369412628268273
0.8369447350502551
0.8369482072736831
0.836951679497111
0.8369551517205388
0.8369586239439667
0.8369620961673945
0.8369655683908224
0.8369690406142501
0.836972512837678
0.8369759850611059
0.8369794572845337
0.8369829295079616
0.8369864017313896
0.8369898739548174
0.8369933461782453
0.8369968184016731
0.8370002906251008
0.8370037628485287
0.8370072350719565
0.8370107072953845
0.8370141795188123
0.8370176517422403
0.837021123965668
0.837024596189096
0.8370280684125238
0.8370315406359516
0.8370350128593794
0.8370384850828073
0.8370419573062352
0.8370454295296631
0.8370489017530909
0.8370523739765188
0.8370558461999467
0.8370593184233744
0.8370627906468023
0.8370662628702301
0.837069735093658
0.8370732073170858
0.8370766795405137
0.8370801517639416
0.8370836239873695
0.8370870962107974
0.8370905684342251
0.837094040657653
0.8370975128810808
0.8371009851045087
0.8371044573279366
0.8371079295513644
0.8371114017747924
0.8371148739982202
0.837118346221648
0.8371218184450758
0.8371252906685037
0.8371287628919315
0.8371322351153594
0.8371357073387873
0.8371391795622152
0.837142651785643
0.8371461240090708
0.8371495962324987
