0.30937510742191227
0.3093785796453401
0.309382051868768
0.30938552409219583
0.3093889963156237
0.30939246853905156
0.3093959407624794
0.3093994129859073
0.3094028852093352
0.309406357432763
0.30940982965619085
0.3094133018796187
0.3094167741030465
0.3094202463264744
0.30942371854990225
0.3094271907733301
0.309430662996758
0.3094341352201858
0.3094376074436137
0.30944107966704154
0.30944455189046943
0.3094480241138972
0.3094514963373251
0.30945496856075294
0.3094584407841808
0.30946191300760867
0.30946538523103656
0.3094688574544644
0.30947232967789223
0.3094758019013201
0.30947927412474796
0.3094827463481758
0.30948621857160363
0.30948969079503147
0.3094931630184593
0.30949663524188725
0.3095001074653151
0.3095035796887429
0.30950705191217076
0.30951052413559865
0.30951399635902654
0.3095174685824543
0.30952094080588216
0.30952441302931005
0.3095278852527379
0.3095313574761658
0.3095348296995936
0.3095383019230215
0.30954177414644934
0.30954524636987724
0.30954871859330507
0.3095521908167329
0.30955566304016074
0.30955913526358864
0.3095626074870165
0.3095660797104443
0.30956955193387214
0.3095730241573001
0.30957649638072793
0.30957996860415576
0.3095834408275836
0.30958691305101144
0.3095903852744393
0.30959385749786716
0.309597329721295
0.30960080194472284
0.30960427416815073
0.3096077463915786
0.30961121861500646
0.3096146908384343
0.3096181630618622
0.30962163528529
0.30962510750871786
0.3096285797321457
0.3096320519555736
0.3096355241790015
0.3096389964024293
0.30964246862585715
0.309645940849285
0.3096494130727129
0.30965288529614077
0.3096563575195686
0.3096598297429964
0.3096633019664242
0.3096667741898521
0.30967024641328
0.30967371863670784
0.3096771908601357
0.30968066308356357
0.3096841353069914
0.3096876075304193
0.30969107975384713
0.30969455197727497
0.3096980242007028
0.3097014964241307
0.30970496864755853
0.30970844087098637
0.30971191309441426
0.30971538531784215
0.30971885754127
0.3097223297646978
0.30972580198812566
0.30972927421155355
0.3097327464349814
0.3097362186584092
0.30973969088183706
0.3097431631052649
0.30974663532869284
0.3097501075521207
0.3097535797755485
0.30975705199897635
0.30976052422240424
0.3097639964458321
0.3097674686692599
0.30977094089268775
0.30977441311611564
0.3097778853395435
0.30978135756297137
0.3097848297863992
0.3097883020098271
0.30979177423325494
0.3097952464566828
0.30979871868011066
0.30980219090353844
0.30980566312696634
0.3098091353503942
0.30981260757382206
0.3098160797972499
0.30981955202067774
0.3098230242441057
0.3098264964675335
0.30982996869096135
0.3098334409143892
0.309836913137817
0.30984038536124486
0.30984385758467275
0.3098473298081006
0.3098508020315284
0.3098542742549563
0.3098577464783842
0.30986121870181205
0.3098646909252399
0.3098681631486678
0.3098716353720956
0.30987510759552345
0.3098785798189513
0.3098820520423792
0.30988552426580707
0.3098889964892349
0.30989246871266274
0.3098959409360906
0.30989941315951847
0.3099028853829463
0.30990635760637414
0.309909829829802
0.3099133020532298
0.3099167742766577
0.3099202465000856
0.30992371872351343
0.30992719094694127
0.30993066317036916
0.309934135393797
0.3099376076172249
0.3099410798406527
0.30994455206408056
0.3099480242875084
0.3099514965109363
0.3099549687343641
0.30995844095779196
0.30996191318121985
0.30996538540464774
0.3099688576280756
0.3099723298515034
0.30997580207493125
0.30997927429835914
0.309982746521787
0.3099862187452148
0.30998969096864265
0.3099931631920705
0.30999663541549843
0.31000010763892627
0.3100035798623541
0.31000705208578194
0.31001052430920983
0.31001399653263767
0.3100174687560655
0.31002094097949334
0.31002441320292123
0.31002788542634907
0.31003135764977696
0.3100348298732048
0.3100383020966327
0.3100417743200605
0.31004524654348836
0.3100487187669162
0.31005219099034403
0.3100556632137719
0.3100591354371998
0.31006260766062765
0.3100660798840555
