0.6447918905527398
0.6447953627761677
0.6447988349995954
0.6448023072230233
0.6448057794464512
0.644809251669879
0.6448127238933069
0.6448161961167347
0.6448196683401626
0.6448231405635904
0.6448266127870184
0.6448300850104461
0.644833557233874
0.6448370294573019
0.6448405016807297
0.6448439739041576
0.6448474461275854
0.6448509183510133
0.6448543905744412
0.644857862797869
0.6448613350212968
0.6448648072447248
0.6448682794681526
0.6448717516915805
0.6448752239150083
0.6448786961384362
0.644882168361864
0.6448856405852919
0.6448891128087197
0.6448925850321475
0.6448960572555754
0.6448995294790033
0.6449030017024312
0.644906473925859
0.6449099461492869
0.6449134183727147
0.6449168905961425
0.6449203628195704
0.6449238350429982
0.6449273072664262
0.644930779489854
0.6449342517132819
0.6449377239367097
0.6449411961601376
0.6449446683835653
0.6449481406069932
0.6449516128304211
0.6449550850538489
0.6449585572772768
0.6449620295007047
0.6449655017241326
0.6449689739475604
0.6449724461709883
0.644975918394416
0.6449793906178439
0.6449828628412718
0.6449863350646996
0.6449898072881276
0.6449932795115554
0.6449967517349833
0.6450002239584111
0.645003696181839
0.6450071684052667
0.6450106406286947
0.6450141128521225
0.6450175850755504
0.6450210572989783
0.6450245295224061
0.645028001745834
0.6450314739692617
0.6450349461926896
0.6450384184161175
0.6450418906395454
0.6450453628629732
0.6450488350864011
0.6450523073098289
0.6450557795332568
0.6450592517566847
0.6450627239801124
0.6450661962035403
0.6450696684269681
0.645073140650396
0.6450766128738239
0.6450800850972518
0.6450835573206797
0.6450870295441075
0.6450905017675354
0.6450939739909631
0.645097446214391
0.6451009184378188
0.6451043906612468
0.6451078628846746
0.6451113351081025
0.6451148073315304
0.6451182795549582
0.645121751778386
0.6451252240018138
0.6451286962252417
0.6451321684486695
0.6451356406720975
0.6451391128955253
0.6451425851189532
0.645146057342381
0.645149529565809
0.6451530017892367
0.6451564740126646
0.6451599462360924
0.6451634184595203
0.6451668906829482
0.645170362906376
0.6451738351298039
0.6451773073532318
0.6451807795766596
0.6451842518000874
0.6451877240235153
0.6451911962469431
0.645194668470371
0.6451981406937989
0.6452016129172267
0.6452050851406546
0.6452085573640823
0.6452120295875103
0.6452155018109381
0.645218974034366
0.6452224462577938
0.6452259184812217
0.6452293907046496
0.6452328629280774
0.6452363351515052
0.6452398073749331
0.645243279598361
0.6452467518217888
0.6452502240452167
0.6452536962686445
0.6452571684920724
0.6452606407155003
0.645264112938928
0.6452675851623559
0.6452710573857838
0.6452745296092117
0.6452780018326395
0.6452814740560674
0.6452849462794952
0.6452884185029232
0.645291890726351
0.6452953629497789
0.6452988351732066
0.6453023073966345
0.6453057796200624
0.6453092518434902
0.6453127240669181
0.6453161962903459
0.6453196685137738
0.6453231407372015
0.6453266129606295
0.6453300851840573
0.6453335574074852
0.6453370296309131
0.6453405018543409
0.6453439740777688
0.6453474463011966
0.6453509185246245
0.6453543907480523
0.6453578629714802
0.645361335194908
0.6453648074183359
0.6453682796417638
0.6453717518651916
0.6453752240886195
0.6453786963120473
0.6453821685354751
0.645385640758903
0.6453891129823309
0.6453925852057587
0.6453960574291866
0.6453995296526145
0.6454030018760423
0.6454064740994702
0.6454099463228979
0.6454134185463258
0.6454168907697537
0.6454203629931816
0.6454238352166094
0.6454273074400374
0.6454307796634652
0.6454342518868931
0.6454377241103209
0.6454411963337487
0.6454446685571765
0.6454481407806044
0.6454516130040323
0.6454550852274601
0.645458557450888
0.6454620296743159
0.6454655018977438
0.6454689741211715
0.6454724463445994
0.6454759185680272
0.6454793907914551
0.645482863014883
