0.3427084523293237
0.34271192455275157
0.34271539677617946
0.3427188689996073
0.34272234122303513
0.34272581344646297
0.34272928566989086
0.3427327578933187
0.34273623011674653
0.34273970234017437
0.3427431745636022
0.34274664678703015
0.342750119010458
0.3427535912338858
0.34275706345731366
0.34276053568074155
0.3427640079041694
0.3427674801275972
0.34277095235102506
0.34277442457445295
0.34277789679788084
0.3427813690213087
0.3427848412447365
0.3427883134681644
0.34279178569159224
0.34279525791502014
0.34279873013844797
0.3428022023618758
0.34280567458530364
0.34280914680873154
0.34281261903215937
0.3428160912555872
0.34281956347901504
0.342823035702443
0.3428265079258708
0.34282998014929866
0.3428334523727265
0.34283692459615434
0.34284039681958217
0.34284386904301006
0.3428473412664379
0.34285081348986574
0.3428542857132936
0.3428577579367215
0.34286123016014936
0.3428647023835772
0.3428681746070051
0.3428716468304329
0.34287511905386076
0.3428785912772886
0.3428820635007165
0.3428855357241444
0.3428890079475722
0.34289248017100005
0.3428959523944279
0.3428994246178558
0.34290289684128367
0.34290636906471145
0.3429098412881393
0.3429133135115671
0.342916785734995
0.3429202579584229
0.34292373018185074
0.3429272024052786
0.34293067462870647
0.3429341468521343
0.3429376190755622
0.34294109129899003
0.34294456352241787
0.3429480357458457
0.3429515079692736
0.34295498019270143
0.3429584524161293
0.34296192463955716
0.34296539686298505
0.3429688690864129
0.3429723413098407
0.34297581353326856
0.34297928575669645
0.3429827579801243
0.3429862302035521
0.34298970242697996
0.3429931746504078
0.34299664687383574
0.3430001190972636
0.3430035913206914
0.34300706354411925
0.34301053576754714
0.343014007990975
0.3430174802144028
0.34302095243783065
0.34302442466125854
0.34302789688468643
0.34303136910811427
0.3430348413315421
0.34303831355497
0.34304178577839783
0.3430452580018257
0.3430487302252535
0.34305220244868134
0.34305567467210923
0.3430591468955371
0.34306261911896496
0.3430660913423928
0.34306956356582063
0.3430730357892486
0.3430765080126764
0.34307998023610425
0.3430834524595321
0.3430869246829599
0.34309039690638776
0.34309386912981565
0.3430973413532435
0.3431008135766713
0.3431042858000992
0.3431077580235271
0.34311123024695495
0.3431147024703828
0.3431181746938106
0.3431216469172385
0.34312511914066635
0.3431285913640942
0.3431320635875221
0.34313553581094997
0.3431390080343778
0.34314248025780564
0.3431459524812335
0.34314942470466137
0.3431528969280892
0.34315636915151704
0.3431598413749449
0.3431633135983727
0.3431667858218006
0.3431702580452285
0.34317373026865633
0.34317720249208417
0.34318067471551206
0.3431841469389399
0.3431876191623678
0.34319109138579557
0.34319456360922346
0.3431980358326513
0.3432015080560792
0.343204980279507
0.3432084525029349
0.34321192472636275
0.34321539694979064
0.3432188691732185
0.3432223413966463
0.34322581362007415
0.34322928584350204
0.3432327580669299
0.3432362302903577
0.34323970251378555
0.3432431747372134
0.34324664696064133
0.34325011918406917
0.343253591407497
0.34325706363092484
0.3432605358543527
0.34326400807778057
0.3432674803012084
0.34327095252463624
0.34327442474806413
0.343277896971492
0.34328136919491986
0.3432848414183477
0.3432883136417756
0.3432917858652034
0.34329525808863126
0.3432987303120591
0.34330220253548693
0.3433056747589148
0.3433091469823427
0.34331261920577055
0.3433160914291984
0.3433195636526262
0.3433230358760542
0.343326508099482
0.34332998032290984
0.3433334525463376
0.3433369247697655
0.34334039699319335
0.34334386921662124
0.3433473414400491
0.3433508136634769
0.3433542858869048
0.3433577581103327
0.34336123033376054
0.3433647025571884
0.3433681747806162
0.3433716470040441
0.34337511922747194
0.3433785914508998
0.34338206367432766
0.34338553589775556
0.3433890081211834
0.34339248034461123
0.34339595256803906
0.34339942479146696
