0.062152799358610906
0.06215627158203874
0.06215974380546658
0.062163216028894415
0.062166688252322244
0.06217016047575018
0.06217363269917801
0.06217710492260584
0.06218057714603368
0.062184049369461605
0.06218752159288944
0.06219099381631728
0.06219446603974511
0.06219793826317294
0.06220141048660087
0.062204882710028706
0.06220835493345654
0.06221182715688447
0.062215299380312214
0.06221877160374014
0.062222243827167976
0.062225716050595806
0.06222918827402374
0.06223266049745157
0.062236132720879404
0.06223960494430724
0.06224307716773508
0.062246549391163
0.06225002161459084
0.06225349383801867
0.062256966061446505
0.06226043828487443
0.06226391050830218
0.0622673827317301
0.06227085495515794
0.062274327178585775
0.0622777994020137
0.06228127162544154
0.06228474384886937
0.0622882160722972
0.06229168829572504
0.062295160519152966
0.0622986327425808
0.06230210496600864
0.062305577189436565
0.062309049412864304
0.06231252163629224
0.062315993859720066
0.0623194660831479
0.06232293830657583
0.062326410530003665
0.0623298827534315
0.06233335497685934
0.062336827200287166
0.062340299423715
0.06234377164714293
0.062347243870570765
0.0623507160939986
0.06235418831742653
0.06235766054085427
0.0623611327642822
0.062364604987710036
0.062368077211137865
0.0623715494345658
0.06237502165799363
0.062378493881421464
0.0623819661048493
0.062385438328277136
0.06238891055170506
0.0623923827751329
0.06239585499856073
0.06239932722198866
0.0624027994454164
0.062406271668844326
0.06240974389227216
0.0624132161157
0.062416688339127835
0.06242016056255576
0.0624236327859836
0.06242710500941143
0.06243057723283926
0.0624340494562671
0.062437521679695025
0.06244099390312286
0.0624444661265507
0.062447938349978624
0.06245141057340636
0.062454882796834296
0.062458355020262125
0.06246182724368996
0.06246529946711789
0.062468771690545724
0.06247224391397356
0.062475716137401396
0.062479188360829226
0.06248266058425716
0.06248613280768499
0.062489605031112824
0.06249307725454066
0.06249654947796859
0.06250002170139642
0.06250349392482425
0.06250696614825209
0.06251043837167992
0.06251391059510786
0.0625173828185357
0.06252085504196353
0.06252432726539135
0.06252779948881919
0.06253127171224712
0.06253474393567496
0.0625382161591028
0.06254168838253071
0.06254516060595847
0.06254863282938639
0.06255210505281422
0.06255557727624206
0.06255904949966999
0.06256252172309781
0.06256599394652565
0.06256946616995349
0.06257293839338132
0.06257641061680926
0.06257988284023709
0.06258335506366491
0.06258682728709275
0.06259029951052068
0.06259377173394852
0.06259724395737636
0.06260071618080419
0.06260418840423203
0.06260766062765995
0.06261113285108778
0.06261460507451562
0.06261807729794355
0.06262154952137129
0.06262502174479921
0.06262849396822705
0.06263196619165488
0.06263543841508282
0.06263891063851065
0.06264238286193848
0.06264585508536631
0.06264932730879415
0.06265279953222208
0.06265627175564992
0.06265974397907775
0.06266321620250559
0.06266668842593341
0.06267016064936135
0.06267363287278918
0.06267710509621702
0.06268057731964485
0.06268404954307277
0.06268752176650053
0.06269099398992845
0.06269446621335628
0.06269793843678412
0.06270141066021205
0.06270488288363987
0.06270835510706771
0.06271182733049564
0.06271529955392338
0.06271877177735131
0.06272224400077915
0.06272571622420697
0.0627291884476349
0.06273266067106274
0.06273613289449058
0.06273960511791841
0.06274307734134625
0.06274654956477417
0.062750021788202
0.06275349401162984
0.06275696623505768
0.06276043845848561
0.06276391068191335
0.06276738290534127
0.0627708551287691
0.06277432735219694
0.06277779957562488
0.06278127179905271
0.06278474402248053
0.06278821624590837
0.06279168846933621
0.06279516069276414
0.06279863291619198
0.06280210513961981
0.06280557736304773
0.06280904958647547
0.0628125218099034
0.06281599403333124
0.06281946625675908
0.062822938480187
0.06282641070361483
0.06282988292704267
0.0628333551504705
0.06283682737389834
0.06284029959732618
0.0628437718207541
