0.8878475305026147
0.8878510027260426
0.8878544749494703
0.8878579471728982
0.8878614193963262
0.8878648916197541
0.8878683638431819
0.8878718360666098
0.8878753082900376
0.8878787805134655
0.8878822527368933
0.8878857249603213
0.8878891971837489
0.8878926694071769
0.8878961416306048
0.8878996138540326
0.8879030860774605
0.8879065583008883
0.8879100305243162
0.8879135027477439
0.887916974971172
0.8879204471945998
0.8879239194180276
0.8879273916414555
0.8879308638648833
0.8879343360883112
0.887937808311739
0.8879412805351669
0.8879447527585946
0.8879482249820225
0.8879516972054503
0.8879551694288783
0.8879586416523062
0.887962113875734
0.8879655860991619
0.8879690583225897
0.8879725305460175
0.8879760027694453
0.8879794749928733
0.887982947216301
0.887986419439729
0.8879898916631569
0.8879933638865847
0.8879968361100126
0.8880003083334403
0.8880037805568682
0.888007252780296
0.888010725003724
0.8880141972271517
0.8880176694505797
0.8880211416740076
0.8880246138974354
0.8880280861208633
0.888031558344291
0.8880350305677189
0.8880385027911467
0.8880419750145746
0.8880454472380024
0.8880489194614304
0.8880523916848583
0.8880558639082861
0.888059336131714
0.8880628083551417
0.8880662805785696
0.8880697528019974
0.8880732250254255
0.8880766972488531
0.8880801694722811
0.888083641695709
0.8880871139191368
0.8880905861425646
0.8880940583659924
0.8880975305894203
0.8881010028128481
0.8881044750362762
0.8881079472597038
0.8881114194831319
0.8881148917065597
0.8881183639299876
0.8881218361534153
0.8881253083768431
0.888128780600271
0.8881322528236988
0.8881357250471269
0.8881391972705545
0.8881426694939826
0.8881461417174104
0.8881496139408382
0.888153086164266
0.8881565583876939
0.8881600306111217
0.8881635028345496
0.8881669750579774
0.8881704472814052
0.8881739195048333
0.888177391728261
0.8881808639516889
0.8881843361751167
0.8881878083985446
0.8881912806219724
0.8881947528454003
0.8881982250688283
0.888201697292256
0.888205169515684
0.8882086417391117
0.8882121139625396
0.8882155861859674
0.8882190584093953
0.8882225306328231
0.888226002856251
0.888229475079679
0.8882329473031068
0.8882364195265346
0.8882398917499624
0.8882433639733903
0.8882468361968181
0.888250308420246
0.8882537806436738
0.8882572528671017
0.8882607250905294
0.8882641973139573
0.8882676695373853
0.8882711417608131
0.888274613984241
0.8882780862076688
0.8882815584310967
0.8882850306545245
0.8882885028779524
0.8882919751013804
0.888295447324808
0.888298919548236
0.8883023917716637
0.8883058639950917
0.8883093362185195
0.8883128084419474
0.8883162806653752
0.888319752888803
0.888323225112231
0.8883266973356588
0.8883301695590867
0.8883336417825145
0.8883371140059424
0.8883405862293702
0.8883440584527981
0.8883475306762258
0.8883510028996537
0.8883544751230815
0.8883579473465094
0.8883614195699374
0.8883648917933652
0.8883683640167931
0.8883718362402209
0.8883753084636488
0.8883787806870765
0.8883822529105044
0.8883857251339324
0.8883891973573601
0.8883926695807881
0.888396141804216
0.8883996140276438
0.8884030862510717
0.8884065584744995
0.8884100306979272
0.8884135029213551
0.8884169751447831
0.888420447368211
0.8884239195916388
0.8884273918150667
0.8884308640384945
0.8884343362619224
0.8884378084853501
0.888441280708778
0.8884447529322058
0.8884482251556337
0.8884516973790615
0.8884551696024895
0.8884586418259174
0.8884621140493452
0.8884655862727731
0.8884690584962008
0.8884725307196287
0.8884760029430565
0.8884794751664845
0.8884829473899122
0.8884864196133402
0.8884898918367681
0.8884933640601959
0.8884968362836237
0.8885003085070515
0.8885037807304794
0.8885072529539072
0.8885107251773352
0.8885141974007629
0.8885176696241909
0.8885211418476188
0.8885246140710465
0.8885280862944744
0.8885315585179022
0.8885350307413301
0.8885385029647579
