0.3225695564477626
0.3225730286711905
0.32257650089461837
0.3225799731180462
0.32258344534147404
0.32258691756490193
0.3225903897883298
0.32259386201175766
0.3225973342351855
0.32260080645861333
0.3226042786820412
0.32260775090546906
0.3226112231288969
0.32261469535232473
0.3226181675757526
0.3226216397991805
0.32262511202260835
0.3226285842460362
0.322632056469464
0.32263552869289186
0.32263900091631975
0.3226424731397476
0.3226459453631754
0.3226494175866033
0.32265288981003115
0.32265636203345904
0.3226598342568869
0.32266330648031477
0.3226667787037426
0.32267025092717044
0.3226737231505983
0.3226771953740261
0.322680667597454
0.3226841398208819
0.32268761204430974
0.32269108426773757
0.3226945564911654
0.32269802871459335
0.32270150093802114
0.32270497316144897
0.3227084453848768
0.32271191760830464
0.3227153898317326
0.3227188620551604
0.32272233427858826
0.3227258065020161
0.322729278725444
0.3227327509488719
0.3227362231722997
0.32273969539572755
0.3227431676191554
0.3227466398425833
0.3227501120660111
0.32275358428943896
0.32275705651286685
0.3227605287362947
0.3227640009597226
0.3227674731831504
0.32277094540657825
0.3227744176300061
0.322777889853434
0.3227813620768618
0.32278483430028965
0.3227883065237175
0.32279177874714543
0.32279525097057327
0.3227987231940011
0.32280219541742894
0.32280566764085683
0.32280913986428467
0.3228126120877125
0.32281608431114034
0.3228195565345682
0.32282302875799607
0.32282650098142396
0.3228299732048518
0.32283344542827963
0.3228369176517075
0.3228403898751354
0.3228438620985632
0.32284733432199103
0.3228508065454189
0.3228542787688468
0.32285775099227465
0.3228612232157025
0.3228646954391303
0.3228681676625582
0.3228716398859861
0.32287511210941394
0.3228785843328418
0.3228820565562696
0.32288552877969745
0.32288900100312534
0.3228924732265532
0.322895945449981
0.3228994176734089
0.32290288989683674
0.32290636212026463
0.32290983434369247
0.32291330656712036
0.32291677879054814
0.32292025101397603
0.32292372323740387
0.3229271954608317
0.3229306676842596
0.3229341399076875
0.3229376121311153
0.32294108435454316
0.322944556577971
0.3229480288013989
0.3229515010248267
0.32295497324825456
0.3229584454716824
0.32296191769511023
0.3229653899185382
0.322968862141966
0.32297233436539385
0.3229758065888217
0.3229792788122496
0.3229827510356775
0.32298622325910525
0.3229896954825331
0.322993167705961
0.3229966399293889
0.3230001121528167
0.32300358437624455
0.32300705659967244
0.3230105288231003
0.32301400104652817
0.323017473269956
0.32302094549338384
0.3230244177168117
0.32302788994023957
0.3230313621636674
0.32303483438709524
0.3230383066105231
0.323041778833951
0.32304525105737886
0.3230487232808067
0.32305219550423453
0.3230556677276624
0.3230591399510902
0.3230626121745181
0.32306608439794593
0.32306955662137377
0.32307302884480166
0.32307650106822955
0.3230799732916574
0.3230834455150852
0.3230869177385131
0.32309038996194095
0.3230938621853688
0.3230973344087966
0.3231008066322245
0.3231042788556524
0.32310775107908024
0.3231112233025081
0.3231146955259359
0.32311816774936375
0.3231216399727917
0.32312511219621953
0.3231285844196473
0.32313205664307515
0.32313552886650304
0.32313900108993093
0.32314247331335877
0.3231459455367866
0.3231494177602145
0.32315288998364233
0.3231563622070702
0.32315983443049806
0.3231633066539259
0.32316677887735373
0.3231702511007816
0.32317372332420946
0.3231771955476373
0.3231806677710652
0.3231841399944931
0.3231876122179209
0.32319108444134875
0.3231945566647766
0.3231980288882045
0.3232015011116323
0.32320497333506015
0.323208445558488
0.3232119177819158
0.3232153900053438
0.3232188622287716
0.32322233445219944
0.3232258066756273
0.3232292788990552
0.323232751122483
0.32323622334591084
0.3232396955693387
0.3232431677927666
0.32324664001619446
0.3232501122396223
0.32325358446305014
0.32325705668647803
0.32326052890990586
