0.9940975673949887
0.9941010396184164
0.9941045118418445
0.9941079840652721
0.9941114562887001
0.994114928512128
0.9941184007355558
0.9941218729589837
0.9941253451824115
0.9941288174058394
0.9941322896292671
0.9941357618526951
0.9941392340761228
0.9941427062995508
0.9941461785229785
0.9941496507464065
0.9941531229698344
0.9941565951932622
0.9941600674166903
0.9941635396401178
0.9941670118635458
0.9941704840869735
0.9941739563104015
0.9941774285338294
0.9941809007572572
0.9941843729806851
0.9941878452041129
0.9941913174275407
0.9941947896509685
0.9941982618743966
0.9942017340978242
0.9942052063212523
0.9942086785446801
0.9942121507681079
0.9942156229915358
0.9942190952149635
0.9942225674383914
0.9942260396618192
0.9942295118852473
0.9942329841086749
0.994236456332103
0.9942399285555306
0.9942434007789587
0.9942468730023865
0.9942503452258143
0.9942538174492423
0.9942572896726699
0.994260761896098
0.9942642341195256
0.9942677063429537
0.9942711785663815
0.9942746507898094
0.9942781230132371
0.994281595236665
0.994285067460093
0.9942885396835207
0.9942920119069487
0.9942954841303764
0.9942989563538044
0.9943024285772322
0.9943059008006601
0.9943093730240878
0.9943128452475157
0.9943163174709435
0.9943197896943714
0.9943232619177994
0.9943267341412271
0.9943302063646551
0.9943336785880827
0.9943371508115108
0.9943406230349385
0.9943440952583664
0.9943475674817944
0.9943510397052221
0.9943545119286501
0.9943579841520778
0.9943614563755058
0.9943649285989334
0.9943684008223614
0.9943718730457892
0.9943753452692171
0.9943788174926451
0.9943822897160728
0.9943857619395008
0.9943892341629285
0.9943927063863565
0.9943961786097842
0.9943996508332121
0.9944031230566399
0.9944065952800678
0.9944100675034956
0.9944135397269235
0.9944170119503515
0.9944204841737792
0.9944239563972072
0.9944274286206349
0.9944309008440628
0.9944343730674906
0.9944378452909185
0.9944413175143463
0.9944447897377742
0.9944482619612022
0.9944517341846298
0.9944552064080578
0.9944586786314855
0.9944621508549135
0.9944656230783413
0.9944690953017692
0.9944725675251972
0.9944760397486249
0.9944795119720529
0.9944829841954805
0.9944864564189085
0.9944899286423364
0.9944934008657642
0.994496873089192
0.9945003453126199
0.9945038175360477
0.9945072897594756
0.9945107619829036
0.9945142342063312
0.9945177064297592
0.9945211786531871
0.9945246508766149
0.9945281231000428
0.9945315953234706
0.9945350675468985
0.9945385397703262
0.9945420119937542
0.9945454842171819
0.9945489564406099
0.9945524286640376
0.9945559008874656
0.9945593731108935
0.9945628453343213
0.9945663175577493
0.9945697897811769
0.9945732620046049
0.9945767342280326
0.9945802064514606
0.9945836786748885
0.9945871508983163
0.9945906231217442
0.994594095345172
0.9945975675685998
0.9946010397920276
0.9946045120154556
0.9946079842388833
0.9946114564623113
0.9946149286857392
0.994618400909167
0.9946218731325949
0.9946253453560226
0.9946288175794505
0.9946322898028783
0.9946357620263063
0.994639234249734
0.994642706473162
0.9946461786965897
0.9946496509200177
0.9946531231434456
0.9946565953668733
0.9946600675903013
0.994663539813729
0.994667012037157
0.9946704842605847
0.9946739564840127
0.9946774287074406
0.9946809009308684
0.9946843731542963
0.994687845377724
0.9946913176011519
0.9946947898245797
0.9946982620480077
0.9947017342714354
0.9947052064948634
0.9947086787182913
0.994712150941719
0.994715623165147
0.9947190953885747
0.9947225676120026
0.9947260398354304
0.9947295120588585
0.9947329842822861
0.9947364565057141
0.9947399287291417
0.9947434009525697
0.9947468731759976
0.9947503453994254
0.9947538176228535
0.9947572898462811
0.9947607620697092
0.9947642342931368
0.9947677065165649
0.9947711787399927
0.9947746509634205
0.9947781231868483
0.9947815954102761
0.9947850676337042
0.9947885398571318
