0.060069465301897634
0.060072937525325464
0.0600764097487534
0.060079881972181226
0.06008335419560906
0.0600868264190369
0.060090298642464825
0.06009377086589266
0.0600972430893205
0.06010071531274833
0.06010418753617616
0.060107659759604096
0.060111131983031925
0.06011460420645976
0.0601180764298876
0.06012154865331543
0.06012502087674336
0.060128493100171196
0.060131965323599025
0.06013543754702696
0.06013890977045479
0.060142381993882624
0.06014585421731046
0.060149326440738296
0.06015279866416622
0.06015627088759406
0.060159743111021895
0.060163215334449724
0.06016668755787756
0.060170159781305486
0.06017363200473332
0.06017710422816116
0.060180576451588995
0.06018404867501692
0.06018752089844476
0.06019099312187259
0.06019446534530042
0.06019793756872826
0.060201409792156185
0.06020488201558402
0.06020835423901186
0.060211826462439784
0.06021529868586752
0.060218770909295456
0.060222243132723285
0.06022571535615112
0.06022918757957905
0.060232659803006884
0.06023613202643472
0.060239604249862556
0.06024307647329039
0.06024654869671832
0.06025002092014615
0.060253493143573984
0.06025696536700182
0.06026043759042966
0.06026390981385758
0.06026738203728542
0.060270854260713255
0.060274326484141084
0.06027779870756902
0.06028127093099676
0.06028474315442468
0.06028821537785252
0.060291687601280355
0.06029515982470828
0.06029863204813612
0.060302104271563954
0.06030557649499188
0.06030904871841962
0.060312520941847546
0.06031599316527538
0.06031946538870322
0.060322937612131144
0.06032640983555898
0.06032988205898682
0.060333354282414646
0.06033682650584248
0.06034029872927041
0.060343770952698245
0.06034724317612608
0.06035071539955392
0.06035418762298184
0.06035765984640958
0.060361132069837516
0.060364604293265345
0.06036807651669318
0.06037154874012111
0.060375020963548943
0.06037849318697678
0.060381965410404616
0.060385437633832445
0.06038890985726038
0.06039238208068821
0.060395854304116044
0.06039932652754397
0.060402798750971716
0.06040627097439964
0.06040974319782748
0.060413215421255315
0.060416687644683144
0.06042015986811108
0.060423632091538906
0.06042710431496674
0.06043057653839458
0.060434048761822415
0.06043752098525034
0.06044099320867818
0.06044446543210601
0.06044793765553394
0.06045140987896168
0.060454882102389605
0.06045835432581744
0.06046182654924528
0.060465298772673204
0.06046877099610104
0.060472243219528876
0.0604757154429568
0.06047918766638454
0.06048265988981247
0.060486132113240304
0.06048960433666814
0.060493076560095976
0.0604965487835239
0.06050002100695174
0.060503493230379575
0.060506965453807404
0.06051043767723524
0.06051390990066317
0.060517382124091
0.06052085434751884
0.060524326570946675
0.060527798794374504
0.06053127101780244
0.06053474324123027
0.0605382154646581
0.06054168768808603
0.060545159911513775
0.0605486321349417
0.06055210435836954
0.060555576581797374
0.0605590488052253
0.060562521028653137
0.060565993252080966
0.0605694654755088
0.06057293769893664
0.060576409922364564
0.0605798821457924
0.06058335436922024
0.06058682659264807
0.060590298816076
0.060593771039503835
0.060597243262931665
0.0606007154863595
0.06060418770978734
0.06060765993321526
0.0606111321566431
0.060614604380070936
0.060618076603498765
0.0606215488269266
0.06062502105035453
0.06062849327378236
0.0606319654972102
0.060635437720638126
0.06063890994406596
0.0606423821674938
0.060645854390921634
0.060649326614349464
0.0606527988377774
0.060656271061205226
0.06065974328463306
0.0606632155080609
0.060666687731488735
0.06067015995491666
0.0606736321783445
0.060677104401772326
0.06068057662520016
0.06068404884862809
0.060687521072055925
0.06069099329548376
0.0606944655189116
0.06069793774233943
0.06070140996576736
0.060704882189195196
0.060708354412623025
0.06071182663605096
0.0607152988594787
0.060718771082906624
0.06072224330633446
0.060725715529762296
0.06072918775319022
0.06073265997661806
0.06073613220004589
0.060739604423473724
0.06074307664690156
0.060746548870329486
0.06075002109375732
0.06075349331718516
0.060756965540612995
0.060760437764040824
