0.10381948049287512
0.10382295271630301
0.10382642493973085
0.10382989716315873
0.1038333693865866
0.1038368416100144
0.10384031383344228
0.10384378605687011
0.10384725828029799
0.10385073050372587
0.1038542027271537
0.10385767495058158
0.10386114717400938
0.10386461939743726
0.10386809162086513
0.10387156384429297
0.10387503606772086
0.10387850829114868
0.10388198051457657
0.10388545273800445
0.10388892496143223
0.10389239718486012
0.10389586940828796
0.10389934163171584
0.10390281385514367
0.10390628607857155
0.10390975830199939
0.10391323052542722
0.1039167027488551
0.10392017497228294
0.10392364719571082
0.1039271194191387
0.10393059164256649
0.10393406386599437
0.1039375360894222
0.10394100831285008
0.10394448053627797
0.10394795275970581
0.10395142498313369
0.10395489720656147
0.10395836942998936
0.10396184165341724
0.10396531387684507
0.10396878610027295
0.10397225832370079
0.10397573054712866
0.10397920277055646
0.10398267499398434
0.10398614721741221
0.10398961944084005
0.10399309166426793
0.10399656388769576
0.10400003611112364
0.10400350833455153
0.10400698055797931
0.10401045278140719
0.10401392500483503
0.10401739722826292
0.1040208694516908
0.10402434167511863
0.10402781389854647
0.10403128612197429
0.10403475834540218
0.10403823056883002
0.1040417027922579
0.10404517501568578
0.10404864723911361
0.10405211946254145
0.10405559168596928
0.10405906390939716
0.10406253613282504
0.10406600835625288
0.10406948057968075
0.10407295280310855
0.10407642502653643
0.1040798972499643
0.10408336947339214
0.10408684169682003
0.10409031392024787
0.10409378614367575
0.10409725836710362
0.10410073059053142
0.1041042028139593
0.10410767503738713
0.10411114726081501
0.10411461948424285
0.10411809170767072
0.1041215639310986
0.1041250361545264
0.10412850837795427
0.10413198060138211
0.10413545282480999
0.10413892504823787
0.1041423972716657
0.1041458694950936
0.10414934171852137
0.10415281394194925
0.10415628616537714
0.10415975838880498
0.10416323061223286
0.1041667028356607
0.10417017505908853
0.10417364728251641
0.10417711950594424
0.10418059172937212
0.10418406395279996
0.10418753617622784
0.10419100839965563
0.10419448062308351
0.10419795284651139
0.10420142506993922
0.1042048972933671
0.10420836951679494
0.10421184174022281
0.1042153139636507
0.10421878618707849
0.10422225841050636
0.1042257306339342
0.10422920285736209
0.10423267508078997
0.1042361473042178
0.10423961952764568
0.10424309175107348
0.10424656397450136
0.10425003619792919
0.10425350842135707
0.10425698064478495
0.10426045286821278
0.10426392509164066
0.10426739731506846
0.10427086953849633
0.10427434176192421
0.10427781398535205
0.10428128620877992
0.10428475843220776
0.10428823065563565
0.10429170287906349
0.10429517510249131
0.1042986473259192
0.10430211954934704
0.10430559177277492
0.1043090639962028
0.10431253621963059
0.10431600844305847
0.1043194806664863
0.10432295288991418
0.10432642511334202
0.1043298973367699
0.10433336956019777
0.10433684178362557
0.10434031400705344
0.10434378623048128
0.10434725845390916
0.10435073067733705
0.10435420290076487
0.10435767512419276
0.10436114734762054
0.10436461957104842
0.10436809179447631
0.10437156401790415
0.10437503624133203
0.10437850846475986
0.10438198068818774
0.10438545291161562
0.10438892513504341
0.10439239735847129
0.10439586958189913
0.104399341805327
0.10440281402875484
0.10440628625218272
0.10440975847561056
0.10441323069903839
0.10441670292246627
0.1044201751458941
0.10442364736932198
0.10442711959274988
0.10443059181617766
0.10443406403960555
0.10443753626303337
0.10444100848646126
0.10444448070988914
0.10444795293331698
0.10445142515674485
0.10445489738017265
0.10445836960360053
0.10446184182702836
0.10446531405045624
0.10446878627388412
0.10447225849731195
0.10447573072073983
0.10447920294416763
0.1044826751675955
0.10448614739102338
0.10448961961445122
0.10449309183787911
0.10449656406130693
0.10450003628473482
0.1045035085081627
0.10450698073159048
0.10451045295501837
