0.7204863612799867
0.7204898335034144
0.7204933057268423
0.7204967779502701
0.720500250173698
0.7205037223971258
0.7205071946205537
0.7205106668439816
0.7205141390674094
0.7205176112908372
0.7205210835142651
0.720524555737693
0.7205280279611208
0.7205315001845487
0.7205349724079765
0.7205384446314044
0.7205419168548322
0.72054538907826
0.720548861301688
0.7205523335251158
0.7205558057485437
0.7205592779719715
0.7205627501953994
0.7205662224188272
0.7205696946422551
0.7205731668656828
0.7205766390891107
0.7205801113125386
0.7205835835359665
0.7205870557593944
0.7205905279828222
0.7205940002062501
0.7205974724296779
0.7206009446531058
0.7206044168765336
0.7206078890999615
0.7206113613233893
0.7206148335468172
0.7206183057702451
0.7206217779936729
0.7206252502171008
0.7206287224405286
0.7206321946639564
0.7206356668873842
0.7206391391108122
0.7206426113342401
0.7206460835576679
0.7206495557810958
0.7206530280045236
0.7206565002279515
0.7206599724513792
0.7206634446748071
0.720666916898235
0.7206703891216629
0.7206738613450907
0.7206773335685186
0.7206808057919465
0.7206842780153743
0.7206877502388022
0.7206912224622299
0.7206946946856578
0.7206981669090857
0.7207016391325136
0.7207051113559414
0.7207085835793694
0.7207120558027972
0.720715528026225
0.7207190002496529
0.7207224724730806
0.7207259446965085
0.7207294169199363
0.7207328891433643
0.7207363613667922
0.7207398335902201
0.7207433058136479
0.7207467780370758
0.7207502502605035
0.7207537224839314
0.7207571947073592
0.7207606669307871
0.720764139154215
0.7207676113776428
0.7207710836010708
0.7207745558244986
0.7207780280479265
0.7207815002713542
0.7207849724947821
0.7207884447182099
0.7207919169416378
0.7207953891650657
0.7207988613884936
0.7208023336119215
0.7208058058353493
0.7208092780587771
0.7208127502822049
0.7208162225056328
0.7208196947290606
0.7208231669524885
0.7208266391759164
0.7208301113993442
0.7208335836227722
0.7208370558462
0.7208405280696278
0.7208440002930556
0.7208474725164835
0.7208509447399113
0.7208544169633392
0.7208578891867671
0.7208613614101949
0.7208648336336229
0.7208683058570506
0.7208717780804785
0.7208752503039063
0.7208787225273342
0.720882194750762
0.7208856669741899
0.7208891391976178
0.7208926114210457
0.7208960836444736
0.7208995558679013
0.7209030280913292
0.720906500314757
0.7209099725381849
0.7209134447616127
0.7209169169850407
0.7209203892084685
0.7209238614318964
0.7209273336553242
0.720930805878752
0.7209342781021799
0.7209377503256077
0.7209412225490356
0.7209446947724634
0.7209481669958914
0.7209516392193192
0.720955111442747
0.7209585836661749
0.7209620558896027
0.7209655281130306
0.7209690003364584
0.7209724725598863
0.7209759447833141
0.720979417006742
0.7209828892301698
0.7209863614535978
0.7209898336770256
0.7209933059004535
0.7209967781238813
0.7210002503473091
0.721003722570737
0.7210071947941648
0.7210106670175928
0.7210141392410205
0.7210176114644484
0.7210210836878763
0.7210245559113042
0.721028028134732
0.7210315003581599
0.7210349725815877
0.7210384448050156
0.7210419170284433
0.7210453892518712
0.7210488614752992
0.721052333698727
0.7210558059221549
0.7210592781455827
0.7210627503690106
0.7210662225924384
0.7210696948158662
0.7210731670392941
0.7210766392627219
0.7210801114861498
0.7210835837095777
0.7210870559330056
0.7210905281564334
0.7210940003798613
0.721097472603289
0.7211009448267169
0.7211044170501448
0.7211078892735726
0.7211113614970005
0.7211148337204284
0.7211183059438563
0.7211217781672841
0.721125250390712
0.7211287226141397
0.7211321948375676
0.7211356670609954
0.7211391392844233
0.7211426115078513
0.7211460837312791
0.721149555954707
0.7211530281781348
0.7211565004015627
0.7211599726249904
0.7211634448484183
0.7211669170718462
0.7211703892952741
0.7211738615187019
0.7211773337421298
