0.5843752029080566
0.5843786751314843
0.5843821473549122
0.5843856195783401
0.584389091801768
0.5843925640251958
0.5843960362486237
0.5843995084720516
0.5844029806954795
0.5844064529189072
0.5844099251423351
0.5844133973657629
0.5844168695891908
0.5844203418126187
0.5844238140360465
0.5844272862594744
0.5844307584829023
0.5844342307063302
0.5844377029297579
0.5844411751531858
0.5844446473766136
0.5844481196000415
0.5844515918234694
0.5844550640468972
0.5844585362703252
0.584462008493753
0.5844654807171809
0.5844689529406086
0.5844724251640365
0.5844758973874643
0.5844793696108922
0.5844828418343201
0.5844863140577479
0.5844897862811758
0.5844932585046037
0.5844967307280315
0.5845002029514593
0.5845036751748872
0.584507147398315
0.5845106196217429
0.5845140918451708
0.5845175640685986
0.5845210362920265
0.5845245085154543
0.5845279807388822
0.58453145296231
0.5845349251857379
0.5845383974091657
0.5845418696325937
0.5845453418560215
0.5845488140794494
0.5845522863028771
0.584555758526305
0.5845592307497329
0.5845627029731607
0.5845661751965886
0.5845696474200164
0.5845731196434444
0.5845765918668722
0.5845800640903001
0.584583536313728
0.5845870085371557
0.5845904807605836
0.5845939529840114
0.5845974252074393
0.5846008974308671
0.5846043696542951
0.5846078418777229
0.5846113141011507
0.5846147863245785
0.5846182585480064
0.5846217307714343
0.5846252029948621
0.58462867521829
0.5846321474417178
0.5846356196651458
0.5846390918885735
0.5846425641120014
0.5846460363354292
0.5846495085588572
0.584652980782285
0.5846564530057128
0.5846599252291407
0.5846633974525685
0.5846668696759965
0.5846703418994242
0.5846738141228521
0.5846772863462799
0.5846807585697079
0.5846842307931357
0.5846877030165636
0.5846911752399914
0.5846946474634193
0.5846981196868472
0.5847015919102749
0.5847050641337028
0.5847085363571307
0.5847120085805586
0.5847154808039864
0.5847189530274143
0.5847224252508421
0.58472589747427
0.5847293696976978
0.5847328419211256
0.5847363141445535
0.5847397863679813
0.5847432585914093
0.5847467308148371
0.584750203038265
0.5847536752616928
0.5847571474851206
0.5847606197085485
0.5847640919319763
0.5847675641554042
0.584771036378832
0.58477450860226
0.5847779808256878
0.5847814530491157
0.5847849252725434
0.5847883974959713
0.5847918697193992
0.584795341942827
0.5847988141662549
0.5848022863896827
0.5848057586131107
0.5848092308365385
0.5848127030599664
0.5848161752833941
0.584819647506822
0.5848231197302499
0.5848265919536778
0.5848300641771056
0.5848335364005335
0.5848370086239614
0.5848404808473892
0.584843953070817
0.5848474252942448
0.5848508975176727
0.5848543697411006
0.5848578419645285
0.5848613141879563
0.5848647864113842
0.5848682586348121
0.5848717308582398
0.5848752030816677
0.5848786753050955
0.5848821475285234
0.5848856197519513
0.5848890919753792
0.584892564198807
0.5848960364222349
0.5848995086456628
0.5849029808690905
0.5849064530925184
0.5849099253159462
0.5849133975393741
0.584916869762802
0.5849203419862299
0.5849238142096577
0.5849272864330856
0.5849307586565134
0.5849342308799413
0.5849377031033691
0.5849411753267969
0.5849446475502248
0.5849481197736527
0.5849515919970806
0.5849550642205084
0.5849585364439364
0.5849620086673641
0.584965480890792
0.5849689531142198
0.5849724253376477
0.5849758975610755
0.5849793697845034
0.5849828420079313
0.584986314231359
0.5849897864547869
0.5849932586782148
0.5849967309016427
0.5850002031250705
0.5850036753484984
0.5850071475719262
0.5850106197953541
0.585014092018782
0.5850175642422097
0.5850210364656376
0.5850245086890655
0.5850279809124934
0.5850314531359212
0.5850349253593491
0.5850383975827769
0.5850418698062048
0.5850453420296327
0.5850488142530604
0.5850522864764883
0.5850557586999162
0.5850592309233441
0.5850627031467719
0.5850661753701998
