0.7427085912182609
0.7427120634416887
0.7427155356651166
0.7427190078885444
0.7427224801119722
0.7427259523354001
0.742729424558828
0.7427328967822558
0.7427363690056837
0.7427398412291116
0.7427433134525394
0.7427467856759673
0.7427502578993951
0.742753730122823
0.7427572023462508
0.7427606745696786
0.7427641467931065
0.7427676190165344
0.7427710912399623
0.7427745634633901
0.742778035686818
0.7427815079102458
0.7427849801336737
0.7427884523571014
0.7427919245805293
0.7427953968039572
0.742798869027385
0.742802341250813
0.7428058134742408
0.7428092856976687
0.7428127579210965
0.7428162301445244
0.7428197023679521
0.74282317459138
0.7428266468148079
0.7428301190382358
0.7428335912616637
0.7428370634850915
0.7428405357085194
0.7428440079319472
0.742847480155375
0.7428509523788028
0.7428544246022308
0.7428578968256586
0.7428613690490864
0.7428648412725144
0.7428683134959422
0.7428717857193701
0.7428752579427979
0.7428787301662257
0.7428822023896535
0.7428856746130815
0.7428891468365093
0.7428926190599372
0.7428960912833651
0.7428995635067929
0.7429030357302208
0.7429065079536485
0.7429099801770764
0.7429134524005042
0.7429169246239321
0.74292039684736
0.7429238690707879
0.7429273412942158
0.7429308135176436
0.7429342857410715
0.7429377579644992
0.7429412301879271
0.7429447024113549
0.7429481746347829
0.7429516468582107
0.7429551190816386
0.7429585913050665
0.7429620635284943
0.7429655357519221
0.7429690079753499
0.7429724801987778
0.7429759524222056
0.7429794246456336
0.7429828968690614
0.7429863690924894
0.7429898413159172
0.7429933135393451
0.7429967857627728
0.7430002579862007
0.7430037302096285
0.7430072024330563
0.7430106746564842
0.7430141468799121
0.7430176191033401
0.7430210913267679
0.7430245635501957
0.7430280357736235
0.7430315079970514
0.7430349802204792
0.7430384524439071
0.743041924667335
0.7430453968907628
0.7430488691141907
0.7430523413376185
0.7430558135610464
0.7430592857844742
0.7430627580079021
0.7430662302313299
0.7430697024547578
0.7430731746781856
0.7430766469016135
0.7430801191250415
0.7430835913484692
0.7430870635718971
0.7430905357953249
0.7430940080187528
0.7430974802421806
0.7431009524656085
0.7431044246890364
0.7431078969124641
0.743111369135892
0.7431148413593199
0.7431183135827478
0.7431217858061756
0.7431252580296035
0.7431287302530313
0.7431322024764592
0.7431356746998871
0.743139146923315
0.7431426191467427
0.7431460913701706
0.7431495635935985
0.7431530358170263
0.7431565080404542
0.743159980263882
0.7431634524873099
0.7431669247107376
0.7431703969341656
0.7431738691575935
0.7431773413810213
0.7431808136044492
0.743184285827877
0.7431877580513049
0.7431912302747327
0.7431947024981606
0.7431981747215884
0.7432016469450163
0.7432051191684441
0.743208591391872
0.7432120636152999
0.7432155358387277
0.7432190080621556
0.7432224802855834
0.7432259525090112
0.7432294247324391
0.743232896955867
0.7432363691792949
0.7432398414027227
0.7432433136261506
0.7432467858495784
0.7432502580730063
0.743253730296434
0.7432572025198619
0.7432606747432897
0.7432641469667177
0.7432676191901456
0.7432710914135735
0.7432745636370013
0.7432780358604292
0.743281508083857
0.7432849803072848
0.7432884525307126
0.7432919247541405
0.7432953969775684
0.7432988692009962
0.7433023414244242
0.743305813647852
0.7433092858712799
0.7433127580947076
0.7433162303181355
0.7433197025415633
0.7433231747649912
0.7433266469884191
0.743330119211847
0.7433335914352749
0.7433370636587027
0.7433405358821306
0.7433440081055583
0.7433474803289862
0.743350952552414
0.7433544247758419
0.7433578969992698
0.7433613692226976
0.7433648414461256
0.7433683136695534
0.7433717858929813
0.743375258116409
0.7433787303398369
0.7433822025632647
0.7433856747866926
0.7433891470101205
0.7433926192335483
0.7433960914569763
0.743399563680404
