0.6371529990114579
0.6371564712348858
0.6371599434583136
0.6371634156817415
0.6371668879051694
0.6371703601285973
0.6371738323520251
0.6371773045754531
0.6371807767988809
0.6371842490223087
0.6371877212457365
0.6371911934691644
0.6371946656925922
0.6371981379160201
0.637201610139448
0.6372050823628758
0.6372085545863038
0.6372120268097315
0.6372154990331594
0.6372189712565872
0.6372224434800151
0.637225915703443
0.6372293879268708
0.6372328601502987
0.6372363323737265
0.6372398045971543
0.6372432768205822
0.6372467490440101
0.6372502212674379
0.6372536934908658
0.6372571657142936
0.6372606379377215
0.6372641101611494
0.6372675823845771
0.6372710546080051
0.6372745268314329
0.6372779990548608
0.6372814712782886
0.6372849435017165
0.6372884157251443
0.6372918879485723
0.6372953601720001
0.6372988323954278
0.6373023046188558
0.6373057768422836
0.6373092490657115
0.6373127212891393
0.6373161935125672
0.637319665735995
0.637323137959423
0.6373266101828508
0.6373300824062786
0.6373335546297064
0.6373370268531343
0.6373404990765622
0.63734397129999
0.6373474435234179
0.6373509157468457
0.6373543879702737
0.6373578601937014
0.6373613324171293
0.6373648046405572
0.637368276863985
0.6373717490874129
0.6373752213108407
0.6373786935342686
0.6373821657576964
0.6373856379811244
0.6373891102045521
0.63739258242798
0.6373960546514078
0.6373995268748357
0.6374029990982636
0.6374064713216914
0.6374099435451193
0.637413415768547
0.637416887991975
0.6374203602154028
0.6374238324388307
0.6374273046622586
0.6374307768856865
0.6374342491091143
0.6374377213325421
0.63744119355597
0.6374446657793977
0.6374481380028257
0.6374516102262535
0.6374550824496814
0.6374585546731093
0.6374620268965372
0.637465499119965
0.6374689713433929
0.6374724435668206
0.6374759157902485
0.6374793880136764
0.6374828602371042
0.6374863324605321
0.6374898046839599
0.6374932769073879
0.6374967491308157
0.6375002213542436
0.6375036935776713
0.6375071658010992
0.637510638024527
0.6375141102479549
0.6375175824713828
0.6375210546948107
0.6375245269182386
0.6375279991416664
0.6375314713650942
0.637534943588522
0.6375384158119499
0.6375418880353778
0.6375453602588056
0.6375488324822335
0.6375523047056614
0.6375557769290893
0.637559249152517
0.6375627213759449
0.6375661935993727
0.6375696658228006
0.6375731380462285
0.6375766102696563
0.6375800824930842
0.637583554716512
0.63758702693994
0.6375904991633677
0.6375939713867956
0.6375974436102234
0.6376009158336513
0.6376043880570792
0.6376078602805071
0.6376113325039349
0.6376148047273628
0.6376182769507907
0.6376217491742184
0.6376252213976463
0.6376286936210741
0.637632165844502
0.6376356380679299
0.6376391102913578
0.6376425825147856
0.6376460547382135
0.6376495269616413
0.6376529991850691
0.637656471408497
0.6376599436319248
0.6376634158553527
0.6376668880787805
0.6376703603022085
0.6376738325256363
0.6376773047490641
0.637680776972492
0.6376842491959198
0.6376877214193477
0.6376911936427755
0.6376946658662034
0.6376981380896313
0.6377016103130592
0.637705082536487
0.637708554759915
0.6377120269833427
0.6377154992067706
0.6377189714301984
0.6377224436536262
0.6377259158770542
0.637729388100482
0.6377328603239099
0.6377363325473376
0.6377398047707655
0.6377432769941934
0.6377467492176213
0.6377502214410491
0.637753693664477
0.6377571658879048
0.6377606381113327
0.6377641103347605
0.6377675825581883
0.6377710547816163
0.6377745270050441
0.637777999228472
0.6377814714518998
0.6377849436753277
0.6377884158987555
0.6377918881221833
0.6377953603456112
0.637798832569039
0.637802304792467
0.6378057770158948
0.6378092492393227
0.6378127214627505
0.6378161936861784
0.6378196659096061
0.637823138133034
0.6378266103564619
0.6378300825798897
0.6378335548033176
0.6378370270267455
0.6378404992501734
0.6378439714736012
