0.8309030662857869
0.8309065385092147
0.8309100107326426
0.8309134829560704
0.8309169551794984
0.8309204274029262
0.8309238996263542
0.8309273718497819
0.8309308440732097
0.8309343162966376
0.8309377885200654
0.8309412607434933
0.8309447329669212
0.8309482051903491
0.8309516774137768
0.8309551496372047
0.8309586218606326
0.8309620940840605
0.8309655663074883
0.8309690385309162
0.830972510754344
0.8309759829777718
0.8309794552011996
0.8309829274246275
0.8309863996480555
0.8309898718714833
0.8309933440949112
0.830996816318339
0.8310002885417669
0.8310037607651947
0.8310072329886226
0.8310107052120504
0.8310141774354782
0.8310176496589062
0.831021121882334
0.8310245941057619
0.8310280663291897
0.8310315385526176
0.8310350107760454
0.8310384829994732
0.8310419552229011
0.831045427446329
0.8310488996697568
0.8310523718931847
0.8310558441166126
0.8310593163400404
0.8310627885634683
0.831066260786896
0.8310697330103239
0.8310732052337517
0.8310766774571796
0.8310801496806076
0.8310836219040354
0.8310870941274633
0.8310905663508911
0.831094038574319
0.8310975107977467
0.8311009830211746
0.8311044552446025
0.8311079274680304
0.8311113996914583
0.8311148719148861
0.831118344138314
0.8311218163617418
0.8311252885851697
0.8311287608085974
0.8311322330320253
0.8311357052554532
0.8311391774788811
0.8311426497023089
0.8311461219257368
0.8311495941491647
0.8311530663725925
0.8311565385960203
0.8311600108194481
0.8311634830428761
0.8311669552663038
0.8311704274897318
0.8311738997131597
0.8311773719365875
0.8311808441600154
0.8311843163834431
0.831187788606871
0.8311912608302988
0.8311947330537267
0.8311982052771546
0.8312016775005825
0.8312051497240104
0.8312086219474383
0.8312120941708661
0.8312155663942938
0.8312190386177217
0.8312225108411495
0.8312259830645774
0.8312294552880053
0.8312329275114333
0.831236399734861
0.831239871958289
0.8312433441817167
0.8312468164051446
0.8312502886285724
0.8312537608520003
0.8312572330754282
0.8312607052988559
0.8312641775222839
0.8312676497457117
0.8312711219691397
0.8312745941925674
0.8312780664159953
0.8312815386394231
0.831285010862851
0.8312884830862788
0.8312919553097067
0.8312954275331346
0.8312988997565625
0.8313023719799904
0.8313058442034181
0.831309316426846
0.8313127886502738
0.8313162608737017
0.8313197330971295
0.8313232053205574
0.8313266775439853
0.831330149767413
0.831333621990841
0.8313370942142688
0.8313405664376967
0.8313440386611245
0.8313475108845524
0.8313509831079803
0.8313544553314081
0.831357927554836
0.8313613997782637
0.8313648720016917
0.8313683442251195
0.8313718164485474
0.8313752886719752
0.8313787608954031
0.8313822331188309
0.8313857053422589
0.8313891775656866
0.8313926497891145
0.8313961220125424
0.8313995942359702
0.8314030664593981
0.8314065386828259
0.8314100109062538
0.8314134831296816
0.8314169553531096
0.8314204275765373
0.8314238997999652
0.8314273720233931
0.8314308442468209
0.8314343164702488
0.8314377886936766
0.8314412609171045
0.8314447331405324
0.8314482053639602
0.831451677587388
0.8314551498108159
0.8314586220342438
0.8314620942576716
0.8314655664810995
0.8314690387045273
0.8314725109279552
0.8314759831513829
0.8314794553748108
0.8314829275982387
0.8314863998216667
0.8314898720450945
0.8314933442685224
0.8314968164919502
0.831500288715378
0.8315037609388058
0.8315072331622336
0.8315107053856616
0.8315141776090894
0.8315176498325174
0.8315211220559452
0.8315245942793731
0.8315280665028009
0.8315315387262288
0.8315350109496565
0.8315384831730844
0.8315419553965123
0.8315454276199402
0.831548899843368
0.8315523720667959
0.8315558442902238
0.8315593165136516
0.8315627887370795
0.8315662609605072
0.8315697331839351
0.8315732054073629
0.8315766776307908
0.8315801498542188
0.8315836220776466
0.8315870943010745
0.8315905665245023
0.8315940387479301
