0.17187505967884018
0.17187853190226798
0.17188200412569588
0.17188547634912366
0.17188894857255155
0.17189242079597944
0.17189589301940728
0.17189936524283514
0.17190283746626298
0.17190630968969087
0.17190978191311873
0.17191325413654654
0.1719167263599744
0.17192019858340224
0.17192367080683013
0.171927143030258
0.17193061525368583
0.17193408747711372
0.1719375597005415
0.1719410319239694
0.1719445041473973
0.17194797637082512
0.171951448594253
0.17195492081768082
0.17195839304110866
0.1719618652645365
0.1719653374879644
0.17196880971139225
0.1719722819348201
0.17197575415824798
0.17197922638167576
0.17198269860510365
0.17198617082853151
0.17198964305195935
0.17199311527538724
0.17199658749881508
0.17200005972224294
0.17200353194567083
0.17200700416909862
0.1720104763925265
0.17201394861595434
0.17201742083938223
0.1720208930628101
0.17202436528623793
0.17202783750966583
0.1720313097330936
0.1720347819565215
0.17203825417994933
0.1720417264033772
0.1720451986268051
0.17204867085023293
0.1720521430736608
0.1720556152970886
0.17205908752051646
0.17206255974394435
0.1720660319673722
0.17206950419080005
0.1720729764142279
0.17207644863765578
0.17207992086108362
0.17208339308451145
0.17208686530793935
0.17209033753136718
0.17209380975479505
0.17209728197822288
0.17210075420165072
0.1721042264250786
0.17210769864850645
0.1721111708719343
0.17211464309536215
0.17211811531879004
0.1721215875422179
0.1721250597656457
0.17212853198907357
0.1721320042125014
0.1721354764359293
0.1721389486593572
0.172142420882785
0.1721458931062129
0.17214936532964067
0.17215283755306857
0.17215630977649646
0.1721597819999243
0.17216325422335216
0.17216672644678
0.17217019867020789
0.17217367089363567
0.17217714311706356
0.17218061534049142
0.17218408756391926
0.17218755978734715
0.17219103201077499
0.17219450423420285
0.17219797645763069
0.17220144868105852
0.1722049209044864
0.17220839312791425
0.1722118653513421
0.17221533757477
0.17221880979819779
0.17222228202162568
0.17222575424505351
0.1722292264684814
0.17223269869190927
0.1722361709153371
0.172239643138765
0.17224311536219278
0.17224658758562067
0.1722500598090485
0.17225353203247637
0.17225700425590426
0.1722604764793321
0.17226394870275996
0.17226742092618777
0.17227089314961563
0.17227436537304353
0.17227783759647136
0.17228130981989925
0.17228478204332706
0.17228825426675495
0.17229172649018284
0.17229519871361063
0.17229867093703852
0.17230214316046635
0.17230561538389422
0.17230908760732205
0.17231255983074995
0.17231603205417778
0.17231950427760562
0.17232297650103348
0.17232644872446132
0.1723299209478892
0.17233339317131707
0.1723368653947449
0.17234033761817275
0.17234380984160058
0.17234728206502847
0.17235075428845636
0.17235422651188417
0.17235769873531206
0.17236117095873985
0.17236464318216774
0.17236811540559563
0.17237158762902346
0.17237505985245133
0.17237853207587917
0.17238200429930706
0.17238547652273484
0.17238894874616273
0.1723924209695906
0.17239589319301843
0.17239936541644632
0.17240283763987416
0.17240630986330202
0.1724097820867299
0.1724132543101577
0.17241672653358558
0.17242019875701342
0.1724236709804413
0.17242714320386918
0.172430615427297
0.1724340876507249
0.17243755987415268
0.17244103209758058
0.17244450432100844
0.17244797654443628
0.17245144876786417
0.172454920991292
0.17245839321471984
0.17246186543814768
0.17246533766157554
0.17246880988500343
0.17247228210843127
0.17247575433185913
0.17247922655528697
0.1724826987787148
0.1724861710021427
0.17248964322557053
0.17249311544899842
0.17249658767242623
0.17250005989585412
0.17250353211928202
0.1725070043427098
0.1725104765661377
0.17251394878956552
0.1725174210129934
0.17252089323642122
0.17252436545984912
0.17252783768327698
0.1725313099067048
0.17253478213013265
0.1725382543535605
0.17254172657698838
0.17254519880041624
0.17254867102384408
0.17255214324727197
0.17255561547069975
0.17255908769412764
0.17256255991755554
0.17256603214098334
