0.803125278862944
0.8031287510863718
0.8031322233097997
0.8031356955332275
0.8031391677566555
0.8031426399800834
0.8031461122035112
0.8031495844269391
0.8031530566503668
0.8031565288737947
0.8031600010972225
0.8031634733206504
0.8031669455440783
0.8031704177675062
0.8031738899909341
0.803177362214362
0.8031808344377898
0.8031843066612175
0.8031877788846454
0.8031912511080732
0.8031947233315011
0.803198195554929
0.803201667778357
0.8032051400017847
0.8032086122252127
0.8032120844486405
0.8032155566720683
0.8032190288954961
0.803222501118924
0.8032259733423518
0.8032294455657796
0.8032329177892076
0.8032363900126355
0.8032398622360634
0.8032433344594911
0.803246806682919
0.8032502789063468
0.8032537511297747
0.8032572233532025
0.8032606955766304
0.8032641678000583
0.8032676400234862
0.8032711122469139
0.8032745844703418
0.8032780566937697
0.8032815289171975
0.8032850011406254
0.8032884733640532
0.8032919455874811
0.8032954178109091
0.8032988900343367
0.8033023622577647
0.8033058344811925
0.8033093067046204
0.8033127789280482
0.8033162511514761
0.803319723374904
0.8033231955983318
0.8033266678217597
0.8033301400451874
0.8033336122686154
0.8033370844920432
0.8033405567154711
0.8033440289388989
0.8033475011623268
0.8033509733857546
0.8033544456091826
0.8033579178326103
0.8033613900560382
0.8033648622794661
0.8033683345028939
0.8033718067263218
0.8033752789497496
0.8033787511731775
0.8033822233966053
0.8033856956200333
0.8033891678434611
0.8033926400668889
0.8033961122903168
0.8033995845137446
0.8034030567371725
0.8034065289606003
0.8034100011840282
0.8034134734074561
0.8034169456308838
0.8034204178543117
0.8034238900777396
0.8034273623011675
0.8034308345245953
0.8034343067480232
0.803437778971451
0.8034412511948789
0.8034447234183066
0.8034481956417346
0.8034516678651624
0.8034551400885904
0.8034586123120182
0.8034620845354461
0.8034655567588739
0.8034690289823017
0.8034725012057296
0.8034759734291573
0.8034794456525853
0.8034829178760131
0.803486390099441
0.8034898623228689
0.8034933345462968
0.8034968067697246
0.8035002789931525
0.8035037512165802
0.8035072234400081
0.8035106956634359
0.8035141678868638
0.8035176401102917
0.8035211123337196
0.8035245845571475
0.8035280567805753
0.8035315290040032
0.8035350012274309
0.8035384734508588
0.8035419456742866
0.8035454178977145
0.8035488901211425
0.8035523623445703
0.8035558345679982
0.803559306791426
0.8035627790148538
0.8035662512382816
0.8035697234617095
0.8035731956851374
0.8035766679085652
0.8035801401319932
0.803583612355421
0.8035870845788489
0.8035905568022766
0.8035940290257045
0.8035975012491323
0.8036009734725603
0.8036044456959881
0.803607917919416
0.8036113901428438
0.8036148623662717
0.8036183345896996
0.8036218068131273
0.8036252790365552
0.803628751259983
0.8036322234834109
0.8036356957068387
0.8036391679302667
0.8036426401536946
0.8036461123771224
0.8036495846005502
0.803653056823978
0.8036565290474059
0.8036600012708337
0.8036634734942616
0.8036669457176895
0.8036704179411174
0.8036738901645453
0.803677362387973
0.8036808346114009
0.8036843068348287
0.8036877790582566
0.8036912512816844
0.8036947235051123
0.8036981957285402
0.8037016679519682
0.8037051401753958
0.8037086123988237
0.8037120846222516
0.8037155568456794
0.8037190290691073
0.8037225012925351
0.803725973515963
0.8037294457393908
0.8037329179628188
0.8037363901862467
0.8037398624096745
0.8037433346331023
0.8037468068565302
0.803750279079958
0.8037537513033858
0.8037572235268137
0.8037606957502416
0.8037641679736695
0.8037676401970973
0.8037711124205251
0.803774584643953
0.8037780568673809
0.8037815290908087
0.8037850013142366
0.8037884735376644
0.8037919457610923
0.8037954179845203
0.8037988902079479
0.8038023624313759
0.8038058346548037
0.8038093068782316
0.8038127791016594
0.8038162513250873
