0.7711808233266748
0.7711842955501026
0.7711877677735305
0.7711912399969583
0.7711947122203862
0.771198184443814
0.7712016566672419
0.7712051288906698
0.7712086011140976
0.7712120733375255
0.7712155455609533
0.7712190177843812
0.771222490007809
0.7712259622312369
0.7712294344546647
0.7712329066780926
0.7712363789015204
0.7712398511249483
0.7712433233483762
0.771246795571804
0.7712502677952319
0.7712537400186597
0.7712572122420877
0.7712606844655153
0.7712641566889433
0.7712676289123711
0.771271101135799
0.7712745733592269
0.7712780455826547
0.7712815178060826
0.7712849900295103
0.7712884622529382
0.771291934476366
0.771295406699794
0.7712988789232219
0.7713023511466498
0.7713058233700776
0.7713092955935055
0.7713127678169333
0.771316240040361
0.7713197122637889
0.7713231844872168
0.7713266567106447
0.7713301289340726
0.7713336011575005
0.7713370733809283
0.7713405456043562
0.771344017827784
0.7713474900512118
0.7713509622746397
0.7713544344980675
0.7713579067214954
0.7713613789449232
0.7713648511683512
0.771368323391779
0.7713717956152069
0.7713752678386346
0.7713787400620625
0.7713822122854903
0.7713856845089182
0.7713891567323461
0.771392628955774
0.7713961011792019
0.7713995734026297
0.7714030456260575
0.7714065178494853
0.7714099900729132
0.771413462296341
0.7714169345197689
0.7714204067431968
0.7714238789666247
0.7714273511900525
0.7714308234134803
0.7714342956369082
0.771437767860336
0.7714412400837639
0.7714447123071917
0.7714481845306197
0.7714516567540476
0.7714551289774754
0.7714586012009033
0.771462073424331
0.7714655456477589
0.7714690178711867
0.7714724900946146
0.7714759623180424
0.7714794345414703
0.7714829067648982
0.7714863789883261
0.771489851211754
0.7714933234351817
0.7714967956586096
0.7715002678820374
0.7715037401054653
0.7715072123288931
0.7715106845523211
0.7715141567757489
0.7715176289991768
0.7715211012226045
0.7715245734460324
0.7715280456694603
0.7715315178928881
0.771534990116316
0.7715384623397438
0.7715419345631718
0.7715454067865997
0.7715488790100274
0.7715523512334553
0.7715558234568831
0.771559295680311
0.7715627679037388
0.7715662401271667
0.7715697123505946
0.7715731845740224
0.7715766567974502
0.7715801290208781
0.771583601244306
0.7715870734677339
0.7715905456911617
0.7715940179145896
0.7715974901380174
0.7716009623614452
0.7716044345848732
0.7716079068083009
0.7716113790317289
0.7716148512551567
0.7716183234785846
0.7716217957020124
0.7716252679254403
0.7716287401488681
0.771632212372296
0.7716356845957238
0.7716391568191516
0.7716426290425795
0.7716461012660074
0.7716495734894353
0.7716530457128631
0.771656517936291
0.7716599901597188
0.7716634623831466
0.7716669346065744
0.7716704068300023
0.7716738790534302
0.7716773512768581
0.771680823500286
0.7716842957237138
0.7716877679471417
0.7716912401705694
0.7716947123939973
0.7716981846174252
0.771701656840853
0.771705129064281
0.7717086012877088
0.7717120735111367
0.7717155457345645
0.7717190179579924
0.7717224901814201
0.771725962404848
0.7717294346282759
0.7717329068517038
0.7717363790751316
0.7717398512985595
0.7717433235219874
0.7717467957454152
0.771750267968843
0.7717537401922708
0.7717572124156988
0.7717606846391265
0.7717641568625545
0.7717676290859823
0.7717711013094102
0.7717745735328381
0.7717780457562659
0.7717815179796937
0.7717849902031215
0.7717884624265494
0.7717919346499772
0.7717954068734052
0.7717988790968331
0.7718023513202609
0.7718058235436888
0.7718092957671165
0.7718127679905444
0.7718162402139722
0.7718197124374001
0.771823184660828
0.7718266568842559
0.7718301291076838
0.7718336013311117
0.7718370735545395
0.7718405457779672
0.7718440180013951
0.7718474902248229
0.7718509624482509
0.7718544346716787
0.7718579068951066
0.7718613791185344
0.7718648513419624
0.7718683235653901
0.771871795788818
