0.6093752115886151
0.609378683812043
0.6093821560354707
0.6093856282588987
0.6093891004823265
0.6093925727057544
0.6093960449291823
0.6093995171526102
0.609402989376038
0.6094064615994658
0.6094099338228937
0.6094134060463214
0.6094168782697494
0.6094203504931772
0.6094238227166051
0.609427294940033
0.6094307671634609
0.6094342393868887
0.6094377116103166
0.6094411838337443
0.6094446560571722
0.6094481282806001
0.6094516005040279
0.6094550727274558
0.6094585449508837
0.6094620171743116
0.6094654893977394
0.6094689616211673
0.609472433844595
0.6094759060680229
0.6094793782914508
0.6094828505148786
0.6094863227383065
0.6094897949617343
0.6094932671851623
0.6094967394085901
0.609500211632018
0.6095036838554457
0.6095071560788736
0.6095106283023015
0.6095141005257293
0.6095175727491572
0.6095210449725851
0.609524517196013
0.6095279894194408
0.6095314616428686
0.6095349338662964
0.6095384060897243
0.6095418783131522
0.6095453505365801
0.6095488227600079
0.6095522949834358
0.6095557672068637
0.6095592394302914
0.6095627116537193
0.6095661838771471
0.609569656100575
0.6095731283240029
0.6095766005474308
0.6095800727708586
0.6095835449942865
0.6095870172177144
0.6095904894411421
0.60959396166457
0.6095974338879978
0.6096009061114257
0.6096043783348536
0.6096078505582815
0.6096113227817093
0.6096147950051372
0.609618267228565
0.6096217394519928
0.6096252116754207
0.6096286838988485
0.6096321561222764
0.6096356283457043
0.6096391005691322
0.60964257279256
0.6096460450159878
0.6096495172394157
0.6096529894628435
0.6096564616862714
0.6096599339096992
0.6096634061331271
0.609666878356555
0.6096703505799829
0.6096738228034106
0.6096772950268387
0.6096807672502664
0.6096842394736943
0.6096877116971221
0.6096911839205499
0.6096946561439778
0.6096981283674057
0.6097016005908336
0.6097050728142613
0.6097085450376893
0.6097120172611171
0.609715489484545
0.6097189617079728
0.6097224339314007
0.6097259061548285
0.6097293783782564
0.6097328506016843
0.609736322825112
0.6097397950485399
0.6097432672719678
0.6097467394953957
0.6097502117188235
0.6097536839422514
0.6097571561656792
0.609760628389107
0.6097641006125349
0.6097675728359627
0.6097710450593907
0.6097745172828185
0.6097779895062464
0.6097814617296742
0.6097849339531021
0.6097884061765299
0.6097918783999577
0.6097953506233856
0.6097988228468134
0.6098022950702414
0.6098057672936692
0.6098092395170971
0.6098127117405249
0.6098161839639528
0.6098196561873805
0.6098231284108085
0.6098266006342363
0.6098300728576642
0.6098335450810921
0.6098370173045199
0.6098404895279478
0.6098439617513756
0.6098474339748035
0.6098509061982312
0.6098543784216592
0.609857850645087
0.6098613228685149
0.6098647950919427
0.6098682673153706
0.6098717395387985
0.6098752117622263
0.6098786839856541
0.6098821562090819
0.6098856284325099
0.6098891006559377
0.6098925728793656
0.6098960451027935
0.6098995173262213
0.6099029895496492
0.609906461773077
0.6099099339965048
0.6099134062199326
0.6099168784433606
0.6099203506667884
0.6099238228902163
0.6099272951136442
0.609930767337072
0.6099342395604999
0.6099377117839276
0.6099411840073555
0.6099446562307833
0.6099481284542113
0.6099516006776391
0.609955072901067
0.6099585451244949
0.6099620173479228
0.6099654895713505
0.6099689617947784
0.6099724340182062
0.609975906241634
0.609979378465062
0.6099828506884898
0.6099863229119177
0.6099897951353455
0.6099932673587735
0.6099967395822012
0.6100002118056291
0.6100036840290569
0.6100071562524848
0.6100106284759127
0.6100141006993405
0.6100175729227684
0.6100210451461963
0.6100245173696242
0.6100279895930519
0.6100314618164798
0.6100349340399076
0.6100384062633355
0.6100418784867634
0.6100453507101912
0.6100488229336191
0.610052295157047
0.6100557673804748
0.6100592396039026
0.6100627118273305
0.6100661840507583
