0.462152938247548
0.46215641047097583
0.46215988269440367
0.4621633549178315
0.46216682714125945
0.4621702993646873
0.4621737715881151
0.46217724381154296
0.46218071603497085
0.4621841882583987
0.4621876604818265
0.46219113270525436
0.4621946049286822
0.46219807715211014
0.462201549375538
0.4622050215989658
0.46220849382239365
0.4622119660458216
0.46221543826924943
0.46221891049267727
0.4622223827161051
0.4622258549395329
0.46222932716296083
0.46223279938638867
0.4622362716098165
0.46223974383324434
0.4622432160566723
0.4622466882801001
0.46225016050352796
0.4622536327269558
0.46225710495038363
0.4622605771738115
0.46226404939723936
0.4622675216206672
0.46227099384409504
0.462274466067523
0.4622779382909508
0.46228141051437865
0.4622848827378065
0.4622883549612343
0.4622918271846622
0.46229529940809005
0.4622987716315179
0.4623022438549457
0.4623057160783737
0.4623091883018015
0.46231266052522935
0.4623161327486572
0.462319604972085
0.4623230771955129
0.46232654941894075
0.4623300216423686
0.4623334938657964
0.46233696608922437
0.4623404383126522
0.46234391053608004
0.4623473827595079
0.4623508549829357
0.46235432720636366
0.4623577994297915
0.46236127165321933
0.46236474387664717
0.46236821610007506
0.4623716883235029
0.46237516054693073
0.46237863277035857
0.4623821049937864
0.46238557721721435
0.4623890494406422
0.46239252166407
0.46239599388749786
0.46239946611092575
0.4624029383343536
0.4624064105577814
0.46240988278120926
0.4624133550046371
0.46241682722806504
0.4624202994514929
0.4624237716749207
0.46242724389834855
0.46243071612177644
0.4624341883452043
0.4624376605686321
0.46244113279205995
0.4624446050154878
0.46244807723891573
0.46245154946234357
0.4624550216857714
0.46245849390919924
0.46246196613262713
0.46246543835605497
0.4624689105794828
0.46247238280291064
0.4624758550263385
0.4624793272497664
0.46248279947319426
0.4624862716966221
0.46248974392004993
0.4624932161434779
0.4624966883669057
0.46250016059033355
0.4625036328137614
0.4625071050371892
0.4625105772606171
0.46251404948404495
0.4625175217074728
0.4625209939309006
0.4625244661543286
0.4625279383777564
0.46253141060118425
0.4625348828246121
0.4625383550480399
0.4625418272714678
0.46254529949489565
0.4625487717183235
0.4625522439417513
0.46255571616517926
0.4625591883886071
0.46256266061203494
0.4625661328354628
0.4625696050588906
0.4625730772823185
0.46257654950574634
0.4625800217291742
0.462583493952602
0.46258696617602996
0.4625904383994578
0.46259391062288563
0.46259738284631347
0.4626008550697413
0.4626043272931692
0.46260779951659703
0.46261127174002487
0.4626147439634527
0.46261821618688065
0.4626216884103085
0.4626251606337363
0.46262863285716416
0.462632105080592
0.46263557730401994
0.4626390495274478
0.4626425217508756
0.46264599397430345
0.46264946619773134
0.4626529384211592
0.462656410644587
0.46265988286801485
0.4626633550914427
0.46266682731487063
0.46267029953829847
0.4626737717617263
0.46267724398515414
0.46268071620858203
0.46268418843200987
0.4626876606554377
0.46269113287886554
0.4626946051022934
0.4626980773257213
0.46270154954914916
0.462705021772577
0.46270849399600483
0.4627119662194327
0.46271543844286056
0.4627189106662884
0.46272238288971623
0.46272585511314407
0.462729327336572
0.46273279955999985
0.4627362717834277
0.4627397440068555
0.46274321623028347
0.46274668845371125
0.4627501606771391
0.4627536329005669
0.46275710512399476
0.4627605773474227
0.46276404957085054
0.4627675217942784
0.4627709940177062
0.46277446624113416
0.462777938464562
0.46278141068798984
0.46278488291141767
0.4627883551348455
0.4627918273582734
0.46279529958170124
0.46279877180512907
0.4628022440285569
0.46280571625198486
0.4628091884754127
0.46281266069884053
0.46281613292226836
0.4628196051456962
0.4628230773691241
0.46282654959255193
0.46283002181597976
0.4628334940394076
0.46283696626283555
0.4628404384862634
0.4628439107096912
