0.15520838722513447
0.15521185944856225
0.15521533167199014
0.15521880389541798
0.15522227611884584
0.15522574834227373
0.15522922056570157
0.15523269278912946
0.15523616501255724
0.1552396372359851
0.155243109459413
0.15524658168284083
0.15525005390626873
0.15525352612969656
0.15525699835312443
0.1552604705765522
0.1552639427999801
0.155267415023408
0.15527088724683583
0.1552743594702637
0.15527783169369153
0.15528130391711942
0.15528477614054728
0.1552882483639751
0.15529172058740295
0.1552951928108308
0.15529866503425868
0.15530213725768657
0.15530560948111438
0.15530908170454222
0.15531255392797005
0.15531602615139795
0.15531949837482584
0.15532297059825367
0.15532644282168154
0.15532991504510937
0.1553333872685372
0.15533685949196505
0.15534033171539294
0.1553438039388208
0.15534727616224864
0.15535074838567653
0.1553542206091043
0.1553576928325322
0.15536116505596007
0.1553646372793879
0.1553681095028158
0.15537158172624363
0.1553750539496715
0.15537852617309938
0.15538199839652717
0.15538547061995506
0.1553889428433829
0.15539241506681079
0.15539588729023865
0.15539935951366649
0.15540283173709438
0.15540630396052216
0.15540977618395005
0.15541324840737789
0.15541672063080575
0.15542019285423364
0.15542366507766148
0.15542713730108934
0.15543060952451715
0.155434081747945
0.1554375539713729
0.15544102619480074
0.15544449841822863
0.15544797064165644
0.15545144286508428
0.15545491508851217
0.15545838731194
0.1554618595353679
0.15546533175879573
0.1554688039822236
0.15547227620565143
0.15547574842907927
0.15547922065250716
0.155482692875935
0.15548616509936286
0.1554896373227907
0.1554931095462186
0.15549658176964645
0.15550005399307426
0.15550352621650212
0.15550699843992996
0.15551047066335785
0.15551394288678574
0.15551741511021355
0.15552088733364144
0.15552435955706922
0.15552783178049712
0.155531304003925
0.15553477622735284
0.1555382484507807
0.15554172067420854
0.15554519289763644
0.15554866512106422
0.1555521373444921
0.15555560956791997
0.1555590817913478
0.1555625540147757
0.15556602623820354
0.1555694984616314
0.15557297068505924
0.15557644290848707
0.15557991513191496
0.1555833873553428
0.1555868595787707
0.15559033180219856
0.15559380402562634
0.15559727624905423
0.15560074847248206
0.15560422069590996
0.15560769291933782
0.15561116514276566
0.15561463736619355
0.15561810958962133
0.15562158181304922
0.15562505403647706
0.15562852625990492
0.1556319984833328
0.15563547070676065
0.1556389429301885
0.15564241515361632
0.15564588737704418
0.15564935960047208
0.1556528318238999
0.1556563040473278
0.1556597762707556
0.1556632484941835
0.1556667207176114
0.15567019294103918
0.15567366516446707
0.1556771373878949
0.15568060961132277
0.1556840818347506
0.1556875540581785
0.15569102628160633
0.15569449850503417
0.15569797072846203
0.15570144295188987
0.15570491517531776
0.15570838739874562
0.15571185962217343
0.1557153318456013
0.15571880406902913
0.15572227629245702
0.15572574851588492
0.15572922073931275
0.15573269296274062
0.1557361651861684
0.1557396374095963
0.15574310963302418
0.15574658185645202
0.15575005407987988
0.15575352630330772
0.1557569985267356
0.1557604707501634
0.15576394297359128
0.15576741519701914
0.15577088742044698
0.15577435964387487
0.1557778318673027
0.15578130409073057
0.15578477631415846
0.15578824853758624
0.15579172076101414
0.15579519298444197
0.15579866520786986
0.15580213743129773
0.15580560965472556
0.15580908187815345
0.15581255410158124
0.15581602632500913
0.155819498548437
0.15582297077186483
0.15582644299529272
0.15582991521872055
0.1558333874421484
0.15583685966557623
0.1558403318890041
0.15584380411243198
0.15584727633585982
0.15585074855928768
0.1558542207827155
0.15585769300614336
0.15586116522957125
0.15586463745299908
0.15586810967642697
0.1558715818998548
0.15587505412328267
0.15587852634671057
0.15588199857013835
0.15588547079356624
0.15588894301699407
0.15589241524042194
0.15589588746384983
0.15589935968727767
