0.9461808840905848
0.9461843563140127
0.9461878285374404
0.9461913007608684
0.9461947729842961
0.9461982452077241
0.9462017174311518
0.9462051896545798
0.9462086618780077
0.9462121341014355
0.9462156063248633
0.9462190785482911
0.946222550771719
0.9462260229951468
0.9462294952185748
0.9462329674420025
0.9462364396654305
0.9462399118888584
0.9462433841122861
0.946246856335714
0.9462503285591418
0.9462538007825697
0.9462572730059975
0.9462607452294255
0.9462642174528532
0.9462676896762812
0.9462711618997088
0.9462746341231368
0.9462781063465647
0.9462815785699925
0.9462850507934205
0.9462885230168482
0.9462919952402762
0.9462954674637039
0.9462989396871319
0.9463024119105597
0.9463058841339875
0.9463093563574154
0.9463128285808432
0.9463163008042711
0.9463197730276989
0.9463232452511269
0.9463267174745545
0.9463301896979825
0.9463336619214104
0.9463371341448382
0.9463406063682661
0.9463440785916939
0.9463475508151218
0.9463510230385496
0.9463544952619777
0.9463579674854052
0.9463614397088332
0.9463649119322609
0.9463683841556889
0.9463718563791168
0.9463753286025446
0.9463788008259727
0.9463822730494003
0.9463857452728284
0.9463892174962559
0.946392689719684
0.9463961619431118
0.9463996341665397
0.9464031063899675
0.9464065786133953
0.9464100508368234
0.946413523060251
0.9464169952836791
0.9464204675071066
0.9464239397305347
0.9464274119539625
0.9464308841773904
0.9464343564008182
0.9464378286242461
0.9464413008476739
0.9464447730711018
0.9464482452945298
0.9464517175179573
0.9464551897413854
0.946458661964813
0.9464621341882411
0.9464656064116689
0.9464690786350968
0.9464725508585248
0.9464760230819524
0.9464794953053804
0.9464829675288081
0.9464864397522361
0.9464899119756638
0.9464933841990918
0.9464968564225196
0.9465003286459475
0.9465038008693755
0.9465072730928031
0.9465107453162311
0.9465142175396588
0.9465176897630868
0.9465211619865146
0.9465246342099425
0.9465281064333703
0.9465315786567982
0.9465350508802259
0.9465385231036538
0.9465419953270818
0.9465454675505095
0.9465489397739375
0.9465524119973653
0.9465558842207932
0.946559356444221
0.9465628286676488
0.9465663008910766
0.9465697731145045
0.9465732453379325
0.9465767175613602
0.9465801897847882
0.9465836620082159
0.9465871342316439
0.9465906064550716
0.9465940786784995
0.9465975509019275
0.9466010231253552
0.9466044953487832
0.9466079675722109
0.9466114397956389
0.9466149120190667
0.9466183842424946
0.9466218564659223
0.9466253286893502
0.946628800912778
0.9466322731362059
0.9466357453596339
0.9466392175830616
0.9466426898064896
0.9466461620299174
0.9466496342533453
0.946653106476773
0.9466565787002009
0.9466600509236287
0.9466635231470566
0.9466669953704846
0.9466704675939123
0.9466739398173403
0.9466774120407679
0.9466808842641959
0.9466843564876238
0.9466878287110516
0.9466913009344796
0.9466947731579073
0.9466982453813353
0.946701717604763
0.946705189828191
0.9467086620516189
0.9467121342750466
0.9467156064984745
0.9467190787219023
0.9467225509453302
0.946726023168758
0.946729495392186
0.9467329676156137
0.9467364398390417
0.9467399120624695
0.9467433842858973
0.9467468565093252
0.946750328732753
0.9467538009561809
0.9467572731796087
0.9467607454030367
0.9467642176264643
0.9467676898498923
0.94677116207332
0.946774634296748
0.9467781065201759
0.9467815787436037
0.9467850509670317
0.9467885231904594
0.9467919954138874
0.946795467637315
0.946798939860743
0.9468024120841709
0.9468058843075987
0.9468093565310266
0.9468128287544544
0.9468163009778823
0.94681977320131
0.9468232454247381
0.9468267176481657
0.9468301898715937
0.9468336620950216
0.9468371343184494
0.9468406065418773
0.9468440787653051
0.946847550988733
0.9468510232121607
0.9468544954355887
0.9468579676590164
0.9468614398824444
0.9468649121058721
0.9468683843293001
0.946871856552728
