0.30312510525177266
0.3031285774752005
0.3031320496986284
0.30313552192205623
0.30313899414548406
0.3031424663689119
0.30314593859233974
0.30314941081576763
0.3031528830391955
0.30315635526262336
0.3031598274860512
0.30316329970947903
0.3031667719329069
0.30317024415633476
0.3031737163797626
0.30317718860319043
0.30318066082661826
0.3031841330500462
0.30318760527347405
0.3031910774969019
0.3031945497203297
0.3031980219437576
0.3032014941671855
0.30320496639061334
0.3032084386140412
0.303211910837469
0.3032153830608969
0.30321885528432474
0.3032223275077526
0.30322579973118047
0.3032292719546083
0.3032327441780362
0.30323621640146403
0.30323968862489187
0.3032431608483197
0.3032466330717476
0.30325010529517543
0.30325357751860327
0.3032570497420311
0.303260521965459
0.3032639941888869
0.3032674664123147
0.30327093863574256
0.30327441085917045
0.3032778830825983
0.3032813553060261
0.30328482752945396
0.3032882997528818
0.3032917719763097
0.3032952441997376
0.3032987164231654
0.30330218864659325
0.30330566087002114
0.303309133093449
0.3033126053168768
0.30331607754030465
0.30331954976373254
0.30332302198716043
0.30332649421058827
0.3033299664340161
0.30333343865744394
0.3033369108808718
0.3033403831042997
0.30334385532772756
0.3033473275511554
0.3033507997745832
0.30335427199801107
0.30335774422143896
0.3033612164448668
0.30336468866829464
0.3033681608917225
0.30337163311515036
0.30337510533857825
0.3033785775620061
0.3033820497854339
0.30338552200886176
0.30338899423228965
0.3033924664557175
0.3033959386791453
0.3033994109025732
0.3034028831260011
0.30340635534942895
0.3034098275728568
0.3034132997962846
0.3034167720197125
0.30342024424314035
0.3034237164665682
0.303427188689996
0.30343066091342386
0.3034341331368518
0.30343760536027964
0.3034410775837075
0.3034445498071353
0.3034480220305632
0.30345149425399104
0.3034549664774189
0.3034584387008467
0.3034619109242746
0.3034653831477025
0.30346885537113033
0.30347232759455817
0.30347579981798606
0.3034792720414139
0.3034827442648418
0.3034862164882696
0.30348968871169746
0.3034931609351253
0.3034966331585532
0.303500105381981
0.30350357760540886
0.3035070498288367
0.3035105220522646
0.3035139942756925
0.3035174664991203
0.30352093872254815
0.303524410945976
0.3035278831694038
0.3035313553928317
0.30353482761625955
0.3035382998396874
0.3035417720631153
0.30354524428654317
0.303548716509971
0.30355218873339884
0.30355566095682673
0.30355913318025457
0.3035626054036824
0.30356607762711024
0.30356954985053813
0.303573022073966
0.30357649429739386
0.3035799665208217
0.30358343874424953
0.30358691096767737
0.30359038319110526
0.3035938554145331
0.30359732763796093
0.30360079986138877
0.30360427208481666
0.30360774430824455
0.3036112165316724
0.3036146887551002
0.3036181609785281
0.30362163320195595
0.30362510542538385
0.3036285776488117
0.3036320498722395
0.30363552209566735
0.30363899431909525
0.3036424665425231
0.3036459387659509
0.3036494109893788
0.3036528832128067
0.30365635543623454
0.3036598276596624
0.3036632998830902
0.3036667721065181
0.30367024432994594
0.3036737165533738
0.3036771887768016
0.30368066100022945
0.3036841332236574
0.30368760544708523
0.30369107767051307
0.3036945498939409
0.3036980221173688
0.30370149434079663
0.30370496656422447
0.3037084387876523
0.3037119110110802
0.3037153832345081
0.3037188554579359
0.30372232768136376
0.30372579990479165
0.3037292721282195
0.3037327443516473
0.30373621657507516
0.303739688798503
0.3037431610219309
0.3037466332453588
0.3037501054687866
0.30375357769221445
0.3037570499156423
0.3037605221390702
0.30376399436249807
0.3037674665859259
0.30377093880935374
0.3037744110327816
0.3037778832562094
0.3037813554796373
0.30378482770306514
0.303788299926493
0.30379177214992087
0.30379524437334876
0.3037987165967766
0.30380218882020443
0.30380566104363227
0.30380913326706016
0.303812605490488
0.30381607771391583
