0.5218751812066601
0.521878653430088
0.5218821256535158
0.5218855978769438
0.5218890701003716
0.5218925423237994
0.5218960145472272
0.5218994867706551
0.521902958994083
0.5219064312175108
0.5219099034409387
0.5219133756643665
0.5219168478877945
0.5219203201112222
0.5219237923346501
0.5219272645580779
0.5219307367815058
0.5219342090049337
0.5219376812283615
0.5219411534517894
0.5219446256752172
0.5219480978986452
0.5219515701220729
0.5219550423455008
0.5219585145689286
0.5219619867923565
0.5219654590157844
0.5219689312392122
0.5219724034626401
0.5219758756860678
0.5219793479094958
0.5219828201329236
0.5219862923563515
0.5219897645797793
0.5219932368032073
0.5219967090266351
0.522000181250063
0.5220036534734908
0.5220071256969185
0.5220105979203465
0.5220140701437743
0.5220175423672022
0.52202101459063
0.522024486814058
0.5220279590374858
0.5220314312609137
0.5220349034843415
0.5220383757077693
0.5220418479311972
0.522045320154625
0.5220487923780529
0.5220522646014807
0.5220557368249087
0.5220592090483365
0.5220626812717644
0.5220661534951921
0.52206962571862
0.5220730979420479
0.5220765701654757
0.5220800423889036
0.5220835146123314
0.5220869868357594
0.5220904590591872
0.522093931282615
0.5220974035060428
0.5221008757294707
0.5221043479528986
0.5221078201763264
0.5221112923997543
0.5221147646231821
0.5221182368466101
0.5221217090700379
0.5221251812934657
0.5221286535168935
0.5221321257403214
0.5221355979637493
0.5221390701871772
0.522142542410605
0.5221460146340328
0.5221494868574608
0.5221529590808885
0.5221564313043164
0.5221599035277442
0.5221633757511721
0.5221668479746
0.5221703201980279
0.5221737924214557
0.5221772646448836
0.5221807368683115
0.5221842090917392
0.5221876813151671
0.5221911535385949
0.5221946257620228
0.5221980979854507
0.5222015702088786
0.5222050424323064
0.5222085146557343
0.5222119868791621
0.5222154591025899
0.5222189313260178
0.5222224035494456
0.5222258757728735
0.5222293479963014
0.5222328202197293
0.5222362924431571
0.522239764666585
0.5222432368900128
0.5222467091134406
0.5222501813368685
0.5222536535602963
0.5222571257837242
0.5222605980071521
0.52226407023058
0.5222675424540077
0.5222710146774356
0.5222744869008635
0.5222779591242914
0.5222814313477192
0.5222849035711471
0.5222883757945749
0.5222918480180028
0.5222953202414307
0.5222987924648584
0.5223022646882863
0.5223057369117142
0.5223092091351421
0.5223126813585699
0.5223161535819978
0.5223196258054256
0.5223230980288535
0.5223265702522814
0.5223300424757091
0.522333514699137
0.5223369869225649
0.5223404591459928
0.5223439313694206
0.5223474035928485
0.5223508758162763
0.5223543480397042
0.522357820263132
0.5223612924865598
0.5223647647099877
0.5223682369334156
0.5223717091568435
0.5223751813802713
0.5223786536036992
0.522382125827127
0.5223855980505548
0.5223890702739827
0.5223925424974105
0.5223960147208384
0.5223994869442663
0.5224029591676942
0.522406431391122
0.5224099036145499
0.5224133758379776
0.5224168480614056
0.5224203202848334
0.5224237925082613
0.5224272647316891
0.522430736955117
0.5224342091785449
0.5224376814019727
0.5224411536254006
0.5224446258488283
0.5224480980722563
0.5224515702956841
0.522455042519112
0.5224585147425398
0.5224619869659677
0.5224654591893956
0.5224689314128234
0.5224724036362512
0.522475875859679
0.522479348083107
0.5224828203065348
0.5224862925299627
0.5224897647533905
0.5224932369768184
0.5224967092002463
0.522500181423674
0.5225036536471019
0.5225071258705297
0.5225105980939577
0.5225140703173855
0.5225175425408134
0.5225210147642412
0.5225244869876692
0.522527959211097
0.5225314314345247
0.5225349036579526
0.5225383758813804
0.5225418481048084
0.5225453203282362
0.5225487925516641
0.5225522647750919
0.5225557369985199
0.5225592092219477
0.5225626814453755
0.5225661536688033
