0.7281252528212683
0.7281287250446962
0.728132197268124
0.7281356694915518
0.7281391417149797
0.7281426139384076
0.7281460861618355
0.7281495583852634
0.7281530306086912
0.7281565028321191
0.7281599750555469
0.7281634472789746
0.7281669195024026
0.7281703917258304
0.7281738639492583
0.7281773361726862
0.7281808083961141
0.7281842806195419
0.7281877528429698
0.7281912250663976
0.7281946972898254
0.7281981695132532
0.7282016417366811
0.7282051139601091
0.7282085861835369
0.7282120584069648
0.7282155306303926
0.7282190028538205
0.7282224750772482
0.7282259473006761
0.728229419524104
0.7282328917475318
0.7282363639709597
0.7282398361943876
0.7282433084178155
0.7282467806412433
0.7282502528646712
0.7282537250880989
0.7282571973115268
0.7282606695349547
0.7282641417583825
0.7282676139818104
0.7282710862052383
0.7282745584286662
0.728278030652094
0.7282815028755218
0.7282849750989496
0.7282884473223775
0.7282919195458053
0.7282953917692333
0.7282988639926612
0.728302336216089
0.7283058084395169
0.7283092806629446
0.7283127528863725
0.7283162251098003
0.7283196973332282
0.7283231695566561
0.728326641780084
0.7283301140035118
0.7283335862269397
0.7283370584503676
0.7283405306737953
0.7283440028972232
0.728347475120651
0.7283509473440789
0.7283544195675068
0.7283578917909347
0.7283613640143626
0.7283648362377904
0.7283683084612183
0.728371780684646
0.7283752529080739
0.7283787251315017
0.7283821973549296
0.7283856695783574
0.7283891418017854
0.7283926140252132
0.728396086248641
0.7283995584720689
0.7284030306954967
0.7284065029189246
0.7284099751423524
0.7284134473657803
0.7284169195892082
0.7284203918126361
0.7284238640360639
0.7284273362594919
0.7284308084829196
0.7284342807063475
0.7284377529297753
0.7284412251532032
0.728444697376631
0.7284481696000588
0.7284516418234868
0.7284551140469147
0.7284585862703425
0.7284620584937703
0.7284655307171982
0.728469002940626
0.7284724751640539
0.7284759473874817
0.7284794196109096
0.7284828918343375
0.7284863640577652
0.7284898362811932
0.728493308504621
0.7284967807280489
0.7285002529514767
0.7285037251749046
0.7285071973983324
0.7285106696217603
0.7285141418451881
0.7285176140686159
0.7285210862920439
0.7285245585154717
0.7285280307388996
0.7285315029623274
0.7285349751857553
0.728538447409183
0.728541919632611
0.7285453918560388
0.7285488640794667
0.7285523363028946
0.7285558085263224
0.7285592807497503
0.7285627529731781
0.728566225196606
0.7285696974200337
0.7285731696434617
0.7285766418668895
0.7285801140903174
0.7285835863137453
0.7285870585371731
0.728590530760601
0.7285940029840288
0.7285974752074567
0.7286009474308844
0.7286044196543123
0.7286078918777402
0.7286113641011681
0.728614836324596
0.7286183085480238
0.7286217807714517
0.7286252529948795
0.7286287252183073
0.7286321974417351
0.728635669665163
0.7286391418885909
0.7286426141120188
0.7286460863354467
0.7286495585588745
0.7286530307823024
0.7286565030057301
0.728659975229158
0.7286634474525858
0.7286669196760138
0.7286703918994416
0.7286738641228695
0.7286773363462974
0.7286808085697252
0.7286842807931531
0.7286877530165808
0.7286912252400087
0.7286946974634365
0.7286981696868644
0.7287016419102923
0.7287051141337203
0.7287085863571481
0.728712058580576
0.7287155308040038
0.7287190030274316
0.7287224752508594
0.7287259474742872
0.7287294196977152
0.728732891921143
0.7287363641445709
0.7287398363679988
0.7287433085914267
0.7287467808148544
0.7287502530382823
0.7287537252617101
0.728757197485138
0.7287606697085659
0.7287641419319937
0.7287676141554216
0.7287710863788495
0.7287745586022774
0.7287780308257051
0.728781503049133
0.7287849752725608
0.7287884474959887
0.7287919197194165
0.7287953919428444
0.7287988641662724
0.7288023363897002
0.728805808613128
0.7288092808365558
0.7288127530599837
0.7288162252834115
