0.4156251443142862
0.41562861653771405
0.41563208876114194
0.4156355609845698
0.41563903320799767
0.4156425054314255
0.41564597765485334
0.4156494498782812
0.41565292210170907
0.4156563943251369
0.41565986654856474
0.41566333877199263
0.41566681099542047
0.41567028321884836
0.4156737554422762
0.41567722766570403
0.41568069988913187
0.41568417211255976
0.4156876443359876
0.41569111655941543
0.4156945887828433
0.41569806100627116
0.41570153322969905
0.4157050054531269
0.4157084776765548
0.4157119498999826
0.41571542212341045
0.4157188943468383
0.4157223665702661
0.415725838793694
0.41572931101712185
0.41573278324054974
0.4157362554639776
0.4157397276874054
0.4157431999108333
0.4157466721342612
0.415750144357689
0.4157536165811168
0.4157570888045447
0.41576056102797254
0.41576403325140043
0.41576750547482827
0.4157709776982561
0.415774449921684
0.4157779221451119
0.4157813943685397
0.41578486659196756
0.4157883388153954
0.41579181103882323
0.4157952832622511
0.41579875548567896
0.41580222770910685
0.4158056999325347
0.4158091721559626
0.4158126443793904
0.41581611660281825
0.4158195888262461
0.4158230610496739
0.4158265332731018
0.41583000549652965
0.41583347771995754
0.4158369499433854
0.4158404221668132
0.4158438943902411
0.41584736661366895
0.41585083883709684
0.4158543110605247
0.4158577832839525
0.41586125550738035
0.4158647277308082
0.4158681999542361
0.41587167217766396
0.4158751444010918
0.41587861662451964
0.41588208884794753
0.41588556107137536
0.41588903329480326
0.41589250551823104
0.4158959777416589
0.41589944996508676
0.41590292218851466
0.4159063944119425
0.41590986663537033
0.4159133388587982
0.41591681108222606
0.41592028330565395
0.4159237555290818
0.4159272277525096
0.41593069997593746
0.41593417219936535
0.4159376444227932
0.415941116646221
0.4159445888696489
0.41594806109307675
0.41595153331650464
0.4159550055399325
0.41595847776336037
0.41596194998678815
0.415965422210216
0.4159688944336439
0.4159723666570717
0.4159758388804996
0.41597931110392744
0.41598278332735533
0.41598625555078317
0.415989727774211
0.4159931999976389
0.41599667222106673
0.41600014444449457
0.4160036166679224
0.4160070888913503
0.41601056111477813
0.416014033338206
0.41601750556163386
0.4160209777850617
0.4160244500084896
0.4160279222319175
0.4160313944553453
0.4160348666787731
0.416038338902201
0.4160418111256288
0.4160452833490567
0.41604875557248455
0.4160522277959124
0.4160557000193403
0.41605917224276817
0.416062644466196
0.41606611668962384
0.4160695889130517
0.4160730611364795
0.4160765333599074
0.41608000558333524
0.41608347780676314
0.41608695003019097
0.4160904222536188
0.4160938944770467
0.41609736670047454
0.4161008389239024
0.4161043111473302
0.4161077833707581
0.41611125559418594
0.41611472781761377
0.41611820004104166
0.41612167226446956
0.4161251444878974
0.4161286167113252
0.4161320889347531
0.41613556115818096
0.4161390333816088
0.41614250560503663
0.41614597782846446
0.41614945005189236
0.41615292227532025
0.4161563944987481
0.4161598667221759
0.4161633389456038
0.41616681116903165
0.41617028339245954
0.4161737556158874
0.41617722783931516
0.41618070006274305
0.41618417228617094
0.4161876445095988
0.4161911167330266
0.4161945889564545
0.41619806117988234
0.41620153340331023
0.41620500562673807
0.4162084778501659
0.41621195007359374
0.4162154222970216
0.41621889452044947
0.4162223667438773
0.4162258389673052
0.41622931119073303
0.4162327834141609
0.41623625563758876
0.4162397278610166
0.4162432000844445
0.4162466723078723
0.41625014453130016
0.416253616754728
0.4162570889781559
0.4162605612015837
0.4162640334250116
0.41626750564843945
0.4162709778718673
0.4162744500952952
0.416277922318723
0.41628139454215085
0.4162848667655787
0.4162883389890066
0.4162918112124344
0.4162952834358623
0.41629875565929014
0.416302227882718
0.41630570010614587
0.41630917232957376
0.4163126445530016
0.41631611677642943
