0.32951400330347336
0.3295174755269012
0.32952094775032903
0.32952441997375687
0.3295278921971848
0.32953136442061265
0.3295348366440405
0.3295383088674683
0.3295417810908962
0.32954525331432405
0.3295487255377519
0.3295521977611797
0.3295556699846076
0.32955914220803545
0.32956261443146334
0.3295660866548912
0.32956955887831907
0.3295730311017469
0.3295765033251748
0.3295799755486026
0.3295834477720304
0.3295869199954583
0.3295903922188862
0.32959386444231403
0.32959733666574187
0.3296008088891697
0.32960428111259765
0.3296077533360255
0.3296112255594533
0.32961469778288116
0.329618170006309
0.32962164222973683
0.3296251144531647
0.32962858667659256
0.3296320589000204
0.3296355311234483
0.3296390033468762
0.329642475570304
0.32964594779373185
0.3296494200171597
0.3296528922405876
0.3296563644640154
0.32965983668744325
0.32966330891087114
0.32966678113429904
0.3296702533577269
0.3296737255811547
0.32967719780458254
0.32968067002801044
0.3296841422514383
0.3296876144748661
0.32969108669829394
0.3296945589217218
0.3296980311451497
0.32970150336857756
0.3297049755920054
0.32970844781543324
0.32971192003886113
0.32971539226228896
0.32971886448571686
0.32972233670914464
0.32972580893257253
0.32972928115600036
0.32973275337942826
0.3297362256028561
0.32973969782628393
0.3297431700497118
0.3297466422731397
0.32975011449656755
0.3297535867199954
0.3297570589434232
0.3297605311668511
0.32976400339027895
0.3297674756137068
0.3297709478371346
0.32977442006056246
0.3297778922839904
0.32978136450741824
0.3297848367308461
0.3297883089542739
0.32979178117770175
0.32979525340112964
0.3297987256245575
0.3298021978479853
0.3298056700714132
0.32980914229484104
0.32981261451826893
0.32981608674169677
0.32981955896512466
0.3298230311885525
0.32982650341198033
0.32982997563540817
0.329833447858836
0.3298369200822639
0.3298403923056918
0.3298438645291196
0.32984733675254746
0.3298508089759753
0.32985428119940324
0.3298577534228311
0.3298612256462589
0.3298646978696867
0.3298681700931146
0.3298716423165424
0.3298751145399703
0.32987858676339815
0.329882058986826
0.3298855312102539
0.32988900343368177
0.3298924756571096
0.32989594788053744
0.3298994201039653
0.32990289232739317
0.329906364550821
0.32990983677424884
0.32991330899767674
0.3299167812211046
0.32992025344453246
0.3299237256679603
0.32992719789138814
0.329930670114816
0.32993414233824386
0.3299376145616717
0.32994108678509954
0.32994455900852737
0.32994803123195526
0.32995150345538315
0.329954975678811
0.3299584479022388
0.3299619201256667
0.32996539234909456
0.3299688645725224
0.3299723367959502
0.3299758090193781
0.32997928124280596
0.32998275346623385
0.3299862256896617
0.3299896979130895
0.3299931701365174
0.3299966423599453
0.33000011458337314
0.330003586806801
0.3300070590302288
0.3300105312536567
0.33001400347708454
0.3300174757005124
0.3300209479239402
0.33002442014736805
0.330027892370796
0.33003136459422383
0.33003483681765167
0.3300383090410795
0.33004178126450734
0.33004525348793523
0.33004872571136307
0.3300521979347909
0.3300556701582188
0.3300591423816467
0.3300626146050745
0.33006608682850236
0.33006955905193025
0.3300730312753581
0.3300765034987859
0.33007997572221376
0.3300834479456416
0.3300869201690695
0.3300903923924974
0.3300938646159252
0.33009733683935305
0.3301008090627809
0.3301042812862088
0.3301077535096366
0.33011122573306445
0.3301146979564923
0.3301181701799202
0.330121642403348
0.3301251146267759
0.33012858685020374
0.3301320590736316
0.33013553129705947
0.33013900352048736
0.3301424757439152
0.330145947967343
0.33014942019077087
0.33015289241419876
0.3301563646376266
0.33015983686105443
0.3301633090844823
0.3301667813079102
0.33017025353133805
0.3301737257547659
0.3301771979781937
0.33018067020162156
0.33018414242504945
0.3301876146484773
0.3301910868719051
0.33019455909533296
0.33019803131876085
0.33020150354218875
0.3302049757656166
