0.7815974936102408
0.7816009658336687
0.7816044380570965
0.7816079102805243
0.7816113825039523
0.7816148547273801
0.781618326950808
0.7816217991742358
0.7816252713976637
0.7816287436210915
0.7816322158445194
0.7816356880679473
0.7816391602913751
0.781642632514803
0.7816461047382308
0.7816495769616587
0.7816530491850865
0.7816565214085144
0.7816599936319422
0.78166346585537
0.781666938078798
0.7816704103022258
0.7816738825256536
0.7816773547490815
0.7816808269725094
0.7816842991959372
0.7816877714193651
0.7816912436427929
0.7816947158662207
0.7816981880896485
0.7817016603130765
0.7817051325365044
0.7817086047599322
0.7817120769833601
0.7817155492067879
0.7817190214302158
0.7817224936536435
0.7817259658770714
0.7817294381004993
0.7817329103239272
0.7817363825473551
0.7817398547707829
0.7817433269942108
0.7817467992176387
0.7817502714410665
0.7817537436644942
0.7817572158879221
0.78176068811135
0.781764160334778
0.7817676325582057
0.7817711047816337
0.7817745770050615
0.7817780492284894
0.7817815214519171
0.781784993675345
0.7817884658987729
0.7817919381222007
0.7817954103456286
0.7817988825690564
0.7818023547924844
0.7818058270159122
0.7818092992393401
0.7818127714627678
0.7818162436861957
0.7818197159096235
0.7818231881330514
0.7818266603564793
0.7818301325799072
0.781833604803335
0.7818370770267629
0.7818405492501908
0.7818440214736185
0.7818474936970464
0.7818509659204742
0.7818544381439021
0.7818579103673301
0.7818613825907578
0.7818648548141858
0.7818683270376136
0.7818717992610414
0.7818752714844692
0.7818787437078971
0.781882215931325
0.7818856881547528
0.7818891603781807
0.7818926326016085
0.7818961048250365
0.7818995770484642
0.7819030492718921
0.7819065214953199
0.7819099937187478
0.7819134659421756
0.7819169381656036
0.7819204103890314
0.7819238826124593
0.7819273548358872
0.7819308270593149
0.7819342992827428
0.7819377715061706
0.7819412437295985
0.7819447159530263
0.7819481881764543
0.7819516603998821
0.78195513262331
0.7819586048467378
0.7819620770701656
0.7819655492935935
0.7819690215170213
0.7819724937404492
0.7819759659638771
0.7819794381873049
0.7819829104107328
0.7819863826341606
0.7819898548575885
0.7819933270810163
0.7819967993044442
0.782000271527872
0.7820037437512999
0.7820072159747277
0.7820106881981557
0.7820141604215834
0.7820176326450115
0.7820211048684392
0.7820245770918671
0.7820280493152949
0.7820315215387227
0.7820349937621506
0.7820384659855784
0.7820419382090064
0.7820454104324341
0.7820488826558621
0.7820523548792899
0.7820558271027178
0.7820592993261456
0.7820627715495735
0.7820662437730013
0.7820697159964292
0.7820731882198569
0.7820766604432848
0.7820801326667127
0.7820836048901406
0.7820870771135685
0.7820905493369963
0.7820940215604242
0.782097493783852
0.7821009660072799
0.7821044382307076
0.7821079104541355
0.7821113826775635
0.7821148549009913
0.7821183271244192
0.782121799347847
0.7821252715712749
0.7821287437947027
0.7821322160181305
0.7821356882415584
0.7821391604649862
0.7821426326884142
0.782146104911842
0.7821495771352699
0.7821530493586977
0.7821565215821256
0.7821599938055533
0.7821634660289812
0.7821669382524091
0.782170410475837
0.7821738826992648
0.7821773549226927
0.7821808271461206
0.7821842993695484
0.7821877715929763
0.782191243816404
0.7821947160398319
0.7821981882632597
0.7822016604866877
0.7822051327101156
0.7822086049335434
0.7822120771569713
0.7822155493803991
0.782219021603827
0.7822224938272547
0.7822259660506826
0.7822294382741105
0.7822329104975384
0.7822363827209663
0.7822398549443941
0.782243327167822
0.7822467993912497
0.7822502716146776
0.7822537438381054
0.7822572160615333
0.7822606882849612
0.7822641605083892
0.7822676327318169
0.7822711049552448
0.7822745771786727
0.7822780494021004
0.7822815216255283
0.7822849938489561
0.7822884660723841
