0.8343752897136423
0.8343787619370701
0.834382234160498
0.8343857063839257
0.8343891786073536
0.8343926508307816
0.8343961230542094
0.8343995952776373
0.8344030675010651
0.834406539724493
0.8344100119479207
0.8344134841713486
0.8344169563947765
0.8344204286182044
0.8344239008416323
0.8344273730650601
0.834430845288488
0.8344343175119158
0.8344377897353437
0.8344412619587714
0.8344447341821993
0.8344482064056272
0.8344516786290551
0.8344551508524829
0.8344586230759108
0.8344620952993387
0.8344655675227665
0.8344690397461944
0.8344725119696221
0.83447598419305
0.8344794564164778
0.8344829286399058
0.8344864008633337
0.8344898730867615
0.8344933453101894
0.8344968175336172
0.834500289757045
0.8345037619804728
0.8345072342039007
0.8345107064273286
0.8345141786507565
0.8345176508741844
0.8345211230976122
0.8345245953210401
0.834528067544468
0.8345315397678957
0.8345350119913235
0.8345384842147514
0.8345419564381793
0.8345454286616073
0.834548900885035
0.834552373108463
0.8345558453318908
0.8345593175553186
0.8345627897787464
0.8345662620021743
0.8345697342256022
0.83457320644903
0.8345766786724579
0.8345801508958858
0.8345836231193137
0.8345870953427414
0.8345905675661693
0.8345940397895971
0.834597512013025
0.8346009842364528
0.8346044564598807
0.8346079286833086
0.8346114009067365
0.8346148731301644
0.8346183453535921
0.83462181757702
0.8346252898004478
0.8346287620238757
0.8346322342473035
0.8346357064707314
0.8346391786941594
0.834642650917587
0.834646123141015
0.8346495953644428
0.8346530675878707
0.8346565398112985
0.8346600120347264
0.8346634842581543
0.8346669564815821
0.83467042870501
0.8346739009284377
0.8346773731518657
0.8346808453752935
0.8346843175987214
0.8346877898221492
0.8346912620455771
0.8346947342690049
0.8346982064924329
0.8347016787158607
0.8347051509392885
0.8347086231627164
0.8347120953861442
0.8347155676095721
0.8347190398329999
0.8347225120564278
0.8347259842798556
0.8347294565032836
0.8347329287267113
0.8347364009501392
0.8347398731735671
0.8347433453969949
0.8347468176204228
0.8347502898438506
0.8347537620672785
0.8347572342907064
0.8347607065141341
0.834764178737562
0.8347676509609899
0.8347711231844178
0.8347745954078456
0.8347780676312735
0.8347815398547013
0.8347850120781292
0.8347884843015569
0.834791956524985
0.8347954287484127
0.8347989009718407
0.8348023731952685
0.8348058454186964
0.8348093176421242
0.8348127898655521
0.8348162620889799
0.8348197343124076
0.8348232065358356
0.8348266787592634
0.8348301509826914
0.8348336232061192
0.8348370954295471
0.8348405676529749
0.8348440398764028
0.8348475120998305
0.8348509843232584
0.8348544565466863
0.8348579287701141
0.834861400993542
0.8348648732169699
0.8348683454403978
0.8348718176638256
0.8348752898872535
0.8348787621106812
0.8348822343341091
0.8348857065575369
0.8348891787809648
0.8348926510043928
0.8348961232278206
0.8348995954512485
0.8349030676746763
0.8349065398981041
0.8349100121215319
0.8349134843449598
0.8349169565683877
0.8349204287918155
0.8349239010152435
0.8349273732386713
0.8349308454620992
0.834934317685527
0.8349377899089548
0.8349412621323826
0.8349447343558105
0.8349482065792384
0.8349516788026663
0.8349551510260941
0.834958623249522
0.8349620954729499
0.8349655676963776
0.8349690399198055
0.8349725121432333
0.8349759843666612
0.834979456590089
0.834982928813517
0.8349864010369449
0.8349898732603727
0.8349933454838006
0.8349968177072283
0.8350002899306562
0.835003762154084
0.8350072343775119
0.8350107066009398
0.8350141788243677
0.8350176510477956
0.8350211232712234
0.8350245954946512
0.835028067718079
0.8350315399415069
0.8350350121649347
0.8350384843883626
0.8350419566117905
0.8350454288352185
0.8350489010586462
0.8350523732820742
0.8350558455055019
0.8350593177289297
0.8350627899523576
0.8350662621757854
