0.7295141421924105
0.7295176144158383
0.7295210866392663
0.7295245588626941
0.729528031086122
0.7295315033095497
0.7295349755329775
0.7295384477564054
0.7295419199798332
0.7295453922032612
0.7295488644266891
0.729552336650117
0.7295558088735448
0.7295592810969727
0.7295627533204004
0.7295662255438283
0.7295696977672561
0.729573169990684
0.7295766422141119
0.7295801144375397
0.7295835866609677
0.7295870588843955
0.7295905311078233
0.7295940033312511
0.729597475554679
0.7296009477781068
0.7296044200015347
0.7296078922249626
0.7296113644483905
0.7296148366718184
0.7296183088952461
0.729621781118674
0.7296252533421018
0.7296287255655297
0.7296321977889575
0.7296356700123854
0.7296391422358133
0.7296426144592411
0.7296460866826691
0.7296495589060968
0.7296530311295247
0.7296565033529525
0.7296599755763804
0.7296634477998082
0.7296669200232362
0.729670392246664
0.7296738644700919
0.7296773366935198
0.7296808089169475
0.7296842811403754
0.7296877533638032
0.7296912255872311
0.7296946978106589
0.7296981700340868
0.7297016422575147
0.7297051144809426
0.7297085867043704
0.7297120589277982
0.7297155311512261
0.7297190033746539
0.7297224755980818
0.7297259478215096
0.7297294200449376
0.7297328922683654
0.7297363644917932
0.7297398367152211
0.7297433089386489
0.7297467811620768
0.7297502533855046
0.7297537256089325
0.7297571978323603
0.7297606700557883
0.729764142279216
0.7297676145026439
0.7297710867260718
0.7297745589494996
0.7297780311729275
0.7297815033963553
0.7297849756197832
0.729788447843211
0.7297919200666388
0.7297953922900667
0.7297988645134947
0.7298023367369225
0.7298058089603504
0.7298092811837782
0.7298127534072061
0.7298162256306339
0.7298196978540616
0.7298231700774896
0.7298266423009174
0.7298301145243453
0.7298335867477732
0.7298370589712011
0.7298405311946289
0.7298440034180568
0.7298474756414846
0.7298509478649124
0.7298544200883402
0.7298578923117681
0.7298613645351961
0.7298648367586239
0.7298683089820518
0.7298717812054796
0.7298752534289075
0.7298787256523352
0.7298821978757631
0.729885670099191
0.7298891423226188
0.7298926145460467
0.7298960867694746
0.7298995589929025
0.7299030312163303
0.7299065034397582
0.7299099756631859
0.7299134478866138
0.7299169201100417
0.7299203923334695
0.7299238645568974
0.7299273367803253
0.7299308090037532
0.729934281227181
0.7299377534506089
0.7299412256740366
0.7299446978974645
0.7299481701208923
0.7299516423443203
0.7299551145677482
0.729958586791176
0.7299620590146039
0.7299655312380317
0.7299690034614595
0.7299724756848873
0.7299759479083152
0.7299794201317431
0.729982892355171
0.7299863645785988
0.7299898368020267
0.7299933090254546
0.7299967812488823
0.7300002534723102
0.730003725695738
0.7300071979191659
0.7300106701425938
0.7300141423660217
0.7300176145894495
0.7300210868128774
0.7300245590363053
0.730028031259733
0.7300315034831609
0.7300349757065887
0.7300384479300166
0.7300419201534444
0.7300453923768724
0.7300488646003003
0.7300523368237282
0.730055809047156
0.7300592812705837
0.7300627534940116
0.7300662257174394
0.7300696979408673
0.7300731701642952
0.7300766423877231
0.7300801146111509
0.7300835868345789
0.7300870590580066
0.7300905312814345
0.7300940035048623
0.7300974757282902
0.730100947951718
0.7301044201751458
0.7301078923985738
0.7301113646220017
0.7301148368454295
0.7301183090688573
0.7301217812922852
0.730125253515713
0.7301287257391409
0.7301321979625687
0.7301356701859966
0.7301391424094245
0.7301426146328522
0.7301460868562802
0.730149559079708
0.7301530313031359
0.7301565035265637
0.7301599757499916
0.7301634479734194
0.7301669201968473
0.7301703924202751
0.7301738646437029
0.7301773368671309
0.7301808090905587
0.7301842813139866
0.7301877535374144
0.7301912257608423
0.7301946979842701
0.730198170207698
0.7302016424311258
0.7302051146545537
