0.8232641747445051
0.8232676469679331
0.8232711191913609
0.8232745914147888
0.8232780636382165
0.8232815358616444
0.8232850080850722
0.8232884803085001
0.823291952531928
0.8232954247553558
0.8232988969787838
0.8233023692022114
0.8233058414256395
0.8233093136490672
0.8233127858724951
0.8233162580959229
0.8233197303193508
0.8233232025427787
0.8233266747662066
0.8233301469896344
0.8233336192130623
0.8233370914364901
0.8233405636599179
0.8233440358833458
0.8233475081067736
0.8233509803302015
0.8233544525536293
0.8233579247770572
0.823361397000485
0.8233648692239129
0.8233683414473408
0.8233718136707686
0.8233752858941965
0.8233787581176243
0.8233822303410522
0.8233857025644801
0.8233891747879079
0.8233926470113359
0.8233961192347636
0.8233995914581915
0.8234030636816193
0.8234065359050472
0.823410008128475
0.8234134803519029
0.8234169525753308
0.8234204247987587
0.8234238970221864
0.8234273692456143
0.8234308414690422
0.82343431369247
0.8234377859158979
0.8234412581393257
0.8234447303627537
0.8234482025861813
0.8234516748096093
0.8234551470330371
0.823458619256465
0.8234620914798929
0.8234655637033207
0.8234690359267486
0.8234725081501764
0.8234759803736043
0.8234794525970321
0.82348292482046
0.8234863970438879
0.8234898692673157
0.8234933414907436
0.8234968137141714
0.8235002859375993
0.823503758161027
0.823507230384455
0.8235107026078828
0.8235141748313107
0.8235176470547385
0.8235211192781665
0.8235245915015943
0.8235280637250222
0.82353153594845
0.8235350081718777
0.8235384803953057
0.8235419526187334
0.8235454248421614
0.8235488970655892
0.8235523692890172
0.823555841512445
0.8235593137358729
0.8235627859593007
0.8235662581827285
0.8235697304061563
0.8235732026295842
0.8235766748530121
0.82358014707644
0.8235836192998679
0.8235870915232957
0.8235905637467236
0.8235940359701514
0.8235975081935792
0.823600980417007
0.8236044526404349
0.8236079248638628
0.8236113970872907
0.8236148693107186
0.8236183415341464
0.8236218137575743
0.823625285981002
0.8236287582044299
0.8236322304278578
0.8236357026512856
0.8236391748747135
0.8236426470981413
0.8236461193215693
0.8236495915449971
0.823653063768425
0.8236565359918527
0.8236600082152806
0.8236634804387084
0.8236669526621363
0.8236704248855642
0.8236738971089921
0.82367736933242
0.8236808415558478
0.8236843137792756
0.8236877860027034
0.8236912582261313
0.8236947304495591
0.8236982026729871
0.8237016748964149
0.8237051471198428
0.8237086193432707
0.8237120915666984
0.8237155637901263
0.8237190360135541
0.823722508236982
0.8237259804604098
0.8237294526838378
0.8237329249072657
0.8237363971306935
0.8237398693541214
0.8237433415775491
0.823746813800977
0.8237502860244048
0.8237537582478327
0.8237572304712605
0.8237607026946884
0.8237641749181163
0.8237676471415442
0.823771119364972
0.8237745915883998
0.8237780638118277
0.8237815360352555
0.8237850082586834
0.8237884804821112
0.8237919527055392
0.823795424928967
0.823798897152395
0.8238023693758226
0.8238058415992506
0.8238093138226784
0.8238127860461062
0.8238162582695341
0.8238197304929619
0.8238232027163899
0.8238266749398178
0.8238301471632455
0.8238336193866734
0.8238370916101013
0.8238405638335291
0.823844036056957
0.8238475082803848
0.8238509805038127
0.8238544527272404
0.8238579249506683
0.8238613971740962
0.8238648693975241
0.823868341620952
0.8238718138443798
0.8238752860678077
0.8238787582912355
0.8238822305146634
0.8238857027380913
0.823889174961519
0.823892647184947
0.8238961194083748
0.8238995916318027
0.8239030638552305
0.8239065360786584
0.8239100083020862
0.823913480525514
0.8239169527489419
0.8239204249723698
0.8239238971957976
0.8239273694192255
0.8239308416426534
0.8239343138660812
0.8239377860895091
0.8239412583129369
0.8239447305363649
0.8239482027597925
0.8239516749832205
0.8239551472066483
