0.4753473872733983
0.47535085949682615
0.4753543317202541
0.47535780394368193
0.47536127616710977
0.4753647483905376
0.4753682206139655
0.47537169283739333
0.47537516506082117
0.475378637284249
0.47538210950767684
0.4753855817311048
0.4753890539545326
0.47539252617796046
0.4753959984013883
0.47539947062481624
0.4754029428482441
0.4754064150716719
0.4754098872950997
0.47541335951852753
0.4754168317419555
0.4754203039653833
0.47542377618881115
0.475427248412239
0.47543072063566694
0.4754341928590948
0.4754376650825226
0.47544113730595045
0.4754446095293783
0.4754480817528062
0.475451553976234
0.47545502619966185
0.4754584984230897
0.47546197064651763
0.47546544286994546
0.4754689150933733
0.47547238731680114
0.475475859540229
0.47547933176365687
0.4754828039870847
0.47548627621051254
0.4754897484339404
0.4754932206573683
0.47549669288079616
0.475500165104224
0.47550363732765183
0.47550710955107967
0.47551058177450756
0.4755140539979354
0.47551752622136323
0.47552099844479107
0.475524470668219
0.47552794289164685
0.4755314151150747
0.4755348873385025
0.47553835956193036
0.4755418317853583
0.47554530400878614
0.475548776232214
0.47555224845564176
0.4755557206790697
0.47555919290249754
0.4755626651259254
0.4755661373493532
0.47556960957278105
0.475573081796209
0.47557655401963683
0.47558002624306467
0.4755834984664925
0.4755869706899204
0.47559044291334823
0.47559391513677607
0.4755973873602039
0.47560085958363174
0.4756043318070597
0.4756078040304875
0.47561127625391536
0.4756147484773432
0.4756182207007711
0.4756216929241989
0.47562516514762676
0.4756286373710546
0.47563210959448243
0.4756355818179104
0.4756390540413382
0.47564252626476605
0.4756459984881939
0.4756494707116218
0.4756529429350496
0.47565641515847745
0.4756598873819053
0.4756633596053331
0.47566683182876107
0.4756703040521889
0.47567377627561674
0.4756772484990446
0.4756807207224725
0.47568419294590036
0.4756876651693282
0.47569113739275604
0.4756946096161838
0.47569808183961176
0.4757015540630396
0.47570502628646744
0.4757084985098953
0.4757119707333232
0.47571544295675106
0.4757189151801789
0.47572238740360673
0.47572585962703456
0.47572933185046246
0.4757328040738903
0.47573627629731813
0.47573974852074596
0.4757432207441739
0.47574669296760175
0.4757501651910296
0.4757536374144574
0.47575710963788526
0.47576058186131315
0.475764054084741
0.4757675263081688
0.47577099853159666
0.4757744707550246
0.47577794297845244
0.4757814152018803
0.4757848874253081
0.47578835964873595
0.47579183187216384
0.4757953040955917
0.4757987763190195
0.47580224854244735
0.4758057207658753
0.47580919298930313
0.47581266521273097
0.4758161374361588
0.47581960965958664
0.4758230818830146
0.4758265541064424
0.47583002632987026
0.4758334985532981
0.475836970776726
0.4758404430001538
0.47584391522358166
0.4758473874470095
0.47585085967043733
0.4758543318938653
0.4758578041172931
0.47586127634072095
0.4758647485641488
0.4758682207875767
0.4758716930110045
0.47587516523443235
0.4758786374578602
0.475882109681288
0.47588558190471597
0.4758890541281438
0.47589252635157164
0.4758959985749995
0.47589947079842737
0.4759029430218552
0.47590641524528304
0.4759098874687109
0.4759133596921387
0.47591683191556666
0.4759203041389945
0.47592377636242233
0.47592724858585017
0.47593072080927806
0.4759341930327059
0.47593766525613374
0.47594113747956157
0.4759446097029894
0.47594808192641735
0.4759515541498452
0.475955026373273
0.47595849859670086
0.4759619708201288
0.47596544304355665
0.4759689152669845
0.4759723874904123
0.47597585971384015
0.47597933193726805
0.4759828041606959
0.4759862763841237
0.47598974860755155
0.4759932208309795
0.47599669305440734
0.4760001652778352
0.476003637501263
0.47600710972469085
0.47601058194811874
0.4760140541715466
0.4760175263949744
0.47602099861840225
0.4760244708418302
0.47602794306525803
0.47603141528868587
0.4760348875121137
0.47603835973554154
