0.976736450255712
0.9767399224791398
0.9767433947025677
0.9767468669259954
0.9767503391494233
0.9767538113728513
0.976757283596279
0.976760755819707
0.9767642280431347
0.9767677002665627
0.9767711724899905
0.9767746447134183
0.9767781169368461
0.976781589160274
0.9767850613837018
0.9767885336071297
0.9767920058305577
0.9767954780539854
0.9767989502774134
0.976802422500841
0.976805894724269
0.9768093669476968
0.9768128391711247
0.9768163113945525
0.9768197836179804
0.9768232558414084
0.9768267280648361
0.9768302002882641
0.9768336725116917
0.9768371447351197
0.9768406169585475
0.9768440891819754
0.9768475614054034
0.9768510336288311
0.9768545058522591
0.9768579780756868
0.9768614502991148
0.9768649225225425
0.9768683947459704
0.9768718669693982
0.9768753391928261
0.9768788114162539
0.9768822836396818
0.9768857558631098
0.9768892280865374
0.9768927003099654
0.9768961725333933
0.9768996447568211
0.9769031169802489
0.9769065892036768
0.9769100614271046
0.9769135336505325
0.9769170058739605
0.9769204780973881
0.9769239503208161
0.9769274225442438
0.9769308947676718
0.9769343669910997
0.9769378392145275
0.9769413114379555
0.9769447836613832
0.9769482558848112
0.9769517281082388
0.9769552003316668
0.9769586725550947
0.9769621447785225
0.9769656170019504
0.9769690892253782
0.9769725614488061
0.9769760336722338
0.9769795058956618
0.9769829781190895
0.9769864503425175
0.9769899225659454
0.9769933947893732
0.9769968670128011
0.9770003392362289
0.9770038114596568
0.9770072836830845
0.9770107559065125
0.9770142281299402
0.9770177003533682
0.9770211725767959
0.9770246448002239
0.9770281170236518
0.9770315892470796
0.9770350614705076
0.9770385336939352
0.9770420059173632
0.9770454781407909
0.9770489503642189
0.9770524225876468
0.9770558948110746
0.9770593670345025
0.9770628392579302
0.9770663114813581
0.9770697837047859
0.9770732559282139
0.9770767281516416
0.9770802003750696
0.9770836725984975
0.9770871448219253
0.9770906170453532
0.9770940892687809
0.9770975614922088
0.9771010337156366
0.9771045059390646
0.9771079781624923
0.9771114503859203
0.977114922609348
0.977118394832776
0.9771218670562039
0.9771253392796316
0.9771288115030597
0.9771322837264873
0.9771357559499154
0.977139228173343
0.977142700396771
0.9771461726201989
0.9771496448436267
0.9771531170670545
0.9771565892904823
0.9771600615139104
0.977163533737338
0.9771670059607661
0.9771704781841937
0.9771739504076218
0.9771774226310496
0.9771808948544775
0.9771843670779052
0.977187839301333
0.9771913115247609
0.9771947837481887
0.9771982559716168
0.9772017281950444
0.9772052004184725
0.9772086726419
0.9772121448653281
0.9772156170887559
0.9772190893121838
0.9772225615356118
0.9772260337590395
0.9772295059824675
0.977232978205895
0.9772364504293232
0.977239922652751
0.9772433948761788
0.9772468670996066
0.9772503393230345
0.9772538115464625
0.9772572837698902
0.9772607559933182
0.9772642282167459
0.9772677004401739
0.9772711726636016
0.9772746448870295
0.9772781171104573
0.9772815893338852
0.977285061557313
0.9772885337807409
0.9772920060041689
0.9772954782275965
0.9772989504510246
0.9773024226744523
0.9773058948978802
0.977309367121308
0.9773128393447359
0.9773163115681637
0.9773197837915916
0.9773232560150196
0.9773267282384472
0.9773302004618752
0.9773336726853029
0.9773371449087309
0.9773406171321587
0.9773440893555866
0.9773475615790146
0.9773510338024423
0.9773545060258703
0.9773579782492979
0.9773614504727259
0.9773649226961537
0.9773683949195816
0.9773718671430094
0.9773753393664373
0.9773788115898651
0.977382283813293
0.977385756036721
0.9773892282601486
0.9773927004835766
0.9773961727070044
0.9773996449304323
0.9774031171538601
0.977406589377288
0.9774100616007158
0.9774135338241436
0.9774170060475716
0.9774204782709993
0.9774239504944273
0.977427422717855
