0.3010417711950594
0.3010452434184873
0.30104871564191515
0.301052187865343
0.3010556600887708
0.3010591323121987
0.30106260453562655
0.3010660767590544
0.3010695489824823
0.3010730212059101
0.301076493429338
0.30107996565276585
0.3010834378761937
0.3010869100996216
0.3010903823230494
0.30109385454647725
0.3010973267699051
0.3011007989933329
0.3011042712167608
0.3011077434401887
0.30111121566361654
0.3011146878870444
0.30111816011047227
0.3011216323339001
0.30112510455732794
0.3011285767807558
0.30113204900418367
0.3011355212276115
0.3011389934510394
0.30114246567446723
0.30114593789789507
0.30114941012132296
0.30115288234475085
0.3011563545681787
0.3011598267916065
0.30116329901503436
0.30116677123846225
0.3011702434618901
0.3011737156853179
0.30117718790874576
0.3011806601321736
0.30118413235560154
0.3011876045790294
0.3011910768024572
0.30119454902588505
0.3011980212493129
0.3012014934727408
0.3012049656961686
0.30120843791959645
0.30121191014302434
0.3012153823664522
0.30121885458988007
0.3012223268133079
0.3012257990367358
0.30122927126016363
0.30123274348359147
0.3012362157070193
0.30123968793044714
0.30124316015387503
0.3012466323773029
0.30125010460073076
0.3012535768241586
0.30125704904758643
0.3012605212710144
0.3012639934944422
0.30126746571787
0.30127093794129783
0.30127441016472567
0.30127788238815356
0.30128135461158145
0.3012848268350093
0.3012882990584371
0.301291771281865
0.3012952435052929
0.30129871572872075
0.3013021879521486
0.3013056601755764
0.3013091323990043
0.30131260462243215
0.30131607684586
0.3013195490692879
0.3013230212927157
0.3013264935161436
0.30132996573957144
0.3013334379629993
0.3013369101864271
0.301340382409855
0.30134385463328284
0.3013473268567107
0.3013507990801385
0.3013542713035664
0.3013577435269943
0.30136121575042213
0.30136468797384997
0.30136816019727786
0.3013716324207057
0.30137510464413353
0.30137857686756137
0.30138204909098926
0.3013855213144171
0.301388993537845
0.3013924657612728
0.30139593798470066
0.30139941020812855
0.30140288243155644
0.3014063546549843
0.30140982687841206
0.3014132991018399
0.30141677132526784
0.3014202435486957
0.3014237157721235
0.30142718799555135
0.3014306602189792
0.30143413244240713
0.30143760466583497
0.3014410768892628
0.30144454911269064
0.3014480213361185
0.30145149355954637
0.3014549657829742
0.30145843800640204
0.30146191022982993
0.30146538245325777
0.30146885467668566
0.3014723269001135
0.3014757991235414
0.30147927134696917
0.30148274357039706
0.3014862157938249
0.30148968801725273
0.3014931602406806
0.3014966324641085
0.30150010468753635
0.3015035769109642
0.301507049134392
0.3015105213578199
0.30151399358124775
0.3015174658046756
0.3015209380281034
0.30152441025153126
0.30152788247495915
0.30153135469838704
0.3015348269218149
0.3015382991452427
0.3015417713686706
0.3015452435920985
0.30154871581552634
0.3015521880389541
0.301555660262382
0.3015591324858099
0.30156260470923774
0.30156607693266557
0.30156954915609346
0.3015730213795213
0.3015764936029492
0.30157996582637703
0.30158343804980486
0.3015869102732327
0.3015903824966606
0.30159385472008843
0.30159732694351626
0.3016007991669441
0.301604271390372
0.3016077436137999
0.3016112158372277
0.30161468806065556
0.30161816028408345
0.30162163250751123
0.3016251047309391
0.30162857695436696
0.30163204917779485
0.3016355214012227
0.3016389936246506
0.3016424658480784
0.30164593807150625
0.30164941029493414
0.301652882518362
0.3016563547417898
0.30165982696521765
0.3016632991886455
0.30166677141207343
0.30167024363550127
0.3016737158589291
0.30167718808235694
0.3016806603057848
0.3016841325292127
0.30168760475264056
0.3016910769760684
0.3016945491994962
0.30169802142292407
0.30170149364635196
0.3017049658697798
0.30170843809320763
0.3017119103166355
0.30171538254006336
0.30171885476349125
0.3017223269869191
0.3017257992103469
0.30172927143377476
0.30173274365720265
