0.0878472527247405
0.08785072494816838
0.08785419717159618
0.08785766939502405
0.08786114161845193
0.08786461384187977
0.08786808606530766
0.08787155828873548
0.08787503051216337
0.08787850273559125
0.08788197495901905
0.08788544718244692
0.08788891940587476
0.08789239162930264
0.08789586385273052
0.08789933607615835
0.08790280829958619
0.08790628052301402
0.0879097527464419
0.08791322496986974
0.08791669719329762
0.0879201694167255
0.08792364164015329
0.08792711386358117
0.087930586087009
0.08793405831043688
0.08793753053386477
0.08794100275729261
0.08794447498072049
0.08794794720414827
0.08795141942757616
0.08795489165100404
0.08795836387443187
0.08796183609785975
0.08796530832128759
0.08796878054471546
0.08797225276814334
0.08797572499157114
0.08797919721499901
0.08798266943842685
0.08798614166185473
0.08798961388528256
0.08799308610871044
0.08799655833213833
0.08800003055556611
0.08800350277899399
0.08800697500242183
0.08801044722584972
0.0880139194492776
0.08801739167270543
0.08802086389613331
0.0880243361195611
0.08802780834298898
0.08803128056641686
0.0880347527898447
0.08803822501327258
0.08804169723670041
0.08804516946012825
0.08804864168355608
0.08805211390698396
0.08805558613041184
0.08805905835383968
0.08806253057726755
0.08806600280069535
0.08806947502412323
0.08807294724755112
0.08807641947097894
0.08807989169440683
0.08808336391783467
0.08808683614126255
0.08809030836469042
0.08809378058811822
0.0880972528115461
0.08810072503497393
0.08810419725840181
0.08810766948182969
0.08811114170525752
0.0881146139286854
0.0881180861521132
0.08812155837554107
0.08812503059896891
0.08812850282239679
0.08813197504582468
0.0881354472692525
0.08813891949268039
0.08814239171610817
0.08814586393953605
0.08814933616296394
0.08815280838639178
0.08815628060981966
0.08815975283324749
0.08816322505667533
0.0881666972801032
0.08817016950353104
0.08817364172695892
0.08817711395038676
0.08818058617381463
0.08818405839724251
0.0881875306206703
0.08819100284409818
0.08819447506752602
0.0881979472909539
0.08820141951438173
0.08820489173780961
0.0882083639612375
0.08821183618466528
0.08821530840809316
0.088218780631521
0.08822225285494889
0.08822572507837677
0.0882291973018046
0.08823266952523248
0.08823614174866028
0.08823961397208815
0.08824308619551603
0.08824655841894387
0.08825003064237175
0.08825350286579958
0.08825697508922746
0.08826044731265535
0.08826391953608313
0.08826739175951101
0.08827086398293885
0.08827433620636674
0.08827780842979456
0.08828128065322245
0.08828475287665029
0.08828822510007811
0.088291697323506
0.08829516954693384
0.08829864177036172
0.0883021139937896
0.08830558621721739
0.08830905844064527
0.0883125306640731
0.08831600288750098
0.08831947511092886
0.0883229473343567
0.08832641955778457
0.08832989178121237
0.08833336400464024
0.08833683622806808
0.08834030845149596
0.08834378067492385
0.08834725289835167
0.08835072512177956
0.08835419734520734
0.08835766956863522
0.08836114179206311
0.08836461401549095
0.08836808623891883
0.08837155846234666
0.08837503068577454
0.08837850290920242
0.08838197513263021
0.08838544735605809
0.08838891957948593
0.0883923918029138
0.08839586402634168
0.08839933624976952
0.08840280847319736
0.08840628069662519
0.08840975292005307
0.0884132251434809
0.0884166973669088
0.08842016959033668
0.08842364181376451
0.08842711403719235
0.08843058626062017
0.08843405848404806
0.08843753070747594
0.08844100293090378
0.08844447515433165
0.08844794737775945
0.08845141960118733
0.0884548918246152
0.08845836404804304
0.08846183627147092
0.08846530849489875
0.08846878071832663
0.08847225294175452
0.0884757251651823
0.08847919738861018
0.08848266961203802
0.08848614183546591
0.08848961405889373
0.08849308628232162
0.0884965585057495
0.08850003072917728
0.08850350295260517
0.08850697517603301
0.08851044739946089
0.08851391962288876
0.0885173918463166
0.08852086406974448
0.08852433629317227
0.08852780851660015
0.08853128074002803
0.08853475296345586
0.08853822518688374
