0.7503474827595426
0.7503509549829704
0.7503544272063982
0.7503578994298262
0.7503613716532541
0.7503648438766819
0.7503683161001098
0.7503717883235376
0.7503752605469655
0.7503787327703932
0.7503822049938211
0.750385677217249
0.7503891494406769
0.7503926216641048
0.7503960938875327
0.7503995661109605
0.7504030383343883
0.7504065105578162
0.7504099827812439
0.7504134550046718
0.7504169272280997
0.7504203994515276
0.7504238716749554
0.7504273438983834
0.7504308161218112
0.7504342883452391
0.7504377605686668
0.7504412327920947
0.7504447050155225
0.7504481772389503
0.7504516494623783
0.7504551216858062
0.7504585939092341
0.7504620661326619
0.7504655383560898
0.7504690105795175
0.7504724828029454
0.7504759550263732
0.7504794272498011
0.750482899473229
0.7504863716966569
0.7504898439200847
0.7504933161435126
0.7504967883669404
0.7505002605903682
0.7505037328137961
0.7505072050372239
0.7505106772606518
0.7505141494840798
0.7505176217075075
0.7505210939309355
0.7505245661543632
0.7505280383777911
0.7505315106012189
0.7505349828246468
0.7505384550480747
0.7505419272715025
0.7505453994949304
0.7505488717183582
0.7505523439417862
0.7505558161652139
0.7505592883886418
0.7505627606120696
0.7505662328354975
0.7505697050589253
0.7505731772823533
0.7505766495057811
0.750580121729209
0.7505835939526367
0.7505870661760646
0.7505905383994925
0.7505940106229203
0.7505974828463482
0.750600955069776
0.750604427293204
0.7506078995166319
0.7506113717400597
0.7506148439634875
0.7506183161869153
0.7506217884103432
0.750625260633771
0.7506287328571989
0.7506322050806268
0.7506356773040546
0.7506391495274825
0.7506426217509103
0.7506460939743382
0.750649566197766
0.7506530384211939
0.7506565106446217
0.7506599828680496
0.7506634550914774
0.7506669273149054
0.7506703995383331
0.7506738717617611
0.7506773439851889
0.7506808162086168
0.7506842884320446
0.7506877606554724
0.7506912328789003
0.750694705102328
0.750698177325756
0.7507016495491838
0.7507051217726117
0.7507085939960396
0.7507120662194675
0.7507155384428953
0.7507190106663232
0.750722482889751
0.7507259551131789
0.7507294273366066
0.7507328995600345
0.7507363717834624
0.7507398440068903
0.7507433162303182
0.750746788453746
0.7507502606771739
0.7507537329006017
0.7507572051240295
0.7507606773474573
0.7507641495708852
0.7507676217943132
0.750771094017741
0.7507745662411689
0.7507780384645967
0.7507815106880246
0.7507849829114523
0.7507884551348802
0.7507919273583081
0.7507953995817359
0.7507988718051639
0.7508023440285917
0.7508058162520196
0.7508092884754474
0.7508127606988753
0.750816232922303
0.750819705145731
0.7508231773691587
0.7508266495925866
0.7508301218160145
0.7508335940394424
0.7508370662628703
0.7508405384862981
0.750844010709726
0.7508474829331537
0.7508509551565816
0.7508544273800094
0.7508578996034374
0.7508613718268653
0.7508648440502931
0.750868316273721
0.7508717884971488
0.7508752607205766
0.7508787329440044
0.7508822051674323
0.7508856773908602
0.7508891496142881
0.750892621837716
0.7508960940611438
0.7508995662845717
0.7509030385079994
0.7509065107314273
0.7509099829548551
0.750913455178283
0.7509169274017109
0.7509203996251388
0.7509238718485666
0.7509273440719945
0.7509308162954224
0.7509342885188501
0.750937760742278
0.7509412329657058
0.7509447051891337
0.7509481774125615
0.7509516496359895
0.7509551218594174
0.7509585940828453
0.750962066306273
0.7509655385297009
0.7509690107531287
0.7509724829765565
0.7509759551999844
0.7509794274234123
0.7509828996468402
0.7509863718702681
0.7509898440936958
0.7509933163171237
0.7509967885405516
0.7510002607639794
0.7510037329874073
0.7510072052108351
0.751010677434263
0.751014149657691
0.7510176218811186
0.7510210941045466
0.7510245663279744
0.7510280385514023
0.7510315107748301
0.751034982998258
0.7510384552216859
