0.07534724838446122
0.07535072060788905
0.07535419283131699
0.07535766505474482
0.07536113727817266
0.07536460950160048
0.07536808172502832
0.07537155394845625
0.07537502617188409
0.07537849839531192
0.07538197061873976
0.0753854428421676
0.07538891506559552
0.07539238728902335
0.07539585951245119
0.07539933173587902
0.07540280395930694
0.0754062761827347
0.07540974840616262
0.07541322062959045
0.07541669285301829
0.07542016507644622
0.07542363729987404
0.07542710952330188
0.07543058174672981
0.07543405397015755
0.07543752619358549
0.07544099841701332
0.07544447064044116
0.07544794286386908
0.07545141508729691
0.07545488731072475
0.07545835953415259
0.07546183175758042
0.07546530398100834
0.07546877620443618
0.07547224842786401
0.07547572065129185
0.07547919287471978
0.07548266509814752
0.07548613732157544
0.07548960954500328
0.07549308176843111
0.07549655399185905
0.07550002621528688
0.07550349843871472
0.07550697066214254
0.07551044288557038
0.07551391510899831
0.07551738733242615
0.07552085955585398
0.0755243317792819
0.07552780400270966
0.07553127622613758
0.07553474844956541
0.07553822067299325
0.07554169289642118
0.075545165119849
0.07554863734327684
0.07555210956670468
0.07555558179013251
0.07555905401356035
0.07556252623698828
0.0755659984604161
0.07556947068384394
0.07557294290727187
0.07557641513069961
0.07557988735412755
0.07558335957755538
0.07558683180098322
0.07559030402441114
0.07559377624783897
0.07559724847126681
0.07560072069469465
0.07560419291812248
0.0756076651415504
0.07561113736497824
0.07561460958840607
0.07561808181183391
0.07562155403526184
0.07562502625868966
0.0756284984821175
0.07563197070554534
0.07563544292897317
0.0756389151524011
0.07564238737582894
0.07564585959925678
0.0756493318226846
0.07565280404611244
0.07565627626954037
0.0756597484929682
0.07566322071639604
0.07566669293982396
0.07567016516325172
0.07567363738667963
0.07567710961010747
0.07568058183353531
0.07568405405696324
0.07568752628039106
0.0756909985038189
0.07569447072724673
0.07569794295067457
0.0757014151741025
0.07570488739753034
0.07570835962095816
0.075711831844386
0.07571530406781393
0.07571877629124177
0.0757222485146696
0.07572572073809744
0.07572919296152528
0.0757326651849532
0.07573613740838103
0.07573960963180887
0.0757430818552367
0.07574655407866454
0.07575002630209246
0.0757534985255203
0.07575697074894813
0.07576044297237607
0.0757639151958039
0.07576738741923172
0.07577085964265956
0.0757743318660874
0.07577780408951533
0.07578127631294317
0.075784748536371
0.07578822075979884
0.07579169298322666
0.0757951652066546
0.07579863743008243
0.07580210965351027
0.0758055818769381
0.07580905410036602
0.07581252632379386
0.0758159985472217
0.07581947077064953
0.07582294299407737
0.07582641521750529
0.07582988744093312
0.07583335966436096
0.07583683188778889
0.07584030411121663
0.07584377633464456
0.0758472485580724
0.07585072078150022
0.07585419300492816
0.07585766522835599
0.07586113745178383
0.07586460967521166
0.0758680818986395
0.07587155412206742
0.07587502634549526
0.07587849856892309
0.07588197079235093
0.07588544301577876
0.07588891523920668
0.07589238746263452
0.07589585968606236
0.07589933190949019
0.07590280413291813
0.07590627635634586
0.07590974857977378
0.07591322080320162
0.07591669302662946
0.07592016525005739
0.07592363747348523
0.07592710969691306
0.07593058192034098
0.07593405414376872
0.07593752636719665
0.07594099859062449
0.07594447081405233
0.07594794303748024
0.07595141526090808
0.07595488748433592
0.07595835970776375
0.07596183193119159
0.07596530415461952
0.07596877637804735
0.07597224860147518
0.07597572082490302
0.07597919304833095
0.07598266527175869
0.07598613749518662
0.07598960971861446
0.07599308194204228
0.07599655416547021
0.07600002638889805
0.07600349861232589
0.07600697083575372
0.07601044305918156
0.07601391528260948
0.07601738750603731
0.07602085972946515
0.07602433195289308
0.07602780417632082
0.07603127639974874
0.07603474862317658
0.07603822084660442
