0.7545141508729691
0.7545176230963969
0.7545210953198248
0.7545245675432527
0.7545280397666805
0.7545315119901083
0.7545349842135362
0.754538456436964
0.7545419286603918
0.7545454008838197
0.7545488731072476
0.7545523453306755
0.7545558175541034
0.7545592897775312
0.7545627620009591
0.7545662342243868
0.7545697064478147
0.7545731786712426
0.7545766508946704
0.7545801231180984
0.7545835953415262
0.7545870675649541
0.7545905397883819
0.7545940120118098
0.7545974842352375
0.7546009564586654
0.7546044286820933
0.7546079009055211
0.754611373128949
0.7546148453523769
0.7546183175758048
0.7546217897992326
0.7546252620226604
0.7546287342460882
0.7546322064695161
0.7546356786929439
0.7546391509163718
0.7546426231397997
0.7546460953632276
0.7546495675866555
0.7546530398100832
0.7546565120335111
0.7546599842569389
0.7546634564803668
0.7546669287037946
0.7546704009272225
0.7546738731506505
0.7546773453740783
0.7546808175975062
0.7546842898209339
0.7546877620443618
0.7546912342677896
0.7546947064912175
0.7546981787146454
0.7547016509380733
0.7547051231615012
0.754708595384929
0.7547120676083569
0.7547155398317846
0.7547190120552125
0.7547224842786403
0.7547259565020683
0.754729428725496
0.754732900948924
0.7547363731723518
0.7547398453957797
0.7547433176192075
0.7547467898426353
0.7547502620660632
0.754753734289491
0.7547572065129189
0.7547606787363467
0.7547641509597747
0.7547676231832026
0.7547710954066303
0.7547745676300582
0.754778039853486
0.7547815120769139
0.7547849843003417
0.7547884565237696
0.7547919287471975
0.7547954009706254
0.7547988731940533
0.754802345417481
0.7548058176409089
0.7548092898643368
0.7548127620877646
0.7548162343111924
0.7548197065346203
0.7548231787580482
0.754826650981476
0.7548301232049038
0.7548335954283318
0.7548370676517596
0.7548405398751875
0.7548440120986153
0.7548474843220432
0.754850956545471
0.7548544287688989
0.7548579009923267
0.7548613732157546
0.7548648454391825
0.7548683176626103
0.7548717898860382
0.754875262109466
0.7548787343328939
0.7548822065563217
0.7548856787797495
0.7548891510031774
0.7548926232266053
0.7548960954500331
0.754899567673461
0.7549030398968889
0.7549065121203167
0.7549099843437446
0.7549134565671723
0.7549169287906002
0.7549204010140282
0.7549238732374559
0.7549273454608839
0.7549308176843117
0.7549342899077396
0.7549377621311674
0.7549412343545953
0.7549447065780232
0.7549481788014509
0.7549516510248788
0.7549551232483066
0.7549585954717346
0.7549620676951624
0.7549655399185903
0.7549690121420181
0.754972484365446
0.7549759565888737
0.7549794288123017
0.7549829010357295
0.7549863732591574
0.7549898454825852
0.7549933177060131
0.754996789929441
0.7550002621528688
0.7550037343762966
0.7550072065997244
0.7550106788231524
0.7550141510465803
0.7550176232700081
0.755021095493436
0.7550245677168638
0.7550280399402917
0.7550315121637194
0.7550349843871473
0.7550384566105752
0.755041928834003
0.7550454010574309
0.7550488732808588
0.7550523455042867
0.7550558177277145
0.7550592899511424
0.7550627621745701
0.755066234397998
0.7550697066214258
0.7550731788448538
0.7550766510682816
0.7550801232917096
0.7550835955151374
0.7550870677385653
0.755090539961993
0.7550940121854209
0.7550974844088487
0.7551009566322765
0.7551044288557045
0.7551079010791323
0.7551113733025602
0.7551148455259881
0.755118317749416
0.7551217899728437
0.7551252621962716
0.7551287344196994
0.7551322066431273
0.7551356788665551
0.755139151089983
0.7551426233134109
0.7551460955368388
0.7551495677602666
0.7551530399836944
0.7551565122071223
0.7551599844305501
0.755163456653978
0.7551669288774058
0.7551704011008337
0.7551738733242617
0.7551773455476894
0.7551808177711173
0.7551842899945451
0.755187762217973
0.7551912344414008
0.7551947066648287
0.7551981788882566
0.7552016511116844
0.7552051233351124
