0.9656253352865747
0.9656288075100028
0.9656322797334304
0.9656357519568585
0.965639224180286
0.9656426964037141
0.9656461686271419
0.9656496408505698
0.9656531130739976
0.9656565852974255
0.9656600575208533
0.965663529744281
0.9656670019677092
0.9656704741911367
0.9656739464145648
0.9656774186379926
0.9656808908614205
0.9656843630848483
0.9656878353082762
0.965691307531704
0.9656947797551318
0.9656982519785599
0.9657017242019875
0.9657051964254155
0.9657086686488431
0.9657121408722712
0.965715613095699
0.9657190853191269
0.9657225575425549
0.9657260297659825
0.9657295019894105
0.9657329742128382
0.9657364464362662
0.965739918659694
0.9657433908831219
0.9657468631065497
0.9657503353299776
0.9657538075534053
0.9657572797768332
0.9657607520002612
0.9657642242236889
0.9657676964471169
0.9657711686705447
0.9657746408939726
0.9657781131174004
0.9657815853408283
0.965785057564256
0.9657885297876839
0.9657920020111119
0.9657954742345396
0.9657989464579676
0.9658024186813953
0.9658058909048233
0.965809363128251
0.9658128353516789
0.965816307575107
0.9658197797985346
0.9658232520219626
0.9658267242453903
0.9658301964688183
0.9658336686922461
0.965837140915674
0.9658406131391017
0.9658440853625296
0.9658475575859574
0.9658510298093853
0.9658545020328133
0.965857974256241
0.965861446479669
0.9658649187030968
0.9658683909265247
0.9658718631499524
0.9658753353733803
0.9658788075968081
0.965882279820236
0.965885752043664
0.9658892242670917
0.9658926964905197
0.9658961687139473
0.9658996409373753
0.9659031131608031
0.965906585384231
0.965910057607659
0.9659135298310867
0.9659170020545147
0.9659204742779424
0.9659239465013704
0.9659274187247983
0.965930890948226
0.9659343631716539
0.9659378353950817
0.9659413076185097
0.9659447798419374
0.9659482520653654
0.9659517242887931
0.9659551965122211
0.965958668735649
0.9659621409590767
0.9659656131825046
0.9659690854059324
0.9659725576293603
0.9659760298527881
0.9659795020762161
0.9659829742996437
0.9659864465230718
0.9659899187464994
0.9659933909699274
0.9659968631933553
0.9660003354167831
0.9660038076402111
0.9660072798636388
0.9660107520870668
0.9660142243104944
0.9660176965339224
0.9660211687573501
0.9660246409807781
0.966028113204206
0.9660315854276338
0.9660350576510618
0.9660385298744895
0.9660420020979175
0.9660454743213451
0.9660489465447731
0.966052418768201
0.9660558909916288
0.9660593632150567
0.9660628354384845
0.9660663076619124
0.9660697798853402
0.9660732521087682
0.9660767243321958
0.9660801965556238
0.9660836687790517
0.9660871410024795
0.9660906132259074
0.9660940854493352
0.9660975576727631
0.9661010298961908
0.9661045021196188
0.9661079743430465
0.9661114465664745
0.9661149187899022
0.9661183910133302
0.9661218632367581
0.9661253354601859
0.966128807683614
0.9661322799070415
0.9661357521304696
0.9661392243538972
0.9661426965773252
0.9661461688007531
0.9661496410241809
0.9661531132476088
0.9661565854710366
0.9661600576944644
0.9661635299178922
0.9661670021413203
0.9661704743647479
0.966173946588176
0.9661774188116038
0.9661808910350317
0.9661843632584595
0.9661878354818872
0.9661913077053151
0.9661947799287429
0.966198252152171
0.9662017243755986
0.9662051965990267
0.9662086688224543
0.9662121410458824
0.9662156132693102
0.966219085492738
0.966222557716166
0.9662260299395937
0.9662295021630217
0.9662329743864493
0.9662364466098774
0.9662399188333052
0.9662433910567331
0.9662468632801609
0.9662503355035887
0.9662538077270165
0.9662572799504444
0.9662607521738724
0.9662642243973001
0.9662676966207281
0.9662711688441559
0.9662746410675838
0.9662781132910115
0.9662815855144394
0.9662850577378672
0.9662885299612951
0.9662920021847231
0.9662954744081508
0.9662989466315788
0.9663024188550065
0.9663058910784345
0.9663093633018622
0.9663128355252901
0.9663163077487181
