0.9329864350647344
0.9329899072881623
0.9329933795115901
0.932996851735018
0.9330003239584458
0.9330037961818737
0.9330072684053015
0.9330107406287295
0.9330142128521571
0.9330176850755851
0.933021157299013
0.9330246295224408
0.9330281017458687
0.9330315739692965
0.9330350461927244
0.9330385184161522
0.9330419906395802
0.9330454628630078
0.9330489350864358
0.9330524073098635
0.9330558795332915
0.9330593517567194
0.9330628239801472
0.9330662962035752
0.9330697684270028
0.9330732406504308
0.9330767128738585
0.9330801850972865
0.9330836573207144
0.9330871295441422
0.9330906017675701
0.9330940739909979
0.9330975462144258
0.9331010184378535
0.9331044906612815
0.9331079628847092
0.9331114351081372
0.9331149073315651
0.9331183795549929
0.9331218517784208
0.9331253240018486
0.9331287962252764
0.9331322684487042
0.9331357406721322
0.9331392128955599
0.9331426851189879
0.9331461573424156
0.9331496295658436
0.9331531017892715
0.9331565740126992
0.9331600462361274
0.9331635184595549
0.933166990682983
0.9331704629064106
0.9331739351298387
0.9331774073532665
0.9331808795766943
0.9331843518001222
0.9331878240235499
0.9331912962469778
0.9331947684704056
0.9331982406938337
0.9332017129172613
0.9332051851406894
0.9332086573641172
0.9332121295875451
0.9332156018109729
0.9332190740344007
0.9332225462578285
0.9332260184812563
0.9332294907046844
0.933232962928112
0.9332364351515401
0.9332399073749676
0.9332433795983958
0.9332468518218235
0.9332503240452514
0.9332537962686794
0.9332572684921071
0.9332607407155351
0.9332642129389628
0.9332676851623908
0.9332711573858183
0.9332746296092465
0.9332781018326742
0.9332815740561021
0.9332850462795301
0.9332885185029578
0.9332919907263858
0.9332954629498135
0.9332989351732415
0.9333024073966693
0.9333058796200971
0.9333093518435249
0.9333128240669528
0.9333162962903806
0.9333197685138085
0.9333232407372365
0.9333267129606642
0.9333301851840922
0.9333336574075198
0.9333371296309478
0.9333406018543756
0.9333440740778035
0.9333475463012313
0.9333510185246592
0.9333544907480872
0.9333579629715149
0.9333614351949429
0.9333649074183705
0.9333683796417985
0.9333718518652263
0.9333753240886542
0.9333787963120822
0.9333822685355099
0.9333857407589379
0.9333892129823655
0.9333926852057935
0.9333961574292213
0.9333996296526492
0.933403101876077
0.9334065740995049
0.9334100463229327
0.9334135185463606
0.9334169907697886
0.9334204629932162
0.9334239352166442
0.933427407440072
0.9334308796634999
0.9334343518869277
0.9334378241103556
0.9334412963337834
0.9334447685572113
0.9334482407806393
0.9334517130040669
0.9334551852274949
0.9334586574509226
0.9334621296743506
0.9334656018977784
0.9334690741212063
0.9334725463446343
0.933476018568062
0.93347949079149
0.9334829630149176
0.9334864352383456
0.9334899074617735
0.9334933796852013
0.9334968519086292
0.933500324132057
0.9335037963554849
0.9335072685789126
0.9335107408023406
0.9335142130257683
0.9335176852491963
0.9335211574726242
0.933524629696052
0.9335281019194799
0.9335315741429077
0.9335350463663356
0.9335385185897633
0.9335419908131913
0.933545463036619
0.933548935260047
0.9335524074834747
0.9335558797069027
0.9335593519303306
0.9335628241537584
0.9335662963771864
0.933569768600614
0.933573240824042
0.9335767130474697
0.9335801852708977
0.9335836574943256
0.9335871297177534
0.9335906019411813
0.933594074164609
0.9335975463880369
0.9336010186114647
0.9336044908348927
0.9336079630583204
0.9336114352817484
0.9336149075051763
0.9336183797286041
0.933621851952032
0.9336253241754597
0.9336287963988876
0.9336322686223154
0.9336357408457434
0.9336392130691711
0.9336426852925991
0.9336461575160268
0.9336496297394548
0.9336531019628826
0.9336565741863104
0.9336600464097384
0.9336635186331661
0.9336669908565941
0.9336704630800218
0.9336739353034498
0.9336774075268777
