0.14062504882814195
0.14062852105156978
0.14063199327499767
0.14063546549842545
0.14063893772185335
0.1406424099452812
0.14064588216870905
0.14064935439213694
0.14065282661556477
0.14065629883899264
0.14065977106242053
0.1406632432858483
0.1406667155092762
0.14067018773270404
0.1406736599561319
0.1406771321795598
0.14068060440298763
0.14068407662641552
0.1406875488498433
0.1406910210732712
0.14069449329669903
0.1406979655201269
0.14070143774355479
0.14070490996698262
0.14070838219041046
0.1407118544138383
0.14071532663726616
0.14071879886069405
0.14072227108412189
0.14072574330754975
0.14072921553097756
0.14073268775440542
0.14073615997783331
0.14073963220126115
0.14074310442468904
0.14074657664811685
0.14075004887154474
0.14075352109497263
0.14075699331840041
0.1407604655418283
0.14076393776525614
0.140767409988684
0.14077088221211184
0.14077435443553973
0.1407778266589676
0.1407812988823954
0.14078477110582327
0.1407882433292511
0.140791715552679
0.14079518777610686
0.1407986599995347
0.1408021322229626
0.14080560444639037
0.14080907666981826
0.14081254889324615
0.14081602111667396
0.14081949334010185
0.1408229655635297
0.14082643778695758
0.14082991001038542
0.14083338223381325
0.14083685445724112
0.14084032668066895
0.14084379890409685
0.14084727112752468
0.14085074335095252
0.14085421557438038
0.14085768779780822
0.1408611600212361
0.14086463224466395
0.1408681044680918
0.1408715766915197
0.14087504891494748
0.14087852113837537
0.1408819933618032
0.1408854655852311
0.14088893780865896
0.1408924100320868
0.1408958822555147
0.14089935447894247
0.14090282670237037
0.1409062989257982
0.14090977114922607
0.14091324337265396
0.1409167155960818
0.14092018781950966
0.14092366004293747
0.14092713226636533
0.14093060448979322
0.14093407671322106
0.14093754893664892
0.14094102116007676
0.14094449338350465
0.14094796560693248
0.14095143783036032
0.1409549100537882
0.14095838227721602
0.1409618545006439
0.1409653267240718
0.14096879894749959
0.14097227117092748
0.1409757433943553
0.14097921561778318
0.140982687841211
0.1409861600646389
0.14098963228806677
0.14099310451149458
0.14099657673492244
0.14100004895835028
0.14100352118177817
0.14100699340520603
0.14101046562863387
0.14101393785206176
0.14101741007548954
0.14102088229891743
0.14102435452234532
0.14102782674577316
0.14103129896920102
0.14103477119262886
0.14103824341605675
0.14104171563948462
0.14104518786291242
0.1410486600863403
0.14105213230976812
0.14105560453319602
0.14105907675662385
0.14106254898005172
0.14106602120347955
0.1410694934269074
0.14107296565033528
0.14107643787376312
0.14107991009719098
0.14108338232061887
0.1410868545440467
0.14109032676747454
0.14109379899090238
0.14109727121433027
0.14110074343775814
0.14110421566118597
0.14110768788461386
0.14111116010804164
0.14111463233146954
0.1411181045548974
0.14112157677832524
0.14112504900175313
0.14112852122518096
0.14113199344860883
0.14113546567203664
0.1411389378954645
0.1411424101188924
0.14114588234232023
0.1411493545657481
0.14115282678917593
0.14115629901260382
0.1411597712360317
0.1411632434594595
0.14116671568288738
0.14117018790631522
0.14117366012974308
0.14117713235317098
0.1411806045765988
0.14118407680002668
0.14118754902345448
0.14119102124688235
0.14119449347031018
0.14119796569373808
0.14120143791716594
0.14120491014059378
0.1412083823640216
0.14121185458744945
0.14121532681087734
0.1412187990343052
0.14122227125773304
0.14122574348116093
0.14122921570458877
0.1412326879280166
0.1412361601514445
0.14123963237487233
0.1412431045983002
0.14124657682172803
0.14125004904515592
0.1412535212685838
0.1412569934920116
0.14126046571543946
0.1412639379388673
0.1412674101622952
0.14127088238572302
0.1412743546091509
0.14127782683257878
0.14128129905600656
0.14128477127943445
0.1412882435028623
0.14129171572629015
0.14129518794971804
0.14129866017314588
0.14130213239657377
0.14130560462000155
0.14130907684342944
0.1413125490668573
0.14131602129028514
