0.4197918124277127
0.4197952846511405
0.41979875687456836
0.4198022290979962
0.4198057013214241
0.4198091735448519
0.41981264576827976
0.4198161179917076
0.41981959021513543
0.41982306243856327
0.4198265346619912
0.41983000688541905
0.4198334791088469
0.4198369513322748
0.4198404235557026
0.41984389577913045
0.4198473680025583
0.4198508402259861
0.41985431244941407
0.4198577846728419
0.41986125689626974
0.4198647291196976
0.4198682013431255
0.41987167356655336
0.41987514578998114
0.419878618013409
0.4198820902368368
0.41988556246026476
0.4198890346836926
0.41989250690712043
0.41989597913054827
0.4198994513539762
0.41990292357740405
0.4199063958008319
0.4199098680242597
0.41991334024768756
0.41991681247111545
0.4199202846945433
0.4199237569179711
0.41992722914139896
0.4199307013648269
0.41993417358825474
0.4199376458116826
0.4199411180351104
0.41994459025853825
0.4199480624819661
0.419951534705394
0.4199550069288218
0.41995847915224965
0.4199619513756776
0.41996542359910544
0.4199688958225333
0.4199723680459611
0.41997584026938894
0.41997931249281684
0.4199827847162447
0.4199862569396725
0.41998972916310034
0.4199932013865283
0.41999667360995613
0.42000014583338396
0.4200036180568118
0.42000709028023964
0.4200105625036676
0.4200140347270954
0.4200175069505232
0.42002097917395104
0.420024451397379
0.4200279236208068
0.42003139584423466
0.4200348680676625
0.42003834029109033
0.4200418125145183
0.4200452847379461
0.42004875696137395
0.4200522291848018
0.4200557014082297
0.4200591736316575
0.42006264585508535
0.4200661180785132
0.420069590301941
0.42007306252536897
0.4200765347487968
0.42008000697222464
0.4200834791956525
0.42008695141908037
0.4200904236425082
0.42009389586593604
0.4200973680893639
0.4201008403127917
0.42010431253621966
0.4201077847596475
0.42011125698307533
0.42011472920650317
0.42011820142993106
0.4201216736533589
0.42012514587678673
0.42012861810021457
0.4201320903236424
0.42013556254707035
0.4201390347704982
0.420142506993926
0.42014597921735386
0.4201494514407818
0.42015292366420964
0.4201563958876375
0.42015986811106526
0.4201633403344931
0.42016681255792104
0.4201702847813489
0.4201737570047767
0.42017722922820455
0.4201807014516325
0.42018417367506034
0.42018764589848817
0.420191118121916
0.42019459034534384
0.42019806256877174
0.42020153479219957
0.4202050070156274
0.42020847923905524
0.4202119514624832
0.420215423685911
0.42021889590933886
0.4202223681327667
0.42022584035619454
0.4202293125796224
0.42023278480305026
0.4202362570264781
0.42023972924990594
0.4202432014733339
0.4202466736967617
0.42025014592018956
0.4202536181436174
0.4202570903670452
0.4202605625904731
0.42026403481390096
0.4202675070373288
0.4202709792607566
0.4202744514841846
0.4202779237076124
0.42028139593104025
0.4202848681544681
0.4202883403778959
0.42029181260132387
0.4202952848247517
0.42029875704817954
0.4203022292716073
0.42030570149503527
0.4203091737184631
0.42031264594189094
0.4203161181653188
0.4203195903887466
0.42032306261217456
0.4203265348356024
0.42033000705903023
0.42033347928245807
0.42033695150588596
0.4203404237293138
0.42034389595274163
0.42034736817616947
0.4203508403995973
0.42035431262302525
0.4203577848464531
0.4203612570698809
0.42036472929330876
0.42036820151673665
0.4203716737401645
0.4203751459635923
0.42037861818702016
0.420382090410448
0.42038556263387594
0.4203890348573038
0.4203925070807316
0.42039597930415945
0.42039945152758734
0.4204029237510152
0.420406395974443
0.42040986819787085
0.4204133404212987
0.42041681264472663
0.42042028486815447
0.4204237570915823
0.42042722931501014
0.4204307015384381
0.4204341737618659
0.42043764598529376
0.4204411182087216
0.4204445904321494
0.4204480626555773
0.42045153487900516
0.420455007102433
0.42045847932586083
0.4204619515492888
0.4204654237727166
0.42046889599614445
0.4204723682195723
0.4204758404430001
0.420479312666428
0.42048278488985585
