0.09965281237944872
0.0996562846028766
0.09965975682630443
0.09966322904973231
0.0996667012731601
0.09967017349658798
0.09967364572001586
0.0996771179434437
0.09968059016687157
0.09968406239029941
0.0996875346137273
0.09969100683715518
0.09969447906058296
0.09969795128401085
0.09970142350743869
0.09970489573086656
0.0997083679542944
0.09971184017772228
0.09971531240115016
0.09971878462457795
0.09972225684800583
0.09972572907143366
0.09972920129486154
0.09973267351828942
0.09973614574171726
0.09973961796514515
0.09974309018857293
0.0997465624120008
0.0997500346354287
0.09975350685885652
0.09975697908228441
0.09976045130571225
0.09976392352914007
0.09976739575256796
0.0997708679759958
0.09977434019942368
0.09977781242285151
0.09978128464627939
0.09978475686970718
0.09978822909313506
0.09979170131656294
0.09979517353999078
0.09979864576341865
0.09980211798684649
0.09980559021027437
0.09980906243370226
0.09981253465713004
0.09981600688055792
0.09981947910398575
0.09982295132741363
0.09982642355084152
0.09982989577426936
0.09983336799769724
0.09983684022112502
0.09984031244455291
0.09984378466798075
0.09984725689140862
0.0998507291148365
0.09985420133826434
0.09985767356169221
0.09986114578512001
0.09986461800854789
0.09986809023197576
0.0998715624554036
0.09987503467883148
0.09987850690225931
0.09988197912568715
0.09988545134911503
0.09988892357254286
0.09989239579597076
0.09989586801939858
0.09989934024282647
0.09990281246625435
0.09990628468968213
0.09990975691311002
0.09991322913653786
0.09991670135996573
0.09992017358339357
0.09992364580682145
0.09992711803024933
0.09993059025367712
0.099934062477105
0.09993753470053283
0.09994100692396071
0.09994447914738859
0.09994795137081643
0.09995142359424432
0.0999548958176721
0.09995836804109998
0.09996184026452787
0.09996531248795569
0.09996878471138358
0.09997225693481142
0.0999757291582393
0.09997920138166717
0.09998267360509497
0.09998614582852285
0.09998961805195068
0.09999309027537856
0.0999965624988064
0.10000003472223427
0.10000350694566211
0.10000697916908995
0.10001045139251782
0.10001392361594566
0.10001739583937354
0.10002086806280143
0.10002434028622921
0.10002781250965709
0.10003128473308492
0.10003475695651282
0.1000382291799407
0.10004170140336853
0.10004517362679641
0.10004864585022419
0.10005211807365208
0.10005559029707992
0.1000590625205078
0.10006253474393567
0.10006600696736351
0.10006947919079139
0.10007295141421918
0.10007642363764706
0.10007989586107494
0.10008336808450277
0.10008684030793065
0.10009031253135849
0.10009378475478638
0.10009725697821426
0.10010072920164204
0.10010420142506993
0.10010767364849775
0.10011114587192564
0.10011461809535352
0.10011809031878136
0.10012156254220919
0.10012503476563703
0.1001285069890649
0.10013197921249274
0.10013545143592062
0.1001389236593485
0.10014239588277633
0.10014586810620417
0.100149340329632
0.10015281255305988
0.10015628477648776
0.1001597569999156
0.10016322922334349
0.10016670144677127
0.10017017367019915
0.10017364589362704
0.10017711811705488
0.10018059034048275
0.10018406256391059
0.10018753478733847
0.10019100701076634
0.10019447923419414
0.10019795145762202
0.10020142368104985
0.10020489590447773
0.10020836812790557
0.10021184035133344
0.10021531257476132
0.10021878479818912
0.100222257021617
0.10022572924504483
0.10022920146847271
0.1002326736919006
0.10023614591532844
0.10023961813875631
0.1002430903621841
0.10024656258561199
0.10025003480903986
0.1002535070324677
0.10025697925589558
0.10026045147932341
0.10026392370275125
0.10026739592617913
0.10027086814960696
0.10027434037303484
0.10027781259646268
0.10028128481989056
0.10028475704331835
0.10028822926674623
0.1002917014901741
0.10029517371360194
0.10029864593702982
0.10030211816045766
0.10030559038388555
0.10030906260731343
0.1003125348307412
0.1003160070541691
0.10031947927759693
0.10032295150102481
0.10032642372445269
0.10032989594788053
0.1003333681713084
0.1003368403947362
0.10034031261816408
0.10034378484159191
