0.25729175600408194
0.25729522822750983
0.25729870045093767
0.25730217267436545
0.25730564489779334
0.2573091171212212
0.25731258934464907
0.2573160615680769
0.2573195337915048
0.25732300601493263
0.25732647823836047
0.25732995046178836
0.2573334226852162
0.25733689490864403
0.25734036713207187
0.25734383935549976
0.2573473115789276
0.2573507838023555
0.2573542560257833
0.2573577282492112
0.25736120047263905
0.2573646726960669
0.2573681449194948
0.2573716171429226
0.25737508936635045
0.2573785615897783
0.2573820338132062
0.257385506036634
0.2573889782600619
0.25739245048348974
0.2573959227069176
0.25739939493034547
0.2574028671537733
0.25740633937720114
0.257409811600629
0.25741328382405687
0.2574167560474847
0.25742022827091254
0.25742370049434043
0.2574271727177683
0.25743064494119616
0.257434117164624
0.2574375893880519
0.2574410616114797
0.2574445338349075
0.2574480060583354
0.2574514782817633
0.2574549505051911
0.25745842272861896
0.25746189495204685
0.25746536717547475
0.2574688393989026
0.2574723116223304
0.25747578384575825
0.2574792560691861
0.2574827282926139
0.2574862005160418
0.2574896727394697
0.25749314496289755
0.2574966171863254
0.2575000894097533
0.2575035616331811
0.257507033856609
0.25751050608003684
0.2575139783034647
0.2575174505268925
0.25752092275032035
0.25752439497374824
0.2575278671971761
0.25753133942060397
0.2575348116440318
0.25753828386745964
0.25754175609088753
0.25754522831431537
0.2575487005377432
0.25755217276117104
0.25755564498459893
0.25755911720802677
0.25756258943145466
0.2575660616548825
0.2575695338783104
0.2575730061017382
0.25757647832516606
0.25757995054859395
0.2575834227720218
0.2575868949954496
0.25759036721887746
0.25759383944230535
0.2575973116657332
0.2576007838891611
0.2576042561125889
0.2576077283360168
0.25761120055944464
0.2576146727828725
0.2576181450063003
0.2576216172297282
0.25762508945315604
0.2576285616765839
0.25763203390001177
0.2576355061234396
0.2576389783468675
0.25764245057029533
0.25764592279372317
0.25764939501715106
0.2576528672405789
0.25765633946400673
0.25765981168743457
0.25766328391086246
0.2576667561342903
0.25767022835771813
0.257673700581146
0.2576771728045739
0.25768064502800175
0.2576841172514296
0.2576875894748574
0.25769106169828526
0.2576945339217131
0.257698006145141
0.2577014783685689
0.2577049505919967
0.25770842281542455
0.25771189503885245
0.25771536726228034
0.2577188394857082
0.257722311709136
0.25772578393256385
0.2577292561559917
0.2577327283794195
0.2577362006028474
0.2577396728262753
0.25774314504970314
0.257746617273131
0.25775008949655887
0.2577535617199867
0.25775703394341454
0.2577605061668424
0.2577639783902702
0.2577674506136981
0.25777092283712594
0.25777439506055383
0.25777786728398167
0.25778133950740956
0.2577848117308374
0.25778828395426523
0.2577917561776931
0.25779522840112096
0.2577987006245488
0.25780217284797663
0.2578056450714045
0.25780911729483236
0.25781258951826025
0.2578160617416881
0.257819533965116
0.2578230061885438
0.25782647841197165
0.2578299506353995
0.2578334228588274
0.2578368950822552
0.25784036730568305
0.25784383952911094
0.2578473117525388
0.25785078397596667
0.2578542561993945
0.2578577284228224
0.25786120064625023
0.25786467286967807
0.2578681450931059
0.2578716173165338
0.25787508953996163
0.25787856176338947
0.25788203398681736
0.2578855062102452
0.2578889784336731
0.2578924506571009
0.25789592288052876
0.2578993951039566
0.25790286732738443
0.25790633955081227
0.25790981177424016
0.25791328399766805
0.2579167562210959
0.2579202284445237
0.2579237006679516
0.2579271728913795
0.25793064511480734
0.2579341173382352
0.257937589561663
0.25794106178509085
0.2579445340085187
0.2579480062319466
0.25795147845537447
0.2579549506788023
0.25795842290223014
0.25796189512565804
0.25796536734908593
0.2579688395725137
0.25797231179594154
0.25797578401936944
0.2579792562427973
0.2579827284662251
