0.08159725055460086
0.0816007227780287
0.08160419500145658
0.08160766722488447
0.0816111394483123
0.08161461167174013
0.08161808389516796
0.08162155611859585
0.08162502834202373
0.08162850056545157
0.08163197278887944
0.08163544501230723
0.08163891723573512
0.081642389459163
0.08164586168259083
0.08164933390601871
0.08165280612944655
0.08165627835287442
0.08165975057630222
0.0816632227997301
0.08166669502315797
0.08167016724658581
0.08167363947001369
0.08167711169344152
0.08168058391686941
0.08168405614029729
0.08168752836372507
0.08169100058715296
0.08169447281058079
0.08169794503400868
0.08170141725743656
0.08170488948086439
0.08170836170429227
0.08171183392772007
0.08171530615114794
0.08171877837457582
0.08172225059800366
0.08172572282143153
0.08172919504485937
0.0817326672682872
0.08173613949171504
0.08173961171514292
0.0817430839385708
0.08174655616199863
0.08175002838542653
0.08175350060885436
0.08175697283228218
0.08176044505571008
0.08176391727913791
0.08176738950256579
0.08177086172599363
0.0817743339494215
0.08177780617284938
0.08178127839627718
0.08178475061970505
0.08178822284313289
0.08179169506656077
0.08179516728998865
0.08179863951341648
0.08180211173684436
0.08180558396027215
0.08180905618370003
0.08181252840712787
0.08181600063055575
0.08181947285398364
0.08182294507741147
0.08182641730083935
0.08182988952426713
0.08183336174769502
0.0818368339711229
0.08184030619455074
0.08184377841797862
0.08184725064140645
0.08185072286483433
0.08185419508826217
0.08185766731169
0.08186113953511788
0.08186461175854572
0.0818680839819736
0.08187155620540143
0.08187502842882927
0.08187850065225714
0.08188197287568498
0.08188544509911286
0.0818889173225407
0.08189238954596859
0.08189586176939646
0.08189933399282424
0.08190280621625214
0.08190627843967997
0.08190975066310785
0.08191322288653573
0.08191669510996356
0.08192016733339144
0.08192363955681924
0.08192711178024711
0.08193058400367499
0.08193405622710283
0.0819375284505307
0.08194100067395854
0.08194447289738642
0.08194794512081421
0.08195141734424209
0.08195488956766998
0.0819583617910978
0.0819618340145257
0.08196530623795353
0.08196877846138141
0.08197225068480925
0.08197572290823708
0.08197919513166496
0.0819826673550928
0.08198613957852068
0.08198961180194855
0.08199308402537639
0.08199655624880423
0.08200002847223206
0.08200350069565994
0.08200697291908782
0.08201044514251565
0.08201391736594354
0.08201738958937133
0.0820208618127992
0.08202433403622704
0.08202780625965492
0.08203127848308281
0.08203475070651065
0.08203822292993852
0.0820416951533663
0.0820451673767942
0.08204863960022207
0.08205211182364991
0.08205558404707779
0.08205905627050562
0.0820625284939335
0.08206600071736138
0.08206947294078917
0.08207294516421705
0.08207641738764489
0.08207988961107276
0.0820833618345006
0.08208683405792848
0.08209030628135637
0.08209377850478415
0.08209725072821204
0.08210072295163987
0.08210419517506776
0.08210766739849563
0.08211113962192347
0.0821146118453513
0.08211808406877914
0.08212155629220702
0.0821250285156349
0.08212850073906273
0.08213197296249061
0.08213544518591841
0.08213891740934628
0.08214238963277416
0.082145861856202
0.08214933407962988
0.08215280630305771
0.0821562785264856
0.08215975074991339
0.08216322297334126
0.08216669519676915
0.08217016742019698
0.08217363964362487
0.0821771118670527
0.08218058409048058
0.08218405631390846
0.08218752853733625
0.08219100076076413
0.08219447298419197
0.08219794520761985
0.08220141743104772
0.08220488965447556
0.08220836187790344
0.08221183410133123
0.08221530632475911
0.08221877854818699
0.08222225077161482
0.08222572299504272
0.08222919521847054
0.08223266744189843
0.08223613966532621
0.0822396118887541
0.08224308411218198
0.08224655633560982
0.0822500285590377
0.08225350078246553
0.08225697300589337
0.08226044522932124
0.08226391745274908
0.08226738967617696
0.0822708618996048
0.08227433412303267
0.08227780634646055
0.08228127856988834
0.08228475079331622
0.08228822301674406
