0.569097419825493
0.5691008920489208
0.5691043642723487
0.5691078364957766
0.5691113087192043
0.5691147809426322
0.5691182531660601
0.569121725389488
0.5691251976129158
0.5691286698363437
0.5691321420597715
0.5691356142831995
0.5691390865066273
0.569142558730055
0.5691460309534829
0.5691495031769108
0.5691529754003387
0.5691564476237665
0.5691599198471944
0.5691633920706222
0.5691668642940502
0.569170336517478
0.5691738087409058
0.5691772809643336
0.5691807531877615
0.5691842254111894
0.5691876976346172
0.5691911698580451
0.5691946420814729
0.5691981143049009
0.5692015865283286
0.5692050587517565
0.5692085309751843
0.5692120031986122
0.5692154754220401
0.5692189476454679
0.5692224198688958
0.5692258920923235
0.5692293643157516
0.5692328365391793
0.5692363087626072
0.569239780986035
0.5692432532094629
0.5692467254328908
0.5692501976563186
0.5692536698797465
0.5692571421031742
0.5692606143266022
0.56926408655003
0.5692675587734579
0.5692710309968857
0.5692745032203137
0.5692779754437415
0.5692814476671694
0.5692849198905972
0.5692883921140249
0.5692918643374529
0.5692953365608807
0.5692988087843086
0.5693022810077364
0.5693057532311644
0.5693092254545922
0.5693126976780201
0.5693161699014478
0.5693196421248757
0.5693231143483036
0.5693265865717314
0.5693300587951593
0.5693335310185871
0.5693370032420151
0.5693404754654429
0.5693439476888708
0.5693474199122985
0.5693508921357264
0.5693543643591543
0.5693578365825821
0.56936130880601
0.5693647810294378
0.5693682532528658
0.5693717254762936
0.5693751976997214
0.5693786699231492
0.5693821421465771
0.569385614370005
0.5693890865934328
0.5693925588168607
0.5693960310402885
0.5693995032637165
0.5694029754871442
0.5694064477105721
0.5694099199339999
0.5694133921574278
0.5694168643808557
0.5694203366042836
0.5694238088277114
0.5694272810511392
0.5694307532745672
0.5694342254979949
0.5694376977214228
0.5694411699448506
0.5694446421682785
0.5694481143917064
0.5694515866151343
0.5694550588385621
0.56945853106199
0.5694620032854179
0.5694654755088456
0.5694689477322735
0.5694724199557013
0.5694758921791292
0.5694793644025571
0.569482836625985
0.5694863088494128
0.5694897810728407
0.5694932532962685
0.5694967255196963
0.5695001977431242
0.569503669966552
0.5695071421899799
0.5695106144134078
0.5695140866368357
0.5695175588602635
0.5695210310836913
0.5695245033071192
0.569527975530547
0.5695314477539749
0.5695349199774027
0.5695383922008306
0.5695418644242585
0.5695453366476864
0.5695488088711141
0.569552281094542
0.5695557533179699
0.5695592255413978
0.5695626977648256
0.5695661699882535
0.5695696422116813
0.5695731144351092
0.569576586658537
0.5695800588819648
0.5695835311053927
0.5695870033288206
0.5695904755522485
0.5695939477756763
0.5695974199991042
0.569600892222532
0.5696043644459599
0.5696078366693877
0.5696113088928155
0.5696147811162434
0.5696182533396713
0.5696217255630992
0.569625197786527
0.5696286700099549
0.5696321422333827
0.5696356144568105
0.5696390866802384
0.5696425589036662
0.5696460311270941
0.569649503350522
0.5696529755739499
0.5696564477973777
0.5696599200208056
0.5696633922442333
0.5696668644676612
0.5696703366910891
0.5696738089145169
0.5696772811379448
0.5696807533613727
0.5696842255848006
0.5696876978082284
0.5696911700316563
0.569694642255084
0.569698114478512
0.5697015867019398
0.5697050589253677
0.5697085311487955
0.5697120033722234
0.5697154755956513
0.5697189478190791
0.569722420042507
0.5697258922659347
0.5697293644893627
0.5697328367127905
0.5697363089362184
0.5697397811596462
0.5697432533830741
0.569746725606502
0.5697501978299297
0.5697536700533576
0.5697571422767854
0.5697606145002134
0.5697640867236412
0.5697675589470691
0.5697710311704969
0.5697745033939248
0.5697779756173527
0.5697814478407804
0.5697849200642083
0.5697883922876361
