0.08020836118345871
0.08021183340688655
0.08021530563031447
0.0802187778537423
0.08022225007717014
0.08022572230059798
0.08022919452402581
0.08023266674745375
0.08023613897088158
0.0802396111943094
0.08024308341773734
0.08024655564116508
0.08025002786459301
0.08025350008802085
0.08025697231144868
0.0802604445348766
0.08026391675830444
0.08026738898173227
0.08027086120516011
0.08027433342858795
0.08027780565201587
0.0802812778754437
0.08028475009887154
0.08028822232229937
0.08029169454572721
0.08029516676915514
0.08029863899258297
0.0803021112160108
0.08030558343943864
0.08030905566286657
0.08031252788629431
0.08031600010972224
0.08031947233315007
0.0803229445565779
0.08032641678000584
0.08032988900343367
0.08033336122686151
0.08033683345028943
0.08034030567371718
0.0803437778971451
0.08034725012057294
0.08035072234400077
0.0803541945674287
0.08035766679085653
0.08036113901428436
0.0803646112377122
0.08036808346114004
0.08037155568456797
0.0803750279079958
0.08037850013142363
0.08038197235485146
0.0803854445782794
0.08038891680170714
0.08039238902513507
0.0803958612485629
0.08039933347199074
0.08040280569541866
0.0804062779188465
0.08040975014227433
0.08041322236570217
0.08041669458913
0.08042016681255792
0.08042363903598576
0.0804271112594136
0.08043058348284153
0.08043405570626927
0.0804375279296972
0.08044100015312503
0.08044447237655286
0.0804479445999807
0.08045141682340863
0.08045488904683647
0.0804583612702643
0.08046183349369213
0.08046530571711996
0.0804687779405479
0.08047225016397573
0.08047572238740357
0.08047919461083149
0.08048266683425924
0.08048613905768716
0.080489611281115
0.08049308350454283
0.08049655572797076
0.08050002795139859
0.08050350017482642
0.08050697239825436
0.0805104446216821
0.08051391684511003
0.08051738906853786
0.08052086129196569
0.08052433351539352
0.08052780573882146
0.08053127796224929
0.08053475018567713
0.08053822240910496
0.0805416946325328
0.08054516685596072
0.08054863907938856
0.08055211130281639
0.08055558352624423
0.08055905574967206
0.08056252797309998
0.08056600019652782
0.08056947241995566
0.08057294464338353
0.08057641686681137
0.08057988909023926
0.08058336131366714
0.08058683353709498
0.08059030576052281
0.08059377798395063
0.08059725020737853
0.08060072243080636
0.08060419465423424
0.08060766687766212
0.08061113910108995
0.08061461132451779
0.08061808354794563
0.0806215557713735
0.08062502799480138
0.08062850021822922
0.0806319724416571
0.08063544466508489
0.08063891688851277
0.08064238911194065
0.08064586133536848
0.08064933355879637
0.0806528057822242
0.08065627800565209
0.08065975022907997
0.08066322245250775
0.08066669467593564
0.08067016689936347
0.08067363912279135
0.08067711134621919
0.08068058356964707
0.08068405579307494
0.08068752801650274
0.08069100023993062
0.08069447246335845
0.08069794468678633
0.08070141691021421
0.08070488913364204
0.08070836135706994
0.08071183358049772
0.0807153058039256
0.08071877802735349
0.08072225025078131
0.0807257224742092
0.08072919469763704
0.08073266692106487
0.0807361391444927
0.08073961136792059
0.08074308359134846
0.0807465558147763
0.08075002803820418
0.08075350026163197
0.08075697248505985
0.08076044470848773
0.08076391693191556
0.08076738915534344
0.08077086137877128
0.08077433360219916
0.08077780582562705
0.08078127804905483
0.0807847502724827
0.08078822249591054
0.08079169471933843
0.08079516694276631
0.08079863916619415
0.08080211138962202
0.0808055836130498
0.0808090558364777
0.08081252805990553
0.08081600028333341
0.08081947250676129
0.08082294473018913
0.080826416953617
0.0808298891770448
0.08083336140047268
0.08083683362390055
0.08084030584732839
0.08084377807075627
0.0808472502941841
0.080850722517612
0.08085419474103982
0.08085766696446765
0.08086113918789554
0.08086461141132337
0.08086808363475126
0.08087155585817914
0.08087502808160693
0.08087850030503481
0.08088197252846265
0.08088544475189052
0.08088891697531836
0.08089238919874624
0.08089586142217411
0.08089933364560191
