0.4434029317371291
0.4434064039605569
0.44340987618398475
0.4434133484074126
0.44341682063084054
0.44342029285426837
0.4434237650776962
0.44342723730112404
0.44343070952455194
0.44343418174797977
0.4434376539714076
0.44344112619483544
0.4434445984182633
0.4434480706416912
0.44345154286511906
0.4434550150885469
0.44345848731197474
0.44346195953540263
0.44346543175883046
0.4434689039822583
0.44347237620568614
0.443475848429114
0.4434793206525419
0.44348279287596976
0.4434862650993976
0.44348973732282543
0.4434932095462533
0.44349668176968116
0.443500153993109
0.44350362621653683
0.44350709843996466
0.4435105706633926
0.44351404288682045
0.4435175151102483
0.4435209873336761
0.44352445955710407
0.4435279317805319
0.44353140400395974
0.4435348762273876
0.44353834845081536
0.4435418206742433
0.44354529289767114
0.443548765121099
0.4435522373445268
0.44355570956795476
0.4435591817913826
0.44356265401481043
0.44356612623823827
0.4435695984616661
0.443573070685094
0.44357654290852183
0.44358001513194967
0.4435834873553775
0.44358695957880545
0.4435904318022333
0.4435939040256611
0.44359737624908896
0.4436008484725168
0.4436043206959447
0.4436077929193725
0.44361126514280036
0.4436147373662282
0.44361820958965614
0.443621681813084
0.4436251540365118
0.44362862625993965
0.4436320984833675
0.4436355707067954
0.4436390429302232
0.44364251515365105
0.4436459873770789
0.44364945960050683
0.44365293182393467
0.4436564040473625
0.44365987627079034
0.4436633484942182
0.4436668207176461
0.44367029294107396
0.4436737651645018
0.44367723738792963
0.4436807096113575
0.44368418183478536
0.4436876540582132
0.44369112628164104
0.44369459850506887
0.4436980707284968
0.44370154295192465
0.4437050151753525
0.4437084873987803
0.4437119596222082
0.44371543184563605
0.4437189040690639
0.4437223762924917
0.44372584851591956
0.4437293207393475
0.44373279296277535
0.4437362651862032
0.443739737409631
0.4437432096330589
0.44374668185648675
0.4437501540799146
0.4437536263033424
0.44375709852677026
0.4437605707501982
0.44376404297362604
0.4437675151970539
0.4437709874204817
0.44377445964390966
0.44377793186733744
0.4437814040907653
0.4437848763141931
0.44378834853762095
0.4437918207610489
0.44379529298447673
0.44379876520790457
0.4438022374313324
0.44380570965476035
0.4438091818781882
0.443812654101616
0.44381612632504386
0.4438195985484717
0.4438230707718996
0.4438265429953274
0.44383001521875526
0.4438334874421831
0.44383695966561104
0.4438404318890389
0.4438439041124667
0.44384737633589455
0.4438508485593224
0.4438543207827503
0.4438577930061781
0.44386126522960595
0.4438647374530338
0.44386820967646173
0.44387168189988957
0.4438751541233174
0.44387862634674524
0.4438820985701731
0.44388557079360097
0.4438890430170288
0.44389251524045664
0.4438959874638845
0.4438994596873124
0.44390293191074026
0.4439064041341681
0.44390987635759593
0.44391334858102377
0.4439168208044517
0.4439202930278795
0.44392376525130733
0.44392723747473517
0.4439307096981631
0.44393418192159095
0.4439376541450188
0.4439411263684466
0.44394459859187446
0.4439480708153024
0.44395154303873025
0.4439550152621581
0.4439584874855859
0.4439619597090138
0.44396543193244165
0.4439689041558695
0.4439723763792973
0.44397584860272515
0.4439793208261531
0.44398279304958094
0.4439862652730088
0.4439897374964366
0.4439932097198645
0.44399668194329234
0.4440001541667202
0.444003626390148
0.44400709861357585
0.4440105708370038
0.44401404306043163
0.44401751528385947
0.4440209875072873
0.4440244597307152
0.44402793195414303
0.44403140417757087
0.4440348764009987
0.44403834862442654
0.4440418208478545
0.4440452930712823
0.44404876529471016
0.444052237518138
0.44405570974156594
0.4440591819649938
0.44406265418842156
0.4440661264118494
0.44406959863527723
0.4440730708587052
0.444076543082133
0.44408001530556085
0.4440834875289887
0.44408695975241663
0.44409043197584447
0.4440939041992723
