0.3288195586179023
0.32882303084133013
0.328826503064758
0.32882997528818586
0.32883344751161375
0.3288369197350416
0.3288403919584694
0.32884386418189726
0.3288473364053251
0.32885080862875293
0.3288542808521809
0.3288577530756087
0.32886122529903655
0.3288646975224644
0.3288681697458922
0.3288716419693201
0.32887511419274795
0.3288785864161758
0.3288820586396036
0.3288855308630315
0.3288890030864594
0.32889247530988724
0.3288959475333151
0.328899419756743
0.32890289198017086
0.3289063642035987
0.32890983642702654
0.3289133086504544
0.3289167808738822
0.3289202530973101
0.32892372532073794
0.3289271975441658
0.32893066976759366
0.32893414199102156
0.3289376142144494
0.32894108643787723
0.32894455866130506
0.3289480308847329
0.3289515031081608
0.32895497533158863
0.32895844755501646
0.32896191977844436
0.3289653920018722
0.3289688642253001
0.3289723364487279
0.3289758086721558
0.32897928089558365
0.3289827531190115
0.3289862253424393
0.32898969756586716
0.32899316978929505
0.32899664201272294
0.3290001142361508
0.3290035864595786
0.3290070586830065
0.32901053090643434
0.3290140031298622
0.32901747535329
0.32902094757671785
0.3290244198001457
0.32902789202357363
0.32903136424700147
0.3290348364704293
0.32903830869385714
0.32904178091728503
0.3290452531407129
0.32904872536414076
0.3290521975875686
0.32905566981099643
0.32905914203442427
0.32906261425785216
0.32906608648128
0.3290695587047079
0.3290730309281357
0.3290765031515636
0.32907997537499145
0.3290834475984193
0.3290869198218471
0.329090392045275
0.32909386426870285
0.3290973364921307
0.3291008087155585
0.32910428093898647
0.3291077531624143
0.32911122538584214
0.32911469760927
0.3291181698326978
0.3291216420561257
0.32912511427955354
0.3291285865029814
0.3291320587264092
0.3291355309498371
0.329139003173265
0.32914247539669284
0.32914594762012067
0.32914941984354856
0.3291528920669764
0.32915636429040424
0.32915983651383207
0.32916330873725996
0.32916678096068785
0.3291702531841157
0.3291737254075435
0.32917719763097136
0.32918066985439925
0.32918414207782715
0.329187614301255
0.3291910865246828
0.32919455874811065
0.3291980309715385
0.3292015031949664
0.3292049754183942
0.32920844764182206
0.32921191986524995
0.3292153920886778
0.3292188643121057
0.3292223365355335
0.32922580875896135
0.3292292809823892
0.3292327532058171
0.3292362254292449
0.32923969765267275
0.32924316987610064
0.32924664209952853
0.32925011432295637
0.3292535865463842
0.3292570587698121
0.32926053099323993
0.32926400321666777
0.3292674754400956
0.32927094766352344
0.3292744198869513
0.3292778921103792
0.32928136433380706
0.3292848365572349
0.32928830878066273
0.3292917810040906
0.32929525322751846
0.3292987254509463
0.32930219767437413
0.329305669897802
0.32930914212122986
0.32931261434465775
0.3293160865680856
0.3293195587915135
0.3293230310149413
0.3293265032383692
0.32932997546179704
0.3293334476852249
0.3293369199086527
0.3293403921320806
0.32934386435550844
0.3293473365789363
0.3293508088023641
0.32935428102579206
0.3293577532492199
0.32936122547264773
0.32936469769607557
0.3293681699195034
0.32937164214293124
0.32937511436635913
0.32937858658978697
0.3293820588132148
0.3293855310366427
0.3293890032600706
0.3293924754834984
0.32939594770692626
0.32939941993035415
0.329402892153782
0.3294063643772098
0.32940983660063766
0.32941330882406555
0.32941678104749345
0.3294202532709213
0.3294237254943491
0.32942719771777695
0.32943066994120485
0.32943414216463274
0.3294376143880605
0.32944108661148835
0.3294445588349162
0.3294480310583441
0.329451503281772
0.3294549755051998
0.32945844772862765
0.32946191995205554
0.3294653921754834
0.32946886439891127
0.3294723366223391
0.32947580884576694
0.3294792810691948
0.32948275329262267
0.3294862255160505
0.32948969773947834
0.32949316996290623
0.3294966421863341
0.32950011440976196
0.3295035866331898
0.32950705885661763
0.3295105310800455
