0.7357641443625501
0.735767616585978
0.7357710888094059
0.7357745610328337
0.7357780332562616
0.7357815054796893
0.7357849777031172
0.735788449926545
0.735791922149973
0.7357953943734008
0.7357988665968287
0.7358023388202566
0.7358058110436844
0.7358092832671123
0.73581275549054
0.7358162277139679
0.7358196999373957
0.7358231721608237
0.7358266443842515
0.7358301166076794
0.7358335888311073
0.7358370610545352
0.735840533277963
0.7358440055013907
0.7358474777248186
0.7358509499482464
0.7358544221716743
0.7358578943951022
0.7358613666185302
0.735864838841958
0.7358683110653859
0.7358717832888136
0.7358752555122415
0.7358787277356693
0.7358821999590972
0.7358856721825251
0.7358891444059529
0.7358926166293808
0.7358960888528087
0.7358995610762366
0.7359030332996643
0.7359065055230922
0.73590997774652
0.7359134499699479
0.7359169221933758
0.7359203944168036
0.7359238666402316
0.7359273388636594
0.7359308110870872
0.735934283310515
0.7359377555339429
0.7359412277573707
0.7359446999807986
0.7359481722042264
0.7359516444276543
0.7359551166510823
0.73595858887451
0.7359620610979379
0.7359655333213657
0.7359690055447936
0.7359724777682214
0.7359759499916493
0.7359794222150772
0.735982894438505
0.7359863666619328
0.7359898388853607
0.7359933111087886
0.7359967833322164
0.7360002555556443
0.7360037277790721
0.7360072000025
0.7360106722259278
0.7360141444493558
0.7360176166727836
0.7360210888962114
0.7360245611196393
0.7360280333430671
0.736031505566495
0.7360349777899228
0.7360384500133507
0.7360419222367786
0.7360453944602064
0.7360488666836342
0.7360523389070621
0.73605581113049
0.7360592833539178
0.7360627555773457
0.7360662278007735
0.7360697000242014
0.7360731722476292
0.7360766444710571
0.7360801166944849
0.7360835889179128
0.7360870611413407
0.7360905333647685
0.7360940055881964
0.7360974778116242
0.736100950035052
0.7361044222584798
0.7361078944819078
0.7361113667053357
0.7361148389287636
0.7361183111521914
0.7361217833756193
0.7361252555990471
0.7361287278224748
0.7361322000459027
0.7361356722693306
0.7361391444927585
0.7361426167161863
0.7361460889396143
0.7361495611630421
0.73615303338647
0.7361565056098978
0.7361599778333257
0.7361634500567534
0.7361669222801813
0.7361703945036092
0.7361738667270371
0.736177338950465
0.7361808111738928
0.7361842833973207
0.7361877556207485
0.7361912278441763
0.7361947000676041
0.736198172291032
0.7362016445144599
0.7362051167378878
0.7362085889613157
0.7362120611847435
0.7362155334081714
0.7362190056315991
0.736222477855027
0.7362259500784548
0.7362294223018827
0.7362328945253106
0.7362363667487384
0.7362398389721664
0.7362433111955942
0.736246783419022
0.7362502556424498
0.7362537278658777
0.7362572000893055
0.7362606723127334
0.7362641445361613
0.7362676167595892
0.7362710889830171
0.7362745612064449
0.7362780334298727
0.7362815056533005
0.7362849778767284
0.7362884501001562
0.7362919223235842
0.736295394547012
0.7362988667704399
0.7363023389938678
0.7363058112172955
0.7363092834407234
0.7363127556641512
0.7363162278875791
0.7363197001110069
0.7363231723344349
0.7363266445578627
0.7363301167812906
0.7363335890047185
0.7363370612281462
0.7363405334515741
0.7363440056750019
0.7363474778984298
0.7363509501218576
0.7363544223452855
0.7363578945687134
0.7363613667921414
0.7363648390155692
0.7363683112389969
0.7363717834624248
0.7363752556858526
0.7363787279092805
0.7363822001327083
0.7363856723561363
0.7363891445795641
0.736392616802992
0.7363960890264198
0.7363995612498477
0.7364030334732755
0.7364065056967034
0.7364099779201312
0.736413450143559
0.736416922366987
0.7364203945904148
0.7364238668138428
0.7364273390372705
0.7364308112606984
0.7364342834841262
0.7364377557075541
0.7364412279309819
0.7364447001544098
0.7364481723778376
0.7364516446012654
0.7364551168246933
