0.6829863482591487
0.6829898204825766
0.6829932927060044
0.6829967649294323
0.6830002371528601
0.683003709376288
0.6830071815997157
0.6830106538231437
0.6830141260465715
0.6830175982699994
0.6830210704934273
0.6830245427168551
0.683028014940283
0.6830314871637108
0.6830349593871387
0.6830384316105664
0.6830419038339944
0.6830453760574222
0.6830488482808501
0.683052320504278
0.6830557927277059
0.6830592649511337
0.6830627371745615
0.6830662093979893
0.6830696816214171
0.6830731538448451
0.6830766260682729
0.6830800982917008
0.6830835705151287
0.6830870427385566
0.6830905149619844
0.6830939871854123
0.68309745940884
0.6831009316322679
0.6831044038556958
0.6831078760791236
0.6831113483025515
0.6831148205259793
0.6831182927494073
0.683121764972835
0.683125237196263
0.6831287094196907
0.6831321816431186
0.6831356538665464
0.6831391260899743
0.6831425983134022
0.6831460705368301
0.683149542760258
0.6831530149836857
0.6831564872071136
0.6831599594305414
0.6831634316539693
0.6831669038773972
0.683170376100825
0.6831738483242529
0.6831773205476808
0.6831807927711087
0.6831842649945364
0.6831877372179643
0.6831912094413921
0.6831946816648201
0.6831981538882479
0.6832016261116757
0.6832050983351036
0.6832085705585313
0.6832120427819594
0.6832155150053871
0.683218987228815
0.6832224594522428
0.6832259316756707
0.6832294038990986
0.6832328761225265
0.6832363483459543
0.6832398205693822
0.68324329279281
0.6832467650162378
0.6832502372396657
0.6832537094630935
0.6832571816865214
0.6832606539099493
0.6832641261333772
0.683267598356805
0.6832710705802328
0.6832745428036607
0.6832780150270885
0.6832814872505164
0.6832849594739442
0.6832884316973721
0.6832919039208
0.6832953761442279
0.6832988483676556
0.6833023205910835
0.6833057928145114
0.6833092650379392
0.6833127372613671
0.6833162094847949
0.6833196817082228
0.6833231539316507
0.6833266261550786
0.6833300983785063
0.6833335706019343
0.6833370428253621
0.68334051504879
0.6833439872722178
0.6833474594956456
0.6833509317190736
0.6833544039425014
0.6833578761659292
0.683361348389357
0.6833648206127849
0.6833682928362128
0.6833717650596407
0.6833752372830685
0.6833787095064964
0.6833821817299242
0.683385653953352
0.6833891261767799
0.6833925984002077
0.6833960706236357
0.6833995428470635
0.6834030150704914
0.6834064872939192
0.6834099595173471
0.6834134317407748
0.6834169039642027
0.6834203761876306
0.6834238484110584
0.6834273206344864
0.6834307928579142
0.6834342650813421
0.6834377373047699
0.6834412095281978
0.6834446817516256
0.6834481539750534
0.6834516261984813
0.6834550984219091
0.683458570645337
0.6834620428687649
0.6834655150921928
0.6834689873156206
0.6834724595390484
0.6834759317624762
0.6834794039859042
0.683482876209332
0.6834863484327598
0.6834898206561878
0.6834932928796156
0.6834967651030435
0.6835002373264712
0.6835037095498991
0.6835071817733269
0.6835106539967549
0.6835141262201827
0.6835175984436106
0.6835210706670385
0.6835245428904663
0.6835280151138942
0.6835314873373219
0.6835349595607498
0.6835384317841776
0.6835419040076056
0.6835453762310334
0.6835488484544613
0.6835523206778892
0.683555792901317
0.6835592651247449
0.6835627373481726
0.6835662095716005
0.6835696817950283
0.6835731540184563
0.6835766262418841
0.683580098465312
0.6835835706887399
0.6835870429121677
0.6835905151355955
0.6835939873590233
0.6835974595824512
0.6836009318058791
0.683604404029307
0.6836078762527348
0.6836113484761627
0.6836148206995905
0.6836182929230185
0.6836217651464462
0.6836252373698741
0.6836287095933019
0.6836321818167297
0.6836356540401576
0.6836391262635855
0.6836425984870134
0.6836460707104413
0.6836495429338691
0.6836530151572969
0.6836564873807248
0.6836599596041526
0.6836634318275805
0.6836669040510084
0.6836703762744362
0.6836738484978641
0.683677320721292
