0.06979169089989261
0.06979516312332054
0.06979863534674838
0.06980210757017621
0.06980557979360404
0.06980905201703197
0.0698125242404598
0.06981599646388764
0.06981946868731548
0.06982294091074331
0.06982641313417123
0.06982988535759907
0.0698333575810269
0.06983682980445474
0.06984030202788258
0.0698437742513105
0.06984724647473833
0.06985071869816617
0.0698541909215941
0.06985766314502184
0.06986113536844978
0.0698646075918776
0.06986807981530543
0.06987155203873337
0.0698750242621612
0.06987849648558904
0.06988196870901688
0.0698854409324447
0.06988891315587263
0.06989238537930047
0.0698958576027283
0.06989932982615614
0.06990280204958406
0.0699062742730119
0.06990974649643973
0.06991321871986757
0.0699166909432954
0.06992016316672334
0.06992363539015116
0.069927107613579
0.06993057983700693
0.06993405206043467
0.0699375242838626
0.06994099650729044
0.06994446873071827
0.06994794095414619
0.06995141317757403
0.06995488540100187
0.0699583576244297
0.06996182984785754
0.06996530207128546
0.06996877429471329
0.06997224651814113
0.06997571874156897
0.0699791909649968
0.06998266318842472
0.06998613541185256
0.0699896076352804
0.06999307985870823
0.06999655208213616
0.070000024305564
0.07000349652899183
0.07000696875241966
0.0700104409758475
0.07001391319927543
0.07001738542270326
0.0700208576461311
0.07002432986955902
0.07002780209298676
0.07003127431641469
0.07003474653984253
0.07003821876327036
0.07004169098669828
0.07004516321012612
0.07004863543355395
0.07005210765698179
0.07005557988040963
0.07005905210383756
0.0700625243272654
0.07006599655069322
0.07006946877412105
0.07007294099754899
0.07007641322097673
0.07007988544440466
0.0700833576678325
0.07008682989126032
0.07009030211468825
0.07009377433811609
0.07009724656154392
0.07010071878497176
0.0701041910083996
0.07010766323182752
0.07011113545525535
0.07011460767868319
0.07011807990211112
0.07012155212553886
0.07012502434896678
0.07012849657239462
0.07013196879582245
0.07013544101925039
0.07013891324267822
0.07014238546610606
0.0701458576895339
0.07014932991296172
0.07015280213638955
0.07015627435981749
0.07015974658324532
0.07016321880667316
0.07016669103010108
0.07017016325352882
0.07017363547695675
0.07017710770038459
0.07018057992381242
0.07018405214724034
0.07018752437066818
0.07019099659409601
0.07019446881752385
0.07019794104095169
0.07020141326437962
0.07020488548780746
0.07020835771123528
0.07021182993466321
0.07021530215809095
0.07021877438151888
0.07022224660494672
0.07022571882837456
0.07022919105180238
0.07023266327523031
0.07023613549865815
0.07023960772208598
0.07024307994551382
0.07024655216894166
0.07025002439236958
0.07025349661579741
0.07025696883922525
0.07026044106265318
0.07026391328608092
0.07026738550950884
0.07027085773293668
0.07027432995636451
0.07027780217979245
0.07028127440322028
0.07028474662664812
0.07028821885007595
0.07029169107350378
0.07029516329693171
0.07029863552035955
0.07030210774378738
0.07030557996721522
0.07030905219064314
0.07031252441407097
0.07031599663749881
0.07031946886092665
0.07032294108435448
0.0703264133077824
0.07032988553121024
0.07033335775463807
0.07033682997806591
0.07034030220149375
0.07034377442492168
0.07034724664834952
0.07035071887177734
0.07035419109520527
0.07035766331863301
0.07036113554206094
0.07036460776548878
0.07036807998891662
0.07037155221234453
0.07037502443577237
0.07037849665920021
0.07038196888262804
0.07038544110605588
0.0703889133294838
0.07039238555291163
0.07039585777633947
0.07039932999976731
0.07040280222319524
0.07040627444662308
0.0704097466700509
0.07041321889347874
0.07041669111690657
0.0704201633403345
0.07042363556376234
0.07042710778719018
0.0704305800106181
0.07043405223404584
0.07043752445747377
0.0704409966809016
0.07044446890432944
0.07044794112775736
0.0704514133511852
0.07045488557461303
0.07045835779804087
0.0704618300214687
0.07046530224489664
0.07046877446832446
0.0704722466917523
0.07047571891518013
0.07047919113860797
0.0704826633620359
