0.11840281888986764
0.11840629111329552
0.11840976333672336
0.1184132355601512
0.11841670778357907
0.11842018000700691
0.11842365223043479
0.11842712445386262
0.1184305966772905
0.11843406890071839
0.11843754112414617
0.11844101334757405
0.11844448557100189
0.11844795779442978
0.11845143001785766
0.11845490224128549
0.11845837446471337
0.11846184668814115
0.11846531891156904
0.11846879113499688
0.11847226335842476
0.11847573558185263
0.11847920780528047
0.11848268002870835
0.11848615225213614
0.11848962447556402
0.1184930966989919
0.11849656892241973
0.11850004114584761
0.11850351336927545
0.11850698559270334
0.11851045781613116
0.118513930039559
0.11851740226298689
0.11852087448641471
0.1185243467098426
0.11852781893327044
0.11853129115669832
0.11853476338012615
0.11853823560355399
0.11854170782698187
0.1185451800504097
0.11854865227383758
0.11855212449726546
0.11855559672069325
0.11855906894412113
0.11856254116754897
0.11856601339097685
0.11856948561440472
0.11857295783783256
0.11857643006126045
0.11857990228468823
0.11858337450811611
0.118586846731544
0.11859031895497184
0.11859379117839972
0.11859726340182755
0.11860073562525543
0.11860420784868321
0.1186076800721111
0.11861115229553898
0.11861462451896682
0.1186180967423947
0.11862156896582253
0.11862504118925041
0.11862851341267829
0.11863198563610608
0.11863545785953396
0.1186389300829618
0.11864240230638967
0.11864587452981756
0.1186493467532454
0.11865281897667322
0.11865629120010106
0.11865976342352895
0.11866323564695683
0.11866670787038466
0.11867018009381254
0.11867365231724032
0.11867712454066821
0.11868059676409605
0.11868406898752393
0.1186875412109518
0.11869101343437964
0.11869448565780752
0.11869795788123531
0.11870143010466319
0.11870490232809107
0.1187083745515189
0.11871184677494678
0.11871531899837462
0.11871879122180251
0.11872226344523039
0.11872573566865817
0.11872920789208606
0.1187326801155139
0.11873615233894178
0.11873962456236965
0.11874309678579749
0.11874656900922537
0.11875004123265316
0.11875351345608104
0.11875698567950888
0.11876045790293675
0.11876393012636463
0.11876740234979247
0.1187708745732203
0.11877434679664814
0.11877781902007602
0.1187812912435039
0.11878476346693173
0.11878823569035962
0.11879170791378746
0.11879518013721528
0.11879865236064317
0.11880212458407101
0.11880559680749889
0.11880906903092672
0.1188125412543546
0.11881601347778238
0.11881948570121027
0.11882295792463815
0.11882643014806599
0.11882990237149386
0.1188333745949217
0.11883684681834958
0.11884031904177747
0.11884379126520525
0.11884726348863313
0.11885073571206096
0.11885420793548884
0.11885768015891673
0.11886115238234457
0.11886462460577245
0.11886809682920023
0.11887156905262812
0.118875041276056
0.11887851349948383
0.11888198572291171
0.11888545794633955
0.11888893016976743
0.11889240239319522
0.1188958746166231
0.11889934684005098
0.11890281906347881
0.11890629128690669
0.11890976351033453
0.11891323573376236
0.11891670795719024
0.11892018018061808
0.11892365240404595
0.11892712462747379
0.11893059685090168
0.11893406907432956
0.11893754129775734
0.11894101352118523
0.11894448574461307
0.11894795796804095
0.11895143019146882
0.11895490241489666
0.11895837463832454
0.11896184686175233
0.11896531908518021
0.11896879130860805
0.11897226353203592
0.1189757357554638
0.11897920797889164
0.11898268020231952
0.11898615242574731
0.11898962464917519
0.11899309687260308
0.1189965690960309
0.1190000413194588
0.11900351354288663
0.11900698576631451
0.11901045798974234
0.11901393021317018
0.11901740243659806
0.1190208746600259
0.11902434688345377
0.11902781910688161
0.11903129133030949
0.11903476355373732
0.11903823577716516
0.11904170800059304
0.11904518022402087
0.11904865244744875
0.11905212467087664
0.11905559689430442
0.1190590691177323
0.11906254134116014
0.11906601356458801
0.1190694857880159
0.11907295801144374
0.11907643023487162
0.1190799024582994
0.11908337468172729
0.11908684690515517
0.119090319128583
0.11909379135201088
