0.6121529903308994
0.6121564625543273
0.6121599347777551
0.6121634070011829
0.6121668792246109
0.6121703514480387
0.6121738236714666
0.6121772958948944
0.6121807681183223
0.6121842403417501
0.612187712565178
0.6121911847886058
0.6121946570120337
0.6121981292354616
0.6122016014588894
0.6122050736823172
0.6122085459057451
0.612212018129173
0.6122154903526008
0.6122189625760287
0.6122224347994565
0.6122259070228844
0.6122293792463123
0.61223285146974
0.6122363236931679
0.6122397959165957
0.6122432681400237
0.6122467403634515
0.6122502125868794
0.6122536848103072
0.6122571570337351
0.612260629257163
0.6122641014805907
0.6122675737040186
0.6122710459274464
0.6122745181508744
0.6122779903743022
0.6122814625977301
0.6122849348211579
0.6122884070445858
0.6122918792680137
0.6122953514914415
0.6122988237148693
0.6123022959382972
0.6123057681617251
0.6123092403851529
0.6123127126085808
0.6123161848320086
0.6123196570554365
0.6123231292788643
0.6123266015022922
0.61233007372572
0.6123335459491479
0.6123370181725758
0.6123404903960036
0.6123439626194315
0.6123474348428593
0.6123509070662871
0.612354379289715
0.6123578515131429
0.6123613237365707
0.6123647959599986
0.6123682681834265
0.6123717404068543
0.6123752126302822
0.6123786848537099
0.6123821570771378
0.6123856293005657
0.6123891015239936
0.6123925737474214
0.6123960459708493
0.6123995181942772
0.612402990417705
0.6124064626411329
0.6124099348645606
0.6124134070879885
0.6124168793114164
0.6124203515348443
0.6124238237582721
0.6124272959817001
0.6124307682051279
0.6124342404285558
0.6124377126519835
0.6124411848754113
0.6124446570988392
0.6124481293222671
0.612451601545695
0.6124550737691228
0.6124585459925508
0.6124620182159786
0.6124654904394065
0.6124689626628342
0.6124724348862621
0.6124759071096899
0.6124793793331178
0.6124828515565457
0.6124863237799735
0.6124897960034015
0.6124932682268293
0.6124967404502571
0.6125002126736849
0.6125036848971128
0.6125071571205406
0.6125106293439685
0.6125141015673964
0.6125175737908242
0.6125210460142521
0.61252451823768
0.6125279904611078
0.6125314626845356
0.6125349349079635
0.6125384071313913
0.6125418793548192
0.6125453515782471
0.6125488238016749
0.6125522960251029
0.6125557682485306
0.6125592404719585
0.6125627126953863
0.6125661849188142
0.612569657142242
0.61257312936567
0.6125766015890978
0.6125800738125257
0.6125835460359536
0.6125870182593813
0.6125904904828092
0.612593962706237
0.6125974349296649
0.6126009071530927
0.6126043793765207
0.6126078515999485
0.6126113238233764
0.6126147960468042
0.612618268270232
0.6126217404936599
0.6126252127170877
0.6126286849405156
0.6126321571639434
0.6126356293873714
0.6126391016107992
0.612642573834227
0.6126460460576548
0.6126495182810827
0.6126529905045106
0.6126564627279384
0.6126599349513663
0.6126634071747941
0.6126668793982221
0.6126703516216498
0.6126738238450777
0.6126772960685056
0.6126807682919334
0.6126842405153613
0.6126877127387891
0.612691184962217
0.6126946571856448
0.6126981294090728
0.6127016016325005
0.6127050738559284
0.6127085460793563
0.6127120183027842
0.612715490526212
0.6127189627496399
0.6127224349730677
0.6127259071964954
0.6127293794199234
0.6127328516433512
0.6127363238667791
0.612739796090207
0.6127432683136349
0.6127467405370627
0.6127502127604906
0.6127536849839184
0.6127571572073462
0.6127606294307741
0.6127641016542019
0.6127675738776298
0.6127710461010576
0.6127745183244856
0.6127779905479134
0.6127814627713413
0.612784934994769
0.6127884072181969
0.6127918794416248
0.6127953516650526
0.6127988238884805
0.6128022961119084
0.6128057683353363
0.6128092405587641
0.612812712782192
0.6128161850056197
0.6128196572290476
0.6128231294524755
0.6128266016759033
0.6128300738993312
0.6128335461227591
0.612837018346187
0.6128404905696148
0.6128439627930427
