0.6621530076920166
0.6621564799154444
0.6621599521388722
0.6621634243623001
0.662166896585728
0.6621703688091558
0.6621738410325837
0.6621773132560115
0.6621807854794395
0.6621842577028673
0.6621877299262952
0.6621912021497229
0.6621946743731507
0.6621981465965787
0.6622016188200065
0.6622050910434344
0.6622085632668623
0.6622120354902902
0.662215507713718
0.6622189799371458
0.6622224521605736
0.6622259243840015
0.6622293966074294
0.6622328688308572
0.6622363410542851
0.662239813277713
0.6622432855011409
0.6622467577245686
0.6622502299479965
0.6622537021714243
0.6622571743948522
0.6622606466182801
0.6622641188417079
0.6622675910651358
0.6622710632885636
0.6622745355119916
0.6622780077354193
0.6622814799588472
0.662284952182275
0.6622884244057029
0.6622918966291308
0.6622953688525586
0.6622988410759865
0.6623023132994144
0.6623057855228422
0.66230925774627
0.6623127299696979
0.6623162021931257
0.6623196744165536
0.6623231466399815
0.6623266188634094
0.6623300910868372
0.6623335633102649
0.6623370355336929
0.6623405077571207
0.6623439799805486
0.6623474522039764
0.6623509244274043
0.6623543966508322
0.6623578688742601
0.6623613410976879
0.6623648133211157
0.6623682855445436
0.6623717577679714
0.6623752299913993
0.6623787022148271
0.662382174438255
0.6623856466616829
0.6623891188851108
0.6623925911085385
0.6623960633319664
0.6623995355553943
0.6624030077788221
0.66240648000225
0.6624099522256778
0.6624134244491058
0.6624168966725336
0.6624203688959615
0.6624238411193892
0.6624273133428171
0.662430785566245
0.6624342577896728
0.6624377300131007
0.6624412022365285
0.6624446744599564
0.6624481466833843
0.6624516189068121
0.6624550911302399
0.6624585633536679
0.6624620355770957
0.6624655078005236
0.6624689800239514
0.6624724522473793
0.662475924470807
0.662479396694235
0.6624828689176628
0.6624863411410906
0.6624898133645186
0.6624932855879464
0.6624967578113743
0.6625002300348021
0.66250370225823
0.6625071744816577
0.6625106467050856
0.6625141189285135
0.6625175911519413
0.6625210633753692
0.6625245355987971
0.662528007822225
0.6625314800456528
0.6625349522690807
0.6625384244925084
0.6625418967159363
0.6625453689393642
0.662548841162792
0.66255231338622
0.6625557856096478
0.6625592578330757
0.6625627300565035
0.6625662022799313
0.6625696745033591
0.662573146726787
0.6625766189502149
0.6625800911736427
0.6625835633970706
0.6625870356204985
0.6625905078439264
0.6625939800673541
0.662597452290782
0.6626009245142098
0.6626043967376377
0.6626078689610656
0.6626113411844935
0.6626148134079214
0.6626182856313492
0.6626217578547771
0.6626252300782048
0.6626287023016327
0.6626321745250605
0.6626356467484885
0.6626391189719163
0.6626425911953442
0.6626460634187721
0.6626495356421999
0.6626530078656278
0.6626564800890555
0.6626599523124834
0.6626634245359113
0.6626668967593392
0.662670368982767
0.6626738412061949
0.6626773134296227
0.6626807856530506
0.6626842578764784
0.6626877300999062
0.6626912023233341
0.6626946745467619
0.6626981467701899
0.6627016189936177
0.6627050912170456
0.6627085634404735
0.6627120356639012
0.6627155078873291
0.6627189801107569
0.6627224523341848
0.6627259245576126
0.6627293967810406
0.6627328690044684
0.6627363412278963
0.6627398134513242
0.662743285674752
0.6627467578981798
0.6627502301216077
0.6627537023450355
0.6627571745684634
0.6627606467918913
0.6627641190153191
0.662767591238747
0.6627710634621747
0.6627745356856027
0.6627780079090305
0.6627814801324584
0.6627849523558862
0.6627884245793141
0.662791896802742
0.6627953690261698
0.6627988412495976
0.6628023134730255
0.6628057856964534
0.6628092579198812
0.6628127301433091
0.6628162023667369
0.6628196745901648
0.6628231468135927
0.6628266190370204
0.6628300912604483
0.6628335634838761
0.6628370357073041
0.6628405079307319
0.6628439801541598
