0.21006951738524904
0.21007298960867693
0.21007646183210477
0.21007993405553263
0.21008340627896052
0.21008687850238836
0.21009035072581625
0.21009382294924403
0.21009729517267192
0.21010076739609979
0.21010423961952762
0.2101077118429555
0.21011118406638335
0.2101146562898112
0.21011812851323902
0.21012160073666689
0.21012507296009478
0.2101285451835226
0.21013201740695048
0.2101354896303783
0.21013896185380615
0.21014243407723404
0.21014590630066188
0.21014937852408977
0.21015285074751758
0.21015632297094547
0.21015979519437336
0.21016326741780114
0.21016673964122903
0.21017021186465687
0.21017368408808473
0.21017715631151257
0.21018062853494046
0.21018410075836833
0.21018757298179613
0.210191045205224
0.21019451742865183
0.21019798965207973
0.2102014618755076
0.21020493409893543
0.21020840632236332
0.2102118785457911
0.210215350769219
0.21021882299264688
0.2102222952160747
0.21022576743950258
0.21022923966293042
0.2102327118863583
0.21023618410978615
0.21023965633321398
0.21024312855664185
0.21024660078006968
0.21025007300349757
0.2102535452269254
0.21025701745035327
0.2102604896737811
0.21026396189720895
0.21026743412063684
0.21027090634406467
0.21027437856749254
0.21027785079092043
0.2102813230143482
0.2102847952377761
0.21028826746120394
0.21029173968463183
0.2102952119080597
0.21029868413148753
0.21030215635491542
0.2103056285783432
0.2103091008017711
0.21031257302519896
0.2103160452486268
0.21031951747205468
0.21032298969548252
0.21032646191891038
0.2103299341423382
0.21033340636576606
0.21033687858919395
0.21034035081262178
0.21034382303604965
0.21034729525947748
0.21035076748290538
0.21035423970633327
0.21035771192976105
0.21036118415318894
0.21036465637661675
0.21036812860004464
0.21037160082347253
0.21037507304690037
0.2103785452703282
0.21038201749375604
0.2103854897171839
0.21038896194061174
0.21039243416403963
0.2103959063874675
0.2103993786108953
0.21040285083432317
0.210406323057751
0.2104097952811789
0.21041326750460676
0.2104167397280346
0.2104202119514625
0.21042368417489027
0.21042715639831816
0.21043062862174605
0.2104341008451739
0.21043757306860175
0.2104410452920296
0.21044451751545748
0.21044798973888534
0.21045146196231315
0.21045493418574102
0.21045840640916885
0.21046187863259674
0.21046535085602458
0.21046882307945244
0.21047229530288034
0.21047576752630812
0.210479239749736
0.21048271197316384
0.2104861841965917
0.2104896564200196
0.21049312864344744
0.21049660086687533
0.2105000730903031
0.210503545313731
0.21050701753715886
0.2105104897605867
0.2105139619840146
0.21051743420744243
0.21052090643087026
0.21052437865429813
0.21052785087772596
0.21053132310115386
0.2105347953245817
0.21053826754800956
0.21054173977143736
0.21054521199486523
0.21054868421829312
0.21055215644172096
0.21055562866514882
0.21055910088857666
0.21056257311200455
0.21056604533543244
0.21056951755886022
0.2105729897822881
0.21057646200571592
0.2105799342291438
0.2105834064525717
0.21058687867599954
0.2105903508994274
0.2105938231228552
0.21059729534628308
0.2106007675697109
0.2106042397931388
0.21060771201656667
0.2106111842399945
0.2106146564634224
0.21061812868685018
0.21062160091027807
0.21062507313370593
0.21062854535713377
0.21063201758056166
0.2106354898039895
0.21063896202741733
0.21064243425084522
0.21064590647427306
0.21064937869770092
0.21065285092112876
0.21065632314455665
0.21065979536798451
0.21066326759141232
0.2106667398148402
0.21067021203826802
0.21067368426169591
0.21067715648512375
0.21068062870855161
0.2106841009319795
0.2106875731554073
0.21069104537883518
0.21069451760226302
0.21069798982569088
0.21070146204911877
0.2107049342725466
0.2107084064959745
0.21071187871940228
0.21071535094283017
0.21071882316625803
0.21072229538968587
0.21072576761311376
0.2107292398365416
0.21073271205996946
0.2107361842833973
0.21073965650682513
0.21074312873025303
0.21074660095368086
0.21075007317710873
0.21075354540053656
0.21075701762396445
0.2107604898473923
