0.5614585282842112
0.5614620005076391
0.561465472731067
0.5614689449544947
0.5614724171779226
0.5614758894013504
0.5614793616247784
0.5614828338482062
0.5614863060716341
0.5614897782950619
0.5614932505184898
0.5614967227419176
0.5615001949653454
0.5615036671887733
0.5615071394122011
0.5615106116356291
0.5615140838590569
0.5615175560824848
0.5615210283059126
0.5615245005293404
0.5615279727527683
0.5615314449761961
0.561534917199624
0.5615383894230518
0.5615418616464798
0.5615453338699076
0.5615488060933355
0.5615522783167632
0.5615557505401911
0.561559222763619
0.5615626949870468
0.5615661672104747
0.5615696394339025
0.5615731116573305
0.5615765838807583
0.5615800561041862
0.5615835283276139
0.5615870005510419
0.5615904727744697
0.5615939449978976
0.5615974172213254
0.5616008894447533
0.5616043616681812
0.561607833891609
0.5616113061150368
0.5616147783384646
0.5616182505618926
0.5616217227853204
0.5616251950087483
0.5616286672321761
0.561632139455604
0.5616356116790319
0.5616390839024596
0.5616425561258875
0.5616460283493153
0.5616495005727433
0.5616529727961711
0.561656445019599
0.5616599172430268
0.5616633894664547
0.5616668616898826
0.5616703339133103
0.5616738061367382
0.561677278360166
0.561680750583594
0.5616842228070218
0.5616876950304497
0.5616911672538775
0.5616946394773054
0.5616981117007332
0.561701583924161
0.5617050561475889
0.5617085283710167
0.5617120005944447
0.5617154728178725
0.5617189450413004
0.5617224172647282
0.561725889488156
0.5617293617115839
0.5617328339350118
0.5617363061584396
0.5617397783818675
0.5617432506052954
0.5617467228287232
0.5617501950521511
0.5617536672755788
0.5617571394990067
0.5617606117224346
0.5617640839458625
0.5617675561692903
0.5617710283927182
0.5617745006161461
0.5617779728395739
0.5617814450630018
0.5617849172864295
0.5617883895098574
0.5617918617332853
0.5617953339567132
0.561798806180141
0.5618022784035689
0.5618057506269968
0.5618092228504246
0.5618126950738525
0.5618161672972802
0.5618196395207081
0.561823111744136
0.5618265839675639
0.5618300561909917
0.5618335284144196
0.5618370006378475
0.5618404728612753
0.5618439450847031
0.5618474173081309
0.5618508895315588
0.5618543617549867
0.5618578339784146
0.5618613062018424
0.5618647784252703
0.5618682506486982
0.5618717228721261
0.5618751950955538
0.5618786673189817
0.5618821395424095
0.5618856117658374
0.5618890839892653
0.5618925562126931
0.561896028436121
0.5618995006595489
0.5619029728829767
0.5619064451064045
0.5619099173298324
0.5619133895532602
0.5619168617766881
0.561920334000116
0.5619238062235438
0.5619272784469717
0.5619307506703995
0.5619342228938274
0.5619376951172552
0.5619411673406831
0.5619446395641109
0.5619481117875388
0.5619515840109667
0.5619550562343945
0.5619585284578223
0.5619620006812502
0.5619654729046781
0.5619689451281059
0.5619724173515338
0.5619758895749616
0.5619793617983896
0.5619828340218174
0.5619863062452451
0.561989778468673
0.5619932506921009
0.5619967229155288
0.5620001951389566
0.5620036673623845
0.5620071395858123
0.5620106118092403
0.5620140840326681
0.562017556256096
0.5620210284795237
0.5620245007029516
0.5620279729263795
0.5620314451498073
0.5620349173732352
0.562038389596663
0.562041861820091
0.5620453340435188
0.5620488062669466
0.5620522784903744
0.5620557507138023
0.5620592229372302
0.562062695160658
0.5620661673840859
0.5620696396075137
0.5620731118309417
0.5620765840543694
0.5620800562777973
0.5620835285012251
0.562087000724653
0.5620904729480809
0.5620939451715087
0.5620974173949366
0.5621008896183644
0.5621043618417924
0.5621078340652201
0.562111306288648
0.5621147785120758
0.5621182507355038
0.5621217229589316
0.5621251951823594
0.5621286674057873
0.562132139629215
0.562135611852643
0.5621390840760708
0.5621425562994987
0.5621460285229265
0.5621495007463545
