0.3809029100357327
0.3809063822591605
0.38090985448258835
0.3809133267060162
0.3809167989294441
0.3809202711528719
0.38092374337629975
0.3809272155997276
0.3809306878231555
0.38093416004658337
0.3809376322700112
0.38094110449343904
0.3809445767168669
0.38094804894029477
0.3809515211637226
0.38095499338715044
0.3809584656105783
0.38096193783400617
0.38096541005743406
0.3809688822808619
0.38097235450428973
0.3809758267277176
0.38097929895114546
0.38098277117457335
0.38098624339800113
0.38098971562142897
0.38099318784485686
0.38099666006828475
0.3810001322917126
0.3810036045151404
0.3810070767385683
0.38101054896199615
0.38101402118542405
0.3810174934088519
0.3810209656322797
0.38102443785570755
0.38102791007913545
0.3810313823025633
0.3810348545259911
0.38103832674941895
0.3810417989728469
0.38104527119627474
0.3810487434197026
0.3810522156431304
0.3810556878665583
0.38105916008998614
0.381062632313414
0.3810661045368418
0.38106957676026965
0.3810730489836976
0.38107652120712543
0.38107999343055327
0.3810834656539811
0.381086937877409
0.38109041010083683
0.38109388232426467
0.3810973545476925
0.3811008267711204
0.38110429899454823
0.3811077712179761
0.38111124344140396
0.3811147156648318
0.3811181878882597
0.3811216601116876
0.3811251323351154
0.3811286045585432
0.3811320767819711
0.3811355490053989
0.3811390212288268
0.38114249345225465
0.3811459656756825
0.3811494378991104
0.38115291012253827
0.3811563823459661
0.38115985456939394
0.3811633267928218
0.38116679901624967
0.3811702712396775
0.38117374346310534
0.3811772156865332
0.38118068790996107
0.38118416013338896
0.3811876323568168
0.38119110458024463
0.38119457680367247
0.38119804902710036
0.3812015212505282
0.38120499347395603
0.38120846569738387
0.38121193792081176
0.38121541014423965
0.3812188823676675
0.3812223545910953
0.3812258268145232
0.38122929903795105
0.3812327712613789
0.3812362434848067
0.38123971570823456
0.38124318793166245
0.38124666015509034
0.3812501323785182
0.381253604601946
0.3812570768253739
0.38126054904880174
0.38126402127222964
0.3812674934956575
0.38127096571908525
0.38127443794251314
0.38127791016594104
0.3812813823893689
0.3812848546127967
0.38128832683622454
0.3812917990596525
0.38129527128308033
0.38129874350650816
0.381302215729936
0.38130568795336384
0.38130916017679173
0.38131263240021956
0.3813161046236474
0.38131957684707524
0.3813230490705032
0.381326521293931
0.38132999351735886
0.3813334657407867
0.3813369379642146
0.3813404101876424
0.38134388241107026
0.3813473546344981
0.381350826857926
0.3813542990813538
0.3813577713047817
0.38136124352820955
0.3813647157516374
0.3813681879750653
0.3813716601984931
0.38137513242192095
0.3813786046453488
0.3813820768687767
0.3813855490922045
0.3813890213156324
0.38139249353906024
0.3813959657624881
0.38139943798591597
0.38140291020934386
0.3814063824327717
0.38140985465619953
0.3814133268796273
0.38141679910305526
0.3814202713264831
0.38142374354991093
0.38142721577333877
0.38143068799676666
0.38143416022019455
0.3814376324436224
0.3814411046670502
0.38144457689047806
0.38144804911390595
0.3814515213373338
0.3814549935607616
0.38145846578418946
0.38146193800761735
0.38146541023104524
0.3814688824544731
0.3814723546779009
0.3814758269013288
0.38147929912475664
0.3814827713481845
0.3814862435716123
0.38148971579504015
0.38149318801846804
0.38149666024189594
0.38150013246532377
0.3815036046887516
0.3815070769121795
0.38151054913560734
0.38151402135903517
0.381517493582463
0.38152096580589084
0.38152443802931874
0.3815279102527466
0.38153138247617446
0.3815348546996023
0.38153832692303014
0.3815417991464581
0.3815452713698859
0.38154874359331375
0.3815522158167416
0.3815556880401694
0.3815591602635973
0.38156263248702516
0.381566104710453
0.3815695769338808
0.3815730491573088
0.3815765213807366
0.38157999360416445
0.3815834658275923
0.3815869380510201
0.381590410274448
0.38159388249787585
