0.40590291871629125
0.4059063909397191
0.4059098631631469
0.40591333538657476
0.4059168076100026
0.4059202798334305
0.4059237520568583
0.40592722428028616
0.40593069650371405
0.40593416872714194
0.4059376409505698
0.4059411131739976
0.4059445853974255
0.40594805762085334
0.4059515298442812
0.405955002067709
0.40595847429113685
0.40596194651456474
0.40596541873799263
0.40596889096142047
0.4059723631848483
0.4059758354082762
0.40597930763170403
0.40598277985513187
0.4059862520785597
0.4059897243019876
0.40599319652541543
0.40599666874884327
0.40600014097227116
0.406003613195699
0.4060070854191269
0.4060105576425547
0.4060140298659826
0.40601750208941045
0.4060209743128383
0.4060244465362661
0.406027918759694
0.40603139098312185
0.4060348632065497
0.4060383354299776
0.4060418076534054
0.4060452798768333
0.40604875210026115
0.406052224323689
0.4060556965471168
0.4060591687705447
0.40606264099397255
0.4060661132174004
0.4060695854408283
0.4060730576642561
0.406076529887684
0.40608000211111184
0.4060834743345397
0.40608694655796757
0.4060904187813954
0.40609389100482324
0.4060973632282511
0.40610083545167897
0.40610430767510686
0.4061077798985347
0.40611125212196253
0.4061147243453904
0.40611819656881826
0.4061216687922461
0.40612514101567393
0.40612861323910177
0.40613208546252966
0.4061355576859575
0.4061390299093854
0.4061425021328132
0.40614597435624106
0.40614944657966895
0.40615291880309684
0.4061563910265247
0.4061598632499525
0.40616333547338035
0.4061668076968082
0.4061702799202361
0.4061737521436639
0.40617722436709175
0.40618069659051964
0.40618416881394753
0.40618764103737537
0.4061911132608032
0.40619458548423104
0.4061980577076589
0.40620152993108677
0.4062050021545146
0.40620847437794244
0.40621194660137033
0.4062154188247982
0.40621889104822606
0.4062223632716539
0.4062258354950818
0.4062293077185096
0.40623277994193746
0.4062362521653653
0.4062397243887932
0.406243196612221
0.40624666883564886
0.40625014105907675
0.4062536132825046
0.4062570855059325
0.4062605577293603
0.40626402995278815
0.406267502176216
0.4062709743996438
0.4062744466230717
0.4062779188464996
0.40628139106992744
0.4062848632933553
0.4062883355167832
0.406291807740211
0.4062952799636389
0.40629875218706674
0.4063022244104946
0.4063056966339224
0.4063091688573503
0.40631264108077814
0.406316113304206
0.40631958552763386
0.4063230577510617
0.4063265299744896
0.40633000219791743
0.40633347442134526
0.4063369466447731
0.406340418868201
0.40634389109162883
0.40634736331505666
0.40635083553848456
0.40635430776191245
0.4063577799853403
0.4063612522087681
0.406364724432196
0.40636819665562385
0.4063716688790517
0.4063751411024795
0.40637861332590736
0.40638208554933525
0.4063855577727631
0.406389029996191
0.4063925022196188
0.40639597444304665
0.40639944666647454
0.40640291888990243
0.4064063911133302
0.40640986333675805
0.40641333556018594
0.4064168077836138
0.40642028000704167
0.4064237522304695
0.40642722445389734
0.40643069667732523
0.4064341689007531
0.40643764112418096
0.4064411133476088
0.40644458557103663
0.40644805779446447
0.40645153001789236
0.4064550022413202
0.40645847446474803
0.4064619466881759
0.4064654189116038
0.40646889113503165
0.4064723633584595
0.4064758355818874
0.40647930780531516
0.40648278002874305
0.4064862522521709
0.4064897244755988
0.4064931966990266
0.40649666892245445
0.40650014114588234
0.4065036133693102
0.40650708559273807
0.4065105578161659
0.40651403003959374
0.4065175022630216
0.4065209744864494
0.4065244467098773
0.4065279189333052
0.40653139115673304
0.40653486338016087
0.40653833560358876
0.4065418078270166
0.4065452800504445
0.40654875227387227
0.4065522244973001
0.406555696720728
0.4065591689441559
0.4065626411675837
0.40656611339101156
0.40656958561443945
0.4065730578378673
0.4065765300612952
0.406580002284723
0.40658347450815085
0.4065869467315787
0.4065904189550066
0.4065938911784344
