0.6781252354601511
0.678128707683579
0.6781321799070068
0.6781356521304348
0.6781391243538626
0.6781425965772905
0.6781460688007183
0.6781495410241463
0.678153013247574
0.6781564854710019
0.6781599576944297
0.6781634299178576
0.6781669021412855
0.6781703743647133
0.6781738465881412
0.6781773188115691
0.678180791034997
0.6781842632584247
0.6781877354818526
0.6781912077052804
0.6781946799287083
0.6781981521521362
0.678201624375564
0.6782050965989919
0.6782085688224196
0.6782120410458476
0.6782155132692754
0.6782189854927033
0.6782224577161311
0.678225929939559
0.6782294021629869
0.6782328743864147
0.6782363466098426
0.6782398188332704
0.6782432910566983
0.6782467632801261
0.678250235503554
0.6782537077269818
0.6782571799504097
0.6782606521738376
0.6782641243972655
0.6782675966206932
0.6782710688441211
0.678274541067549
0.6782780132909768
0.6782814855144047
0.6782849577378325
0.6782884299612605
0.6782919021846883
0.6782953744081162
0.6782988466315439
0.6783023188549718
0.6783057910783997
0.6783092633018275
0.6783127355252554
0.6783162077486832
0.6783196799721111
0.678323152195539
0.6783266244189669
0.6783300966423946
0.6783335688658225
0.6783370410892504
0.6783405133126782
0.6783439855361061
0.6783474577595339
0.6783509299829618
0.6783544022063897
0.6783578744298175
0.6783613466532453
0.6783648188766732
0.6783682911001011
0.6783717633235289
0.6783752355469568
0.6783787077703846
0.6783821799938125
0.6783856522172403
0.6783891244406682
0.678392596664096
0.6783960688875239
0.6783995411109518
0.6784030133343797
0.6784064855578075
0.6784099577812353
0.6784134300046631
0.678416902228091
0.6784203744515189
0.6784238466749467
0.6784273188983747
0.6784307911218025
0.6784342633452304
0.6784377355686582
0.678441207792086
0.6784446800155138
0.6784481522389417
0.6784516244623696
0.6784550966857974
0.6784585689092253
0.6784620411326532
0.6784655133560811
0.6784689855795089
0.6784724578029367
0.6784759300263645
0.6784794022497924
0.6784828744732203
0.6784863466966481
0.6784898189200761
0.6784932911435039
0.6784967633669318
0.6785002355903595
0.6785037078137874
0.6785071800372152
0.6785106522606431
0.678514124484071
0.6785175967074988
0.6785210689309268
0.6785245411543546
0.6785280133777825
0.6785314856012102
0.6785349578246381
0.678538430048066
0.6785419022714939
0.6785453744949217
0.6785488467183496
0.6785523189417774
0.6785557911652053
0.6785592633886331
0.6785627356120609
0.6785662078354888
0.6785696800589166
0.6785731522823446
0.6785766245057724
0.6785800967292003
0.6785835689526282
0.678587041176056
0.6785905133994838
0.6785939856229116
0.6785974578463395
0.6786009300697673
0.6786044022931953
0.6786078745166231
0.678611346740051
0.6786148189634789
0.6786182911869066
0.6786217634103345
0.6786252356337623
0.6786287078571902
0.678632180080618
0.678635652304046
0.6786391245274738
0.6786425967509017
0.6786460689743294
0.6786495411977573
0.6786530134211852
0.678656485644613
0.6786599578680409
0.6786634300914687
0.6786669023148967
0.6786703745383245
0.6786738467617524
0.6786773189851802
0.6786807912086081
0.6786842634320359
0.6786877356554638
0.6786912078788916
0.6786946801023195
0.6786981523257474
0.6787016245491752
0.678705096772603
0.6787085689960308
0.6787120412194588
0.6787155134428866
0.6787189856663145
0.6787224578897423
0.6787259301131702
0.6787294023365981
0.6787328745600258
0.6787363467834537
0.6787398190068816
0.6787432912303095
0.6787467634537373
0.6787502356771652
0.678753707900593
0.6787571801240209
0.6787606523474488
0.6787641245708765
0.6787675967943044
0.6787710690177323
0.6787745412411602
0.678778013464588
0.6787814856880159
0.6787849579114437
0.6787884301348717
0.6787919023582994
0.6787953745817272
0.6787988468051551
0.6788023190285829
0.6788057912520109
0.6788092634754387
0.6788127356988666
0.6788162079222944
