0.8288197322290737
0.8288232044525016
0.8288266766759295
0.8288301488993572
0.8288336211227851
0.828837093346213
0.8288405655696408
0.8288440377930687
0.8288475100164965
0.8288509822399244
0.8288544544633522
0.82885792668678
0.8288613989102079
0.8288648711336358
0.8288683433570637
0.8288718155804915
0.8288752878039194
0.8288787600273472
0.8288822322507751
0.828885704474203
0.8288891766976307
0.8288926489210587
0.8288961211444865
0.8288995933679144
0.8289030655913422
0.8289065378147701
0.8289100100381979
0.8289134822616258
0.8289169544850536
0.8289204267084815
0.8289238989319094
0.8289273711553372
0.8289308433787651
0.8289343156021929
0.8289377878256208
0.8289412600490486
0.8289447322724766
0.8289482044959042
0.8289516767193322
0.82895514894276
0.8289586211661879
0.8289620933896158
0.8289655656130436
0.8289690378364715
0.8289725100598992
0.8289759822833271
0.8289794545067549
0.8289829267301829
0.8289863989536108
0.8289898711770386
0.8289933434004665
0.8289968156238943
0.8290002878473222
0.8290037600707499
0.8290072322941778
0.8290107045176057
0.8290141767410336
0.8290176489644615
0.8290211211878894
0.8290245934113172
0.8290280656347451
0.8290315378581729
0.8290350100816006
0.8290384823050286
0.8290419545284564
0.8290454267518843
0.8290488989753121
0.8290523711987401
0.8290558434221679
0.8290593156455958
0.8290627878690235
0.8290662600924514
0.8290697323158792
0.8290732045393071
0.829076676762735
0.8290801489861629
0.8290836212095908
0.8290870934330186
0.8290905656564465
0.8290940378798742
0.8290975101033021
0.8291009823267299
0.8291044545501578
0.8291079267735857
0.8291113989970136
0.8291148712204414
0.8291183434438693
0.8291218156672971
0.8291252878907249
0.8291287601141528
0.8291322323375806
0.8291357045610085
0.8291391767844365
0.8291426490078642
0.8291461212312922
0.82914959345472
0.8291530656781478
0.8291565379015756
0.8291600101250035
0.8291634823484314
0.8291669545718592
0.8291704267952871
0.829173899018715
0.8291773712421429
0.8291808434655706
0.8291843156889985
0.8291877879124263
0.8291912601358542
0.829194732359282
0.82919820458271
0.8292016768061378
0.8292051490295657
0.8292086212529934
0.8292120934764213
0.8292155656998492
0.829219037923277
0.8292225101467049
0.8292259823701327
0.8292294545935607
0.8292329268169886
0.8292363990404163
0.8292398712638442
0.829243343487272
0.8292468157106999
0.8292502879341277
0.8292537601575556
0.8292572323809835
0.8292607046044113
0.8292641768278392
0.829267649051267
0.8292711212746949
0.8292745934981227
0.8292780657215506
0.8292815379449784
0.8292850101684063
0.8292884823918341
0.8292919546152621
0.8292954268386898
0.8292988990621178
0.8293023712855456
0.8293058435089735
0.8293093157324013
0.8293127879558292
0.829316260179257
0.8293197324026848
0.8293232046261128
0.8293266768495406
0.8293301490729684
0.8293336212963963
0.8293370935198242
0.829340565743252
0.8293440379666799
0.8293475101901077
0.8293509824135356
0.8293544546369633
0.8293579268603912
0.8293613990838191
0.829364871307247
0.8293683435306749
0.8293718157541027
0.8293752879775306
0.8293787602009584
0.8293822324243862
0.8293857046478141
0.8293891768712419
0.8293926490946699
0.8293961213180977
0.8293995935415256
0.8294030657649534
0.8294065379883813
0.829410010211809
0.8294134824352369
0.8294169546586648
0.8294204268820926
0.8294238991055206
0.8294273713289484
0.8294308435523763
0.8294343157758041
0.829437787999232
0.8294412602226597
0.8294447324460877
0.8294482046695154
0.8294516768929434
0.8294551491163712
0.8294586213397991
0.829462093563227
0.8294655657866548
0.8294690380100826
0.8294725102335104
0.8294759824569383
0.8294794546803661
0.8294829269037941
0.829486399127222
0.8294898713506498
0.8294933435740777
0.8294968157975054
0.8295002880209333
0.8295037602443611
0.829507232467789
0.8295107046912169
