0.9072919816986047
0.9072954539220325
0.9072989261454605
0.9073023983688884
0.9073058705923162
0.907309342815744
0.9073128150391718
0.9073162872625997
0.9073197594860275
0.9073232317094556
0.9073267039328832
0.9073301761563112
0.9073336483797391
0.9073371206031668
0.9073405928265947
0.9073440650500225
0.9073475372734504
0.9073510094968782
0.9073544817203063
0.9073579539437341
0.907361426167162
0.9073648983905898
0.9073683706140176
0.9073718428374454
0.9073753150608732
0.9073787872843011
0.9073822595077289
0.9073857317311568
0.9073892039545846
0.9073926761780127
0.9073961484014404
0.9073996206248683
0.9074030928482961
0.907406565071724
0.9074100372951518
0.9074135095185797
0.9074169817420077
0.9074204539654354
0.9074239261888634
0.9074273984122911
0.907430870635719
0.9074343428591468
0.9074378150825747
0.9074412873060025
0.9074447595294304
0.9074482317528584
0.9074517039762862
0.907455176199714
0.9074586484231418
0.9074621206465697
0.9074655928699975
0.9074690650934254
0.9074725373168532
0.9074760095402811
0.9074794817637089
0.9074829539871367
0.9074864262105647
0.9074898984339925
0.9074933706574204
0.9074968428808482
0.9075003151042761
0.9075037873277039
0.9075072595511318
0.9075107317745598
0.9075142039979874
0.9075176762214154
0.9075211484448432
0.9075246206682711
0.9075280928916989
0.9075315651151268
0.9075350373385546
0.9075385095619825
0.9075419817854105
0.9075454540088382
0.9075489262322661
0.9075523984556939
0.9075558706791218
0.9075593429025496
0.9075628151259775
0.9075662873494053
0.9075697595728331
0.9075732317962609
0.9075767040196888
0.9075801762431168
0.9075836484665446
0.9075871206899725
0.9075905929134003
0.9075940651368282
0.907597537360256
0.9076010095836838
0.9076044818071118
0.9076079540305395
0.9076114262539675
0.9076148984773953
0.9076183707008232
0.907621842924251
0.9076253151476789
0.9076287873711066
0.9076322595945345
0.9076357318179625
0.9076392040413902
0.9076426762648182
0.9076461484882461
0.9076496207116739
0.9076530929351018
0.9076565651585295
0.9076600373819573
0.9076635096053852
0.9076669818288132
0.9076704540522409
0.9076739262756689
0.9076773984990968
0.9076808707225246
0.9076843429459525
0.9076878151693802
0.9076912873928081
0.9076947596162359
0.9076982318396638
0.9077017040630916
0.9077051762865196
0.9077086485099475
0.9077121207333753
0.9077155929568032
0.9077190651802309
0.9077225374036588
0.9077260096270866
0.9077294818505146
0.9077329540739423
0.9077364262973703
0.9077398985207982
0.907743370744226
0.9077468429676538
0.9077503151910816
0.9077537874145095
0.9077572596379373
0.9077607318613653
0.9077642040847932
0.907767676308221
0.9077711485316489
0.9077746207550766
0.9077780929785045
0.9077815652019323
0.9077850374253602
0.907788509648788
0.9077919818722159
0.9077954540956437
0.9077989263190717
0.9078023985424996
0.9078058707659273
0.9078093429893552
0.907812815212783
0.9078162874362109
0.9078197596596387
0.9078232318830667
0.9078267041064944
0.9078301763299224
0.90783364855335
0.907837120776778
0.9078405930002059
0.9078440652236337
0.9078475374470616
0.9078510096704894
0.9078544818939174
0.9078579541173453
0.907861426340773
0.9078648985642009
0.9078683707876287
0.9078718430110566
0.9078753152344844
0.9078787874579123
0.9078822596813401
0.907885731904768
0.9078892041281957
0.9078926763516239
0.9078961485750516
0.9078996207984794
0.9079030930219073
0.9079065652453351
0.907910037468763
0.9079135096921908
0.9079169819156189
0.9079204541390464
0.9079239263624745
0.9079273985859023
0.9079308708093302
0.907934343032758
0.9079378152561859
0.9079412874796137
0.9079447597030414
0.9079482319264696
0.9079517041498973
0.9079551763733252
0.907958648596753
0.9079621208201809
0.9079655930436087
0.9079690652670366
0.9079725374904644
0.9079760097138923
0.90797948193732
0.9079829541607479
