0.1225694870032941
0.12257295922672194
0.12257643145014982
0.1225799036735776
0.12258337589700549
0.12258684812043331
0.1225903203438612
0.12259379256728908
0.12259726479071692
0.1226007370141448
0.12260420923757259
0.12260768146100047
0.12261115368442835
0.12261462590785618
0.12261809813128406
0.1226215703547119
0.12262504257813978
0.12262851480156767
0.12263198702499545
0.12263545924842333
0.12263893147185116
0.12264240369527905
0.12264587591870693
0.12264934814213477
0.12265282036556265
0.12265629258899044
0.12265976481241832
0.12266323703584615
0.12266670925927403
0.12267018148270191
0.12267365370612975
0.12267712592955758
0.12268059815298542
0.1226840703764133
0.12268754259984117
0.12269101482326901
0.12269448704669689
0.12269795927012472
0.12270143149355256
0.12270490371698045
0.12270837594040827
0.12271184816383617
0.122715320387264
0.12271879261069188
0.12272226483411966
0.12272573705754755
0.12272920928097543
0.12273268150440327
0.12273615372783114
0.12273962595125898
0.12274309817468686
0.12274657039811473
0.12275004262154253
0.12275351484497041
0.12275698706839824
0.12276045929182612
0.12276393151525401
0.12276740373868184
0.12277087596210973
0.12277434818553751
0.12277782040896539
0.12278129263239328
0.12278476485582111
0.12278823707924899
0.12279170930267683
0.1227951815261047
0.1227986537495325
0.12280212597296038
0.12280559819638825
0.12280907041981609
0.12281254264324397
0.1228160148666718
0.12281948709009964
0.12282295931352752
0.12282643153695535
0.12282990376038323
0.12283337598381107
0.12283684820723895
0.12284032043066684
0.12284379265409462
0.1228472648775225
0.12285073710095033
0.12285420932437822
0.1228576815478061
0.12286115377123394
0.12286462599466182
0.12286809821808961
0.12287157044151749
0.12287504266494532
0.1228785148883732
0.12288198711180108
0.12288545933522892
0.1228889315586568
0.12289240378208459
0.12289587600551247
0.12289934822894034
0.12290282045236818
0.12290629267579607
0.1229097648992239
0.12291323712265179
0.12291670934607962
0.12292018156950744
0.12292365379293534
0.12292712601636317
0.12293059823979105
0.12293407046321889
0.12293754268664676
0.1229410149100746
0.12294448713350244
0.12294795935693031
0.12295143158035815
0.12295490380378603
0.1229583760272139
0.1229618482506417
0.12296532047406958
0.12296879269749741
0.12297226492092529
0.12297573714435318
0.122979209367781
0.1229826815912089
0.12298615381463668
0.12298962603806456
0.12299309826149245
0.12299657048492028
0.12300004270834816
0.123003514931776
0.12300698715520388
0.12301045937863167
0.12301393160205955
0.12301740382548743
0.12302087604891526
0.12302434827234314
0.12302782049577098
0.12303129271919885
0.12303476494262675
0.12303823716605453
0.1230417093894824
0.12304518161291024
0.12304865383633813
0.12305212605976601
0.12305559828319385
0.12305907050662168
0.1230625427300495
0.1230660149534774
0.12306948717690527
0.12307295940033311
0.12307643162376099
0.12307990384718878
0.12308337607061666
0.1230868482940445
0.12309032051747237
0.12309379274090025
0.12309726496432809
0.12310073718775597
0.12310420941118376
0.12310768163461164
0.12311115385803952
0.12311462608146735
0.12311809830489524
0.12312157052832307
0.12312504275175096
0.12312851497517883
0.12313198719860662
0.12313545942203451
0.12313893164546234
0.12314240386889022
0.12314587609231806
0.12314934831574594
0.12315282053917381
0.12315629276260161
0.12315976498602949
0.12316323720945732
0.1231667094328852
0.12317018165631308
0.12317365387974091
0.1231771261031688
0.12318059832659659
0.12318407055002446
0.12318754277345235
0.12319101499688018
0.12319448722030807
0.1231979594437359
0.12320143166716374
0.12320490389059162
0.12320837611401945
0.12321184833744733
0.12321532056087517
0.12321879278430305
0.12322226500773084
0.12322573723115872
0.1232292094545866
0.12323268167801443
0.12323615390144231
0.12323962612487015
0.12324309834829802
0.12324657057172592
0.1232500427951537
0.12325351501858157
0.12325698724200941
0.1232604594654373
