0.08437502929688517
0.08437850152031301
0.08438197374374085
0.08438544596716872
0.08438891819059656
0.08439239041402444
0.08439586263745232
0.08439933486088011
0.08440280708430799
0.08440627930773582
0.0844097515311637
0.08441322375459158
0.08441669597801942
0.08442016820144731
0.08442364042487509
0.08442711264830297
0.0844305848717308
0.08443405709515868
0.08443752931858657
0.08444100154201441
0.08444447376544229
0.08444794598887007
0.08445141821229796
0.08445489043572584
0.08445836265915367
0.08446183488258155
0.08446530710600939
0.08446877932943726
0.08447225155286514
0.08447572377629294
0.08447919599972081
0.08448266822314865
0.08448614044657653
0.08448961267000442
0.08449308489343224
0.08449655711686008
0.08450002934028791
0.0845035015637158
0.08450697378714363
0.08451044601057152
0.0845139182339994
0.08451739045742723
0.08452086268085507
0.0845243349042829
0.08452780712771078
0.08453127935113866
0.0845347515745665
0.08453822379799437
0.08454169602142217
0.08454516824485005
0.08454864046827792
0.08455211269170576
0.08455558491513364
0.08455905713856147
0.08456252936198937
0.08456600158541724
0.08456947380884502
0.08457294603227292
0.08457641825570074
0.08457989047912863
0.08458336270255647
0.08458683492598434
0.08459030714941222
0.08459377937284002
0.0845972515962679
0.08460072381969573
0.08460419604312361
0.08460766826655149
0.08461114048997932
0.0846146127134072
0.084618084936835
0.08462155716026287
0.08462502938369075
0.08462850160711859
0.08463197383054648
0.0846354460539743
0.08463891827740214
0.08464239050082997
0.08464586272425786
0.08464933494768574
0.08465280717111358
0.08465627939454146
0.08465975161796924
0.08466322384139713
0.084666696064825
0.08467016828825284
0.08467364051168072
0.08467711273510856
0.08468058495853643
0.08468405718196431
0.0846875294053921
0.08469100162881998
0.08469447385224782
0.0846979460756757
0.08470141829910359
0.08470489052253143
0.0847083627459593
0.08471183496938708
0.08471530719281498
0.0847187794162428
0.08472225163967069
0.08472572386309857
0.0847291960865264
0.08473266830995428
0.08473614053338208
0.08473961275680995
0.08474308498023783
0.08474655720366567
0.08475002942709355
0.08475350165052138
0.08475697387394926
0.0847604460973771
0.08476391832080493
0.08476739054423281
0.08477086276766065
0.08477433499108854
0.08477780721451642
0.0847812794379442
0.08478475166137209
0.08478822388479992
0.0847916961082278
0.08479516833165564
0.08479864055508352
0.0848021127785114
0.08480558500193919
0.08480905722536707
0.0848125294487949
0.08481600167222278
0.08481947389565066
0.0848229461190785
0.08482641834250637
0.08482989056593417
0.08483336278936204
0.08483683501278992
0.08484030723621776
0.08484377945964565
0.08484725168307349
0.08485072390650136
0.08485419612992914
0.08485766835335704
0.08486114057678491
0.08486461280021275
0.08486808502364063
0.08487155724706846
0.08487502947049634
0.08487850169392418
0.08488197391735201
0.08488544614077989
0.08488891836420773
0.0848923905876356
0.0848958628110635
0.08489933503449128
0.08490280725791916
0.08490627948134699
0.08490975170477487
0.08491322392820276
0.0849166961516306
0.08492016837505847
0.08492364059848626
0.08492711282191415
0.08493058504534198
0.08493405726876986
0.08493752949219774
0.08494100171562557
0.08494447393905345
0.08494794616248125
0.08495141838590912
0.084954890609337
0.08495836283276484
0.08496183505619272
0.08496530727962055
0.08496877950304843
0.08497225172647632
0.0849757239499041
0.08497919617333198
0.08498266839675982
0.08498614062018771
0.08498961284361559
0.08499308506704342
0.08499655729047126
0.0850000295138991
0.08500350173732697
0.08500697396075481
0.08501044618418269
0.08501391840761056
0.0850173906310384
0.08502086285446624
0.08502433507789407
0.08502780730132195
0.08503127952474983
0.08503475174817766
0.08503822397160556
0.08504169619503334
0.08504516841846121
0.0850486406418891
0.08505211286531693
0.08505558508874482
0.08505905731217266
0.08506252953560053
0.08506600175902831
