0.9857642311681357
0.9857677033915637
0.9857711756149916
0.9857746478384194
0.9857781200618473
0.9857815922852751
0.985785064508703
0.9857885367321307
0.9857920089555587
0.9857954811789864
0.9857989534024144
0.9858024256258423
0.9858058978492701
0.985809370072698
0.9858128422961258
0.9858163145195536
0.9858197867429814
0.9858232589664094
0.9858267311898371
0.9858302034132651
0.9858336756366928
0.9858371478601208
0.9858406200835487
0.9858440923069764
0.9858475645304045
0.9858510367538321
0.9858545089772601
0.9858579812006878
0.9858614534241158
0.9858649256475437
0.9858683978709715
0.9858718700943994
0.9858753423178271
0.985878814541255
0.9858822867646828
0.9858857589881108
0.9858892312115385
0.9858927034349665
0.9858961756583944
0.9858996478818222
0.98590312010525
0.9859065923286778
0.9859100645521057
0.9859135367755335
0.9859170089989615
0.9859204812223892
0.9859239534458172
0.9859274256692449
0.9859308978926729
0.9859343701161007
0.9859378423395285
0.9859413145629566
0.9859447867863842
0.9859482590098123
0.9859517312332399
0.985955203456668
0.9859586756800958
0.9859621479035235
0.9859656201269514
0.9859690923503792
0.9859725645738073
0.9859760367972349
0.985979509020663
0.9859829812440906
0.9859864534675187
0.9859899256909465
0.9859933979143743
0.9859968701378021
0.98600034236123
0.9860038145846578
0.9860072868080856
0.9860107590315137
0.9860142312549413
0.9860177034783694
0.9860211757017969
0.986024647925225
0.9860281201486528
0.9860315923720807
0.9860350645955087
0.9860385368189364
0.9860420090423644
0.9860454812657921
0.9860489534892201
0.9860524257126476
0.9860558979360757
0.9860593701595035
0.9860628423829314
0.9860663146063594
0.9860697868297871
0.9860732590532151
0.9860767312766427
0.9860802035000708
0.9860836757234985
0.9860871479469264
0.9860906201703542
0.9860940923937821
0.9860975646172099
0.9861010368406378
0.9861045090640658
0.9861079812874934
0.9861114535109214
0.9861149257343492
0.9861183979577771
0.9861218701812049
0.9861253424046328
0.9861288146280606
0.9861322868514885
0.9861357590749165
0.9861392312983441
0.9861427035217721
0.9861461757451998
0.9861496479686278
0.9861531201920556
0.9861565924154835
0.9861600646389115
0.9861635368623392
0.9861670090857672
0.9861704813091948
0.9861739535326228
0.9861774257560506
0.9861808979794785
0.9861843702029063
0.9861878424263342
0.986191314649762
0.9861947868731898
0.9861982590966178
0.9862017313200455
0.9862052035434735
0.9862086757669013
0.9862121479903292
0.986215620213757
0.9862190924371849
0.9862225646606126
0.9862260368840405
0.9862295091074685
0.9862329813308962
0.9862364535543242
0.9862399257777519
0.9862433980011799
0.9862468702246077
0.9862503424480356
0.9862538146714636
0.9862572868948912
0.9862607591183192
0.9862642313417469
0.9862677035651749
0.9862711757886028
0.9862746480120306
0.9862781202354585
0.9862815924588862
0.9862850646823141
0.9862885369057419
0.9862920091291699
0.9862954813525976
0.9862989535760256
0.9863024257994535
0.9863058980228813
0.9863093702463092
0.9863128424697369
0.9863163146931648
0.9863197869165926
0.9863232591400206
0.9863267313634483
0.9863302035868763
0.986333675810304
0.986337148033732
0.9863406202571599
0.9863440924805876
0.9863475647040156
0.9863510369274433
0.9863545091508713
0.986357981374299
0.986361453597727
0.9863649258211549
0.9863683980445827
0.9863718702680105
0.9863753424914383
0.9863788147148662
0.986382286938294
0.986385759161722
0.9863892313851497
0.9863927036085777
0.9863961758320056
0.9863996480554333
0.9864031202788612
0.986406592502289
0.9864100647257169
0.9864135369491447
0.9864170091725727
0.9864204813960004
0.9864239536194284
0.986427425842856
0.986430898066284
0.9864343702897119
0.9864378425131397
0.9864413147365677
0.9864447869599954
0.9864482591834234
0.986451731406851
0.986455203630279
