0.7302085868779816
0.7302120591014094
0.7302155313248373
0.7302190035482651
0.730222475771693
0.7302259479951207
0.7302294202185488
0.7302328924419765
0.7302363646654044
0.7302398368888323
0.7302433091122601
0.730246781335688
0.7302502535591158
0.7302537257825437
0.7302571980059714
0.7302606702293994
0.7302641424528272
0.7302676146762551
0.730271086899683
0.7302745591231108
0.7302780313465387
0.7302815035699665
0.7302849757933944
0.7302884480168221
0.73029192024025
0.7302953924636779
0.7302988646871058
0.7303023369105337
0.7303058091339615
0.7303092813573894
0.7303127535808172
0.730316225804245
0.7303196980276728
0.7303231702511008
0.7303266424745286
0.7303301146979565
0.7303335869213844
0.7303370591448123
0.7303405313682401
0.7303440035916678
0.7303474758150957
0.7303509480385235
0.7303544202619514
0.7303578924853793
0.7303613647088073
0.7303648369322351
0.730368309155663
0.7303717813790908
0.7303752536025186
0.7303787258259464
0.7303821980493743
0.7303856702728022
0.73038914249623
0.7303926147196579
0.7303960869430858
0.7303995591665137
0.7304030313899414
0.7304065036133693
0.7304099758367971
0.730413448060225
0.7304169202836529
0.7304203925070807
0.7304238647305086
0.7304273369539365
0.7304308091773644
0.7304342814007921
0.73043775362422
0.7304412258476478
0.7304446980710757
0.7304481702945035
0.7304516425179314
0.7304551147413594
0.7304585869647872
0.730462059188215
0.7304655314116428
0.7304690036350707
0.7304724758584985
0.7304759480819264
0.7304794203053543
0.7304828925287821
0.73048636475221
0.7304898369756379
0.7304933091990657
0.7304967814224935
0.7305002536459214
0.7305037258693492
0.7305071980927771
0.730510670316205
0.7305141425396329
0.7305176147630608
0.7305210869864885
0.7305245592099164
0.7305280314333442
0.7305315036567721
0.7305349758801999
0.7305384481036278
0.7305419203270556
0.7305453925504836
0.7305488647739115
0.7305523369973392
0.7305558092207671
0.7305592814441949
0.7305627536676228
0.7305662258910506
0.7305696981144785
0.7305731703379064
0.7305766425613343
0.730580114784762
0.7305835870081899
0.7305870592316178
0.7305905314550456
0.7305940036784735
0.7305974759019013
0.7306009481253292
0.7306044203487569
0.730607892572185
0.7306113647956128
0.7306148370190407
0.7306183092424685
0.7306217814658964
0.7306252536893242
0.730628725912752
0.7306321981361799
0.7306356703596077
0.7306391425830356
0.7306426148064634
0.7306460870298914
0.7306495592533192
0.7306530314767471
0.7306565037001749
0.7306599759236028
0.7306634481470305
0.7306669203704584
0.7306703925938863
0.7306738648173141
0.7306773370407421
0.7306808092641699
0.7306842814875978
0.7306877537110256
0.7306912259344535
0.7306946981578812
0.7306981703813091
0.730701642604737
0.7307051148281649
0.7307085870515928
0.7307120592750206
0.7307155314984485
0.7307190037218763
0.7307224759453042
0.7307259481687319
0.7307294203921598
0.7307328926155877
0.7307363648390155
0.7307398370624435
0.7307433092858713
0.7307467815092992
0.730750253732727
0.7307537259561548
0.7307571981795826
0.7307606704030106
0.7307641426264384
0.7307676148498663
0.7307710870732942
0.730774559296722
0.7307780315201499
0.7307815037435776
0.7307849759670055
0.7307884481904333
0.7307919204138612
0.7307953926372891
0.730798864860717
0.7308023370841449
0.7308058093075727
0.7308092815310006
0.7308127537544283
0.7308162259778562
0.730819698201284
0.730823170424712
0.7308266426481398
0.7308301148715677
0.7308335870949956
0.7308370593184234
0.7308405315418512
0.730844003765279
0.7308474759887069
0.7308509482121347
0.7308544204355626
0.7308578926589905
0.7308613648824185
0.7308648371058463
0.730868309329274
0.7308717815527019
0.7308752537761297
0.7308787259995576
0.7308821982229854
0.7308856704464134
0.7308891426698412
0.7308926148932691
0.730896087116697
0.7308995593401248
