0.6052085434751887
0.6052120156986166
0.6052154879220444
0.6052189601454723
0.6052224323689
0.605225904592328
0.6052293768157558
0.6052328490391837
0.6052363212626115
0.6052397934860394
0.6052432657094673
0.6052467379328951
0.605250210156323
0.6052536823797507
0.6052571546031786
0.6052606268266065
0.6052640990500344
0.6052675712734622
0.6052710434968902
0.605274515720318
0.6052779879437459
0.6052814601671737
0.6052849323906014
0.6052884046140293
0.6052918768374572
0.6052953490608851
0.6052988212843129
0.6053022935077409
0.6053057657311687
0.6053092379545966
0.6053127101780243
0.6053161824014522
0.60531965462488
0.6053231268483079
0.6053265990717358
0.6053300712951636
0.6053335435185915
0.6053370157420194
0.6053404879654473
0.605343960188875
0.6053474324123029
0.6053509046357307
0.6053543768591586
0.6053578490825865
0.6053613213060143
0.6053647935294423
0.6053682657528701
0.605371737976298
0.6053752101997257
0.6053786824231536
0.6053821546465814
0.6053856268700093
0.6053890990934372
0.605392571316865
0.605396043540293
0.6053995157637208
0.6054029879871486
0.6054064602105764
0.6054099324340043
0.6054134046574321
0.6054168768808601
0.6054203491042879
0.6054238213277157
0.6054272935511437
0.6054307657745714
0.6054342379979993
0.6054377102214271
0.605441182444855
0.6054446546682828
0.6054481268917108
0.6054515991151386
0.6054550713385665
0.6054585435619942
0.6054620157854221
0.60546548800885
0.6054689602322778
0.6054724324557057
0.6054759046791335
0.6054793769025615
0.6054828491259893
0.6054863213494172
0.605489793572845
0.6054932657962728
0.6054967380197007
0.6055002102431285
0.6055036824665564
0.6055071546899842
0.6055106269134122
0.60551409913684
0.6055175713602678
0.6055210435836957
0.6055245158071235
0.6055279880305514
0.6055314602539792
0.6055349324774071
0.6055384047008349
0.6055418769242629
0.6055453491476906
0.6055488213711185
0.6055522935945464
0.6055557658179743
0.6055592380414021
0.60556271026483
0.6055661824882578
0.6055696547116856
0.6055731269351136
0.6055765991585413
0.6055800713819692
0.605583543605397
0.605587015828825
0.6055904880522528
0.6055939602756807
0.6055974324991085
0.6056009047225364
0.6056043769459643
0.605607849169392
0.6056113213928199
0.6056147936162478
0.6056182658396757
0.6056217380631035
0.6056252102865314
0.6056286825099592
0.605632154733387
0.6056356269568149
0.6056390991802427
0.6056425714036706
0.6056460436270985
0.6056495158505264
0.6056529880739542
0.6056564602973821
0.6056599325208099
0.6056634047442377
0.6056668769676656
0.6056703491910934
0.6056738214145213
0.6056772936379492
0.6056807658613771
0.6056842380848049
0.6056877103082328
0.6056911825316605
0.6056946547550884
0.6056981269785163
0.6057015992019442
0.605705071425372
0.6057085436487998
0.6057120158722278
0.6057154880956556
0.6057189603190835
0.6057224325425112
0.6057259047659391
0.605729376989367
0.6057328492127949
0.6057363214362227
0.6057397936596506
0.6057432658830785
0.6057467381065063
0.6057502103299341
0.6057536825533619
0.6057571547767898
0.6057606270002177
0.6057640992236456
0.6057675714470734
0.6057710436705013
0.6057745158939292
0.605777988117357
0.6057814603407848
0.6057849325642126
0.6057884047876405
0.6057918770110684
0.6057953492344963
0.6057988214579241
0.6058022936813521
0.6058057659047799
0.6058092381282076
0.6058127103516355
0.6058161825750633
0.6058196547984912
0.6058231270219191
0.605826599245347
0.6058300714687748
0.6058335436922027
0.6058370159156306
0.6058404881390584
0.6058439603624862
0.6058474325859141
0.6058509048093419
0.6058543770327698
0.6058578492561977
0.6058613214796255
0.6058647937030535
0.6058682659264812
0.6058717381499091
0.6058752103733369
0.6058786825967648
0.6058821548201926
0.6058856270436205
0.6058890992670484
0.6058925714904762
0.6058960437139042
0.6058995159373319
