0.9086808710697469
0.9086843432931747
0.9086878155166026
0.9086912877400304
0.9086947599634583
0.9086982321868861
0.908701704410314
0.908705176633742
0.9087086488571697
0.9087121210805976
0.9087155933040254
0.9087190655274533
0.9087225377508811
0.908726009974309
0.908729482197737
0.9087329544211646
0.9087364266445926
0.9087398988680205
0.9087433710914483
0.9087468433148762
0.908750315538304
0.9087537877617318
0.9087572599851597
0.9087607322085877
0.9087642044320156
0.9087676766554433
0.9087711488788712
0.908774621102299
0.9087780933257269
0.9087815655491547
0.9087850377725826
0.9087885099960104
0.9087919822194382
0.908795454442866
0.908798926666294
0.9088023988897219
0.9088058711131497
0.9088093433365776
0.9088128155600054
0.9088162877834333
0.908819760006861
0.908823232230289
0.9088267044537167
0.9088301766771447
0.9088336489005726
0.9088371211240004
0.9088405933474283
0.9088440655708561
0.908847537794284
0.9088510100177117
0.9088544822411397
0.9088579544645676
0.9088614266879954
0.9088648989114233
0.9088683711348511
0.908871843358279
0.9088753155817068
0.9088787878051346
0.9088822600285624
0.9088857322519903
0.9088892044754181
0.9088926766988461
0.908896148922274
0.9088996211457018
0.9089030933691297
0.9089065655925574
0.9089100378159853
0.9089135100394131
0.9089169822628411
0.9089204544862688
0.9089239267096968
0.9089273989331247
0.9089308711565525
0.9089343433799804
0.9089378156034081
0.908941287826836
0.9089447600502638
0.9089482322736918
0.9089517044971197
0.9089551767205475
0.9089586489439754
0.9089621211674032
0.908965593390831
0.9089690656142588
0.9089725378376867
0.9089760100611145
0.9089794822845424
0.9089829545079702
0.9089864267313983
0.9089898989548261
0.9089933711782539
0.9089968434016817
0.9090003156251095
0.9090037878485374
0.9090072600719652
0.9090107322953933
0.9090142045188209
0.909017676742249
0.9090211489656768
0.9090246211891047
0.9090280934125324
0.9090315656359603
0.9090350378593881
0.9090385100828159
0.909041982306244
0.9090454545296716
0.9090489267530997
0.9090523989765275
0.9090558711999553
0.9090593434233831
0.909062815646811
0.9090662878702388
0.9090697600936667
0.9090732323170947
0.9090767045405224
0.9090801767639504
0.9090836489873781
0.909087121210806
0.9090905934342338
0.9090940656576617
0.9090975378810895
0.9091010101045174
0.9091044823279454
0.909107954551373
0.9091114267748011
0.9091148989982288
0.9091183712216567
0.9091218434450845
0.9091253156685124
0.9091287878919402
0.9091322601153681
0.9091357323387961
0.9091392045622237
0.9091426767856517
0.9091461490090795
0.9091496212325074
0.9091530934559352
0.9091565656793631
0.9091600379027909
0.9091635101262188
0.9091669823496468
0.9091704545730745
0.9091739267965024
0.9091773990199302
0.9091808712433581
0.9091843434667859
0.9091878156902138
0.9091912879136416
0.9091947601370695
0.9091982323604972
0.9092017045839251
0.9092051768073531
0.9092086490307809
0.9092121212542088
0.9092155934776366
0.9092190657010645
0.9092225379244923
0.9092260101479201
0.9092294823713482
0.9092329545947758
0.9092364268182038
0.9092398990416316
0.9092433712650595
0.9092468434884873
0.9092503157119152
0.909253787935343
0.9092572601587708
0.9092607323821988
0.9092642046056267
0.9092676768290545
0.9092711490524824
0.9092746212759102
0.909278093499338
0.9092815657227659
0.9092850379461936
0.9092885101696215
0.9092919823930493
0.9092954546164772
0.9092989268399052
0.9093023990633331
0.9093058712867609
0.9093093435101888
0.9093128157336166
0.9093162879570444
0.9093197601804722
0.9093232324039002
0.9093267046273279
0.9093301768507559
0.9093336490741838
0.9093371212976116
0.9093405935210395
0.9093440657444672
0.9093475379678951
0.9093510101913229
0.9093544824147509
0.9093579546381788
0.9093614268616066
0.9093648990850345
0.9093683713084623
0.9093718435318902
