0.06631946747203728
0.06632293969546511
0.06632641191889303
0.06632988414232087
0.0663333563657487
0.06633682858917654
0.06634030081260438
0.0663437730360323
0.06634724525946013
0.06635071748288797
0.0663541897063159
0.06635766192974364
0.06636113415317157
0.0663646063765994
0.06636807860002723
0.06637155082345517
0.066375023046883
0.06637849527031084
0.06638196749373868
0.06638543971716651
0.06638891194059443
0.06639238416402227
0.0663958563874501
0.06639932861087794
0.06640280083430586
0.0664062730577337
0.06640974528116153
0.06641321750458937
0.0664166897280172
0.06642016195144514
0.06642363417487297
0.0664271063983008
0.06643057862172863
0.06643405084515647
0.0664375230685844
0.06644099529201224
0.06644446751544007
0.06644793973886799
0.06645141196229573
0.06645488418572366
0.0664583564091515
0.06646182863257934
0.06646530085600726
0.06646877307943509
0.06647224530286293
0.06647571752629076
0.0664791897497186
0.06648266197314653
0.06648613419657436
0.06648960642000219
0.06649307864343003
0.06649655086685796
0.0665000230902858
0.06650349531371363
0.06650696753714146
0.06651043976056929
0.06651391198399723
0.06651738420742506
0.0665208564308529
0.06652432865428082
0.06652780087770857
0.06653127310113649
0.06653474532456433
0.06653821754799216
0.0665416897714201
0.06654516199484792
0.06654863421827575
0.06655210644170359
0.06655557866513143
0.06655905088855936
0.0665625231119872
0.06656599533541502
0.06656946755884285
0.06657293978227069
0.06657641200569862
0.06657988422912646
0.0665833564525543
0.06658682867598213
0.06659030089941005
0.06659377312283779
0.06659724534626572
0.06660071756969356
0.0666041897931214
0.06660766201654932
0.06661113423997715
0.06661460646340499
0.06661807868683292
0.06662155091026066
0.0666250231336886
0.06662849535711642
0.06663196758054425
0.06663543980397219
0.06663891202740002
0.06664238425082786
0.0666458564742557
0.06664932869768352
0.06665280092111145
0.06665627314453929
0.06665974536796712
0.06666321759139496
0.06666668981482288
0.06667016203825063
0.06667363426167855
0.06667710648510639
0.06668057870853422
0.06668405093196215
0.06668752315538998
0.06669099537881781
0.06669446760224565
0.06669793982567349
0.06670141204910142
0.06670488427252926
0.06670835649595708
0.06671182871938501
0.06671530094281275
0.06671877316624068
0.06672224538966852
0.06672571761309636
0.06672918983652427
0.06673266205995211
0.06673613428337995
0.06673960650680778
0.06674307873023562
0.06674655095366346
0.06675002317709137
0.06675349540051921
0.06675696762394705
0.06676043984737498
0.06676391207080272
0.06676738429423065
0.06677085651765848
0.06677432874108631
0.06677780096451424
0.06678127318794208
0.06678474541136992
0.06678821763479775
0.06679168985822558
0.06679516208165351
0.06679863430508134
0.06680210652850918
0.0668055787519371
0.06680905097536494
0.06681252319879277
0.06681599542222061
0.06681946764564844
0.06682293986907628
0.06682641209250421
0.06682988431593204
0.06683335653935987
0.06683682876278771
0.06684030098621555
0.06684377320964348
0.06684724543307131
0.06685071765649914
0.06685418987992707
0.06685766210335481
0.06686113432678274
0.06686460655021058
0.06686807877363841
0.06687155099706633
0.06687502322049417
0.066878495443922
0.06688196766734984
0.06688543989077768
0.0668889121142056
0.06689238433763343
0.06689585656106127
0.0668993287844891
0.06690280100791704
0.06690627323134488
0.06690974545477271
0.06691321767820053
0.06691668990162837
0.0669201621250563
0.06692363434848414
0.06692710657191198
0.06693057879533981
0.06693405101876763
0.06693752324219557
0.0669409954656234
0.06694446768905124
0.06694793991247916
0.06695141213590691
0.06695488435933483
0.06695835658276267
0.0669618288061905
0.06696530102961844
0.06696877325304627
0.0669722454764741
0.06697571769990193
0.06697918992332977
0.0669826621467577
0.06698613437018554
0.06698960659361337
0.0669930788170412
0.06699655104046913
0.06700002326389697
0.0670034954873248
0.06700696771075264
0.06701043993418047
