0.9232642094667393
0.9232676816901673
0.9232711539135952
0.9232746261370229
0.9232780983604508
0.9232815705838786
0.9232850428073065
0.9232885150307343
0.9232919872541624
0.92329545947759
0.9232989317010181
0.9233024039244458
0.9233058761478737
0.9233093483713015
0.9233128205947293
0.9233162928181572
0.923319765041585
0.9233232372650131
0.9233267094884406
0.9233301817118688
0.9233336539352963
0.9233371261587244
0.9233405983821522
0.9233440706055801
0.9233475428290081
0.9233510150524358
0.9233544872758638
0.9233579594992913
0.9233614317227195
0.9233649039461472
0.9233683761695751
0.9233718483930029
0.9233753206164308
0.9233787928398586
0.9233822650632865
0.9233857372867145
0.9233892095101421
0.9233926817335701
0.9233961539569979
0.9233996261804258
0.9234030984038536
0.9234065706272815
0.9234100428507093
0.9234135150741372
0.9234169872975652
0.9234204595209928
0.9234239317444208
0.9234274039678485
0.9234308761912765
0.9234343484147043
0.9234378206381322
0.9234412928615602
0.9234447650849879
0.9234482373084159
0.9234517095318435
0.9234551817552715
0.9234586539786993
0.9234621262021272
0.923465598425555
0.9234690706489829
0.9234725428724109
0.9234760150958385
0.9234794873192665
0.9234829595426942
0.9234864317661222
0.92348990398955
0.9234933762129779
0.9234968484364057
0.9235003206598336
0.9235037928832613
0.9235072651066892
0.9235107373301172
0.9235142095535449
0.9235176817769729
0.9235211540004006
0.9235246262238286
0.9235280984472564
0.9235315706706843
0.923535042894112
0.9235385151175399
0.9235419873409679
0.9235454595643956
0.9235489317878236
0.9235524040112513
0.9235558762346793
0.923559348458107
0.923562820681535
0.923566292904963
0.9235697651283906
0.9235732373518186
0.9235767095752463
0.9235801817986743
0.9235836540221022
0.92358712624553
0.9235905984689579
0.9235940706923856
0.9235975429158134
0.9236010151392413
0.9236044873626693
0.923607959586097
0.923611431809525
0.9236149040329529
0.9236183762563807
0.9236218484798085
0.9236253207032363
0.9236287929266642
0.923632265150092
0.92363573737352
0.9236392095969477
0.9236426818203757
0.9236461540438033
0.9236496262672313
0.9236530984906592
0.923656570714087
0.923660042937515
0.9236635151609427
0.9236669873843707
0.9236704596077984
0.9236739318312264
0.9236774040546543
0.923680876278082
0.9236843485015099
0.9236878207249377
0.9236912929483656
0.9236947651717934
0.9236982373952214
0.9237017096186491
0.9237051818420771
0.923708654065505
0.9237121262889327
0.9237155985123606
0.9237190707357884
0.9237225429592163
0.9237260151826441
0.9237294874060721
0.9237329596294998
0.9237364318529278
0.9237399040763554
0.9237433762997834
0.9237468485232113
0.9237503207466391
0.9237537929700671
0.9237572651934948
0.9237607374169228
0.9237642096403504
0.9237676818637784
0.9237711540872063
0.9237746263106341
0.923778098534062
0.9237815707574898
0.9237850429809177
0.9237885152043455
0.9237919874277735
0.9237954596512011
0.9237989318746291
0.923802404098057
0.9238058763214848
0.9238093485449127
0.9238128207683405
0.9238162929917684
0.9238197652151962
0.9238232374386243
0.9238267096620518
0.9238301818854799
0.9238336541089075
0.9238371263323355
0.9238405985557634
0.9238440707791912
0.9238475430026193
0.9238510152260468
0.923854487449475
0.9238579596729025
0.9238614318963306
0.9238649041197584
0.9238683763431863
0.9238718485666141
0.923875320790042
0.9238787930134698
0.9238822652368975
0.9238857374603257
0.9238892096837532
0.9238926819071813
0.9238961541306091
0.923899626354037
0.9239030985774648
0.9239065708008927
0.9239100430243204
0.9239135152477483
0.9239169874711763
0.923920459694604
0.923923931918032
0.9239274041414596
0.9239308763648877
0.9239343485883155
0.9239378208117434
0.9239412930351714
0.923944765258599
0.923948237482027
0.9239517097054547
0.9239551819288827
