0.8260419534867893
0.8260454257102172
0.8260488979336451
0.826052370157073
0.8260558423805009
0.8260593146039287
0.8260627868273566
0.8260662590507843
0.8260697312742122
0.82607320349764
0.8260766757210679
0.8260801479444959
0.8260836201679237
0.8260870923913516
0.8260905646147794
0.8260940368382073
0.826097509061635
0.8261009812850629
0.8261044535084908
0.8261079257319186
0.8261113979553466
0.8261148701787744
0.8261183424022023
0.8261218146256301
0.826125286849058
0.8261287590724857
0.8261322312959136
0.8261357035193415
0.8261391757427694
0.8261426479661972
0.8261461201896251
0.826149592413053
0.8261530646364807
0.8261565368599086
0.8261600090833364
0.8261634813067643
0.8261669535301921
0.8261704257536201
0.826173897977048
0.8261773702004758
0.8261808424239037
0.8261843146473314
0.8261877868707593
0.8261912590941871
0.826194731317615
0.8261982035410429
0.8262016757644708
0.8262051479878987
0.8262086202113265
0.8262120924347544
0.8262155646581821
0.82621903688161
0.8262225091050378
0.8262259813284657
0.8262294535518936
0.8262329257753216
0.8262363979987493
0.8262398702221772
0.826243342445605
0.8262468146690328
0.8262502868924607
0.8262537591158885
0.8262572313393165
0.8262607035627442
0.8262641757861722
0.8262676480096001
0.826271120233028
0.8262745924564557
0.8262780646798836
0.8262815369033114
0.8262850091267392
0.8262884813501671
0.826291953573595
0.8262954257970229
0.8262988980204508
0.8263023702438786
0.8263058424673064
0.8263093146907343
0.8263127869141621
0.82631625913759
0.8263197313610178
0.8263232035844457
0.8263266758078737
0.8263301480313013
0.8263336202547293
0.8263370924781571
0.826340564701585
0.8263440369250128
0.8263475091484407
0.8263509813718686
0.8263544535952964
0.8263579258187242
0.826361398042152
0.82636487026558
0.8263683424890078
0.8263718147124357
0.8263752869358635
0.8263787591592914
0.8263822313827192
0.826385703606147
0.8263891758295749
0.8263926480530028
0.8263961202764307
0.8263995924998585
0.8264030647232864
0.8264065369467142
0.8264100091701421
0.8264134813935698
0.8264169536169979
0.8264204258404256
0.8264238980638534
0.8264273702872814
0.8264308425107092
0.8264343147341371
0.8264377869575649
0.8264412591809928
0.8264447314044207
0.8264482036278484
0.8264516758512763
0.8264551480747042
0.8264586202981321
0.8264620925215599
0.8264655647449878
0.8264690369684156
0.8264725091918435
0.8264759814152712
0.8264794536386992
0.826482925862127
0.8264863980855549
0.8264898703089828
0.8264933425324106
0.8264968147558385
0.8265002869792663
0.8265037592026941
0.8265072314261219
0.8265107036495499
0.8265141758729777
0.8265176480964056
0.8265211203198335
0.8265245925432613
0.8265280647666892
0.8265315369901169
0.8265350092135448
0.8265384814369727
0.8265419536604006
0.8265454258838284
0.8265488981072563
0.8265523703306842
0.8265558425541121
0.8265593147775399
0.8265627870009677
0.8265662592243955
0.8265697314478233
0.8265732036712512
0.8265766758946791
0.8265801481181071
0.8265836203415349
0.8265870925649628
0.8265905647883905
0.8265940370118184
0.8265975092352462
0.8266009814586741
0.826604453682102
0.8266079259055298
0.8266113981289578
0.8266148703523856
0.8266183425758135
0.8266218147992412
0.8266252870226691
0.8266287592460969
0.8266322314695248
0.8266357036929527
0.8266391759163806
0.8266426481398084
0.8266461203632363
0.8266495925866642
0.8266530648100919
0.8266565370335198
0.8266600092569476
0.8266634814803755
0.8266669537038033
0.8266704259272312
0.8266738981506592
0.826677370374087
0.8266808425975148
0.8266843148209426
0.8266877870443705
0.8266912592677983
0.8266947314912262
0.8266982037146541
0.826701675938082
0.8267051481615099
0.8267086203849375
0.8267120926083655
0.8267155648317933
0.8267190370552212
0.826722509278649
0.8267259815020769
0.8267294537255048
0.8267329259489327
