0.18923617681811694
0.18923964904154478
0.18924312126497264
0.18924659348840053
0.1892500657118283
0.1892535379352562
0.18925701015868404
0.1892604823821119
0.1892639546055398
0.18926742682896763
0.18927089905239552
0.1892743712758233
0.1892778434992512
0.18928131572267906
0.1892847879461069
0.1892882601695348
0.18929173239296262
0.1892952046163905
0.1892986768398183
0.18930214906324616
0.18930562128667405
0.1893090935101019
0.18931256573352975
0.1893160379569576
0.18931951018038548
0.18932298240381332
0.18932645462724115
0.18932992685066904
0.18933339907409685
0.18933687129752474
0.18934034352095264
0.18934381574438047
0.1893472879678083
0.18935076019123614
0.189354232414664
0.1893577046380919
0.18936117686151974
0.1893646490849476
0.1893681213083754
0.18937159353180327
0.1893750657552311
0.189378537978659
0.18938201020208686
0.1893854824255147
0.1893889546489426
0.18939242687237037
0.18939589909579826
0.18939937131922616
0.18940284354265396
0.18940631576608186
0.1894097879895097
0.18941326021293758
0.18941673243636545
0.18942020465979326
0.18942367688322112
0.18942714910664896
0.18943062133007685
0.18943409355350468
0.18943756577693255
0.18944103800036044
0.18944451022378822
0.1894479824472161
0.18945145467064395
0.1894549268940718
0.1894583991174997
0.18946187134092754
0.18946534356435538
0.1894688157877832
0.1894722880112111
0.18947576023463897
0.1894792324580668
0.1894827046814947
0.18948617690492248
0.18948964912835037
0.18949312135177823
0.18949659357520607
0.18950006579863396
0.1895035380220618
0.18950701024548966
0.18951048246891747
0.18951395469234533
0.18951742691577322
0.18952089913920106
0.18952437136262892
0.18952784358605676
0.18953131580948465
0.18953478803291254
0.18953826025634032
0.18954173247976822
0.18954520470319602
0.18954867692662392
0.1895521491500518
0.18955562137347964
0.1895590935969075
0.18956256582033532
0.18956603804376318
0.18956951026719107
0.1895729824906189
0.18957645471404677
0.1895799269374746
0.1895833991609025
0.18958687138433028
0.18959034360775817
0.18959381583118604
0.18959728805461387
0.18960076027804176
0.1896042325014696
0.18960770472489744
0.18961117694832533
0.18961464917175316
0.18961812139518103
0.18962159361860886
0.18962506584203676
0.18962853806546462
0.18963201028889243
0.1896354825123203
0.18963895473574813
0.18964242695917602
0.18964589918260386
0.18964937140603172
0.1896528436294596
0.1896563158528874
0.18965978807631528
0.18966326029974312
0.18966673252317098
0.18967020474659887
0.1896736769700267
0.1896771491934546
0.18968062141688238
0.18968409364031028
0.18968756586373814
0.18969103808716598
0.18969451031059387
0.1896979825340217
0.18970145475744957
0.1897049269808774
0.18970839920430524
0.18971187142773313
0.18971534365116097
0.18971881587458883
0.18972228809801667
0.1897257603214445
0.1897292325448724
0.18973270476830023
0.1897361769917281
0.18973964921515593
0.18974312143858382
0.18974659366201171
0.1897500658854395
0.1897535381088674
0.1897570103322952
0.1897604825557231
0.18976395477915098
0.18976742700257881
0.18977089922600668
0.1897743714494345
0.18977784367286235
0.18978131589629024
0.18978478811971808
0.18978826034314594
0.18979173256657378
0.18979520479000167
0.18979867701342945
0.18980214923685734
0.1898056214602852
0.18980909368371304
0.18981256590714093
0.18981603813056877
0.18981951035399666
0.18982298257742453
0.18982645480085233
0.1898299270242802
0.18983339924770803
0.18983687147113593
0.1898403436945638
0.18984381591799163
0.18984728814141946
0.1898507603648473
0.1898542325882752
0.18985770481170303
0.1898611770351309
0.18986464925855878
0.18986812148198656
0.18987159370541445
0.1898750659288423
0.18987853815227015
0.18988201037569805
0.18988548259912588
0.18988895482255377
0.18989242704598155
0.18989589926940945
0.1898993714928373
0.18990284371626515
0.18990631593969304
0.18990978816312087
0.18991326038654874
0.18991673260997663
0.1899202048334044
0.1899236770568323
0.18992714928026014
