0.6711807886044405
0.6711842608278683
0.6711877330512962
0.671191205274724
0.6711946774981519
0.6711981497215798
0.6712016219450077
0.6712050941684354
0.6712085663918633
0.6712120386152912
0.671215510838719
0.6712189830621469
0.6712224552855747
0.6712259275090027
0.6712293997324305
0.6712328719558583
0.6712363441792861
0.671239816402714
0.6712432886261419
0.6712467608495698
0.6712502330729976
0.6712537052964254
0.6712571775198533
0.6712606497432811
0.671264121966709
0.6712675941901368
0.6712710664135648
0.6712745386369926
0.6712780108604205
0.6712814830838483
0.6712849553072762
0.671288427530704
0.6712918997541318
0.6712953719775597
0.6712988442009875
0.6713023164244155
0.6713057886478433
0.6713092608712712
0.671312733094699
0.6713162053181269
0.6713196775415546
0.6713231497649825
0.6713266219884104
0.6713300942118382
0.6713335664352662
0.671337038658694
0.6713405108821219
0.6713439831055497
0.6713474553289775
0.6713509275524053
0.6713543997758332
0.6713578719992611
0.6713613442226889
0.6713648164461169
0.6713682886695447
0.6713717608929726
0.6713752331164003
0.6713787053398282
0.6713821775632561
0.671385649786684
0.6713891220101118
0.6713925942335396
0.6713960664569675
0.6713995386803954
0.6714030109038233
0.671406483127251
0.6714099553506789
0.6714134275741067
0.6714168997975346
0.6714203720209625
0.6714238442443904
0.6714273164678183
0.6714307886912461
0.671434260914674
0.6714377331381017
0.6714412053615296
0.6714446775849574
0.6714481498083854
0.6714516220318132
0.6714550942552411
0.671458566478669
0.6714620387020968
0.6714655109255246
0.6714689831489524
0.6714724553723803
0.6714759275958082
0.6714793998192361
0.6714828720426639
0.6714863442660918
0.6714898164895196
0.6714932887129474
0.6714967609363753
0.6715002331598031
0.671503705383231
0.6715071776066588
0.6715106498300868
0.6715141220535146
0.6715175942769425
0.6715210665003704
0.6715245387237982
0.671528010947226
0.6715314831706539
0.6715349553940817
0.6715384276175095
0.6715418998409375
0.6715453720643653
0.6715488442877932
0.671552316511221
0.6715557887346489
0.6715592609580767
0.6715627331815046
0.6715662054049324
0.6715696776283603
0.6715731498517882
0.671576622075216
0.6715800942986438
0.6715835665220717
0.6715870387454996
0.6715905109689274
0.6715939831923553
0.6715974554157831
0.671600927639211
0.6716043998626389
0.6716078720860666
0.6716113443094945
0.6716148165329224
0.6716182887563503
0.6716217609797781
0.671625233203206
0.6716287054266338
0.6716321776500617
0.6716356498734896
0.6716391220969173
0.6716425943203452
0.671646066543773
0.671649538767201
0.6716530109906288
0.6716564832140567
0.6716599554374845
0.6716634276609124
0.6716668998843401
0.6716703721077681
0.6716738443311959
0.6716773165546238
0.6716807887780517
0.6716842610014795
0.6716877332249074
0.6716912054483352
0.671694677671763
0.6716981498951909
0.6717016221186188
0.6717050943420466
0.6717085665654745
0.6717120387889024
0.6717155110123302
0.6717189832357581
0.6717224554591859
0.6717259276826139
0.6717293999060416
0.6717328721294695
0.6717363443528973
0.6717398165763252
0.6717432887997531
0.6717467610231809
0.6717502332466088
0.6717537054700365
0.6717571776934644
0.6717606499168923
0.6717641221403202
0.671767594363748
0.6717710665871759
0.6717745388106038
0.6717780110340316
0.6717814832574595
0.6717849554808872
0.6717884277043151
0.671791899927743
0.6717953721511709
0.6717988443745987
0.6718023165980267
0.6718057888214545
0.6718092610448824
0.6718127332683101
0.671816205491738
0.6718196777151658
0.6718231499385937
0.6718266221620216
0.6718300943854494
0.6718335666088774
0.6718370388323052
0.6718405110557331
0.6718439832791608
0.6718474555025887
0.6718509277260165
0.6718543999494444
0.6718578721728723
0.6718613443963001
0.6718648166197281
0.6718682888431559
0.6718717610665838
