0.4822918341291091
0.4822953063525369
0.48229877857596476
0.4823022507993926
0.48230572302282054
0.4823091952462484
0.4823126674696762
0.48231613969310405
0.4823196119165319
0.4823230841399598
0.4823265563633876
0.48233002858681545
0.4823335008102433
0.48233697303367123
0.48234044525709907
0.4823439174805269
0.48234738970395474
0.4823508619273826
0.48235433415081047
0.4823578063742383
0.48236127859766614
0.482364750821094
0.4823682230445219
0.48237169526794976
0.4823751674913776
0.48237863971480544
0.48238211193823327
0.48238558416166116
0.482389056385089
0.48239252860851684
0.48239600083194467
0.4823994730553726
0.48240294527880045
0.4824064175022283
0.4824098897256561
0.48241336194908396
0.4824168341725119
0.48242030639593975
0.4824237786193676
0.48242725084279536
0.4824307230662233
0.48243419528965115
0.482437667513079
0.4824411397365068
0.48244461195993465
0.4824480841833626
0.48245155640679044
0.4824550286302183
0.4824585008536461
0.482461973077074
0.48246544530050184
0.4824689175239297
0.4824723897473575
0.48247586197078535
0.4824793341942133
0.48248280641764113
0.48248627864106897
0.4824897508644968
0.4824932230879247
0.48249669531135253
0.48250016753478037
0.4825036397582082
0.48250711198163604
0.482510584205064
0.4825140564284918
0.48251752865191966
0.4825210008753475
0.4825244730987754
0.4825279453222032
0.48253141754563106
0.4825348897690589
0.48253836199248673
0.4825418342159147
0.4825453064393425
0.48254877866277035
0.4825522508861982
0.48255572310962613
0.48255919533305397
0.4825626675564818
0.48256613977990964
0.4825696120033374
0.48257308422676537
0.4825765564501932
0.48258002867362104
0.4825835008970489
0.4825869731204768
0.48259044534390466
0.4825939175673325
0.48259738979076033
0.48260086201418817
0.48260433423761606
0.4826078064610439
0.48261127868447173
0.48261475090789957
0.4826182231313275
0.48262169535475535
0.4826251675781832
0.482628639801611
0.48263211202503886
0.48263558424846675
0.4826390564718946
0.4826425286953224
0.48264600091875026
0.4826494731421782
0.48265294536560605
0.4826564175890339
0.4826598898124617
0.48266336203588955
0.48266683425931745
0.4826703064827453
0.4826737787061731
0.48267725092960095
0.4826807231530289
0.48268419537645674
0.4826876675998846
0.4826911398233124
0.48269461204674025
0.4826980842701682
0.48270155649359603
0.48270502871702387
0.4827085009404517
0.4827119731638796
0.48271544538730743
0.48271891761073527
0.4827223898341631
0.48272586205759094
0.4827293342810189
0.4827328065044467
0.48273627872787456
0.4827397509513024
0.4827432231747303
0.4827466953981581
0.48275016762158596
0.4827536398450138
0.48275711206844163
0.4827605842918696
0.4827640565152974
0.48276752873872525
0.4827710009621531
0.482774473185581
0.4827779454090088
0.48278141763243665
0.4827848898558645
0.4827883620792923
0.48279183430272027
0.4827953065261481
0.48279877874957594
0.4828022509730038
0.4828057231964317
0.4828091954198595
0.48281266764328734
0.4828161398667152
0.482819612090143
0.48282308431357096
0.4828265565369988
0.48283002876042663
0.48283350098385447
0.4828369732072824
0.48284044543071025
0.4828439176541381
0.4828473898775659
0.48285086210099376
0.48285433432442165
0.4828578065478495
0.4828612787712773
0.48286475099470516
0.4828682232181331
0.48287169544156094
0.4828751676649888
0.4828786398884166
0.48288211211184445
0.48288558433527234
0.4828890565587002
0.482892528782128
0.48289600100555585
0.4828994732289838
0.48290294545241164
0.48290641767583947
0.4829098898992673
0.48291336212269514
0.48291683434612304
0.4829203065695509
0.4829237787929787
0.48292725101640654
0.4829307232398345
0.48293419546326233
0.48293766768669016
0.482941139910118
0.48294461213354584
0.4829480843569738
0.48295155658040156
0.4829550288038294
0.48295850102725724
0.4829619732506852
0.482965445474113
0.48296891769754086
0.4829723899209687
0.48297586214439653
0.4829793343678245
0.4829828065912523
