0.21354174081310442
0.21354521303653226
0.21354868525996015
0.213552157483388
0.21355562970681585
0.2135591019302437
0.21356257415367158
0.21356604637709944
0.21356951860052725
0.21357299082395512
0.21357646304738295
0.21357993527081084
0.21358340749423874
0.21358687971766657
0.21359035194109444
0.21359382416452222
0.2135972963879501
0.21360076861137794
0.21360424083480584
0.2136077130582337
0.21361118528166154
0.21361465750508943
0.2136181297285172
0.2136216019519451
0.21362507417537296
0.2136285463988008
0.2136320186222287
0.21363549084565653
0.2136389630690844
0.21364243529251223
0.21364590751594006
0.21364937973936796
0.2136528519627958
0.21365632418622368
0.2136597964096515
0.21366326863307938
0.21366674085650722
0.21367021307993506
0.21367368530336295
0.21367715752679078
0.21368062975021865
0.21368410197364654
0.21368757419707432
0.2136910464205022
0.21369451864393005
0.2136979908673579
0.2137014630907858
0.21370493531421364
0.2137084075376415
0.2137118797610693
0.21371535198449718
0.21371882420792507
0.2137222964313529
0.2137257686547808
0.21372924087820863
0.2137327131016365
0.21373618532506428
0.21373965754849217
0.21374312977192006
0.2137466019953479
0.21375007421877576
0.2137535464422036
0.2137570186656315
0.21376049088905935
0.21376396311248716
0.21376743533591502
0.21377090755934286
0.21377437978277075
0.21377785200619864
0.21378132422962645
0.2137847964530543
0.21378826867648212
0.21379174089991002
0.2137952131233379
0.21379868534676574
0.2138021575701936
0.2138056297936214
0.21380910201704928
0.21381257424047712
0.213816046463905
0.21381951868733287
0.2138229909107607
0.2138264631341886
0.21382993535761638
0.21383340758104427
0.21383687980447214
0.21384035202789997
0.21384382425132786
0.2138472964747557
0.21385076869818356
0.21385424092161145
0.21385771314503924
0.21386118536846713
0.21386465759189496
0.21386812981532285
0.2138716020387507
0.21387507426217855
0.21387854648560645
0.21388201870903423
0.21388549093246212
0.21388896315588996
0.21389243537931782
0.2138959076027457
0.21389937982617355
0.21390285204960138
0.21390632427302922
0.21390979649645708
0.21391326871988497
0.2139167409433128
0.2139202131667407
0.2139236853901685
0.21392715761359635
0.21393062983702424
0.21393410206045207
0.21393757428387997
0.2139410465073078
0.21394451873073567
0.21394799095416345
0.21395146317759134
0.21395493540101923
0.21395840762444707
0.21396187984787493
0.21396535207130277
0.21396882429473066
0.21397229651815852
0.21397576874158633
0.2139792409650142
0.21398271318844203
0.21398618541186992
0.21398965763529781
0.21399312985872562
0.21399660208215351
0.2140000743055813
0.2140035465290092
0.21400701875243708
0.21401049097586491
0.21401396319929278
0.21401743542272061
0.2140209076461485
0.2140243798695763
0.21402785209300418
0.21403132431643204
0.21403479653985988
0.21403826876328777
0.2140417409867156
0.21404521321014344
0.2140486854335713
0.21405215765699914
0.21405562988042703
0.21405910210385487
0.21406257432728276
0.21406604655071063
0.2140695187741384
0.2140729909975663
0.21407646322099413
0.21407993544442203
0.21408340766784986
0.21408687989127773
0.21409035211470562
0.2140938243381334
0.2140972965615613
0.21410076878498913
0.214104241008417
0.21410771323184488
0.21411118545527272
0.21411465767870058
0.2141181299021284
0.21412160212555625
0.21412507434898415
0.21412854657241198
0.21413201879583987
0.21413549101926768
0.21413896324269557
0.2141424354661234
0.21414590768955125
0.21414937991297914
0.21415285213640697
0.21415632435983484
0.21415979658326267
0.21416326880669057
0.2141667410301184
0.21417021325354624
0.2141736854769741
0.21417715770040194
0.21418062992382983
0.2141841021472577
0.2141875743706855
0.21419104659411337
0.2141945188175412
0.2141979910409691
0.21420146326439699
0.2142049354878248
0.21420840771125269
0.21421187993468047
0.21421535215810836
0.21421882438153625
0.21422229660496409
0.21422576882839195
0.21422924105181979
0.21423271327524768
