0.6135418797020415
0.6135453519254694
0.6135488241488972
0.6135522963723252
0.613555768595753
0.6135592408191809
0.6135627130426087
0.6135661852660366
0.6135696574894643
0.6135731297128922
0.6135766019363201
0.6135800741597479
0.6135835463831759
0.6135870186066037
0.6135904908300316
0.6135939630534594
0.6135974352768873
0.613600907500315
0.6136043797237429
0.6136078519471708
0.6136113241705986
0.6136147963940266
0.6136182686174544
0.6136217408408823
0.6136252130643101
0.613628685287738
0.6136321575111657
0.6136356297345936
0.6136391019580215
0.6136425741814493
0.6136460464048772
0.6136495186283051
0.613652990851733
0.6136564630751608
0.6136599352985886
0.6136634075220164
0.6136668797454444
0.6136703519688722
0.6136738241923001
0.613677296415728
0.6136807686391558
0.6136842408625837
0.6136877130860114
0.6136911853094393
0.6136946575328671
0.6136981297562951
0.6137016019797229
0.6137050742031508
0.6137085464265787
0.6137120186500065
0.6137154908734344
0.6137189630968621
0.61372243532029
0.6137259075437178
0.6137293797671458
0.6137328519905736
0.6137363242140015
0.6137397964374294
0.6137432686608572
0.613746740884285
0.6137502131077128
0.6137536853311407
0.6137571575545685
0.6137606297779965
0.6137641020014243
0.6137675742248522
0.61377104644828
0.6137745186717078
0.6137779908951357
0.6137814631185635
0.6137849353419914
0.6137884075654192
0.6137918797888472
0.613795352012275
0.6137988242357029
0.6138022964591308
0.6138057686825587
0.6138092409059864
0.6138127131294143
0.6138161853528421
0.6138196575762699
0.6138231297996979
0.6138266020231257
0.6138300742465536
0.6138335464699815
0.6138370186934093
0.6138404909168371
0.613843963140265
0.6138474353636928
0.6138509075871207
0.6138543798105486
0.6138578520339764
0.6138613242574043
0.6138647964808321
0.61386826870426
0.6138717409276878
0.6138752131511157
0.6138786853745435
0.6138821575979714
0.6138856298213993
0.613889102044827
0.6138925742682549
0.6138960464916827
0.6138995187151107
0.6139029909385385
0.6139064631619664
0.6139099353853942
0.6139134076088221
0.61391687983225
0.6139203520556777
0.6139238242791056
0.6139272965025335
0.6139307687259614
0.6139342409493892
0.6139377131728171
0.6139411853962449
0.6139446576196728
0.6139481298431007
0.6139516020665285
0.6139550742899563
0.6139585465133842
0.6139620187368121
0.6139654909602399
0.6139689631836678
0.6139724354070956
0.6139759076305235
0.6139793798539513
0.6139828520773792
0.613986324300807
0.6139897965242349
0.6139932687476628
0.6139967409710906
0.6140002131945185
0.6140036854179463
0.6140071576413741
0.614010629864802
0.6140141020882299
0.6140175743116577
0.6140210465350856
0.6140245187585135
0.6140279909819413
0.6140314632053692
0.614034935428797
0.6140384076522248
0.6140418798756527
0.6140453520990806
0.6140488243225084
0.6140522965459364
0.6140557687693642
0.614059240992792
0.6140627132162199
0.6140661854396476
0.6140696576630755
0.6140731298865034
0.6140766021099313
0.6140800743333591
0.6140835465567871
0.6140870187802149
0.6140904910036428
0.6140939632270705
0.6140974354504984
0.6141009076739262
0.6141043798973541
0.614107852120782
0.6141113243442098
0.6141147965676378
0.6141182687910656
0.6141217410144935
0.6141252132379212
0.6141286854613491
0.6141321576847769
0.6141356299082048
0.6141391021316327
0.6141425743550605
0.6141460465784884
0.6141495188019163
0.6141529910253442
0.6141564632487719
0.6141599354721998
0.6141634076956276
0.6141668799190555
0.6141703521424834
0.6141738243659112
0.6141772965893392
0.614180768812767
0.6141842410361948
0.6141877132596226
0.6141911854830505
0.6141946577064783
0.6141981299299062
0.6142016021533341
0.6142050743767619
0.6142085466001899
0.6142120188236176
0.6142154910470455
0.6142189632704733
0.6142224354939012
0.614225907717329
0.614229379940757
0.6142328521641848
