0.0642361334153241
0.06423960563875193
0.06424307786217975
0.06424655008560769
0.06425002230903552
0.06425349453246336
0.0642569667558912
0.06426043897931911
0.06426391120274687
0.06426738342617479
0.06427085564960262
0.06427432787303046
0.06427780009645839
0.06428127231988622
0.06428474454331405
0.06428821676674189
0.06429168899016972
0.06429516121359766
0.06429863343702549
0.06430210566045332
0.06430557788388125
0.06430905010730899
0.06431252233073692
0.06431599455416476
0.0643194667775926
0.06432293900102043
0.06432641122444835
0.06432988344787618
0.06433335567130402
0.06433682789473186
0.0643403001181597
0.06434377234158761
0.06434724456501545
0.06435071678844329
0.06435418901187122
0.06435766123529896
0.06436113345872688
0.06436460568215471
0.06436807790558255
0.06437155012901048
0.06437502235243832
0.06437849457586615
0.06438196679929407
0.06438543902272181
0.06438891124614975
0.06439238346957758
0.06439585569300542
0.06439932791643325
0.06440280013986117
0.06440627236328901
0.06440974458671685
0.06441321681014468
0.06441668903357252
0.06442016125700045
0.06442363348042827
0.06442710570385611
0.06443057792728395
0.06443405015071178
0.06443752237413972
0.06444099459756755
0.06444446682099537
0.06444793904442331
0.06445141126785105
0.06445488349127898
0.06445835571470682
0.06446182793813465
0.06446530016156257
0.06446877238499041
0.06447224460841824
0.06447571683184608
0.06447918905527392
0.06448266127870184
0.06448613350212967
0.06448960572555751
0.06449307794898534
0.06449655017241328
0.06450002239584111
0.06450349461926894
0.06450696684269677
0.06451043906612461
0.06451391128955254
0.06451738351298038
0.06452085573640821
0.06452432795983605
0.06452780018326387
0.0645312724066918
0.06453474463011964
0.06453821685354748
0.0645416890769754
0.06454516130040323
0.06454863352383107
0.0645521057472589
0.06455557797068674
0.06455905019411468
0.06456252241754251
0.06456599464097033
0.06456946686439817
0.064572939087826
0.06457641131125394
0.06457988353468178
0.06458335575810961
0.06458682798153743
0.06459030020496537
0.0645937724283932
0.06459724465182104
0.06460071687524888
0.06460418909867671
0.06460766132210463
0.06461113354553247
0.0646146057689603
0.06461807799238824
0.06462155021581598
0.0646250224392439
0.06462849466267173
0.06463196688609957
0.0646354391095275
0.06463891133295534
0.06464238355638317
0.064645855779811
0.06464932800323883
0.06465280022666677
0.0646562724500946
0.06465974467352244
0.06466321689695027
0.06466668912037811
0.06467016134380603
0.06467363356723387
0.0646771057906617
0.06468057801408954
0.06468405023751746
0.06468752246094521
0.06469099468437313
0.06469446690780097
0.0646979391312288
0.06470141135465673
0.06470488357808456
0.0647083558015124
0.06471182802494033
0.06471530024836807
0.064718772471796
0.06472224469522384
0.06472571691865167
0.06472918914207959
0.06473266136550743
0.06473613358893526
0.0647396058123631
0.06474307803579094
0.06474655025921877
0.06475002248264669
0.06475349470607453
0.06475696692950236
0.0647604391529303
0.06476391137635804
0.06476738359978595
0.06477085582321379
0.06477432804664163
0.06477780027006956
0.0647812724934974
0.06478474471692523
0.06478821694035306
0.06479168916378089
0.06479516138720882
0.06479863361063666
0.0648021058340645
0.06480557805749242
0.06480905028092017
0.06481252250434809
0.06481599472777592
0.06481946695120376
0.0648229391746316
0.06482641139805952
0.06482988362148735
0.06483335584491519
0.06483682806834302
0.06484030029177086
0.0648437725151988
0.06484724473862662
0.06485071696205445
0.06485418918548239
0.06485766140891012
0.06486113363233806
0.0648646058557659
0.06486807807919373
0.06487155030262165
0.06487502252604949
0.06487849474947732
0.06488196697290526
0.064885439196333
0.06488891141976091
0.06489238364318875
0.06489585586661659
0.06489932809004442
0.06490280031347236
0.06490627253690019
0.06490974476032801
0.06491321698375585
0.06491668920718369
0.06492016143061162
0.06492363365403946
0.06492710587746729
