0.5225696258922312
0.5225730981156591
0.5225765703390869
0.5225800425625148
0.5225835147859426
0.5225869870093706
0.5225904592327983
0.5225939314562262
0.522597403679654
0.5226008759030819
0.5226043481265098
0.5226078203499376
0.5226112925733655
0.5226147647967933
0.5226182370202213
0.522621709243649
0.5226251814670769
0.5226286536905047
0.5226321259139326
0.5226355981373605
0.5226390703607883
0.5226425425842162
0.5226460148076439
0.522649487031072
0.5226529592544997
0.5226564314779276
0.5226599037013554
0.5226633759247833
0.5226668481482112
0.522670320371639
0.5226737925950669
0.5226772648184946
0.5226807370419226
0.5226842092653504
0.5226876814887783
0.5226911537122061
0.522694625935634
0.5226980981590619
0.5227015703824898
0.5227050426059175
0.5227085148293454
0.5227119870527733
0.5227154592762011
0.522718931499629
0.5227224037230568
0.5227258759464847
0.5227293481699126
0.5227328203933405
0.5227362926167682
0.5227397648401961
0.522743237063624
0.5227467092870518
0.5227501815104797
0.5227536537339075
0.5227571259573354
0.5227605981807633
0.5227640704041912
0.5227675426276189
0.5227710148510468
0.5227744870744747
0.5227779592979025
0.5227814315213304
0.5227849037447582
0.5227883759681861
0.522791848191614
0.5227953204150418
0.5227987926384696
0.5228022648618975
0.5228057370853254
0.5228092093087532
0.5228126815321811
0.5228161537556089
0.5228196259790368
0.5228230982024646
0.5228265704258925
0.5228300426493203
0.5228335148727482
0.5228369870961761
0.522840459319604
0.5228439315430318
0.5228474037664597
0.5228508759898874
0.5228543482133153
0.5228578204367432
0.522861292660171
0.5228647648835989
0.5228682371070268
0.5228717093304547
0.5228751815538825
0.5228786537773104
0.5228821260007381
0.522885598224166
0.5228890704475939
0.5228925426710217
0.5228960148944496
0.5228994871178775
0.5229029593413054
0.5229064315647332
0.522909903788161
0.5229133760115888
0.5229168482350167
0.5229203204584446
0.5229237926818724
0.5229272649053003
0.5229307371287282
0.5229342093521561
0.5229376815755838
0.5229411537990117
0.5229446260224395
0.5229480982458675
0.5229515704692953
0.5229550426927231
0.522958514916151
0.5229619871395789
0.5229654593630068
0.5229689315864345
0.5229724038098624
0.5229758760332902
0.5229793482567182
0.522982820480146
0.5229862927035739
0.5229897649270017
0.5229932371504296
0.5229967093738574
0.5230001815972852
0.5230036538207131
0.5230071260441409
0.5230105982675689
0.5230140704909967
0.5230175427144246
0.5230210149378524
0.5230244871612802
0.5230279593847081
0.5230314316081359
0.5230349038315638
0.5230383760549916
0.5230418482784196
0.5230453205018474
0.5230487927252753
0.523052264948703
0.5230557371721309
0.5230592093955588
0.5230626816189866
0.5230661538424145
0.5230696260658423
0.5230730982892703
0.5230765705126981
0.523080042736126
0.5230835149595537
0.5230869871829817
0.5230904594064095
0.5230939316298373
0.5230974038532652
0.523100876076693
0.523104348300121
0.5231078205235488
0.5231112927469767
0.5231147649704044
0.5231182371938324
0.5231217094172602
0.5231251816406881
0.5231286538641159
0.5231321260875438
0.5231355983109717
0.5231390705343995
0.5231425427578273
0.5231460149812551
0.5231494872046831
0.5231529594281109
0.5231564316515388
0.5231599038749666
0.5231633760983945
0.5231668483218224
0.5231703205452501
0.523173792768678
0.5231772649921058
0.5231807372155338
0.5231842094389616
0.5231876816623895
0.5231911538858173
0.5231946261092452
0.5231980983326731
0.5232015705561008
0.5232050427795287
0.5232085150029565
0.5232119872263845
0.5232154594498123
0.5232189316732402
0.523222403896668
0.5232258761200959
0.5232293483435237
0.5232328205669516
0.5232362927903794
0.5232397650138072
0.5232432372372352
0.523246709460663
0.5232501816840909
0.5232536539075187
0.5232571261309465
0.5232605983543744
