0.0836805846113141
0.08368405683474198
0.08368752905816976
0.08369100128159765
0.08369447350502549
0.08369794572845336
0.08370141795188124
0.08370489017530908
0.08370836239873695
0.08371183462216475
0.08371530684559263
0.08371877906902046
0.08372225129244834
0.08372572351587622
0.08372919573930405
0.08373266796273195
0.08373614018615973
0.0837396124095876
0.0837430846330155
0.08374655685644332
0.08375002907987121
0.08375350130329905
0.08375697352672688
0.08376044575015476
0.0837639179735826
0.08376739019701047
0.08377086242043831
0.08377433464386619
0.08377780686729407
0.08378127909072186
0.08378475131414974
0.08378822353757757
0.08379169576100545
0.08379516798443329
0.08379864020786117
0.08380211243128906
0.08380558465471684
0.08380905687814472
0.08381252910157255
0.08381600132500044
0.08381947354842832
0.08382294577185616
0.08382641799528404
0.08382989021871182
0.08383336244213971
0.08383683466556759
0.08384030688899542
0.0838437791124233
0.08384725133585114
0.08385072355927901
0.08385419578270685
0.08385766800613469
0.08386114022956256
0.0838646124529904
0.08386808467641828
0.08387155689984611
0.083875029123274
0.08387850134670183
0.08388197357012966
0.08388544579355756
0.08388891801698538
0.08389239024041327
0.08389586246384115
0.08389933468726893
0.08390280691069682
0.08390627913412466
0.08390975135755253
0.08391322358098041
0.08391669580440825
0.08392016802783613
0.08392364025126392
0.0839271124746918
0.08393058469811963
0.08393405692154751
0.08393752914497539
0.08394100136840323
0.08394447359183112
0.0839479458152589
0.08395141803868678
0.08395489026211467
0.0839583624855425
0.08396183470897038
0.08396530693239822
0.0839687791558261
0.08397225137925397
0.08397572360268177
0.08397919582610965
0.08398266804953748
0.08398614027296536
0.08398961249639324
0.08399308471982107
0.08399655694324891
0.08400002916667675
0.08400350139010462
0.08400697361353246
0.08401044583696034
0.08401391806038823
0.08401739028381601
0.08402086250724389
0.08402433473067172
0.08402780695409962
0.0840312791775275
0.08403475140095533
0.08403822362438321
0.08404169584781099
0.08404516807123888
0.08404864029466676
0.0840521125180946
0.08405558474152247
0.08405905696495031
0.08406252918837818
0.08406600141180608
0.08406947363523386
0.08407294585866174
0.08407641808208957
0.08407989030551745
0.08408336252894529
0.08408683475237318
0.08409030697580105
0.08409377919922884
0.08409725142265673
0.08410072364608456
0.08410419586951244
0.08410766809294032
0.08411114031636815
0.08411461253979603
0.08411808476322383
0.0841215569866517
0.08412502921007958
0.08412850143350742
0.0841319736569353
0.08413544588036313
0.08413891810379097
0.0841423903272188
0.08414586255064668
0.08414933477407456
0.0841528069975024
0.08415627922093029
0.08415975144435807
0.08416322366778595
0.08416669589121384
0.08417016811464167
0.08417364033806955
0.08417711256149739
0.08418058478492527
0.08418405700835314
0.08418752923178094
0.08419100145520882
0.08419447367863665
0.08419794590206453
0.08420141812549241
0.08420489034892024
0.08420836257234814
0.08421183479577592
0.0842153070192038
0.08421877924263163
0.08422225146605951
0.0842257236894874
0.08422919591291524
0.08423266813634311
0.0842361403597709
0.08423961258319879
0.08424308480662666
0.0842465570300545
0.08425002925348238
0.08425350147691021
0.08425697370033805
0.08426044592376593
0.08426391814719376
0.08426739037062164
0.08427086259404948
0.08427433481747736
0.08427780704090525
0.08428127926433303
0.0842847514877609
0.08428822371118874
0.08429169593461662
0.08429516815804446
0.08429864038147235
0.08430211260490023
0.084305584828328
0.0843090570517559
0.08431252927518373
0.08431600149861161
0.08431947372203949
0.08432294594546733
0.0843264181688952
0.084329890392323
0.08433336261575088
0.08433683483917875
0.08434030706260659
0.08434377928603447
0.0843472515094623
0.08435072373289018
0.08435419595631798
0.08435766817974585
0.08436114040317375
0.08436461262660157
0.08436808485002946
0.0843715570734573
