0.4795140553868248
0.4795175276102526
0.47952099983368046
0.4795244720571084
0.47952794428053624
0.4795314165039641
0.47953488872739186
0.4795383609508197
0.47954183317424764
0.4795453053976755
0.4795487776211033
0.47955224984453115
0.4795557220679591
0.47955919429138694
0.4795626665148148
0.4795661387382426
0.47956961096167045
0.47957308318509834
0.4795765554085262
0.479580027631954
0.47958349985538185
0.4795869720788098
0.47959044430223763
0.47959391652566546
0.4795973887490933
0.47960086097252114
0.47960433319594903
0.47960780541937686
0.4796112776428047
0.47961474986623254
0.4796182220896605
0.4796216943130883
0.47962516653651616
0.479628638759944
0.47963211098337183
0.4796355832067997
0.47963905543022756
0.4796425276536554
0.47964599987708323
0.4796494721005112
0.479652944323939
0.47965641654736685
0.4796598887707947
0.4796633609942225
0.47966683321765047
0.4796703054410783
0.47967377766450614
0.4796772498879339
0.47968072211136187
0.4796841943347897
0.47968766655821754
0.4796911387816454
0.4796946110050732
0.47969808322850116
0.479701555451929
0.47970502767535683
0.47970849989878467
0.47971197212221256
0.4797154443456404
0.47971891656906823
0.47972238879249607
0.4797258610159239
0.47972933323935185
0.4797328054627797
0.4797362776862075
0.47973974990963536
0.47974322213306325
0.4797466943564911
0.4797501665799189
0.47975363880334676
0.4797571110267746
0.47976058325020254
0.4797640554736304
0.4797675276970582
0.47977099992048605
0.47977447214391394
0.4797779443673418
0.4797814165907696
0.47978488881419745
0.4797883610376253
0.47979183326105324
0.47979530548448107
0.4797987777079089
0.47980224993133674
0.4798057221547647
0.4798091943781925
0.47981266660162036
0.4798161388250482
0.479819611048476
0.4798230832719039
0.47982655549533176
0.4798300277187596
0.47983349994218744
0.4798369721656154
0.4798404443890432
0.47984391661247106
0.4798473888358989
0.4798508610593267
0.4798543332827546
0.47985780550618246
0.4798612777296103
0.4798647499530381
0.4798682221764661
0.4798716943998939
0.47987516662332175
0.4798786388467496
0.4798821110701774
0.4798855832936053
0.47988905551703315
0.479892527740461
0.4798959999638888
0.47989947218731677
0.4799029444107446
0.47990641663417244
0.4799098888576003
0.4799133610810281
0.479916833304456
0.47992030552788384
0.4799237777513117
0.4799272499747395
0.47993072219816746
0.4799341944215953
0.47993766664502313
0.47994113886845097
0.4799446110918788
0.47994808331530675
0.4799515555387346
0.4799550277621624
0.47995849998559026
0.47996197220901815
0.479965444432446
0.4799689166558738
0.47997238887930166
0.4799758611027295
0.47997933332615744
0.4799828055495853
0.4799862777730131
0.47998974999644095
0.47999322221986884
0.4799966944432967
0.4800001666667245
0.48000363889015235
0.4800071111135802
0.48001058333700813
0.48001405556043597
0.4800175277838638
0.48002100000729164
0.48002447223071953
0.48002794445414737
0.4800314166775752
0.48003488890100304
0.4800383611244309
0.4800418333478588
0.48004530557128666
0.4800487777947145
0.48005225001814233
0.4800557222415703
0.48005919446499806
0.4800626666884259
0.48006613891185373
0.48006961113528157
0.4800730833587095
0.48007655558213735
0.4800800278055652
0.480083500028993
0.480086972252421
0.4800904444758488
0.48009391669927665
0.4800973889227045
0.4801008611461323
0.4801043333695602
0.48010780559298805
0.4801112778164159
0.4801147500398437
0.48011822226327167
0.4801216944866995
0.48012516671012734
0.4801286389335552
0.480132111156983
0.4801355833804109
0.48013905560383874
0.4801425278272666
0.4801460000506944
0.48014947227412236
0.4801529444975502
0.48015641672097803
0.48015988894440587
0.4801633611678337
0.4801668333912616
0.48017030561468943
0.48017377783811727
0.4801772500615451
0.48018072228497305
0.4801841945084009
0.4801876667318287
0.48019113895525656
0.4801946111786844
0.48019808340211234
0.4802015556255401
0.48020502784896796
