0.9454864394050138
0.9454899116284414
0.9454933838518694
0.9454968560752972
0.9455003282987251
0.9455038005221531
0.9455072727455808
0.9455107449690088
0.9455142171924364
0.9455176894158644
0.9455211616392922
0.9455246338627201
0.9455281060861479
0.9455315783095758
0.9455350505330036
0.9455385227564315
0.9455419949798595
0.9455454672032871
0.9455489394267151
0.9455524116501428
0.9455558838735708
0.9455593560969986
0.9455628283204265
0.9455663005438543
0.9455697727672822
0.9455732449907102
0.9455767172141378
0.9455801894375658
0.9455836616609935
0.9455871338844215
0.9455906061078494
0.9455940783312772
0.9455975505547052
0.9456010227781328
0.9456044950015609
0.9456079672249885
0.9456114394484165
0.9456149116718444
0.9456183838952722
0.9456218561187001
0.9456253283421279
0.9456288005655558
0.9456322727889835
0.9456357450124115
0.9456392172358392
0.9456426894592672
0.9456461616826951
0.9456496339061229
0.9456531061295508
0.9456565783529786
0.9456600505764065
0.9456635227998342
0.9456669950232622
0.9456704672466899
0.9456739394701179
0.9456774116935456
0.9456808839169736
0.9456843561404015
0.9456878283638293
0.9456913005872573
0.9456947728106849
0.9456982450341129
0.9457017172575406
0.9457051894809686
0.9457086617043965
0.9457121339278243
0.9457156061512522
0.94571907837468
0.9457225505981078
0.9457260228215356
0.9457294950449636
0.9457329672683913
0.9457364394918193
0.9457399117152472
0.945743383938675
0.9457468561621029
0.9457503283855306
0.9457538006089585
0.9457572728323863
0.9457607450558143
0.945764217279242
0.94576768950267
0.9457711617260977
0.9457746339495257
0.9457781061729535
0.9457815783963813
0.9457850506198094
0.945788522843237
0.945791995066665
0.9457954672900927
0.9457989395135207
0.9458024117369486
0.9458058839603763
0.9458093561838042
0.945812828407232
0.9458163006306599
0.9458197728540877
0.9458232450775158
0.9458267173009434
0.9458301895243715
0.9458336617477993
0.945837133971227
0.9458406061946549
0.9458440784180827
0.9458475506415106
0.9458510228649384
0.9458544950883665
0.9458579673117941
0.9458614395352222
0.9458649117586497
0.9458683839820778
0.9458718562055056
0.9458753284289335
0.9458788006523615
0.9458822728757892
0.9458857450992172
0.9458892173226447
0.9458926895460729
0.9458961617695006
0.9458996339929285
0.9459031062163563
0.9459065784397842
0.9459100506632122
0.9459135228866399
0.9459169951100679
0.9459204673334956
0.9459239395569236
0.9459274117803513
0.9459308840037792
0.945934356227207
0.9459378284506349
0.9459413006740627
0.9459447728974906
0.9459482451209186
0.9459517173443462
0.9459551895677742
0.9459586617912019
0.9459621340146299
0.9459656062380577
0.9459690784614856
0.9459725506849136
0.9459760229083413
0.9459794951317693
0.9459829673551969
0.9459864395786249
0.9459899118020526
0.9459933840254806
0.9459968562489084
0.9460003284723363
0.9460038006957643
0.946007272919192
0.94601074514262
0.9460142173660476
0.9460176895894756
0.9460211618129034
0.9460246340363313
0.9460281062597591
0.946031578483187
0.9460350507066148
0.9460385229300426
0.9460419951534706
0.9460454673768983
0.9460489396003263
0.9460524118237541
0.946055884047182
0.9460593562706098
0.9460628284940377
0.9460663007174654
0.9460697729408933
0.9460732451643213
0.946076717387749
0.946080189611177
0.9460836618346047
0.9460871340580327
0.9460906062814605
0.9460940785048884
0.9460975507283164
0.946101022951744
0.946104495175172
0.9461079673985997
0.9461114396220277
0.9461149118454556
0.9461183840688834
0.9461218562923112
0.946125328515739
0.9461288007391668
0.9461322729625947
0.9461357451860227
0.9461392174094504
0.9461426896328784
0.9461461618563063
0.9461496340797341
0.946153106303162
0.9461565785265897
0.9461600507500176
0.9461635229734454
0.9461669951968734
0.9461704674203011
0.9461739396437291
0.9461774118671568
