0.4378473742525605
0.4378508464759883
0.4378543186994162
0.43785779092284405
0.4378612631462719
0.4378647353696997
0.43786820759312767
0.4378716798165555
0.43787515203998334
0.4378786242634112
0.437882096486839
0.43788556871026696
0.4378890409336948
0.43789251315712263
0.4378959853805504
0.43789945760397836
0.4379029298274062
0.43790640205083403
0.43790987427426187
0.4379133464976897
0.43791681872111765
0.4379202909445455
0.4379237631679733
0.43792723539140116
0.43793070761482905
0.4379341798382569
0.4379376520616847
0.43794112428511256
0.4379445965085404
0.43794806873196834
0.4379515409553962
0.437955013178824
0.43795848540225185
0.43796195762567974
0.4379654298491076
0.4379689020725354
0.43797237429596325
0.4379758465193911
0.43797931874281903
0.43798279096624687
0.4379862631896747
0.43798973541310254
0.43799320763653043
0.43799667985995827
0.4380001520833861
0.43800362430681394
0.4380070965302418
0.4380105687536697
0.43801404097709756
0.4380175132005254
0.43802098542395324
0.4380244576473812
0.438027929870809
0.43803140209423685
0.4380348743176647
0.43803834654109247
0.4380418187645204
0.43804529098794825
0.4380487632113761
0.4380522354348039
0.4380557076582319
0.4380591798816597
0.43806265210508755
0.4380661243285154
0.4380695965519432
0.4380730687753711
0.43807654099879895
0.4380800132222268
0.4380834854456546
0.43808695766908257
0.4380904298925104
0.43809390211593824
0.4380973743393661
0.4381008465627939
0.4381043187862218
0.43810779100964964
0.4381112632330775
0.4381147354565053
0.43811820767993326
0.4381216799033611
0.43812515212678893
0.43812862435021677
0.4381320965736446
0.4381355687970725
0.43813904102050033
0.43814251324392817
0.438145985467356
0.43814945769078395
0.4381529299142118
0.4381564021376396
0.43815987436106746
0.4381633465844953
0.43816681880792324
0.4381702910313511
0.4381737632547789
0.43817723547820675
0.43818070770163464
0.4381841799250625
0.4381876521484903
0.43819112437191815
0.438194596595346
0.43819806881877393
0.43820154104220177
0.4382050132656296
0.43820848548905744
0.43821195771248533
0.43821542993591317
0.438218902159341
0.43822237438276884
0.4382258466061967
0.4382293188296246
0.43823279105305246
0.4382362632764803
0.43823973549990813
0.438243207723336
0.43824667994676386
0.4382501521701917
0.43825362439361953
0.43825709661704737
0.4382605688404753
0.43826404106390315
0.438267513287331
0.4382709855107588
0.4382744577341868
0.43827792995761455
0.4382814021810424
0.4382848744044702
0.43828834662789806
0.438291818851326
0.43829529107475385
0.4382987632981817
0.4383022355216095
0.43830570774503747
0.4383091799684653
0.43831265219189314
0.438316124415321
0.4383195966387488
0.4383230688621767
0.43832654108560454
0.4383300133090324
0.4383334855324602
0.43833695775588816
0.438340429979316
0.43834390220274383
0.43834737442617167
0.4383508466495995
0.4383543188730274
0.43835779109645523
0.43836126331988307
0.4383647355433109
0.43836820776673885
0.4383716799901667
0.4383751522135945
0.43837862443702236
0.4383820966604502
0.4383855688838781
0.4383890411073059
0.43839251333073376
0.4383959855541616
0.43839945777758954
0.4384029300010174
0.4384064022244452
0.43840987444787305
0.4384133466713009
0.43841681889472883
0.4384202911181566
0.43842376334158445
0.4384272355650123
0.43843070778844023
0.43843418001186807
0.4384376522352959
0.43844112445872374
0.4384445966821516
0.4384480689055795
0.43845154112900736
0.4384550133524352
0.43845848557586303
0.4384619577992909
0.43846543002271876
0.4384689022461466
0.43847237446957443
0.43847584669300227
0.4384793189164302
0.43848279113985805
0.4384862633632859
0.4384897355867137
0.4384932078101416
0.43849668003356945
0.4385001522569973
0.4385036244804251
0.43850709670385296
0.4385105689272809
0.43851404115070874
0.4385175133741366
0.4385209855975644
0.4385244578209923
0.43852793004442014
0.438531402267848
0.4385348744912758
0.43853834671470365
