0.7197919165944155
0.7197953888178433
0.7197988610412712
0.7198023332646991
0.7198058054881269
0.7198092777115548
0.7198127499349826
0.7198162221584105
0.7198196943818382
0.7198231666052661
0.719826638828694
0.7198301110521219
0.7198335832755498
0.7198370554989776
0.7198405277224055
0.7198439999458333
0.7198474721692611
0.7198509443926889
0.7198544166161169
0.7198578888395447
0.7198613610629726
0.7198648332864005
0.7198683055098283
0.7198717777332562
0.719875249956684
0.7198787221801118
0.7198821944035396
0.7198856666269675
0.7198891388503954
0.7198926110738234
0.7198960832972512
0.7198995555206791
0.7199030277441069
0.7199064999675346
0.7199099721909625
0.7199134444143903
0.7199169166378183
0.7199203888612461
0.719923861084674
0.7199273333081019
0.7199308055315298
0.7199342777549576
0.7199377499783854
0.7199412222018132
0.7199446944252411
0.719948166648669
0.7199516388720968
0.7199551110955247
0.7199585833189526
0.7199620555423805
0.7199655277658082
0.7199689999892361
0.7199724722126639
0.7199759444360918
0.7199794166595196
0.7199828888829475
0.7199863611063755
0.7199898333298033
0.7199933055532312
0.7199967777766589
0.7200002500000868
0.7200037222235146
0.7200071944469425
0.7200106666703704
0.7200141388937982
0.7200176111172261
0.720021083340654
0.7200245555640818
0.7200280277875096
0.7200315000109375
0.7200349722343653
0.7200384444577932
0.7200419166812211
0.720045388904649
0.7200488611280769
0.7200523333515046
0.7200558055749325
0.7200592777983603
0.7200627500217882
0.720066222245216
0.7200696944686439
0.7200731666920717
0.7200766389154997
0.7200801111389274
0.7200835833623553
0.7200870555857832
0.720090527809211
0.7200940000326389
0.7200974722560667
0.7201009444794946
0.7201044167029225
0.7201078889263504
0.7201113611497781
0.720114833373206
0.7201183055966339
0.7201217778200617
0.7201252500434896
0.7201287222669174
0.7201321944903453
0.720135666713773
0.720139138937201
0.7201426111606289
0.7201460833840567
0.7201495556074846
0.7201530278309124
0.7201565000543403
0.7201599722777681
0.720163444501196
0.7201669167246239
0.7201703889480517
0.7201738611714795
0.7201773333949075
0.7201808056183353
0.7201842778417632
0.720187750065191
0.7201912222886188
0.7201946945120467
0.7201981667354745
0.7202016389589024
0.7202051111823302
0.7202085834057582
0.720212055629186
0.7202155278526139
0.7202190000760417
0.7202224722994696
0.7202259445228973
0.7202294167463252
0.7202328889697531
0.720236361193181
0.7202398334166089
0.7202433056400367
0.7202467778634646
0.7202502500868924
0.7202537223103203
0.720257194533748
0.7202606667571759
0.7202641389806038
0.7202676112040316
0.7202710834274596
0.7202745556508874
0.7202780278743153
0.720281500097743
0.720284972321171
0.7202884445445987
0.7202919167680266
0.7202953889914545
0.7202988612148824
0.7203023334383103
0.7203058056617381
0.720309277885166
0.7203127501085937
0.7203162223320216
0.7203196945554494
0.7203231667788773
0.7203266390023052
0.7203301112257331
0.720333583449161
0.7203370556725888
0.7203405278960167
0.7203440001194444
0.7203474723428723
0.7203509445663001
0.7203544167897281
0.7203578890131559
0.7203613612365838
0.7203648334600117
0.7203683056834395
0.7203717779068673
0.7203752501302951
0.720378722353723
0.7203821945771508
0.7203856668005787
0.7203891390240066
0.7203926112474345
0.7203960834708624
0.7203995556942902
0.720403027917718
0.7204065001411458
0.7204099723645737
0.7204134445880015
0.7204169168114295
0.7204203890348573
0.7204238612582852
0.7204273334817131
0.7204308057051408
0.7204342779285687
0.7204377501519965
0.7204412223754244
0.7204446945988522
0.7204481668222802
0.720451639045708
0.7204551112691359
0.7204585834925638
0.7204620557159916
0.7204655279394194
0.7204690001628473
0.7204724723862751
0.7204759446097029
0.7204794168331308
0.7204828890565587
