0.1795139512201219
0.1795174234435498
0.17952089566697763
0.17952436789040552
0.17952784011383338
0.1795313123372612
0.17953478456068905
0.1795382567841169
0.17954172900754478
0.17954520123097265
0.17954867345440048
0.17955214567782837
0.17955561790125615
0.17955909012468405
0.17956256234811188
0.17956603457153975
0.17956950679496764
0.17957297901839547
0.17957645124182336
0.17957992346525115
0.17958339568867904
0.1795868679121069
0.17959034013553474
0.17959381235896263
0.17959728458239047
0.17960075680581833
0.17960422902924622
0.179607701252674
0.1796111734761019
0.17961464569952973
0.1796181179229576
0.17962159014638548
0.17962506236981332
0.17962853459324116
0.179632006816669
0.17963547904009686
0.1796389512635247
0.17964242348695258
0.17964589571038048
0.1796493679338083
0.17965284015723615
0.17965631238066396
0.17965978460409185
0.17966325682751974
0.17966672905094758
0.17967020127437544
0.17967367349780325
0.1796771457212311
0.179680617944659
0.17968409016808684
0.1796875623915147
0.17969103461494254
0.17969450683837043
0.1796979790617982
0.1797014512852261
0.17970492350865397
0.1797083957320818
0.1797118679555097
0.17971534017893753
0.17971881240236542
0.1797222846257933
0.1797257568492211
0.17972922907264896
0.1797327012960768
0.1797361735195047
0.17973964574293255
0.1797431179663604
0.17974659018978828
0.17975006241321606
0.17975353463664395
0.17975700686007182
0.17976047908349965
0.17976395130692754
0.17976742353035538
0.17977089575378322
0.17977436797721105
0.17977784020063892
0.1797813124240668
0.17978478464749464
0.17978825687092254
0.17979172909435032
0.1797952013177782
0.17979867354120607
0.1798021457646339
0.1798056179880618
0.17980909021148964
0.1798125624349175
0.1798160346583454
0.17981950688177317
0.17982297910520106
0.1798264513286289
0.17982992355205676
0.17983339577548466
0.1798368679989125
0.17984034022234038
0.17984381244576816
0.17984728466919603
0.17985075689262386
0.17985422911605176
0.17985770133947965
0.17986117356290748
0.17986464578633535
0.17986811800976316
0.17987159023319102
0.1798750624566189
0.17987853468004675
0.1798820069034746
0.17988547912690245
0.17988895135033034
0.17989242357375818
0.179895895797186
0.17989936802061388
0.1799028402440417
0.1799063124674696
0.17990978469089744
0.17991325691432528
0.17991672913775317
0.17992020136118098
0.17992367358460887
0.1799271458080367
0.1799306180314646
0.17993409025489246
0.17993756247832027
0.17994103470174813
0.17994450692517597
0.17994797914860386
0.17995145137203172
0.17995492359545956
0.17995839581888745
0.17996186804231523
0.17996534026574312
0.179968812489171
0.17997228471259882
0.17997575693602672
0.17997922915945455
0.17998270138288244
0.17998617360631022
0.1799896458297381
0.17999311805316598
0.17999659027659382
0.1800000625000217
0.18000353472344954
0.1800070069468774
0.18001047917030524
0.18001395139373308
0.18001742361716097
0.1800208958405888
0.18002436806401667
0.18002784028744456
0.18003131251087234
0.18003478473430023
0.18003825695772807
0.18004172918115594
0.18004520140458383
0.18004867362801166
0.18005214585143955
0.18005561807486734
0.1800590902982952
0.18006256252172304
0.18006603474515093
0.18006950696857882
0.18007297919200665
0.18007645141543452
0.18007992363886233
0.1800833958622902
0.18008686808571808
0.18009034030914592
0.18009381253257378
0.18009728475600162
0.1801007569794295
0.1801042292028574
0.18010770142628518
0.18011117364971305
0.18011464587314088
0.18011811809656877
0.18012159031999667
0.1801250625434245
0.18012853476685234
0.18013200699028015
0.18013547921370804
0.18013895143713587
0.18014242366056377
0.18014589588399163
0.18014936810741947
0.1801528403308473
0.18015631255427514
0.18015978477770303
0.1801632570011309
0.18016672922455873
0.18017020144798662
0.1801736736714144
0.1801771458948423
0.18018061811827016
0.180184090341698
0.18018756256512589
0.18019103478855372
0.18019450701198161
0.1801979792354094
0.18020145145883726
0.18020492368226515
