0.3663195716387401
0.366323043862168
0.36632651608559585
0.3663299883090237
0.3663334605324515
0.3663369327558794
0.3663404049793073
0.36634387720273515
0.366347349426163
0.3663508216495908
0.3663542938730187
0.36635776609644655
0.3663612383198744
0.3663647105433022
0.3663681827667301
0.36637165499015795
0.36637512721358584
0.3663785994370137
0.36638207166044157
0.3663855438838694
0.36638901610729724
0.3663924883307251
0.36639596055415297
0.3663994327775808
0.3664029050010087
0.36640637722443653
0.36640984944786437
0.36641332167129226
0.36641679389472015
0.366420266118148
0.3664237383415758
0.3664272105650036
0.36643068278843144
0.3664341550118594
0.3664376272352872
0.36644109945871506
0.3664445716821429
0.3664480439055708
0.3664515161289987
0.3664549883524265
0.36645846057585435
0.3664619327992822
0.3664654050227101
0.3664688772461379
0.36647234946956575
0.36647582169299364
0.3664792939164215
0.36648276613984937
0.3664862383632772
0.3664897105867051
0.36649318281013293
0.36649665503356077
0.3665001272569886
0.36650359948041644
0.3665070717038443
0.3665105439272722
0.36651401615070006
0.3665174883741279
0.36652096059755573
0.3665244328209836
0.36652790504441146
0.3665313772678393
0.36653484949126713
0.36653832171469497
0.36654179393812286
0.36654526616155075
0.3665487383849786
0.3665522106084064
0.3665556828318343
0.3665591550552622
0.36656262727869005
0.3665660995021179
0.3665695717255457
0.3665730439489736
0.36657651617240145
0.3665799883958293
0.3665834606192571
0.366586932842685
0.3665904050661129
0.36659387728954074
0.3665973495129686
0.3666008217363964
0.36660429395982425
0.36660776618325214
0.36661123840668
0.3666147106301078
0.3666181828535357
0.36662165507696354
0.36662512730039143
0.36662859952381927
0.36663207174724716
0.366635543970675
0.36663901619410283
0.36664248841753067
0.36664596064095856
0.3666494328643864
0.3666529050878143
0.3666563773112421
0.36665984953466996
0.36666332175809785
0.3666667939815257
0.3666702662049535
0.36667373842838136
0.3666772106518092
0.36668068287523703
0.366684155098665
0.3666876273220928
0.36669109954552065
0.3666945717689485
0.3666980439923764
0.36670151621580427
0.3667049884392321
0.36670846066265994
0.3667119328860878
0.36671540510951567
0.3667188773329435
0.36672234955637134
0.36672582177979923
0.36672929400322707
0.36673276622665496
0.3667362384500828
0.36673971067351063
0.36674318289693847
0.36674665512036636
0.3667501273437942
0.36675359956722203
0.36675707179064987
0.3667605440140778
0.36676401623750565
0.3667674884609335
0.3667709606843613
0.3667744329077892
0.36677790513121705
0.3667813773546449
0.3667848495780727
0.36678832180150056
0.36679179402492845
0.36679526624835634
0.3667987384717842
0.366802210695212
0.3668056829186399
0.36680915514206774
0.3668126273654956
0.3668160995889234
0.3668195718123513
0.3668230440357792
0.36682651625920704
0.36682998848263487
0.3668334607060627
0.3668369329294906
0.3668404051529185
0.36684387737634633
0.36684734959977416
0.366850821823202
0.36685429404662984
0.36685776627005773
0.36686123849348556
0.3668647107169134
0.3668681829403413
0.36687165516376913
0.366875127387197
0.36687859961062486
0.3668820718340527
0.36688554405748053
0.3668890162809084
0.36689248850433626
0.36689596072776415
0.366899432951192
0.3669029051746199
0.3669063773980477
0.36690984962147555
0.36691332184490344
0.3669167940683313
0.3669202662917591
0.36692373851518695
0.3669272107386148
0.3669306829620426
0.36693415518547057
0.3669376274088984
0.36694109963232624
0.3669445718557541
0.36694804407918197
0.3669515163026098
0.36695498852603764
0.3669584607494655
0.36696193297289337
0.36696540519632126
0.3669688774197491
0.36697234964317693
0.3669758218666048
0.36697929409003266
0.36698276631346055
0.3669862385368884
0.3669897107603162
0.36699318298374406
0.36699665520717195
0.3670001274305998
0.3670035996540276
0.36700707187745546
0.3670105441008834
