0.8239586194300762
0.8239620916535041
0.8239655638769319
0.8239690361003598
0.8239725083237875
0.8239759805472154
0.8239794527706433
0.8239829249940712
0.8239863972174991
0.8239898694409269
0.8239933416643548
0.8239968138877826
0.8240002861112105
0.8240037583346382
0.8240072305580661
0.824010702781494
0.8240141750049219
0.8240176472283497
0.8240211194517776
0.8240245916752055
0.8240280638986333
0.8240315361220611
0.8240350083454889
0.8240384805689169
0.8240419527923446
0.8240454250157726
0.8240488972392004
0.8240523694626283
0.8240558416860562
0.824059313909484
0.8240627861329118
0.8240662583563396
0.8240697305797675
0.8240732028031953
0.8240766750266233
0.8240801472500512
0.8240836194734791
0.8240870916969069
0.8240905639203348
0.8240940361437625
0.8240975083671903
0.8241009805906182
0.8241044528140461
0.824107925037474
0.8241113972609019
0.8241148694843298
0.8241183417077576
0.8241218139311854
0.8241252861546132
0.8241287583780411
0.824132230601469
0.8241357028248968
0.8241391750483247
0.8241426472717525
0.8241461194951805
0.8241495917186082
0.8241530639420361
0.8241565361654639
0.8241600083888918
0.8241634806123196
0.8241669528357475
0.8241704250591754
0.8241738972826033
0.8241773695060312
0.8241808417294589
0.8241843139528868
0.8241877861763146
0.8241912583997425
0.8241947306231703
0.8241982028465982
0.8242016750700261
0.824205147293454
0.8242086195168818
0.8242120917403096
0.8242155639637375
0.8242190361871653
0.8242225084105932
0.824225980634021
0.824229452857449
0.8242329250808769
0.8242363973043046
0.8242398695277325
0.8242433417511603
0.8242468139745882
0.824250286198016
0.8242537584214439
0.8242572306448717
0.8242607028682996
0.8242641750917274
0.8242676473151553
0.8242711195385832
0.824274591762011
0.8242780639854389
0.8242815362088667
0.8242850084322946
0.8242884806557224
0.8242919528791504
0.8242954251025781
0.824298897326006
0.8243023695494338
0.8243058417728617
0.8243093139962896
0.8243127862197174
0.8243162584431453
0.824319730666573
0.824323202890001
0.8243266751134289
0.8243301473368567
0.8243336195602846
0.8243370917837124
0.8243405640071403
0.8243440362305681
0.824347508453996
0.8243509806774239
0.8243544529008516
0.8243579251242795
0.8243613973477074
0.8243648695711353
0.8243683417945632
0.824371814017991
0.8243752862414189
0.8243787584648467
0.8243822306882744
0.8243857029117024
0.8243891751351302
0.8243926473585582
0.824396119581986
0.8243995918054139
0.8244030640288417
0.8244065362522696
0.8244100084756973
0.8244134806991252
0.8244169529225531
0.824420425145981
0.8244238973694088
0.8244273695928367
0.8244308418162646
0.8244343140396924
0.8244377862631203
0.824441258486548
0.8244447307099759
0.8244482029334037
0.8244516751568316
0.8244551473802595
0.8244586196036874
0.8244620918271153
0.824465564050543
0.824469036273971
0.8244725084973987
0.8244759807208266
0.8244794529442545
0.8244829251676823
0.8244863973911103
0.8244898696145381
0.824493341837966
0.8244968140613937
0.8245002862848216
0.8245037585082494
0.8245072307316773
0.8245107029551052
0.8245141751785331
0.824517647401961
0.8245211196253888
0.8245245918488167
0.8245280640722444
0.8245315362956723
0.8245350085191001
0.8245384807425281
0.8245419529659558
0.8245454251893838
0.8245488974128116
0.8245523696362395
0.8245558418596673
0.8245593140830951
0.824562786306523
0.8245662585299508
0.8245697307533787
0.8245732029768065
0.8245766752002345
0.8245801474236624
0.8245836196470901
0.824587091870518
0.8245905640939458
0.8245940363173737
0.8245975085408015
0.8246009807642294
0.8246044529876573
0.8246079252110852
0.8246113974345131
0.824614869657941
0.8246183418813687
0.8246218141047965
0.8246252863282244
0.8246287585516522
0.8246322307750802
0.824635702998508
0.8246391752219359
0.8246426474453636
0.8246461196687916
0.8246495918922194
