0.5579863048563558
0.5579897770797837
0.5579932493032116
0.5579967215266395
0.5580001937500673
0.558003665973495
0.5580071381969229
0.5580106104203508
0.5580140826437787
0.5580175548672065
0.5580210270906344
0.5580244993140623
0.5580279715374902
0.558031443760918
0.5580349159843458
0.5580383882077736
0.5580418604312015
0.5580453326546294
0.5580488048780572
0.5580522771014851
0.558055749324913
0.5580592215483409
0.5580626937717686
0.5580661659951965
0.5580696382186243
0.5580731104420522
0.5580765826654801
0.5580800548889079
0.5580835271123358
0.5580869993357637
0.5580904715591916
0.5580939437826193
0.5580974160060472
0.558100888229475
0.5581043604529029
0.5581078326763308
0.5581113048997586
0.5581147771231865
0.5581182493466144
0.5581217215700423
0.55812519379347
0.5581286660168979
0.5581321382403257
0.5581356104637537
0.5581390826871815
0.5581425549106093
0.5581460271340372
0.558149499357465
0.5581529715808929
0.5581564438043207
0.5581599160277486
0.5581633882511764
0.5581668604746044
0.5581703326980322
0.5581738049214601
0.5581772771448879
0.5581807493683157
0.5581842215917436
0.5581876938151714
0.5581911660385993
0.5581946382620271
0.5581981104854551
0.5582015827088829
0.5582050549323108
0.5582085271557385
0.5582119993791664
0.5582154716025943
0.5582189438260221
0.55822241604945
0.5582258882728778
0.5582293604963058
0.5582328327197336
0.5582363049431615
0.5582397771665892
0.5582432493900171
0.558246721613445
0.5582501938368728
0.5582536660603007
0.5582571382837285
0.5582606105071565
0.5582640827305843
0.5582675549540121
0.5582710271774399
0.5582744994008679
0.5582779716242957
0.5582814438477236
0.5582849160711514
0.5582883882945792
0.5582918605180072
0.558295332741435
0.5582988049648628
0.5583022771882906
0.5583057494117186
0.5583092216351464
0.5583126938585743
0.5583161660820021
0.55831963830543
0.5583231105288579
0.5583265827522856
0.5583300549757135
0.5583335271991413
0.5583369994225693
0.5583404716459971
0.558343943869425
0.5583474160928528
0.5583508883162807
0.5583543605397085
0.5583578327631363
0.5583613049865642
0.558364777209992
0.55836824943342
0.5583717216568478
0.5583751938802757
0.5583786661037035
0.5583821383271313
0.5583856105505592
0.558389082773987
0.5583925549974149
0.5583960272208427
0.5583994994442707
0.5584029716676985
0.5584064438911264
0.5584099161145542
0.558413388337982
0.5584168605614099
0.5584203327848378
0.5584238050082656
0.5584272772316934
0.5584307494551214
0.5584342216785492
0.5584376939019771
0.5584411661254048
0.5584446383488327
0.5584481105722606
0.5584515827956885
0.5584550550191163
0.5584585272425442
0.5584619994659721
0.5584654716893999
0.5584689439128278
0.5584724161362555
0.5584758883596834
0.5584793605831113
0.5584828328065392
0.558486305029967
0.5584897772533949
0.5584932494768228
0.5584967217002506
0.5585001939236784
0.5585036661471062
0.5585071383705341
0.558510610593962
0.5585140828173899
0.5585175550408177
0.5585210272642456
0.5585244994876735
0.5585279717111012
0.5585314439345291
0.5585349161579569
0.5585383883813848
0.5585418606048127
0.5585453328282406
0.5585488050516684
0.5585522772750963
0.5585557494985242
0.558559221721952
0.5585626939453798
0.5585661661688077
0.5585696383922355
0.5585731106156634
0.5585765828390913
0.5585800550625191
0.558583527285947
0.5585869995093748
0.5585904717328027
0.5585939439562305
0.5585974161796584
0.5586008884030862
0.5586043606265141
0.558607832849942
0.5586113050733698
0.5586147772967976
0.5586182495202255
0.5586217217436534
0.5586251939670812
0.5586286661905091
0.5586321384139369
0.5586356106373648
0.5586390828607927
0.5586425550842204
0.5586460273076483
0.5586494995310762
0.5586529717545041
0.5586564439779319
0.5586599162013598
0.5586633884247876
0.5586668606482155
0.5586703328716434
0.5586738050950711
0.558677277318499
