0.3406251182726105
0.34062859049603833
0.3406320627194662
0.34063553494289406
0.34063900716632195
0.3406424793897498
0.3406459516131776
0.3406494238366055
0.34065289606003335
0.3406563682834612
0.340659840506889
0.34066331273031686
0.34066678495374475
0.34067025717717264
0.3406737294006005
0.3406772016240283
0.3406806738474562
0.34068414607088404
0.3406876182943119
0.3406910905177397
0.3406945627411676
0.34069803496459544
0.34070150718802333
0.34070497941145117
0.340708451634879
0.3407119238583069
0.3407153960817348
0.3407188683051626
0.3407223405285904
0.3407258127520183
0.3407292849754462
0.340732757198874
0.34073622942230186
0.3407397016457297
0.34074317386915753
0.3407466460925855
0.3407501183160133
0.34075359053944115
0.340757062762869
0.3407605349862968
0.3407640072097247
0.34076747943315255
0.3407709516565804
0.3407744238800083
0.3407778961034361
0.340781368326864
0.34078484055029185
0.34078831277371974
0.3407917849971476
0.3407952572205754
0.34079872944400325
0.34080220166743114
0.340805673890859
0.34080914611428687
0.3408126183377147
0.34081609056114254
0.3408195627845704
0.34082303500799827
0.3408265072314261
0.34082997945485394
0.3408334516782818
0.3408369239017096
0.34084039612513756
0.3408438683485654
0.34084734057199323
0.34085081279542107
0.34085428501884896
0.34085775724227685
0.3408612294657047
0.34086470168913247
0.34086817391256036
0.34087164613598825
0.3408751183594161
0.3408785905828439
0.3408820628062718
0.3408855350296997
0.34088900725312754
0.3408924794765554
0.3408959516999832
0.34089942392341105
0.34090289614683894
0.3409063683702668
0.3409098405936946
0.34091331281712245
0.34091678504055034
0.34092025726397823
0.34092372948740607
0.3409272017108339
0.3409306739342618
0.34093414615768963
0.34093761838111747
0.3409410906045453
0.3409445628279732
0.34094803505140103
0.3409515072748289
0.34095497949825676
0.3409584517216846
0.3409619239451125
0.3409653961685403
0.34096886839196816
0.340972340615396
0.3409758128388239
0.3409792850622518
0.3409827572856796
0.34098622950910745
0.3409897017325353
0.3409931739559631
0.34099664617939107
0.3410001184028189
0.34100359062624674
0.3410070628496745
0.3410105350731024
0.3410140072965303
0.34101747951995814
0.341020951743386
0.34102442396681387
0.3410278961902417
0.3410313684136696
0.34103484063709744
0.3410383128605253
0.3410417850839531
0.341045257307381
0.34104872953080884
0.34105220175423673
0.34105567397766456
0.34105914620109246
0.3410626184245203
0.34106609064794813
0.34106956287137596
0.34107303509480386
0.3410765073182317
0.34107997954165953
0.34108345176508736
0.34108692398851526
0.34109039621194315
0.341093868435371
0.3410973406587988
0.34110081288222666
0.34110428510565455
0.3411077573290824
0.3411112295525102
0.34111470177593806
0.34111817399936595
0.34112164622279384
0.3411251184462217
0.3411285906696495
0.3411320628930774
0.3411355351165053
0.34113900733993313
0.34114247956336097
0.3411459517867888
0.34114942401021664
0.34115289623364453
0.34115636845707237
0.3411598406805002
0.34116331290392804
0.34116678512735593
0.3411702573507838
0.34117372957421166
0.3411772017976395
0.34118067402106733
0.34118414624449517
0.34118761846792306
0.3411910906913509
0.3411945629147788
0.3411980351382066
0.3412015073616345
0.34120497958506235
0.3412084518084902
0.3412119240319181
0.3412153962553459
0.34121886847877375
0.3412223407022016
0.3412258129256295
0.34122928514905737
0.3412327573724852
0.34123622959591304
0.3412397018193409
0.3412431740427687
0.3412466462661966
0.34125011848962444
0.3412535907130523
0.3412570629364801
0.341260535159908
0.3412640073833359
0.34126747960676374
0.34127095183019157
0.34127442405361946
0.3412778962770473
0.3412813685004752
0.341284840723903
0.34128831294733086
0.3412917851707587
0.3412952573941866
0.3412987296176144
0.3413022018410423
0.34130567406447015
0.34130914628789805
0.3413126185113259
0.3413160907347537
