0.4406251529948448
0.4406286252182726
0.44063209744170045
0.4406355696651284
0.44063904188855624
0.4406425141119841
0.44064598633541185
0.4406494585588398
0.44065293078226764
0.4406564030056955
0.4406598752291233
0.44066334745255115
0.4406668196759791
0.44067029189940693
0.44067376412283477
0.4406772363462626
0.4406807085696905
0.44068418079311833
0.44068765301654617
0.440691125239974
0.44069459746340184
0.4406980696868298
0.4407015419102576
0.44070501413368546
0.4407084863571133
0.4407119585805412
0.440715430803969
0.44071890302739686
0.4407223752508247
0.44072584747425253
0.4407293196976805
0.4407327919211083
0.44073626414453615
0.440739736367964
0.4407432085913919
0.4407466808148197
0.44075015303824755
0.4407536252616754
0.4407570974851032
0.44076056970853117
0.440764041931959
0.44076751415538684
0.4407709863788147
0.4407744586022426
0.44077793082567046
0.4407814030490983
0.44078487527252613
0.4407883474959539
0.44079181971938186
0.4407952919428097
0.44079876416623753
0.44080223638966537
0.4408057086130933
0.44080918083652115
0.440812653059949
0.4408161252833768
0.44081959750680466
0.44082306973023255
0.4408265419536604
0.4408300141770882
0.44083348640051606
0.440836958623944
0.44084043084737184
0.4408439030707997
0.4408473752942275
0.44085084751765535
0.44085431974108324
0.4408577919645111
0.4408612641879389
0.44086473641136675
0.4408682086347947
0.44087168085822254
0.4408751530816504
0.4408786253050782
0.44088209752850605
0.44088556975193394
0.4408890419753618
0.4408925141987896
0.44089598642221745
0.4408994586456454
0.44090293086907323
0.44090640309250106
0.4409098753159289
0.44091334753935674
0.4409168197627847
0.4409202919862125
0.44092376420964036
0.4409272364330682
0.4409307086564961
0.4409341808799239
0.44093765310335176
0.4409411253267796
0.44094459755020743
0.4409480697736354
0.4409515419970632
0.44095501422049105
0.4409584864439189
0.4409619586673468
0.4409654308907746
0.44096890311420245
0.4409723753376303
0.4409758475610581
0.44097931978448607
0.4409827920079139
0.44098626423134174
0.4409897364547696
0.44099320867819747
0.4409966809016253
0.44100015312505314
0.441003625348481
0.4410070975719088
0.44101056979533676
0.4410140420187646
0.44101751424219243
0.44102098646562027
0.4410244586890482
0.441027930912476
0.44103140313590383
0.44103487535933167
0.4410383475827595
0.44104181980618745
0.4410452920296153
0.4410487642530431
0.44105223647647096
0.4410557086998989
0.44105918092332674
0.4410626531467546
0.4410661253701824
0.44106959759361025
0.44107306981703814
0.441076542040466
0.4410800142638938
0.44108348648732165
0.4410869587107496
0.44109043093417744
0.44109390315760527
0.4410973753810331
0.44110084760446094
0.44110431982788884
0.44110779205131667
0.4411112642747445
0.44111473649817234
0.4411182087216003
0.4411216809450281
0.44112515316845596
0.4411286253918838
0.44113209761531164
0.4411355698387395
0.44113904206216736
0.4411425142855952
0.44114598650902304
0.441149458732451
0.4411529309558788
0.44115640317930666
0.4411598754027345
0.4411633476261623
0.4411668198495903
0.44117029207301806
0.4411737642964459
0.44117723651987373
0.4411807087433017
0.4411841809667295
0.44118765319015735
0.4411911254135852
0.441194597637013
0.44119806986044097
0.4412015420838688
0.44120501430729664
0.4412084865307245
0.44121195875415237
0.4412154309775802
0.44121890320100804
0.4412223754244359
0.4412258476478637
0.44122931987129166
0.4412327920947195
0.44123626431814733
0.44123973654157517
0.44124320876500306
0.4412466809884309
0.44125015321185873
0.44125362543528657
0.4412570976587144
0.44126056988214235
0.4412640421055702
0.441267514328998
0.44127098655242586
0.44127445877585375
0.4412779309992816
0.4412814032227094
0.44128487544613726
0.4412883476695651
0.44129181989299304
0.4412952921164209
0.4412987643398487
0.44130223656327655
0.4413057087867045
0.44130918101013233
0.4413126532335601
0.44131612545698795
