0.6281252180990341
0.6281286903224619
0.6281321625458898
0.6281356347693177
0.6281391069927454
0.6281425792161733
0.6281460514396012
0.6281495236630291
0.6281529958864569
0.6281564681098848
0.6281599403333126
0.6281634125567405
0.6281668847801684
0.6281703570035961
0.628173829227024
0.6281773014504518
0.6281807736738798
0.6281842458973076
0.6281877181207355
0.6281911903441633
0.6281946625675912
0.6281981347910189
0.6282016070144468
0.6282050792378747
0.6282085514613026
0.6282120236847305
0.6282154959081583
0.6282189681315862
0.628222440355014
0.6282259125784418
0.6282293848018697
0.6282328570252976
0.6282363292487254
0.6282398014721533
0.6282432736955812
0.628246745919009
0.6282502181424369
0.6282536903658646
0.6282571625892925
0.6282606348127204
0.6282641070361483
0.6282675792595761
0.628271051483004
0.6282745237064319
0.6282779959298597
0.6282814681532876
0.6282849403767153
0.6282884126001432
0.6282918848235711
0.628295357046999
0.6282988292704268
0.6283023014938547
0.6283057737172826
0.6283092459407104
0.6283127181641383
0.628316190387566
0.6283196626109939
0.6283231348344218
0.6283266070578497
0.6283300792812775
0.6283335515047054
0.6283370237281333
0.628340495951561
0.6283439681749889
0.6283474403984167
0.6283509126218446
0.6283543848452725
0.6283578570687004
0.6283613292921282
0.6283648015155562
0.628368273738984
0.6283717459624119
0.6283752181858396
0.6283786904092674
0.6283821626326953
0.6283856348561232
0.6283891070795511
0.6283925793029789
0.6283960515264069
0.6283995237498347
0.6284029959732625
0.6284064681966903
0.6284099404201182
0.6284134126435461
0.6284168848669739
0.6284203570904018
0.6284238293138296
0.6284273015372575
0.6284307737606853
0.6284342459841132
0.628437718207541
0.6284411904309689
0.6284446626543967
0.6284481348778246
0.6284516071012525
0.6284550793246803
0.6284585515481083
0.628462023771536
0.6284654959949639
0.6284689682183917
0.6284724404418196
0.6284759126652474
0.6284793848886753
0.6284828571121032
0.628486329335531
0.628489801558959
0.6284932737823867
0.6284967460058146
0.6285002182292424
0.6285036904526703
0.6285071626760981
0.6285106348995261
0.6285141071229539
0.6285175793463817
0.6285210515698095
0.6285245237932374
0.6285279960166653
0.6285314682400931
0.628534940463521
0.6285384126869488
0.6285418849103768
0.6285453571338045
0.6285488293572324
0.6285523015806603
0.6285557738040881
0.628559246027516
0.6285627182509438
0.6285661904743717
0.6285696626977995
0.6285731349212275
0.6285766071446552
0.6285800793680831
0.6285835515915109
0.6285870238149388
0.6285904960383667
0.6285939682617945
0.6285974404852224
0.6286009127086502
0.6286043849320782
0.6286078571555059
0.6286113293789338
0.6286148016023617
0.6286182738257895
0.6286217460492174
0.6286252182726452
0.6286286904960731
0.6286321627195008
0.6286356349429288
0.6286391071663566
0.6286425793897845
0.6286460516132124
0.6286495238366403
0.6286529960600681
0.628656468283496
0.6286599405069238
0.6286634127303516
0.6286668849537795
0.6286703571772073
0.6286738294006352
0.628677301624063
0.628680773847491
0.6286842460709188
0.6286877182943467
0.6286911905177744
0.6286946627412023
0.6286981349646301
0.628701607188058
0.6287050794114859
0.6287085516349138
0.6287120238583417
0.6287154960817695
0.6287189683051974
0.6287224405286251
0.628725912752053
0.6287293849754809
0.6287328571989087
0.6287363294223366
0.6287398016457645
0.6287432738691924
0.6287467460926202
0.628750218316048
0.6287536905394758
0.6287571627629037
0.6287606349863316
0.6287641072097594
0.6287675794331873
0.6287710516566151
0.6287745238800431
0.6287779961034708
0.6287814683268987
0.6287849405503265
0.6287884127737544
0.6287918849971823
0.6287953572206102
0.628798829444038
0.6288023016674659
0.6288057738908938
0.6288092461143215
0.6288127183377494
0.6288161905611772
