0.9836808971114226
0.9836843693348505
0.9836878415582783
0.9836913137817062
0.9836947860051339
0.9836982582285619
0.9837017304519896
0.9837052026754176
0.9837086748988455
0.9837121471222733
0.9837156193457012
0.983719091569129
0.9837225637925568
0.9837260360159846
0.9837295082394127
0.9837329804628403
0.9837364526862683
0.983739924909696
0.983743397133124
0.9837468693565519
0.9837503415799796
0.9837538138034078
0.9837572860268353
0.9837607582502634
0.983764230473691
0.9837677026971191
0.9837711749205469
0.9837746471439748
0.9837781193674026
0.9837815915908303
0.9837850638142582
0.983788536037686
0.9837920082611141
0.9837954804845417
0.9837989527079698
0.9838024249313976
0.9838058971548255
0.9838093693782533
0.9838128416016811
0.9838163138251089
0.9838197860485368
0.9838232582719648
0.9838267304953924
0.9838302027188205
0.983833674942248
0.9838371471656762
0.9838406193891039
0.9838440916125318
0.9838475638359598
0.9838510360593875
0.9838545082828155
0.9838579805062432
0.9838614527296712
0.983864924953099
0.9838683971765269
0.9838718693999546
0.9838753416233825
0.9838788138468103
0.9838822860702382
0.9838857582936662
0.9838892305170939
0.9838927027405219
0.9838961749639497
0.9838996471873775
0.9839031194108053
0.9839065916342332
0.983910063857661
0.9839135360810889
0.9839170083045169
0.9839204805279446
0.9839239527513726
0.9839274249748002
0.9839308971982282
0.983934369421656
0.9839378416450839
0.9839413138685119
0.9839447860919396
0.9839482583153676
0.9839517305387953
0.9839552027622233
0.983958674985651
0.9839621472090789
0.9839656194325067
0.9839690916559346
0.9839725638793624
0.9839760361027903
0.9839795083262183
0.983982980549646
0.983986452773074
0.9839899249965017
0.9839933972199296
0.9839968694433574
0.9840003416667853
0.9840038138902131
0.984007286113641
0.984010758337069
0.9840142305604966
0.9840177027839246
0.9840211750073523
0.9840246472307803
0.9840281194542081
0.984031591677636
0.984035063901064
0.9840385361244917
0.9840420083479197
0.9840454805713473
0.9840489527947753
0.9840524250182032
0.984055897241631
0.9840593694650589
0.9840628416884867
0.9840663139119147
0.9840697861353424
0.9840732583587704
0.984076730582198
0.984080202805626
0.9840836750290539
0.9840871472524817
0.9840906194759096
0.9840940916993374
0.9840975639227653
0.984101036146193
0.984104508369621
0.9841079805930487
0.9841114528164767
0.9841149250399044
0.9841183972633324
0.9841218694867603
0.9841253417101881
0.9841288139336161
0.9841322861570437
0.9841357583804717
0.9841392306038994
0.9841427028273274
0.9841461750507551
0.9841496472741831
0.984153119497611
0.9841565917210388
0.9841600639444668
0.9841635361678944
0.9841670083913224
0.9841704806147501
0.9841739528381781
0.984177425061606
0.9841808972850338
0.9841843695084617
0.9841878417318894
0.9841913139553173
0.9841947861787451
0.9841982584021731
0.9842017306256008
0.9842052028490288
0.9842086750724567
0.9842121472958845
0.9842156195193124
0.9842190917427401
0.984222563966168
0.9842260361895958
0.9842295084130238
0.9842329806364515
0.9842364528598795
0.9842399250833072
0.9842433973067352
0.984246869530163
0.9842503417535908
0.9842538139770188
0.9842572862004465
0.9842607584238745
0.9842642306473022
0.9842677028707302
0.9842711750941581
0.9842746473175858
0.9842781195410137
0.9842815917644415
0.9842850639878694
0.9842885362112972
0.9842920084347253
0.9842954806581529
0.9842989528815809
0.9843024251050088
0.9843058973284365
0.9843093695518644
0.9843128417752922
0.9843163139987201
0.9843197862221479
0.984323258445576
0.9843267306690036
0.9843302028924317
0.9843336751158592
0.9843371473392873
0.9843406195627151
0.984344091786143
0.984347564009571
0.9843510362329986
0.9843545084564267
0.9843579806798542
0.9843614529032824
0.9843649251267101
0.984368397350138
0.9843718695735658
