0.519791847149947
0.5197953193733748
0.5197987915968026
0.5198022638202304
0.5198057360436584
0.5198092082670862
0.5198126804905141
0.5198161527139419
0.5198196249373698
0.5198230971607977
0.5198265693842254
0.5198300416076533
0.5198335138310811
0.5198369860545091
0.5198404582779369
0.5198439305013648
0.5198474027247926
0.5198508749482205
0.5198543471716484
0.5198578193950761
0.519861291618504
0.5198647638419318
0.5198682360653598
0.5198717082887876
0.5198751805122155
0.5198786527356433
0.5198821249590712
0.519885597182499
0.5198890694059268
0.5198925416293547
0.5198960138527825
0.5198994860762105
0.5199029582996383
0.5199064305230662
0.519909902746494
0.5199133749699218
0.5199168471933497
0.5199203194167775
0.5199237916402054
0.5199272638636332
0.5199307360870612
0.519934208310489
0.5199376805339169
0.5199411527573446
0.5199446249807725
0.5199480972042004
0.5199515694276283
0.5199550416510561
0.519958513874484
0.5199619860979119
0.5199654583213397
0.5199689305447676
0.5199724027681953
0.5199758749916232
0.5199793472150511
0.519982819438479
0.5199862916619068
0.5199897638853347
0.5199932361087626
0.5199967083321904
0.5200001805556183
0.520003652779046
0.5200071250024739
0.5200105972259018
0.5200140694493297
0.5200175416727575
0.5200210138961854
0.5200244861196133
0.520027958343041
0.5200314305664689
0.5200349027898967
0.5200383750133246
0.5200418472367525
0.5200453194601804
0.5200487916836082
0.5200522639070361
0.520055736130464
0.5200592083538917
0.5200626805773196
0.5200661528007474
0.5200696250241753
0.5200730972476032
0.5200765694710311
0.5200800416944589
0.5200835139178868
0.5200869861413147
0.5200904583647425
0.5200939305881703
0.5200974028115982
0.520100875035026
0.5201043472584539
0.5201078194818818
0.5201112917053096
0.5201147639287375
0.5201182361521653
0.5201217083755932
0.520125180599021
0.5201286528224489
0.5201321250458767
0.5201355972693046
0.5201390694927325
0.5201425417161603
0.5201460139395881
0.520149486163016
0.5201529583864439
0.5201564306098717
0.5201599028332996
0.5201633750567274
0.5201668472801553
0.5201703195035832
0.520173791727011
0.5201772639504388
0.5201807361738667
0.5201842083972946
0.5201876806207224
0.5201911528441503
0.5201946250675781
0.5201980972910061
0.5202015695144339
0.5202050417378616
0.5202085139612895
0.5202119861847174
0.5202154584081453
0.5202189306315731
0.520222402855001
0.5202258750784288
0.5202293473018568
0.5202328195252846
0.5202362917487124
0.5202397639721402
0.5202432361955681
0.520246708418996
0.5202501806424238
0.5202536528658517
0.5202571250892795
0.5202605973127075
0.5202640695361352
0.5202675417595631
0.5202710139829909
0.5202744862064188
0.5202779584298467
0.5202814306532745
0.5202849028767024
0.5202883751001302
0.5202918473235582
0.5202953195469859
0.5202987917704138
0.5203022639938416
0.5203057362172695
0.5203092084406974
0.5203126806641252
0.5203161528875531
0.5203196251109808
0.5203230973344088
0.5203265695578366
0.5203300417812645
0.5203335140046923
0.5203369862281203
0.5203404584515481
0.5203439306749759
0.5203474028984038
0.5203508751218315
0.5203543473452595
0.5203578195686873
0.5203612917921152
0.520364764015543
0.520368236238971
0.5203717084623988
0.5203751806858267
0.5203786529092544
0.5203821251326823
0.5203855973561102
0.520389069579538
0.5203925418029659
0.5203960140263937
0.5203994862498217
0.5204029584732495
0.5204064306966774
0.5204099029201051
0.520413375143533
0.5204168473669609
0.5204203195903887
0.5204237918138166
0.5204272640372444
0.5204307362606724
0.5204342084841002
0.520437680707528
0.5204411529309558
0.5204446251543837
0.5204480973778116
0.5204515696012394
0.5204550418246673
0.5204585140480951
0.5204619862715231
0.5204654584949509
0.5204689307183787
0.5204724029418065
0.5204758751652344
0.5204793473886623
0.5204828196120902
