0.540625187717079
0.5406286599405069
0.5406321321639347
0.5406356043873627
0.5406390766107905
0.5406425488342184
0.5406460210576461
0.540649493281074
0.5406529655045019
0.5406564377279297
0.5406599099513576
0.5406633821747854
0.5406668543982134
0.5406703266216412
0.540673798845069
0.5406772710684968
0.5406807432919248
0.5406842155153526
0.5406876877387805
0.5406911599622083
0.5406946321856361
0.5406981044090641
0.5407015766324919
0.5407050488559197
0.5407085210793475
0.5407119933027755
0.5407154655262033
0.5407189377496312
0.540722409973059
0.5407258821964869
0.5407293544199148
0.5407328266433425
0.5407362988667704
0.5407397710901982
0.5407432433136262
0.540746715537054
0.5407501877604819
0.5407536599839097
0.5407571322073376
0.5407606044307655
0.5407640766541932
0.5407675488776211
0.5407710211010489
0.5407744933244769
0.5407779655479047
0.5407814377713326
0.5407849099947604
0.5407883822181883
0.5407918544416161
0.5407953266650439
0.5407987988884718
0.5408022711118996
0.5408057433353276
0.5408092155587554
0.5408126877821833
0.5408161600056111
0.540819632229039
0.5408231044524668
0.5408265766758947
0.5408300488993225
0.5408335211227503
0.5408369933461783
0.5408404655696061
0.540843937793034
0.5408474100164617
0.5408508822398896
0.5408543544633175
0.5408578266867454
0.5408612989101732
0.5408647711336011
0.540868243357029
0.5408717155804568
0.5408751878038847
0.5408786600273124
0.5408821322507403
0.5408856044741682
0.5408890766975961
0.5408925489210239
0.5408960211444518
0.5408994933678797
0.5409029655913075
0.5409064378147354
0.5409099100381631
0.540913382261591
0.5409168544850189
0.5409203267084468
0.5409237989318746
0.5409272711553025
0.5409307433787304
0.5409342156021582
0.540937687825586
0.5409411600490138
0.5409446322724417
0.5409481044958696
0.5409515767192975
0.5409550489427253
0.5409585211661532
0.5409619933895811
0.540965465613009
0.5409689378364367
0.5409724100598645
0.5409758822832924
0.5409793545067203
0.5409828267301482
0.540986298953576
0.5409897711770039
0.5409932434004318
0.5409967156238596
0.5410001878472874
0.5410036600707153
0.5410071322941431
0.541010604517571
0.5410140767409989
0.5410175489644267
0.5410210211878546
0.5410244934112824
0.5410279656347103
0.5410314378581381
0.541034910081566
0.5410383823049938
0.5410418545284217
0.5410453267518496
0.5410487989752774
0.5410522711987052
0.5410557434221331
0.541059215645561
0.5410626878689888
0.5410661600924167
0.5410696323158445
0.5410731045392724
0.5410765767627003
0.541080048986128
0.5410835212095559
0.5410869934329838
0.5410904656564117
0.5410939378798395
0.5410974101032674
0.5411008823266952
0.5411043545501232
0.541107826773551
0.5411112989969789
0.5411147712204066
0.5411182434438345
0.5411217156672624
0.5411251878906902
0.5411286601141181
0.5411321323375459
0.5411356045609739
0.5411390767844017
0.5411425490078295
0.5411460212312573
0.5411494934546852
0.5411529656781131
0.5411564379015409
0.5411599101249688
0.5411633823483966
0.5411668545718246
0.5411703267952523
0.5411737990186802
0.541177271242108
0.5411807434655359
0.5411842156889638
0.5411876879123916
0.5411911601358195
0.5411946323592473
0.5411981045826753
0.541201576806103
0.5412050490295309
0.5412085212529587
0.5412119934763866
0.5412154656998145
0.5412189379232423
0.5412224101466702
0.5412258823700979
0.541229354593526
0.5412328268169537
0.5412362990403816
0.5412397712638094
0.5412432434872374
0.5412467157106652
0.5412501879340931
0.5412536601575209
0.5412571323809486
0.5412606046043766
0.5412640768278044
0.5412675490512323
0.5412710212746601
0.5412744934980881
0.5412779657215159
0.5412814379449438
0.5412849101683715
0.5412883823917994
0.5412918546152273
0.5412953268386551
0.541298799062083
0.5413022712855108
0.5413057435089388
0.5413092157323666
0.5413126879557945
0.5413161601792222
