0.4586807148196927
0.45868418704312053
0.45868765926654836
0.4586911314899762
0.45869460371340404
0.45869807593683193
0.45870154816025976
0.4587050203836876
0.45870849260711544
0.4587119648305434
0.4587154370539712
0.45871890927739906
0.4587223815008269
0.45872585372425473
0.4587293259476826
0.45873279817111046
0.4587362703945383
0.45873974261796613
0.4587432148413941
0.4587466870648219
0.45875015928824975
0.4587536315116776
0.4587571037351054
0.45876057595853337
0.45876404818196115
0.458767520405389
0.4587709926288168
0.45877446485224477
0.4587779370756726
0.45878140929910044
0.4587848815225283
0.4587883537459561
0.45879182596938406
0.4587952981928119
0.45879877041623973
0.45880224263966757
0.45880571486309546
0.4588091870865233
0.45881265930995113
0.45881613153337897
0.4588196037568068
0.45882307598023475
0.4588265482036626
0.4588300204270904
0.45883349265051826
0.45883696487394615
0.458840437097374
0.4588439093208018
0.45884738154422966
0.4588508537676575
0.45885432599108544
0.4588577982145133
0.4588612704379411
0.45886474266136895
0.45886821488479684
0.4588716871082247
0.4588751593316525
0.45887863155508035
0.4588821037785082
0.45888557600193614
0.45888904822536397
0.4588925204487918
0.45889599267221964
0.4588994648956476
0.4589029371190754
0.4589064093425032
0.45890988156593104
0.4589133537893589
0.4589168260127868
0.45892029823621466
0.4589237704596425
0.45892724268307034
0.4589307149064983
0.4589341871299261
0.45893765935335396
0.4589411315767818
0.4589446038002096
0.4589480760236375
0.45895154824706536
0.4589550204704932
0.458958492693921
0.458961964917349
0.4589654371407768
0.45896890936420465
0.4589723815876325
0.4589758538110603
0.4589793260344882
0.45898279825791605
0.4589862704813439
0.4589897427047717
0.45899321492819967
0.4589966871516275
0.45900015937505534
0.4590036315984832
0.459007103821911
0.4590105760453389
0.45901404826876674
0.4590175204921946
0.4590209927156224
0.45902446493905036
0.4590279371624782
0.45903140938590603
0.45903488160933387
0.4590383538327617
0.45904182605618965
0.4590452982796175
0.45904877050304527
0.4590522427264731
0.45905571494990105
0.4590591871733289
0.4590626593967567
0.45906613162018456
0.4590696038436124
0.45907307606704034
0.4590765482904682
0.459080020513896
0.45908349273732385
0.45908696496075174
0.4590904371841796
0.4590939094076074
0.45909738163103525
0.4591008538544631
0.45910432607789103
0.45910779830131887
0.4591112705247467
0.45911474274817454
0.45911821497160243
0.45912168719503027
0.4591251594184581
0.45912863164188594
0.4591321038653138
0.4591355760887417
0.45913904831216956
0.4591425205355974
0.45914599275902523
0.4591494649824531
0.45915293720588096
0.4591564094293088
0.45915988165273663
0.45916335387616447
0.4591668260995924
0.45917029832302025
0.4591737705464481
0.4591772427698759
0.4591807149933039
0.4591841872167317
0.45918765944015955
0.4591911316635873
0.45919460388701516
0.4591980761104431
0.45920154833387095
0.4592050205572988
0.4592084927807266
0.45921196500415457
0.4592154372275824
0.45921890945101024
0.4592223816744381
0.4592258538978659
0.4592293261212938
0.45923279834472164
0.4592362705681495
0.4592397427915773
0.45924321501500526
0.4592466872384331
0.45925015946186093
0.45925363168528877
0.4592571039087166
0.4592605761321445
0.45926404835557233
0.45926752057900017
0.459270992802428
0.45927446502585595
0.4592779372492838
0.4592814094727116
0.45928488169613946
0.4592883539195673
0.4592918261429952
0.459295298366423
0.45929877058985086
0.4593022428132787
0.45930571503670664
0.4593091872601345
0.4593126594835623
0.45931613170699015
0.459319603930418
0.45932307615384593
0.45932654837727377
0.4593300206007016
0.4593334928241294
0.45933696504755733
0.45934043727098517
0.459343909494413
0.45934738171784084
0.4593508539412687
0.4593543261646966
0.45935779838812446
0.4593612706115523
0.45936474283498013
0.459368215058408
0.45937168728183586
