0.6996530207128544
0.6996564929362823
0.6996599651597101
0.699663437383138
0.6996669096065659
0.6996703818299936
0.6996738540534215
0.6996773262768494
0.6996807985002773
0.6996842707237051
0.699687742947133
0.6996912151705608
0.6996946873939887
0.6996981596174165
0.6997016318408444
0.6997051040642722
0.6997085762877001
0.699712048511128
0.6997155207345558
0.6997189929579837
0.6997224651814115
0.6997259374048395
0.6997294096282672
0.6997328818516951
0.6997363540751229
0.6997398262985508
0.6997432985219787
0.6997467707454065
0.6997502429688344
0.6997537151922621
0.69975718741569
0.6997606596391178
0.6997641318625458
0.6997676040859736
0.6997710763094015
0.6997745485328294
0.6997780207562572
0.6997814929796851
0.6997849652031128
0.6997884374265407
0.6997919096499686
0.6997953818733965
0.6997988540968243
0.6998023263202522
0.6998057985436801
0.6998092707671079
0.6998127429905358
0.6998162152139635
0.6998196874373915
0.6998231596608193
0.6998266318842472
0.699830104107675
0.6998335763311029
0.6998370485545308
0.6998405207779587
0.6998439930013864
0.6998474652248142
0.6998509374482421
0.69985440967167
0.6998578818950979
0.6998613541185257
0.6998648263419537
0.6998682985653815
0.6998717707888094
0.6998752430122371
0.699878715235665
0.6998821874590928
0.6998856596825207
0.6998891319059486
0.6998926041293764
0.6998960763528044
0.6998995485762322
0.69990302079966
0.6999064930230878
0.6999099652465157
0.6999134374699435
0.6999169096933714
0.6999203819167993
0.6999238541402271
0.6999273263636551
0.6999307985870828
0.6999342708105107
0.6999377430339385
0.6999412152573664
0.6999446874807942
0.6999481597042221
0.69995163192765
0.6999551041510778
0.6999585763745058
0.6999620485979335
0.6999655208213614
0.6999689930447892
0.6999724652682171
0.699975937491645
0.6999794097150729
0.6999828819385007
0.6999863541619286
0.6999898263853563
0.6999932986087842
0.6999967708322121
0.7000002430556399
0.7000037152790678
0.7000071875024956
0.7000106597259235
0.7000141319493514
0.7000176041727793
0.7000210763962071
0.7000245486196349
0.7000280208430628
0.7000314930664906
0.7000349652899185
0.7000384375133463
0.7000419097367743
0.700045381960202
0.7000488541836299
0.7000523264070578
0.7000557986304856
0.7000592708539135
0.7000627430773413
0.7000662153007692
0.7000696875241971
0.700073159747625
0.7000766319710527
0.7000801041944806
0.7000835764179084
0.7000870486413363
0.7000905208647642
0.700093993088192
0.7000974653116199
0.7001009375350477
0.7001044097584757
0.7001078819819034
0.7001113542053313
0.7001148264287592
0.7001182986521871
0.7001217708756149
0.7001252430990428
0.7001287153224706
0.7001321875458983
0.7001356597693263
0.7001391319927541
0.700142604216182
0.7001460764396099
0.7001495486630378
0.7001530208864656
0.7001564931098935
0.7001599653333213
0.7001634375567491
0.700166909780177
0.7001703820036048
0.7001738542270327
0.7001773264504606
0.7001807986738885
0.7001842708973163
0.7001877431207442
0.700191215344172
0.7001946875675998
0.7001981597910277
0.7002016320144555
0.7002051042378834
0.7002085764613113
0.7002120486847392
0.700215520908167
0.7002189931315949
0.7002224653550226
0.7002259375784505
0.7002294098018784
0.7002328820253062
0.7002363542487341
0.7002398264721619
0.7002432986955899
0.7002467709190177
0.7002502431424455
0.7002537153658733
0.7002571875893012
0.7002606598127291
0.700264132036157
0.7002676042595848
0.7002710764830127
0.7002745487064406
0.7002780209298684
0.7002814931532962
0.700284965376724
0.7002884376001519
0.7002919098235798
0.7002953820470077
0.7002988542704355
0.7003023264938634
0.7003057987172913
0.700309270940719
0.7003127431641469
0.7003162153875747
0.7003196876110027
0.7003231598344305
0.7003266320578584
0.7003301042812862
0.7003335765047141
0.700337048728142
0.7003405209515697
0.7003439931749976
