0.3197917777054784
0.31979524992890623
0.31979872215233407
0.3198021943757619
0.31980566659918974
0.31980913882261763
0.31981261104604547
0.3198160832694733
0.31981955549290114
0.31982302771632903
0.3198264999397569
0.31982997216318476
0.3198334443866126
0.3198369166100405
0.3198403888334684
0.3198438610568962
0.31984733328032405
0.3198508055037519
0.3198542777271797
0.3198577499506076
0.31986122217403545
0.3198646943974633
0.3198681666208912
0.3198716388443191
0.3198751110677469
0.31987858329117475
0.3198820555146026
0.3198855277380304
0.3198889999614583
0.31989247218488615
0.319895944408314
0.3198994166317419
0.3199028888551697
0.3199063610785976
0.31990983330202544
0.3199133055254533
0.31991677774888116
0.319920249972309
0.31992372219573684
0.3199271944191647
0.31993066664259256
0.31993413886602046
0.3199376110894483
0.31994108331287613
0.319944555536304
0.3199480277597319
0.3199514999831597
0.31995497220658753
0.31995844443001537
0.3199619166534432
0.31996538887687115
0.319968861100299
0.3199723333237268
0.31997580554715466
0.31997927777058255
0.31998274999401044
0.3199862222174383
0.3199896944408661
0.31999316666429395
0.3199966388877218
0.3200001111111497
0.3200035833345775
0.3200070555580054
0.32001052778143324
0.32001400000486113
0.32001747222828897
0.32002094445171686
0.32002441667514464
0.32002788889857253
0.32003136112200037
0.3200348333454282
0.32003830556885604
0.320041777792284
0.3200452500157118
0.32004872223913966
0.3200521944625675
0.32005566668599533
0.3200591389094232
0.32006261113285106
0.3200660833562789
0.32006955557970673
0.3200730278031346
0.3200765000265625
0.32007997224999035
0.3200834444734182
0.3200869166968461
0.32009038892027397
0.32009386114370175
0.3200973333671296
0.3201008055905575
0.3201042778139853
0.3201077500374132
0.32011122226084104
0.3201146944842689
0.32011816670769677
0.32012163893112466
0.3201251111545525
0.32012858337798034
0.32013205560140817
0.320135527824836
0.3201390000482639
0.32014247227169174
0.32014594449511957
0.32014941671854746
0.3201528889419753
0.3201563611654032
0.320159833388831
0.32016330561225886
0.3201667778356867
0.3201702500591146
0.32017372228254243
0.32017719450597026
0.32018066672939816
0.32018413895282605
0.3201876111762539
0.3201910833996817
0.3201945556231096
0.32019802784653745
0.3202015000699653
0.3202049722933931
0.32020844451682096
0.3202119167402488
0.32021538896367674
0.3202188611871046
0.3202223334105324
0.32022580563396025
0.32022927785738814
0.32023275008081603
0.3202362223042438
0.32023969452767165
0.32024316675109954
0.3202466389745274
0.32025011119795527
0.3202535834213831
0.320257055644811
0.32026052786823883
0.3202640000916667
0.32026747231509456
0.3202709445385224
0.32027441676195023
0.3202778889853781
0.32028136120880596
0.3202848334322338
0.32028830565566163
0.3202917778790896
0.3202952501025174
0.32029872232594525
0.3203021945493731
0.3203056667728009
0.3203091389962288
0.32031261121965665
0.3203160834430845
0.3203195556665123
0.3203230278899402
0.3203265001133681
0.32032997233679594
0.3203334445602238
0.32033691678365167
0.3203403890070795
0.32034386123050734
0.3203473334539352
0.32035080567736307
0.3203542779007909
0.3203577501242188
0.32036122234764663
0.32036469457107447
0.32036816679450236
0.32037163901793025
0.3203751112413581
0.32037858346478587
0.3203820556882137
0.3203855279116416
0.3203890001350695
0.3203924723584973
0.32039594458192516
0.32039941680535305
0.3204028890287809
0.3204063612522088
0.3204098334756366
0.32041330569906445
0.3204167779224923
0.3204202501459202
0.320423722369348
0.32042719459277585
0.32043066681620375
0.32043413903963164
0.3204376112630595
0.3204410834864873
0.3204445557099152
0.32044802793334304
0.3204515001567709
0.3204549723801987
0.32045844460362655
0.3204619168270544
0.32046538905048233
0.32046886127391017
0.320472333497338
0.32047580572076584
0.32047927794419373
0.32048275016762157
