0.4579862701341216
0.4579897423575494
0.4579932145809773
0.45799668680440514
0.458000159027833
0.4580036312512608
0.45800710347468865
0.4580105756981166
0.45801404792154443
0.45801752014497227
0.4580209923684001
0.458024464591828
0.45802793681525583
0.45803140903868367
0.4580348812621115
0.45803835348553934
0.4580418257089673
0.4580452979323951
0.45804877015582296
0.4580522423792508
0.4580557146026787
0.4580591868261065
0.45806265904953436
0.4580661312729622
0.45806960349639003
0.458073075719818
0.4580765479432458
0.45808002016667365
0.4580834923901015
0.45808696461352943
0.45809043683695727
0.4580939090603851
0.45809738128381294
0.4581008535072407
0.45810432573066867
0.4581077979540965
0.45811127017752434
0.4581147424009522
0.4581182146243801
0.45812168684780796
0.4581251590712358
0.45812863129466364
0.45813210351809147
0.45813557574151936
0.4581390479649472
0.45814252018837504
0.45814599241180287
0.4581494646352308
0.45815293685865865
0.4581564090820865
0.4581598813055143
0.45816335352894216
0.45816682575237005
0.4581702979757979
0.4581737701992257
0.45817724242265356
0.4581807146460815
0.45818418686950935
0.4581876590929372
0.458191131316365
0.45819460353979286
0.45819807576322075
0.4582015479866486
0.4582050202100764
0.45820849243350426
0.4582119646569322
0.45821543688036004
0.4582189091037879
0.4582223813272157
0.45822585355064355
0.4582293257740715
0.45823279799749933
0.45823627022092717
0.45823974244435495
0.4582432146677829
0.45824668689121073
0.45825015911463857
0.4582536313380664
0.45825710356149424
0.4582605757849222
0.45826404800835
0.45826752023177786
0.4582709924552057
0.4582744646786336
0.4582779369020614
0.45828140912548926
0.4582848813489171
0.45828835357234493
0.4582918257957729
0.4582952980192007
0.45829877024262855
0.4583022424660564
0.4583057146894843
0.4583091869129121
0.45831265913633995
0.4583161313597678
0.4583196035831956
0.45832307580662357
0.4583265480300514
0.45833002025347924
0.4583334924769071
0.45833696470033497
0.4583404369237628
0.45834390914719064
0.4583473813706185
0.4583508535940463
0.45835432581747426
0.4583577980409021
0.45836127026432993
0.45836474248775777
0.4583682147111857
0.45837168693461355
0.4583751591580414
0.4583786313814692
0.458382103604897
0.45838557582832495
0.4583890480517528
0.4583925202751806
0.45839599249860846
0.4583994647220364
0.45840293694546425
0.4584064091688921
0.4584098813923199
0.45841335361574775
0.45841682583917565
0.4584202980626035
0.4584237702860313
0.45842724250945915
0.4584307147328871
0.45843418695631494
0.4584376591797428
0.4584411314031706
0.45844460362659845
0.45844807585002634
0.4584515480734542
0.458455020296882
0.45845849252030985
0.4584619647437378
0.45846543696716563
0.45846890919059347
0.4584723814140213
0.45847585363744914
0.45847932586087703
0.45848279808430487
0.4584862703077327
0.45848974253116054
0.4584932147545885
0.4584966869780163
0.45850015920144416
0.458503631424872
0.45850710364829983
0.4585105758717278
0.4585140480951556
0.45851752031858345
0.4585209925420113
0.4585244647654392
0.458527936988867
0.45853140921229485
0.4585348814357227
0.4585383536591505
0.45854182588257847
0.4585452981060063
0.45854877032943414
0.458552242552862
0.45855571477628987
0.4585591869997177
0.45856265922314554
0.4585661314465734
0.4585696036700012
0.45857307589342916
0.458576548116857
0.45858002034028483
0.45858349256371267
0.45858696478714056
0.4585904370105684
0.45859390923399623
0.45859738145742407
0.4586008536808519
0.45860432590427985
0.4586077981277077
0.4586112703511355
0.45861474257456336
0.4586182147979913
0.4586216870214191
0.4586251592448469
0.45862863146827476
0.4586321036917026
0.45863557591513054
0.4586390481385584
0.4586425203619862
0.45864599258541405
0.458649464808842
0.45865293703226984
0.4586564092556977
0.4586598814791255
0.45866335370255334
0.45866682592598124
0.4586702981494091
0.4586737703728369
0.45867724259626474
