0.05520835250290014
0.05521182472632798
0.05521529694975581
0.05521876917318374
0.055222241396611575
0.05522571362003941
0.05522918584346734
0.05523265806689508
0.055236130290323
0.05523960251375084
0.055243074737178675
0.0552465469606066
0.05525001918403444
0.055253491407462274
0.05525696363089011
0.05526043585431794
0.05526390807774587
0.0552673803011737
0.05527085252460154
0.055274324748029374
0.0552777969714573
0.05528126919488514
0.05528474141831297
0.0552882136417408
0.05529168586516864
0.055295158088596565
0.0552986303120244
0.05530210253545224
0.05530557475888016
0.05530904698230791
0.055312519205735836
0.05531599142916367
0.0553194636525915
0.055322935876019434
0.05532640809944726
0.0553298803228751
0.055333352546302936
0.05533682476973077
0.0553402969931587
0.055343769216586534
0.055347241440014364
0.0553507136634422
0.055354185886870036
0.05535765811029796
0.0553611303337258
0.055364602557153635
0.05536807478058147
0.0553715470040094
0.055375019227437136
0.05537849145086506
0.0553819636742929
0.055385435897720735
0.05538890812114866
0.0553923803445765
0.05539585256800433
0.05539932479143226
0.05540279701486
0.05540626923828793
0.05540974146171576
0.0554132136851436
0.055416685908571524
0.05542015813199936
0.055423630355427196
0.05542710257885503
0.05543057480228286
0.055434047025710795
0.055437519249138624
0.05544099147256646
0.055444463695994296
0.05544793591942222
0.05545140814284997
0.055454880366277895
0.05545835258970573
0.05546182481313356
0.055465297036561494
0.05546876925998932
0.05547224148341716
0.055475713706844995
0.05547918593027283
0.05548265815370076
0.055486130377128594
0.05548960260055642
0.055493074823984356
0.055496547047412095
0.05550001927084002
0.05550349149426786
0.055506963717695694
0.05551043594112353
0.055513908164551456
0.05551738038797929
0.05552085261140712
0.05552432483483496
0.055527797058262794
0.05553126928169072
0.05553474150511856
0.05553821372854639
0.05554168595197432
0.05554515817540206
0.05554863039882999
0.05555210262225782
0.05555557484568566
0.05555904706911358
0.05556251929254142
0.055565991515969256
0.05556946373939709
0.05557293596282492
0.055576408186252854
0.05557988040968068
0.05558335263310852
0.055586824856536356
0.05559029707996428
0.05559376930339212
0.055597241526819954
0.05560071375024779
0.05560418597367562
0.05560765819710355
0.05561113042053138
0.05561460264395922
0.055618074867387055
0.05562154709081489
0.05562501931424282
0.05562849153767065
0.05563196376109848
0.055635435984526416
0.055638908207954155
0.05564238043138208
0.05564585265480992
0.05564932487823775
0.05565279710166568
0.055656269325093516
0.05565974154852135
0.05566321377194918
0.05566668599537702
0.055670158218804944
0.05567363044223278
0.055677102665660616
0.05568057488908845
0.05568404711251638
0.055687519335944215
0.055690991559372044
0.05569446378279988
0.055697936006227716
0.05570140822965564
0.05570488045308348
0.055708352676511315
0.05571182489993915
0.05571529712336698
0.055718769346794914
0.05572224157022274
0.05572571379365058
0.055729186017078505
0.05573265824050625
0.05573613046393418
0.055739602687362014
0.05574307491078985
0.055746547134217776
0.05575001935764561
0.05575349158107344
0.05575696380450128
0.055760436027929114
0.05576390825135704
0.055767380474784876
0.05577085269821271
0.05577432492164054
0.055777797145068475
0.055781269368496304
0.05578474159192414
0.05578821381535198
0.05579168603877981
0.05579515826220774
0.055798630485635575
0.05580210270906341
0.05580557493249134
0.05580904715591908
0.055812519379347
0.05581599160277484
0.055819463826202675
0.0558229360496306
0.05582640827305844
0.055829880496486274
0.0558333527199141
0.05583682494334194
0.055840297166769866
0.0558437693901977
0.05584724161362554
0.055850713837053374
0.05585418606048121
0.05585765828390914
0.05586113050733697
0.0558646027307648
0.05586807495419264
0.055871547177620565
0.05587501940104831
0.05587849162447624
0.05588196384790407
0.05588543607133191
0.055888908294759836
0.05589238051818767
0.0558958527416155
0.055899324965043434
