0.37326401849445084
0.3732674907178787
0.3732709629413065
0.3732744351647344
0.3732779073881623
0.37328137961159014
0.373284851835018
0.37328832405844586
0.3732917962818737
0.3732952685053016
0.37329874072872943
0.37330221295215726
0.3733056851755851
0.373309157399013
0.37331262962244083
0.37331610184586866
0.3733195740692965
0.37332304629272445
0.3733265185161523
0.3733299907395801
0.37333346296300796
0.3733369351864358
0.3733404074098637
0.3733438796332915
0.37334735185671936
0.3733508240801472
0.3733542963035751
0.373357768527003
0.3733612407504308
0.37336471297385865
0.37336818519728654
0.3733716574207144
0.3733751296441422
0.37337860186757005
0.37338207409099794
0.37338554631442583
0.37338901853785367
0.3733924907612815
0.37339596298470934
0.37339943520813723
0.37340290743156507
0.3734063796549929
0.37340985187842074
0.3734133241018486
0.37341679632527647
0.37342026854870436
0.3734237407721322
0.37342721299556003
0.3734306852189879
0.37343415744241576
0.37343762966584365
0.3734411018892715
0.3734445741126993
0.37344804633612716
0.37345151855955505
0.3734549907829829
0.3734584630064107
0.3734619352298386
0.3734654074532665
0.37346887967669434
0.3734723519001222
0.37347582412355
0.3734792963469779
0.37348276857040574
0.3734862407938336
0.3734897130172614
0.37349318524068925
0.3734966574641172
0.37350012968754503
0.37350360191097287
0.3735070741344007
0.3735105463578286
0.37351401858125644
0.37351749080468427
0.3735209630281121
0.37352443525154
0.3735279074749679
0.3735313796983957
0.37353485192182356
0.37353832414525145
0.3735417963686793
0.3735452685921071
0.37354874081553496
0.37355221303896285
0.3735556852623907
0.3735591574858186
0.3735626297092464
0.37356610193267425
0.3735695741561021
0.37357304637953004
0.3735765186029579
0.3735799908263857
0.37358346304981355
0.3735869352732414
0.3735904074966693
0.3735938797200971
0.37359735194352495
0.3736008241669528
0.3736042963903807
0.37360776861380857
0.3736112408372364
0.37361471306066424
0.3736181852840921
0.37362165750751997
0.3736251297309478
0.37362860195437564
0.37363207417780353
0.3736355464012314
0.37363901862465926
0.3736424908480871
0.37364596307151493
0.3736494352949428
0.37365290751837066
0.3736563797417985
0.37365985196522633
0.37366332418865417
0.37366679641208206
0.37367026863550995
0.3736737408589378
0.3736772130823656
0.3736806853057935
0.37368415752922135
0.3736876297526492
0.373691101976077
0.3736945741995049
0.37369804642293275
0.37370151864636064
0.3737049908697885
0.3737084630932163
0.3737119353166442
0.3737154075400721
0.37371887976349993
0.37372235198692777
0.3737258242103556
0.3737292964337835
0.37373276865721133
0.37373624088063917
0.373739713104067
0.37374318532749484
0.3737466575509228
0.3737501297743506
0.37375360199777846
0.3737570742212063
0.37376054644463413
0.373764018668062
0.37376749089148986
0.3737709631149177
0.3737744353383456
0.3737779075617735
0.3737813797852013
0.37378485200862915
0.37378832423205705
0.3737917964554849
0.3737952686789127
0.37379874090234055
0.37380221312576845
0.3738056853491963
0.3738091575726242
0.373812629796052
0.37381610201947985
0.3738195742429077
0.37382304646633563
0.3738265186897634
0.37382999091319125
0.3738334631366191
0.373836935360047
0.37384040758347487
0.3738438798069027
0.37384735203033054
0.3738508242537584
0.37385429647718627
0.37385776870061416
0.373861240924042
0.37386471314746983
0.37386818537089767
0.37387165759432556
0.3738751298177534
0.37387860204118123
0.3738820742646091
0.373885546488037
0.37388901871146485
0.3738924909348927
0.3738959631583205
0.37389943538174836
0.37390290760517625
0.3739063798286041
0.3739098520520319
0.37391332427545976
0.37391679649888765
0.37392026872231554
0.3739237409457434
0.3739272131691712
0.3739306853925991
0.37393415761602694
0.3739376298394548
0.3739411020628826
0.3739445742863105
0.37394804650973834
0.37395151873316623
0.37395499095659407
