0.842014181254924
0.842017653478352
0.8420211257017798
0.8420245979252077
0.8420280701486355
0.8420315423720633
0.8420350145954911
0.842038486818919
0.842041959042347
0.8420454312657747
0.8420489034892027
0.8420523757126305
0.8420558479360584
0.8420593201594861
0.842062792382914
0.8420662646063418
0.8420697368297697
0.8420732090531975
0.8420766812766254
0.8420801535000534
0.8420836257234812
0.8420870979469091
0.8420905701703368
0.8420940423937647
0.8420975146171925
0.8421009868406204
0.8421044590640484
0.8421079312874761
0.8421114035109041
0.8421148757343319
0.8421183479577597
0.8421218201811875
0.8421252924046154
0.8421287646280432
0.8421322368514711
0.8421357090748991
0.8421391812983268
0.8421426535217548
0.8421461257451825
0.8421495979686104
0.8421530701920382
0.8421565424154661
0.8421600146388939
0.8421634868623218
0.8421669590857498
0.8421704313091775
0.8421739035326055
0.8421773757560332
0.8421808479794611
0.8421843202028889
0.8421877924263168
0.8421912646497446
0.8421947368731725
0.8421982090966003
0.8422016813200282
0.8422051535434562
0.842208625766884
0.8422120979903118
0.8422155702137396
0.8422190424371675
0.8422225146605953
0.8422259868840232
0.8422294591074512
0.8422329313308788
0.8422364035543068
0.8422398757777347
0.8422433480011625
0.8422468202245904
0.8422502924480182
0.8422537646714461
0.8422572368948739
0.8422607091183019
0.8422641813417298
0.8422676535651575
0.8422711257885854
0.8422745980120132
0.8422780702354411
0.8422815424588689
0.8422850146822968
0.8422884869057246
0.8422919591291524
0.8422954313525802
0.8422989035760082
0.8423023757994361
0.8423058480228639
0.8423093202462918
0.8423127924697196
0.8423162646931475
0.8423197369165752
0.8423232091400032
0.8423266813634309
0.8423301535868589
0.8423336258102866
0.8423370980337146
0.8423405702571425
0.8423440424805703
0.8423475147039982
0.8423509869274259
0.8423544591508539
0.8423579313742818
0.8423614035977096
0.8423648758211375
0.8423683480445653
0.8423718202679932
0.842375292491421
0.8423787647148488
0.8423822369382766
0.8423857091617045
0.8423891813851323
0.8423926536085603
0.8423961258319882
0.842399598055416
0.8424030702788439
0.8424065425022716
0.8424100147256995
0.8424134869491273
0.8424169591725553
0.842420431395983
0.842423903619411
0.8424273758428389
0.8424308480662667
0.8424343202896946
0.8424377925131223
0.8424412647365502
0.842444736959978
0.8424482091834061
0.8424516814068339
0.8424551536302617
0.8424586258536896
0.8424620980771174
0.8424655703005453
0.842469042523973
0.8424725147474009
0.8424759869708287
0.8424794591942566
0.8424829314176844
0.8424864036411125
0.8424898758645403
0.8424933480879682
0.8424968203113959
0.8425002925348237
0.8425037647582516
0.8425072369816794
0.8425107092051075
0.8425141814285351
0.8425176536519632
0.842521125875391
0.8425245980988189
0.8425280703222466
0.8425315425456745
0.8425350147691023
0.8425384869925302
0.8425419592159582
0.8425454314393858
0.8425489036628139
0.8425523758862417
0.8425558481096695
0.8425593203330973
0.8425627925565252
0.842566264779953
0.8425697370033809
0.8425732092268087
0.8425766814502366
0.8425801536736646
0.8425836258970923
0.8425870981205202
0.842590570343948
0.8425940425673759
0.8425975147908037
0.8426009870142316
0.8426044592376596
0.8426079314610873
0.8426114036845153
0.842614875907943
0.8426183481313709
0.8426218203547987
0.8426252925782266
0.8426287648016544
0.8426322370250823
0.8426357092485103
0.842639181471938
0.842642653695366
0.8426461259187937
0.8426495981422216
0.8426530703656494
0.8426565425890773
0.8426600148125051
0.842663487035933
0.842666959259361
0.8426704314827886
0.8426739037062166
0.8426773759296444
0.8426808481530723
0.8426843203765001
0.842687792599928
0.8426912648233558
0.8426947370467837
0.8426982092702114
0.8427016814936393
0.8427051537170673
