0.822569730058934
0.822573202282362
0.8225766745057898
0.8225801467292176
0.8225836189526455
0.8225870911760733
0.8225905633995012
0.822594035622929
0.8225975078463569
0.8226009800697847
0.8226044522932127
0.8226079245166404
0.8226113967400683
0.8226148689634962
0.822618341186924
0.8226218134103519
0.8226252856337797
0.8226287578572076
0.8226322300806355
0.8226357023040634
0.8226391745274911
0.822642646750919
0.8226461189743469
0.8226495911977747
0.8226530634212026
0.8226565356446304
0.8226600078680583
0.822663480091486
0.8226669523149139
0.8226704245383418
0.8226738967617698
0.8226773689851976
0.8226808412086254
0.8226843134320533
0.8226877856554811
0.822691257878909
0.8226947301023367
0.8226982023257647
0.8227016745491925
0.8227051467726205
0.8227086189960483
0.8227120912194762
0.822715563442904
0.8227190356663319
0.8227225078897596
0.8227259801131874
0.8227294523366154
0.8227329245600433
0.8227363967834711
0.822739869006899
0.8227433412303269
0.8227468134537547
0.8227502856771826
0.8227537579006103
0.8227572301240382
0.822760702347466
0.8227641745708939
0.8227676467943219
0.8227711190177497
0.8227745912411776
0.8227780634646054
0.8227815356880332
0.822785007911461
0.8227884801348889
0.8227919523583168
0.8227954245817446
0.8227988968051726
0.8228023690286003
0.8228058412520283
0.822809313475456
0.8228127856988839
0.8228162579223117
0.8228197301457396
0.8228232023691675
0.8228266745925954
0.8228301468160232
0.8228336190394511
0.822837091262879
0.8228405634863067
0.8228440357097346
0.8228475079331624
0.8228509801565904
0.8228544523800181
0.8228579246034461
0.822861396826874
0.8228648690503018
0.8228683412737297
0.8228718134971574
0.8228752857205853
0.8228787579440131
0.822882230167441
0.8228857023908689
0.8228891746142968
0.8228926468377247
0.8228961190611525
0.8228995912845803
0.8229030635080081
0.822906535731436
0.8229100079548638
0.8229134801782917
0.8229169524017196
0.8229204246251475
0.8229238968485753
0.8229273690720031
0.822930841295431
0.8229343135188588
0.8229377857422867
0.8229412579657145
0.8229447301891425
0.8229482024125702
0.8229516746359982
0.822955146859426
0.822958619082854
0.8229620913062817
0.8229655635297095
0.8229690357531374
0.8229725079765652
0.8229759801999931
0.822979452423421
0.8229829246468489
0.8229863968702767
0.8229898690937046
0.8229933413171324
0.8229968135405603
0.8230002857639881
0.823003757987416
0.8230072302108438
0.8230107024342717
0.8230141746576995
0.8230176468811273
0.8230211191045553
0.8230245913279831
0.823028063551411
0.8230315357748388
0.8230350079982667
0.8230384802216946
0.8230419524451223
0.8230454246685502
0.823048896891978
0.823052369115406
0.8230558413388338
0.8230593135622617
0.8230627857856895
0.8230662580091174
0.8230697302325451
0.823073202455973
0.8230766746794009
0.8230801469028288
0.8230836191262567
0.8230870913496845
0.8230905635731124
0.8230940357965402
0.8230975080199681
0.8231009802433958
0.8231044524668237
0.8231079246902516
0.8231113969136795
0.8231148691371074
0.8231183413605352
0.8231218135839631
0.8231252858073909
0.8231287580308188
0.8231322302542466
0.8231357024776745
0.8231391747011023
0.8231426469245302
0.8231461191479581
0.8231495913713859
0.8231530635948138
0.8231565358182416
0.8231600080416694
0.8231634802650972
0.8231669524885251
0.823170424711953
0.8231738969353809
0.8231773691588088
0.8231808413822366
0.8231843136056645
0.8231877858290922
0.8231912580525201
0.8231947302759479
0.8231982024993759
0.8232016747228037
0.8232051469462316
0.8232086191696595
0.8232120913930873
0.8232155636165152
0.8232190358399429
0.8232225080633708
0.8232259802867986
0.8232294525102266
0.8232329247336545
0.8232363969570823
0.8232398691805102
0.8232433414039381
0.8232468136273658
0.8232502858507936
0.8232537580742215
0.8232572302976493
0.8232607025210772
