0.5440974111449344
0.5441008833683623
0.5441043555917902
0.5441078278152179
0.5441113000386458
0.5441147722620736
0.5441182444855016
0.5441217167089294
0.5441251889323573
0.5441286611557851
0.544132133379213
0.5441356056026408
0.5441390778260687
0.5441425500494965
0.5441460222729244
0.5441494944963523
0.5441529667197801
0.544156438943208
0.5441599111666358
0.5441633833900636
0.5441668556134915
0.5441703278369194
0.5441738000603472
0.5441772722837751
0.544180744507203
0.5441842167306308
0.5441876889540587
0.5441911611774864
0.5441946334009143
0.5441981056243422
0.5442015778477701
0.5442050500711979
0.5442085222946258
0.5442119945180537
0.5442154667414815
0.5442189389649094
0.5442224111883371
0.544225883411765
0.5442293556351929
0.5442328278586208
0.5442363000820486
0.5442397723054765
0.5442432445289044
0.5442467167523322
0.54425018897576
0.5442536611991878
0.5442571334226157
0.5442606056460436
0.5442640778694715
0.5442675500928993
0.5442710223163272
0.5442744945397551
0.544277966763183
0.5442814389866107
0.5442849112100386
0.5442883834334664
0.5442918556568943
0.5442953278803222
0.54429880010375
0.5443022723271779
0.5443057445506058
0.5443092167740337
0.5443126889974614
0.5443161612208893
0.5443196334443171
0.544323105667745
0.5443265778911729
0.5443300501146007
0.5443335223380286
0.5443369945614565
0.5443404667848843
0.5443439390083121
0.54434741123174
0.5443508834551678
0.5443543556785957
0.5443578279020236
0.5443613001254514
0.5443647723488793
0.5443682445723071
0.544371716795735
0.5443751890191628
0.5443786612425907
0.5443821334660185
0.5443856056894465
0.5443890779128743
0.5443925501363021
0.54439602235973
0.5443994945831578
0.5444029668065857
0.5444064390300135
0.5444099112534414
0.5444133834768692
0.5444168557002972
0.544420327923725
0.5444238001471529
0.5444272723705806
0.5444307445940085
0.5444342168174364
0.5444376890408642
0.5444411612642921
0.5444446334877199
0.5444481057111479
0.5444515779345757
0.5444550501580036
0.5444585223814313
0.5444619946048592
0.5444654668282871
0.5444689390517149
0.5444724112751428
0.5444758834985706
0.5444793557219986
0.5444828279454264
0.5444863001688542
0.544489772392282
0.5444932446157099
0.5444967168391378
0.5445001890625656
0.5445036612859935
0.5445071335094213
0.5445106057328493
0.544514077956277
0.5445175501797049
0.5445210224031327
0.5445244946265607
0.5445279668499885
0.5445314390734163
0.5445349112968442
0.544538383520272
0.5445418557437
0.5445453279671277
0.5445488001905556
0.5445522724139834
0.5445557446374114
0.5445592168608392
0.5445626890842671
0.5445661613076949
0.5445696335311228
0.5445731057545506
0.5445765779779784
0.5445800502014063
0.5445835224248341
0.5445869946482621
0.5445904668716899
0.5445939390951178
0.5445974113185456
0.5446008835419734
0.5446043557654013
0.5446078279888291
0.544611300212257
0.5446147724356848
0.5446182446591128
0.5446217168825406
0.5446251891059685
0.5446286613293962
0.5446321335528241
0.544635605776252
0.5446390779996798
0.5446425502231077
0.5446460224465355
0.5446494946699635
0.5446529668933913
0.5446564391168192
0.5446599113402469
0.5446633835636748
0.5446668557871027
0.5446703280105306
0.5446738002339584
0.5446772724573862
0.5446807446808142
0.544684216904242
0.5446876891276698
0.5446911613510976
0.5446946335745255
0.5446981057979534
0.5447015780213813
0.5447050502448091
0.544708522468237
0.5447119946916649
0.5447154669150926
0.5447189391385205
0.5447224113619483
0.5447258835853762
0.5447293558088041
0.544732828032232
0.5447363002556598
0.5447397724790877
0.5447432447025156
0.5447467169259433
0.5447501891493712
0.544753661372799
0.5447571335962269
0.5447606058196548
0.5447640780430827
0.5447675502665105
0.5447710224899384
0.5447744947133663
0.544777966936794
0.5447814391602219
0.5447849113836497
0.5447883836070776
