0.6315974415268893
0.6316009137503172
0.631604385973745
0.631607858197173
0.6316113304206008
0.6316148026440287
0.6316182748674566
0.6316217470908844
0.6316252193143123
0.63162869153774
0.6316321637611679
0.6316356359845958
0.6316391082080237
0.6316425804314515
0.6316460526548795
0.6316495248783073
0.6316529971017351
0.631656469325163
0.6316599415485907
0.6316634137720187
0.6316668859954465
0.6316703582188744
0.6316738304423022
0.6316773026657301
0.631680774889158
0.6316842471125859
0.6316877193360136
0.6316911915594415
0.6316946637828693
0.6316981360062972
0.6317016082297251
0.6317050804531529
0.6317085526765809
0.6317120249000087
0.6317154971234366
0.6317189693468643
0.6317224415702922
0.63172591379372
0.6317293860171479
0.6317328582405758
0.6317363304640036
0.6317398026874315
0.6317432749108594
0.6317467471342872
0.631750219357715
0.6317536915811429
0.6317571638045707
0.6317606360279986
0.6317641082514265
0.6317675804748543
0.6317710526982822
0.63177452492171
0.6317779971451379
0.6317814693685657
0.6317849415919936
0.6317884138154214
0.6317918860388493
0.6317953582622772
0.631798830485705
0.631802302709133
0.6318057749325607
0.6318092471559886
0.6318127193794164
0.6318161916028443
0.6318196638262722
0.6318231360497001
0.6318266082731279
0.6318300804965558
0.6318335527199835
0.6318370249434114
0.6318404971668393
0.6318439693902671
0.631847441613695
0.6318509138371228
0.6318543860605507
0.6318578582839786
0.6318613305074064
0.6318648027308343
0.6318682749542621
0.63187174717769
0.6318752194011178
0.6318786916245457
0.6318821638479735
0.6318856360714015
0.6318891082948292
0.6318925805182571
0.631896052741685
0.6318995249651128
0.6319029971885407
0.6319064694119685
0.6319099416353964
0.6319134138588242
0.6319168860822522
0.6319203583056799
0.6319238305291078
0.6319273027525356
0.6319307749759636
0.6319342471993914
0.6319377194228192
0.6319411916462471
0.6319446638696748
0.6319481360931029
0.6319516083165306
0.6319550805399585
0.6319585527633864
0.6319620249868143
0.6319654972102421
0.63196896943367
0.6319724416570978
0.6319759138805257
0.6319793861039535
0.6319828583273813
0.6319863305508092
0.631989802774237
0.631993274997665
0.6319967472210928
0.6320002194445207
0.6320036916679485
0.6320071638913763
0.6320106361148042
0.632014108338232
0.6320175805616599
0.6320210527850878
0.6320245250085157
0.6320279972319435
0.6320314694553714
0.6320349416787991
0.632038413902227
0.6320418861256549
0.6320453583490827
0.6320488305725106
0.6320523027959385
0.6320557750193664
0.6320592472427942
0.6320627194662221
0.6320661916896498
0.6320696639130778
0.6320731361365056
0.6320766083599334
0.6320800805833613
0.6320835528067891
0.6320870250302171
0.6320904972536449
0.6320939694770727
0.6320974417005005
0.6321009139239284
0.6321043861473562
0.6321078583707842
0.632111330594212
0.6321148028176399
0.6321182750410678
0.6321217472644955
0.6321252194879234
0.6321286917113512
0.6321321639347791
0.632135636158207
0.6321391083816349
0.6321425806050627
0.6321460528284906
0.6321495250519185
0.6321529972753462
0.6321564694987741
0.6321599417222019
0.6321634139456298
0.6321668861690577
0.6321703583924856
0.6321738306159134
0.6321773028393413
0.6321807750627692
0.6321842472861969
0.6321877195096248
0.6321911917330526
0.6321946639564805
0.6321981361799084
0.6322016084033363
0.6322050806267641
0.6322085528501921
0.6322120250736198
0.6322154972970477
0.6322189695204755
0.6322224417439033
0.6322259139673312
0.6322293861907591
0.632232858414187
0.6322363306376148
0.6322398028610426
0.6322432750844705
0.6322467473078984
0.6322502195313262
0.6322536917547541
0.6322571639781819
0.6322606362016098
0.6322641084250377
0.6322675806484654
0.6322710528718934
0.6322745250953212
0.6322779973187491
0.6322814695421769
0.6322849417656048
0.6322884139890326
