0.8496530727962058
0.8496565450196337
0.8496600172430615
0.8496634894664893
0.8496669616899174
0.8496704339133452
0.8496739061367731
0.8496773783602009
0.8496808505836287
0.8496843228070565
0.8496877950304844
0.8496912672539122
0.8496947394773401
0.8496982117007679
0.8497016839241958
0.8497051561476238
0.8497086283710515
0.8497121005944794
0.8497155728179072
0.8497190450413351
0.8497225172647629
0.8497259894881908
0.8497294617116188
0.8497329339350465
0.8497364061584745
0.8497398783819022
0.8497433506053301
0.8497468228287579
0.8497502950521858
0.8497537672756136
0.8497572394990415
0.8497607117224695
0.8497641839458973
0.8497676561693251
0.8497711283927529
0.8497746006161808
0.8497780728396086
0.8497815450630365
0.8497850172864643
0.8497884895098922
0.84979196173332
0.8497954339567478
0.8497989061801758
0.8498023784036036
0.8498058506270315
0.8498093228504593
0.8498127950738872
0.849816267297315
0.8498197395207429
0.8498232117441709
0.8498266839675985
0.8498301561910265
0.8498336284144543
0.8498371006378822
0.84984057286131
0.8498440450847379
0.8498475173081657
0.8498509895315935
0.8498544617550216
0.8498579339784493
0.8498614062018772
0.849864878425305
0.8498683506487329
0.8498718228721607
0.8498752950955886
0.8498787673190163
0.8498822395424442
0.849885711765872
0.8498891839892999
0.8498926562127279
0.8498961284361558
0.8498996006595836
0.8499030728830114
0.8499065451064393
0.849910017329867
0.8499134895532949
0.8499169617767229
0.8499204340001506
0.8499239062235786
0.8499273784470065
0.8499308506704343
0.8499343228938622
0.84993779511729
0.8499412673407178
0.8499447395641456
0.8499482117875736
0.8499516840110013
0.8499551562344293
0.8499586284578572
0.849962100681285
0.8499655729047129
0.8499690451281406
0.8499725173515685
0.8499759895749963
0.8499794617984243
0.849982934021852
0.84998640624528
0.8499898784687079
0.8499933506921357
0.8499968229155636
0.8500002951389913
0.8500037673624192
0.850007239585847
0.8500107118092749
0.8500141840327027
0.8500176562561307
0.8500211284795586
0.8500246007029864
0.8500280729264142
0.850031545149842
0.8500350173732699
0.8500384895966977
0.8500419618201257
0.8500454340435534
0.8500489062669814
0.8500523784904093
0.850055850713837
0.8500593229372649
0.8500627951606927
0.8500662673841206
0.8500697396075484
0.8500732118309764
0.8500766840544043
0.8500801562778321
0.85008362850126
0.8500871007246877
0.8500905729481156
0.8500940451715434
0.8500975173949713
0.8501009896183991
0.850104461841827
0.8501079340652548
0.8501114062886828
0.8501148785121106
0.8501183507355384
0.8501218229589663
0.8501252951823941
0.850128767405822
0.8501322396292498
0.8501357118526778
0.8501391840761054
0.8501426562995335
0.8501461285229611
0.8501496007463891
0.850153072969817
0.8501565451932448
0.8501600174166727
0.8501634896401005
0.8501669618635286
0.8501704340869564
0.8501739063103843
0.850177378533812
0.8501808507572399
0.8501843229806677
0.8501877952040955
0.8501912674275234
0.8501947396509512
0.850198211874379
0.8502016840978068
0.850205156321235
0.8502086285446627
0.8502121007680906
0.8502155729915184
0.8502190452149463
0.8502225174383741
0.850225989661802
0.85022946188523
0.8502329341086575
0.8502364063320856
0.8502398785555134
0.8502433507789413
0.8502468230023691
0.850250295225797
0.8502537674492248
0.8502572396726527
0.8502607118960807
0.8502641841195084
0.8502676563429363
0.8502711285663641
0.850274600789792
0.8502780730132198
0.8502815452366477
0.8502850174600755
0.8502884896835033
0.8502919619069311
0.850295434130359
0.850298906353787
0.8503023785772148
0.8503058508006427
0.8503093230240705
0.8503127952474984
0.8503162674709261
0.850319739694354
0.850323211917782
0.8503266841412097
0.8503301563646377
0.8503336285880655
0.8503371008114934
0.8503405730349212
0.8503440452583491
