0.11006948266301482
0.11007295488644266
0.11007642710987053
0.11007989933329831
0.1100833715567262
0.11008684378015408
0.11009031600358192
0.1100937882270098
0.11009726045043763
0.11010073267386547
0.11010420489729335
0.11010767712072118
0.11011114934414906
0.1101146215675769
0.11011809379100478
0.11012156601443267
0.11012503823786045
0.11012851046128833
0.11013198268471616
0.11013545490814405
0.11013892713157193
0.11014239935499977
0.11014587157842765
0.11014934380185543
0.11015281602528332
0.11015628824871115
0.11015976047213903
0.11016323269556691
0.11016670491899475
0.11017017714242262
0.11017364936585042
0.1101771215892783
0.11018059381270617
0.11018406603613401
0.11018753825956189
0.11019101048298972
0.11019448270641762
0.11019795492984544
0.11020142715327327
0.11020489937670117
0.11020837160012899
0.11021184382355688
0.11021531604698472
0.11021878827041255
0.11022226049384043
0.11022573271726827
0.11022920494069614
0.11023267716412398
0.11023614938755186
0.11023962161097974
0.11024309383440753
0.11024656605783541
0.11025003828126324
0.11025351050469112
0.110256982728119
0.11026045495154684
0.11026392717497473
0.11026739939840251
0.11027087162183039
0.11027434384525828
0.11027781606868611
0.11028128829211399
0.11028476051554183
0.1102882327389697
0.11029170496239749
0.11029517718582538
0.11029864940925325
0.11030212163268109
0.11030559385610897
0.1103090660795368
0.11031253830296468
0.11031601052639256
0.11031948274982036
0.11032295497324823
0.11032642719667607
0.11032989942010395
0.11033337164353184
0.11033684386695967
0.1103403160903875
0.11034378831381533
0.11034726053724322
0.1103507327606711
0.11035420498409894
0.11035767720752682
0.11036114943095461
0.11036462165438249
0.11036809387781032
0.1103715661012382
0.11037503832466608
0.11037851054809392
0.1103819827715218
0.11038545499494959
0.11038892721837747
0.11039239944180534
0.11039587166523318
0.11039934388866106
0.1104028161120889
0.11040628833551679
0.11040976055894466
0.11041323278237244
0.11041670500580034
0.11042017722922817
0.11042364945265605
0.11042712167608393
0.11043059389951176
0.11043406612293964
0.11043753834636744
0.11044101056979531
0.11044448279322315
0.11044795501665103
0.1104514272400789
0.11045489946350674
0.11045837168693458
0.11046184391036241
0.11046531613379029
0.11046878835721818
0.110472260580646
0.1104757328040739
0.11047920502750173
0.11048267725092956
0.11048614947435745
0.11048962169778528
0.11049309392121316
0.110496566144641
0.11050003836806888
0.11050351059149667
0.11050698281492455
0.11051045503835243
0.11051392726178026
0.11051739948520814
0.11052087170863598
0.11052434393206385
0.11052781615549175
0.11053128837891953
0.1105347606023474
0.11053823282577524
0.11054170504920312
0.11054517727263101
0.11054864949605885
0.11055212171948672
0.1105555939429145
0.1105590661663424
0.11056253838977027
0.11056601061319811
0.11056948283662599
0.11057295506005382
0.1105764272834817
0.1105798995069095
0.11058337173033737
0.11058684395376525
0.11059031617719309
0.11059378840062097
0.1105972606240488
0.11060073284747664
0.11060420507090452
0.11060767729433235
0.11061114951776024
0.11061462174118807
0.11061809396461596
0.11062156618804384
0.11062503841147162
0.11062851063489951
0.11063198285832734
0.11063545508175522
0.1106389273051831
0.11064239952861094
0.11064587175203881
0.11064934397546661
0.11065281619889449
0.11065628842232232
0.1106597606457502
0.11066323286917808
0.11066670509260591
0.1106701773160338
0.11067364953946159
0.11067712176288946
0.11068059398631735
0.11068406620974518
0.11068753843317307
0.1106910106566009
0.11069448288002878
0.11069795510345662
0.11070142732688446
0.11070489955031233
0.11070837177374017
0.11071184399716805
0.11071531622059588
0.11071878844402376
0.1107222606674516
0.11072573289087943
0.11072920511430731
0.11073267733773515
0.11073614956116302
0.11073962178459092
0.1107430940080187
0.11074656623144657
0.11075003845487441
0.1107535106783023
0.11075698290173018
0.11076045512515802
