0.8197919513166497
0.8197954235400776
0.8197988957635055
0.8198023679869334
0.8198058402103612
0.8198093124337891
0.8198127846572169
0.8198162568806447
0.8198197291040725
0.8198232013275005
0.8198266735509284
0.8198301457743561
0.8198336179977841
0.8198370902212119
0.8198405624446398
0.8198440346680675
0.8198475068914954
0.8198509791149232
0.8198544513383511
0.819857923561779
0.8198613957852069
0.8198648680086348
0.8198683402320626
0.8198718124554905
0.8198752846789182
0.8198787569023461
0.8198822291257739
0.8198857013492019
0.8198891735726297
0.8198926457960576
0.8198961180194854
0.8198995902429133
0.8199030624663411
0.8199065346897689
0.8199100069131968
0.8199134791366246
0.8199169513600526
0.8199204235834805
0.8199238958069083
0.8199273680303362
0.819930840253764
0.8199343124771918
0.8199377847006196
0.8199412569240475
0.8199447291474754
0.8199482013709032
0.8199516735943311
0.819955145817759
0.8199586180411869
0.8199620902646148
0.8199655624880425
0.8199690347114704
0.8199725069348982
0.819975979158326
0.819979451381754
0.8199829236051818
0.8199863958286098
0.8199898680520376
0.8199933402754654
0.8199968124988932
0.8200002847223211
0.8200037569457489
0.8200072291691768
0.8200107013926047
0.8200141736160326
0.8200176458394604
0.8200211180628882
0.8200245902863161
0.8200280625097439
0.8200315347331718
0.8200350069565996
0.8200384791800275
0.8200419514034553
0.8200454236268832
0.820048895850311
0.8200523680737389
0.8200558402971668
0.8200593125205946
0.8200627847440225
0.8200662569674503
0.8200697291908782
0.8200732014143061
0.8200766736377338
0.8200801458611618
0.8200836180845896
0.8200870903080175
0.8200905625314453
0.8200940347548732
0.820097506978301
0.8201009792017289
0.8201044514251568
0.8201079236485846
0.8201113958720124
0.8201148680954403
0.8201183403188682
0.820121812542296
0.8201252847657239
0.8201287569891517
0.8201322292125797
0.8201357014360073
0.8201391736594353
0.8201426458828631
0.820146118106291
0.8201495903297189
0.8201530625531467
0.8201565347765746
0.8201600070000024
0.8201634792234302
0.820166951446858
0.820170423670286
0.8201738958937139
0.8201773681171417
0.8201808403405696
0.8201843125639974
0.8201877847874253
0.820191257010853
0.8201947292342809
0.8201982014577088
0.8202016736811367
0.8202051459045646
0.8202086181279925
0.8202120903514203
0.8202155625748481
0.820219034798276
0.8202225070217037
0.8202259792451317
0.8202294514685595
0.8202329236919874
0.8202363959154152
0.8202398681388432
0.820243340362271
0.8202468125856989
0.8202502848091267
0.8202537570325545
0.8202572292559823
0.8202607014794101
0.8202641737028381
0.820267645926266
0.8202711181496939
0.8202745903731217
0.8202780625965496
0.8202815348199773
0.8202850070434052
0.820288479266833
0.8202919514902609
0.8202954237136888
0.8202988959371167
0.8203023681605446
0.8203058403839724
0.8203093126074003
0.820312784830828
0.8203162570542559
0.8203197292776837
0.8203232015011116
0.8203266737245396
0.8203301459479673
0.8203336181713953
0.820337090394823
0.820340562618251
0.8203440348416787
0.8203475070651066
0.8203509792885344
0.8203544515119623
0.8203579237353902
0.8203613959588181
0.820364868182246
0.8203683404056737
0.8203718126291016
0.8203752848525294
0.8203787570759573
0.8203822292993851
0.8203857015228131
0.8203891737462409
0.8203926459696688
0.8203961181930965
0.8203995904165244
0.8204030626399523
0.8204065348633801
0.820410007086808
0.8204134793102358
0.8204169515336638
0.8204204237570917
0.8204238959805195
0.8204273682039473
0.8204308404273751
0.820434312650803
0.8204377848742308
0.8204412570976587
0.8204447293210866
0.8204482015445144
0.8204516737679423
0.8204551459913701
0.820458618214798
0.8204620904382258
0.8204655626616537
0.8204690348850815
0.8204725071085094
0.8204759793319372
0.8204794515553652
0.820482923778793
