0.14895838505499479
0.14896185727842265
0.14896532950185049
0.14896880172527838
0.14897227394870627
0.14897574617213405
0.1489792183955619
0.14898269061898975
0.14898616284241764
0.14898963506584553
0.14899310728927337
0.14899657951270123
0.149000051736129
0.1490035239595569
0.14900699618298474
0.14901046840641263
0.1490139406298405
0.14901741285326833
0.14902088507669617
0.149024357300124
0.1490278295235519
0.14903130174697976
0.1490347739704076
0.1490382461938355
0.14904171841726332
0.14904519064069116
0.14904866286411902
0.14905213508754686
0.14905560731097475
0.1490590795344026
0.14906255175783048
0.14906602398125834
0.14906949620468612
0.14907296842811402
0.14907644065154185
0.14907991287496974
0.14908338509839758
0.14908685732182544
0.14909032954525334
0.14909380176868112
0.149097273992109
0.14910074621553684
0.1491042184389647
0.1491076906623926
0.14911116288582044
0.14911463510924833
0.1491181073326761
0.14912157955610397
0.14912505177953186
0.1491285240029597
0.1491319962263876
0.14913546844981543
0.1491389406732433
0.14914241289667113
0.14914588512009896
0.14914935734352686
0.1491528295669547
0.14915630179038256
0.1491597740138104
0.14916324623723823
0.14916671846066612
0.14917019068409396
0.14917366290752182
0.14917713513094966
0.14918060735437755
0.14918407957780544
0.14918755180123322
0.14919102402466108
0.14919449624808892
0.1491979684715168
0.1492014406949447
0.14920491291837254
0.1492083851418004
0.14921185736522818
0.14921532958865608
0.1492188018120839
0.1492222740355118
0.14922574625893967
0.1492292184823675
0.1492326907057954
0.14923616292922318
0.14923963515265107
0.14924310737607893
0.14924657959950677
0.14925005182293466
0.1492535240463625
0.1492569962697904
0.1492604684932182
0.14926394071664603
0.14926741294007392
0.14927088516350176
0.14927435738692965
0.14927782961035752
0.1492813018337853
0.1492847740572132
0.14928824628064102
0.14929171850406892
0.14929519072749675
0.14929866295092462
0.1493021351743525
0.1493056073977803
0.14930907962120818
0.14931255184463602
0.14931602406806388
0.14931949629149177
0.1493229685149196
0.1493264407383475
0.14932991296177528
0.14933338518520314
0.14933685740863104
0.14934032963205887
0.14934380185548676
0.1493472740789146
0.14935074630234246
0.14935421852577035
0.14935769074919814
0.14936116297262603
0.14936463519605386
0.14936810741948173
0.14937157964290956
0.14937505186633745
0.14937852408976532
0.14938199631319313
0.149385468536621
0.14938894076004883
0.14939241298347672
0.1493958852069046
0.14939935743033242
0.14940282965376026
0.1494063018771881
0.14940977410061598
0.14941324632404387
0.1494167185474717
0.14942019077089957
0.14942366299432736
0.14942713521775525
0.14943060744118314
0.14943407966461097
0.14943755188803884
0.14944102411146667
0.14944449633489457
0.14944796855832235
0.14945144078175024
0.1494549130051781
0.14945838522860594
0.14946185745203383
0.14946532967546167
0.14946880189888956
0.14947227412231742
0.1494757463457452
0.1494792185691731
0.14948269079260093
0.14948616301602882
0.1494896352394567
0.14949310746288452
0.14949657968631241
0.1495000519097402
0.1495035241331681
0.14950699635659592
0.1495104685800238
0.14951394080345168
0.14951741302687951
0.14952088525030735
0.1495243574737352
0.14952782969716305
0.14953130192059094
0.14953477414401878
0.14953824636744667
0.14954171859087448
0.14954519081430231
0.1495486630377302
0.14955213526115804
0.14955560748458593
0.14955907970801377
0.14956255193144163
0.14956602415486953
0.1495694963782973
0.1495729686017252
0.14957644082515303
0.1495799130485809
0.14958338527200873
0.14958685749543663
0.1495903297188645
0.1495938019422923
0.14959727416572016
0.149600746389148
0.1496042186125759
0.14960769083600378
0.14961116305943162
0.14961463528285948
0.14961810750628726
0.14962157972971515
0.14962505195314305
0.14962852417657088
0.14963199639999875
0.14963546862342658
0.14963894084685447
0.1496424130702823
0.14964588529371015
0.149649357517138
