0.9218753200955973
0.921878792319025
0.9218822645424529
0.9218857367658809
0.9218892089893086
0.9218926812127366
0.9218961534361644
0.9218996256595923
0.92190309788302
0.9219065701064479
0.9219100423298757
0.9219135145533036
0.9219169867767316
0.9219204590001593
0.9219239312235873
0.921927403447015
0.921930875670443
0.9219343478938709
0.9219378201172986
0.9219412923407266
0.9219447645641543
0.9219482367875823
0.92195170901101
0.921955181234438
0.9219586534578659
0.9219621256812937
0.9219655979047215
0.9219690701281493
0.9219725423515773
0.921976014575005
0.921979486798433
0.9219829590218607
0.9219864312452887
0.9219899034687166
0.9219933756921443
0.9219968479155722
0.922000320139
0.9220037923624279
0.9220072645858557
0.9220107368092837
0.9220142090327114
0.9220176812561394
0.922021153479567
0.922024625702995
0.9220280979264229
0.9220315701498507
0.9220350423732787
0.9220385145967064
0.9220419868201344
0.922045459043562
0.9220489312669901
0.9220524034904177
0.9220558757138457
0.9220593479372736
0.9220628201607014
0.9220662923841294
0.9220697646075571
0.9220732368309851
0.9220767090544127
0.9220801812778407
0.9220836535012686
0.9220871257246964
0.9220905979481243
0.9220940701715521
0.92209754239498
0.9221010146184078
0.9221044868418358
0.9221079590652634
0.9221114312886914
0.9221149035121191
0.9221183757355471
0.922121847958975
0.9221253201824028
0.9221287924058307
0.9221322646292585
0.9221357368526865
0.9221392090761141
0.9221426812995421
0.9221461535229698
0.9221496257463978
0.9221530979698257
0.9221565701932535
0.9221600424166816
0.9221635146401091
0.9221669868635373
0.9221704590869648
0.9221739313103928
0.9221774035338207
0.9221808757572485
0.9221843479806764
0.9221878202041042
0.9221912924275321
0.9221947646509598
0.922198236874388
0.9222017090978155
0.9222051813212436
0.9222086535446714
0.9222121257680993
0.9222155979915271
0.9222190702149549
0.9222225424383828
0.9222260146618105
0.9222294868852386
0.9222329591086662
0.9222364313320943
0.9222399035555219
0.92224337577895
0.9222468480023778
0.9222503202258057
0.9222537924492337
0.9222572646726613
0.9222607368960893
0.922264209119517
0.922267681342945
0.9222711535663728
0.9222746257898007
0.9222780980132285
0.9222815702366564
0.9222850424600841
0.922288514683512
0.92229198690694
0.9222954591303677
0.9222989313537957
0.9223024035772235
0.9223058758006514
0.9223093480240792
0.922312820247507
0.9223162924709348
0.9223197646943627
0.9223232369177907
0.9223267091412184
0.9223301813646464
0.9223336535880741
0.9223371258115021
0.9223405980349298
0.9223440702583577
0.9223475424817857
0.9223510147052134
0.9223544869286414
0.9223579591520691
0.9223614313754971
0.9223649035989249
0.9223683758223528
0.9223718480457805
0.9223753202692084
0.9223787924926362
0.9223822647160641
0.9223857369394921
0.9223892091629198
0.9223926813863478
0.9223961536097756
0.9223996258332035
0.9224030980566312
0.9224065702800591
0.9224100425034869
0.9224135147269148
0.9224169869503428
0.9224204591737705
0.9224239313971985
0.9224274036206261
0.9224308758440541
0.9224343480674819
0.9224378202909098
0.9224412925143378
0.9224447647377655
0.9224482369611935
0.9224517091846212
0.9224551814080492
0.9224586536314769
0.9224621258549048
0.9224655980783326
0.9224690703017605
0.9224725425251885
0.9224760147486162
0.9224794869720442
0.9224829591954719
0.9224864314188999
0.9224899036423277
0.9224933758657555
0.9224968480891834
0.9225003203126112
0.922503792536039
0.9225072647594669
0.9225107369828949
0.9225142092063225
0.9225176814297505
0.9225211536531782
0.9225246258766062
0.9225280981000341
0.9225315703234619
0.9225350425468899
0.9225385147703176
0.9225419869937456
0.9225454592171732
0.9225489314406012
0.9225524036640289
0.9225558758874569
0.9225593481108848
0.9225628203343126
0.9225662925577406
