0.09409725489488015
0.09410072711830798
0.09410419934173586
0.0941076715651637
0.09411114378859158
0.09411461601201947
0.09411808823544725
0.09412156045887513
0.09412503268230296
0.09412850490573085
0.09413197712915873
0.09413544935258657
0.09413892157601444
0.09414239379944224
0.09414586602287012
0.094149338246298
0.09415281046972583
0.09415628269315371
0.09415975491658155
0.09416322714000942
0.09416669936343722
0.0941701715868651
0.09417364381029297
0.09417711603372081
0.09418058825714869
0.09418406048057652
0.09418753270400441
0.09419100492743224
0.09419447715086007
0.09419794937428796
0.0942014215977158
0.09420489382114368
0.09420836604457156
0.09421183826799939
0.09421531049142723
0.09421878271485506
0.09422225493828294
0.09422572716171082
0.09422919938513866
0.09423267160856653
0.09423614383199433
0.0942396160554222
0.09424308827885004
0.09424656050227792
0.09425003272570581
0.09425350494913363
0.09425697717256153
0.09426044939598931
0.09426392161941718
0.09426739384284508
0.09427086606627291
0.09427433828970079
0.09427781051312863
0.0942812827365565
0.09428475495998438
0.09428822718341218
0.09429169940684005
0.09429517163026789
0.09429864385369577
0.0943021160771236
0.09430558830055148
0.09430906052397937
0.09431253274740715
0.09431600497083503
0.09431947719426287
0.09432294941769075
0.09432642164111864
0.09432989386454647
0.0943333660879743
0.09433683831140213
0.09434031053483002
0.0943437827582579
0.09434725498168574
0.09435072720511362
0.09435419942854145
0.09435767165196929
0.09436114387539717
0.094364616098825
0.09436808832225288
0.09437156054568072
0.0943750327691086
0.09437850499253639
0.09438197721596427
0.09438544943939214
0.09438892166281998
0.09439239388624787
0.0943958661096757
0.09439933833310359
0.09440281055653146
0.09440628277995924
0.09440975500338714
0.09441322722681497
0.09441669945024285
0.09442017167367073
0.09442364389709856
0.09442711612052644
0.09443058834395424
0.09443406056738211
0.09443753279080999
0.09444100501423783
0.0944444772376657
0.09444794946109354
0.09445142168452143
0.09445489390794921
0.09445836613137709
0.09446183835480498
0.0944653105782328
0.0944687828016607
0.09447225502508853
0.09447572724851636
0.09447919947194425
0.09448267169537208
0.09448614391879996
0.0944896161422278
0.09449308836565568
0.09449656058908355
0.09450003281251135
0.09450350503593923
0.09450697725936706
0.09451044948279494
0.09451392170622278
0.09451739392965065
0.09452086615307854
0.09452433837650633
0.0945278105999342
0.09453128282336204
0.09453475504678992
0.09453822727021781
0.09454169949364565
0.09454517171707352
0.0945486439405013
0.0945521161639292
0.09455558838735707
0.09455906061078491
0.09456253283421279
0.09456600505764062
0.0945694772810685
0.09457294950449634
0.09457642172792417
0.09457989395135205
0.09458336617477989
0.09458683839820776
0.0945903106216356
0.09459378284506344
0.09459725506849131
0.09460072729191915
0.09460419951534704
0.09460767173877487
0.09461114396220276
0.09461461618563063
0.09461808840905842
0.0946215606324863
0.09462503285591414
0.09462850507934202
0.0946319773027699
0.09463544952619773
0.09463892174962561
0.09464239397305341
0.09464586619648128
0.09464933841990916
0.094652810643337
0.09465628286676488
0.09465975509019271
0.0946632273136206
0.09466669953704838
0.09467017176047626
0.09467364398390415
0.09467711620733198
0.09468058843075987
0.0946840606541877
0.09468753287761558
0.09469100510104346
0.09469447732447125
0.09469794954789913
0.09470142177132697
0.09470489399475485
0.09470836621818272
0.09471183844161056
0.0947153106650384
0.09471878288846623
0.09472225511189411
0.09472572733532199
0.09472919955874982
0.09473267178217772
0.0947361440056055
0.09473961622903337
0.09474308845246121
0.0947465606758891
0.09475003289931698
0.09475350512274482
0.0947569773461727
0.09476044956960047
0.09476392179302837
0.09476739401645624
0.09477086623988408
0.09477433846331196
0.0947778106867398
0.09478128291016767
0.09478475513359555
0.09478822735702334
