0.06909724621432158
0.06910071843774941
0.06910419066117725
0.06910766288460518
0.06911113510803302
0.06911460733146085
0.06911807955488877
0.06912155177831651
0.06912502400174445
0.06912849622517228
0.06913196844860012
0.06913544067202804
0.06913891289545587
0.06914238511888371
0.06914585734231155
0.06914932956573938
0.06915280178916722
0.06915627401259514
0.06915974623602297
0.06916321845945081
0.06916669068287874
0.06917016290630648
0.06917363512973441
0.06917710735316224
0.06918057957659007
0.069184051800018
0.06918752402344584
0.06919099624687368
0.06919446847030152
0.06919794069372934
0.06920141291715727
0.0692048851405851
0.06920835736401294
0.06921182958744086
0.06921530181086862
0.06921877403429653
0.06922224625772437
0.06922571848115221
0.06922919070458004
0.06923266292800798
0.0692361351514358
0.06923960737486363
0.06924307959829147
0.06924655182171931
0.06925002404514724
0.06925349626857508
0.06925696849200291
0.06926044071543083
0.06926391293885857
0.0692673851622865
0.06927085738571434
0.06927432960914218
0.0692778018325701
0.06928127405599793
0.06928474627942577
0.0692882185028537
0.06929169072628144
0.06929516294970936
0.0692986351731372
0.06930210739656503
0.06930557961999287
0.0693090518434208
0.06931252406684864
0.06931599629027647
0.0693194685137043
0.06932294073713213
0.06932641296056007
0.0693298851839879
0.06933335740741574
0.06933682963084357
0.0693403018542714
0.06934377407769933
0.06934724630112717
0.069350718524555
0.06935419074798292
0.06935766297141067
0.0693611351948386
0.06936460741826643
0.06936807964169427
0.0693715518651222
0.06937502408855004
0.06937849631197786
0.0693819685354057
0.06938544075883353
0.06938891298226146
0.0693923852056893
0.06939585742911714
0.06939932965254496
0.06940280187597289
0.06940627409940073
0.06940974632282856
0.0694132185462564
0.06941669076968424
0.06942016299311216
0.06942363521653999
0.06942710743996783
0.06943057966339576
0.0694340518868235
0.06943752411025142
0.06944099633367926
0.06944446855710709
0.06944794078053503
0.06945141300396286
0.0694548852273907
0.06945835745081853
0.06946182967424636
0.06946530189767429
0.06946877412110213
0.06947224634452996
0.0694757185679578
0.06947919079138563
0.06948266301481355
0.06948613523824139
0.06948960746166923
0.06949307968509706
0.06949655190852498
0.06950002413195282
0.06950349635538065
0.06950696857880849
0.06951044080223633
0.06951391302566426
0.0695173852490921
0.06952085747251992
0.06952432969594785
0.06952780191937559
0.06953127414280352
0.06953474636623136
0.0695382185896592
0.06954169081308711
0.06954516303651495
0.06954863525994279
0.06955210748337062
0.06955557970679846
0.06955905193022638
0.06956252415365421
0.06956599637708205
0.06956946860050989
0.06957294082393772
0.06957641304736566
0.06957988527079348
0.06958335749422132
0.06958682971764915
0.06959030194107708
0.06959377416450492
0.06959724638793276
0.06960071861136059
0.06960419083478842
0.06960766305821635
0.06961113528164418
0.06961460750507202
0.06961807972849994
0.0696215519519277
0.06962502417535561
0.06962849639878345
0.06963196862221128
0.06963544084563922
0.06963891306906704
0.06964238529249488
0.06964585751592271
0.06964932973935055
0.06965280196277839
0.06965627418620632
0.06965974640963415
0.06966321863306198
0.06966669085648991
0.06967016307991765
0.06967363530334558
0.06967710752677342
0.06968057975020125
0.06968405197362917
0.06968752419705701
0.06969099642048485
0.06969446864391268
0.06969794086734052
0.06970141309076844
0.06970488531419627
0.06970835753762411
0.06971182976105204
0.06971530198447978
0.06971877420790772
0.06972224643133554
0.06972571865476337
0.06972919087819121
0.06973266310161914
0.06973613532504698
0.06973960754847482
0.06974307977190264
0.06974655199533047
0.06975002421875841
0.06975349644218624
0.06975696866561408
0.069760440889042
0.06976391311246975
0.06976738533589767
0.06977085755932551
0.06977432978275334
0.06977780200618128
0.0697812742296091
0.06978474645303694
0.06978821867646487
