0.7031252441407098
0.7031287163641375
0.7031321885875655
0.7031356608109933
0.7031391330344212
0.703142605257849
0.7031460774812769
0.7031495497047048
0.7031530219281327
0.7031564941515605
0.7031599663749883
0.7031634385984161
0.703166910821844
0.7031703830452719
0.7031738552686997
0.7031773274921277
0.7031807997155555
0.7031842719389834
0.7031877441624111
0.703191216385839
0.7031946886092668
0.7031981608326947
0.7032016330561226
0.7032051052795504
0.7032085775029784
0.7032120497264062
0.703215521949834
0.7032189941732618
0.7032224663966897
0.7032259386201176
0.7032294108435454
0.7032328830669733
0.7032363552904011
0.703239827513829
0.7032432997372569
0.7032467719606847
0.7032502441841125
0.7032537164075404
0.7032571886309682
0.7032606608543961
0.703264133077824
0.7032676053012518
0.7032710775246798
0.7032745497481075
0.7032780219715354
0.7032814941949632
0.7032849664183911
0.7032884386418189
0.7032919108652469
0.7032953830886747
0.7032988553121026
0.7033023275355305
0.7033057997589582
0.7033092719823861
0.7033127442058139
0.7033162164292418
0.7033196886526696
0.7033231608760976
0.7033266330995254
0.7033301053229533
0.7033335775463812
0.7033370497698089
0.7033405219932368
0.7033439942166646
0.7033474664400925
0.7033509386635203
0.7033544108869483
0.7033578831103761
0.703361355333804
0.7033648275572318
0.7033682997806596
0.7033717720040875
0.7033752442275153
0.7033787164509432
0.7033821886743711
0.703385660897799
0.7033891331212268
0.7033926053446546
0.7033960775680824
0.7033995497915104
0.7034030220149382
0.703406494238366
0.7034099664617939
0.7034134386852217
0.7034169109086497
0.7034203831320774
0.7034238553555053
0.7034273275789332
0.7034307998023611
0.7034342720257889
0.7034377442492168
0.7034412164726446
0.7034446886960725
0.7034481609195004
0.7034516331429281
0.703455105366356
0.7034585775897839
0.7034620498132118
0.7034655220366396
0.7034689942600675
0.7034724664834953
0.7034759387069232
0.703479410930351
0.7034828831537788
0.7034863553772067
0.7034898276006345
0.7034932998240625
0.7034967720474903
0.7035002442709182
0.703503716494346
0.7035071887177738
0.7035106609412017
0.7035141331646295
0.7035176053880574
0.7035210776114853
0.7035245498349132
0.703528022058341
0.7035314942817689
0.7035349665051966
0.7035384387286245
0.7035419109520524
0.7035453831754802
0.7035488553989081
0.703552327622336
0.7035557998457639
0.7035592720691917
0.7035627442926196
0.7035662165160473
0.7035696887394752
0.7035731609629031
0.703576633186331
0.7035801054097588
0.7035835776331867
0.7035870498566146
0.7035905220800424
0.7035939943034702
0.703597466526898
0.7036009387503259
0.7036044109737538
0.7036078831971817
0.7036113554206095
0.7036148276440374
0.7036182998674653
0.703621772090893
0.7036252443143209
0.7036287165377487
0.7036321887611767
0.7036356609846045
0.7036391332080324
0.7036426054314602
0.7036460776548881
0.703649549878316
0.7036530221017437
0.7036564943251716
0.7036599665485994
0.7036634387720273
0.7036669109954552
0.7036703832188831
0.7036738554423109
0.7036773276657389
0.7036807998891667
0.7036842721125945
0.7036877443360223
0.7036912165594501
0.703694688782878
0.7036981610063059
0.7037016332297338
0.7037051054531616
0.7037085776765896
0.7037120499000173
0.7037155221234452
0.703718994346873
0.7037224665703009
0.7037259387937288
0.7037294110171566
0.7037328832405845
0.7037363554640123
0.7037398276874401
0.703743299910868
0.7037467721342959
0.7037502443577237
0.7037537165811516
0.7037571888045794
0.7037606610280073
0.7037641332514352
0.703767605474863
0.703771077698291
0.7037745499217187
0.7037780221451466
0.7037814943685744
0.7037849665920023
0.7037884388154301
0.703791911038858
0.7037953832622859
0.7037988554857136
0.7038023277091416
0.7038057999325694
0.7038092721559973
0.7038127443794251
0.703816216602853
