0.13229171260128908
0.13229518482471697
0.13229865704814475
0.13230212927157264
0.1323056014950005
0.13230907371842834
0.13231254594185624
0.13231601816528407
0.13231949038871194
0.13232296261213974
0.1323264348355676
0.1323299070589955
0.13233337928242334
0.1323368515058512
0.13234032372927904
0.13234379595270693
0.13234726817613482
0.1323507403995626
0.13235421262299046
0.1323576848464183
0.1323611570698462
0.13236462929327408
0.13236810151670192
0.13237157374012978
0.13237504596355756
0.13237851818698546
0.1323819904104133
0.13238546263384118
0.13238893485726905
0.13239240708069688
0.13239587930412472
0.13239935152755256
0.13240282375098045
0.1324062959744083
0.13240976819783615
0.13241324042126404
0.13241671264469182
0.1324201848681197
0.13242365709154758
0.1324271293149754
0.1324306015384033
0.13243407376183114
0.13243754598525903
0.1324410182086869
0.13244449043211468
0.13244796265554257
0.1324514348789704
0.1324549071023983
0.13245837932582613
0.132461851549254
0.1324653237726819
0.13246879599610967
0.13247226821953756
0.1324757404429654
0.13247921266639326
0.13248268488982115
0.132486157113249
0.13248962933667688
0.13249310156010466
0.13249657378353252
0.13250004600696041
0.13250351823038825
0.13250699045381614
0.13251046267724398
0.13251393490067181
0.13251740712409968
0.13252087934752751
0.1325243515709554
0.13252782379438324
0.1325312960178111
0.13253476824123894
0.13253824046466678
0.13254171268809467
0.1325451849115225
0.13254865713495037
0.1325521293583782
0.1325556015818061
0.132559073805234
0.13256254602866177
0.13256601825208963
0.13256949047551747
0.13257296269894536
0.13257643492237325
0.1325799071458011
0.13258337936922895
0.13258685159265673
0.13259032381608463
0.13259379603951246
0.13259726826294035
0.13260074048636822
0.13260421270979605
0.13260768493322395
0.13261115715665173
0.13261462938007962
0.13261810160350748
0.13262157382693532
0.1326250460503632
0.13262851827379105
0.13263199049721894
0.13263546272064675
0.13263893494407458
0.13264240716750247
0.1326458793909303
0.1326493516143582
0.13265282383778607
0.13265629606121387
0.13265976828464174
0.13266324050806957
0.13266671273149747
0.1326701849549253
0.13267365717835317
0.13267712940178106
0.13268060162520884
0.13268407384863673
0.13268754607206457
0.13269101829549243
0.13269449051892032
0.13269796274234816
0.13270143496577605
0.13270490718920383
0.1327083794126317
0.13271185163605959
0.13271532385948742
0.1327187960829153
0.13272226830634315
0.132725740529771
0.1327292127531989
0.13273268497662669
0.13273615720005458
0.1327396294234824
0.13274310164691028
0.1327465738703381
0.132750046093766
0.13275351831719384
0.13275699054062168
0.13276046276404954
0.13276393498747738
0.13276740721090527
0.13277087943433316
0.132774351657761
0.1327778238811888
0.13278129610461664
0.13278476832804453
0.13278824055147243
0.13279171277490026
0.13279518499832813
0.13279865722175593
0.1328021294451838
0.1328056016686117
0.13280907389203953
0.1328125461154674
0.13281601833889523
0.13281949056232312
0.1328229627857509
0.1328264350091788
0.13282990723260665
0.1328333794560345
0.13283685167946238
0.13284032390289022
0.1328437961263181
0.13284726834974597
0.13285074057317375
0.13285421279660165
0.13285768502002948
0.13286115724345737
0.13286462946688524
0.13286810169031307
0.13287157391374096
0.13287504613716875
0.13287851836059664
0.13288199058402447
0.13288546280745234
0.13288893503088023
0.13289240725430806
0.1328958794777359
0.13289935170116374
0.1329028239245916
0.1329062961480195
0.13290976837144733
0.13291324059487522
0.132916712818303
0.13292018504173087
0.13292365726515876
0.1329271294885866
0.13293060171201448
0.13293407393544232
0.13293754615887018
0.13294101838229808
0.13294449060572586
0.13294796282915375
0.13295143505258158
0.13295490727600945
0.13295837949943728
0.13296185172286518
0.13296532394629307
0.13296879616972085
0.1329722683931487
0.13297574061657655
0.13297921284000444
0.13298268506343233
