0.4593751595052637
0.45937863172869153
0.45938210395211937
0.4593855761755473
0.45938904839897515
0.459392520622403
0.4593959928458308
0.4593994650692587
0.45940293729268655
0.4594064095161144
0.4594098817395422
0.45941335396297006
0.459416826186398
0.45942029840982584
0.4594237706332537
0.4594272428566815
0.4594307150801094
0.45943418730353724
0.4594376595269651
0.4594411317503929
0.45944460397382075
0.4594480761972487
0.45945154842067654
0.4594550206441044
0.4594584928675322
0.45946196509096016
0.459465437314388
0.45946890953781583
0.45947238176124366
0.45947585398467145
0.4594793262080994
0.45948279843152723
0.45948627065495506
0.4594897428783829
0.45949321510181085
0.4594966873252387
0.4595001595486665
0.45950363177209436
0.4595071039955222
0.4595105762189501
0.4595140484423779
0.45951752066580576
0.4595209928892336
0.45952446511266154
0.4595279373360894
0.4595314095595172
0.45953488178294505
0.4595383540063729
0.4595418262298008
0.4595452984532286
0.45954877067665645
0.4595522429000843
0.45955571512351223
0.45955918734694007
0.4595626595703679
0.45956613179379574
0.4595696040172236
0.45957307624065147
0.4595765484640793
0.45958002068750714
0.459583492910935
0.4595869651343629
0.45959043735779076
0.4595939095812186
0.45959738180464643
0.45960085402807427
0.4596043262515022
0.45960779847493005
0.4596112706983579
0.4596147429217857
0.4596182151452136
0.45962168736864145
0.4596251595920693
0.4596286318154971
0.45963210403892496
0.4596355762623529
0.45963904848578074
0.4596425207092086
0.4596459929326364
0.4596494651560643
0.45965293737949214
0.45965640960292
0.4596598818263478
0.45966335404977565
0.4596668262732036
0.45967029849663144
0.45967377072005927
0.4596772429434871
0.459680715166915
0.45968418739034284
0.45968765961377067
0.4596911318371985
0.45969460406062634
0.4596980762840543
0.4597015485074821
0.45970502073090996
0.4597084929543378
0.4597119651777657
0.4597154374011935
0.45971890962462136
0.4597223818480492
0.45972585407147704
0.459729326294905
0.4597327985183328
0.45973627074176066
0.4597397429651885
0.45974321518861644
0.4597466874120443
0.4597501596354721
0.45975363185889995
0.4597571040823277
0.4597605763057557
0.4597640485291835
0.45976752075261135
0.4597709929760392
0.45977446519946713
0.45977793742289497
0.4597814096463228
0.45978488186975064
0.4597883540931785
0.45979182631660637
0.4597952985400342
0.45979877076346204
0.4598022429868899
0.4598057152103178
0.45980918743374566
0.4598126596571735
0.45981613188060133
0.45981960410402917
0.45982307632745706
0.4598265485508849
0.45983002077431273
0.45983349299774057
0.4598369652211685
0.45984043744459635
0.4598439096680242
0.459847381891452
0.45985085411487986
0.45985432633830775
0.4598577985617356
0.4598612707851634
0.45986474300859126
0.4598682152320192
0.45987168745544704
0.4598751596788749
0.4598786319023027
0.45988210412573055
0.4598855763491585
0.45988904857258633
0.45989252079601417
0.459895993019442
0.4598994652428699
0.45990293746629773
0.45990640968972557
0.4599098819131534
0.45991335413658124
0.4599168263600092
0.459920298583437
0.45992377080686486
0.4599272430302927
0.4599307152537206
0.4599341874771484
0.45993765970057626
0.4599411319240041
0.45994460414743193
0.4599480763708599
0.4599515485942877
0.45995502081771555
0.4599584930411434
0.4599619652645713
0.4599654374879991
0.45996890971142695
0.4599723819348548
0.4599758541582826
0.4599793263817106
0.4599827986051384
0.45998627082856625
0.4599897430519941
0.45999321527542203
0.4599966874988498
0.46000015972227765
0.4600036319457055
0.4600071041691333
0.46001057639256127
0.4600140486159891
0.46001752083941694
0.4600209930628448
0.4600244652862727
0.46002793750970056
0.4600314097331284
0.46003488195655623
0.46003835417998407
0.46004182640341196
0.4600452986268398
0.46004877085026763
0.46005224307369547
0.4600557152971234
0.46005918752055125
0.4600626597439791
0.4600661319674069
