0.041319458791478705
0.04132293101490663
0.04132640323833437
0.041329875461762304
0.04133334768519013
0.04133681990861797
0.041340292132045896
0.04134376435547373
0.04134723657890157
0.041350708802329404
0.04135418102575724
0.04135765324918517
0.041361125472613
0.04136459769604083
0.041368069919468765
0.041371542142896504
0.04137501436632443
0.04137848658975227
0.0413819588131801
0.04138543103660794
0.041388903260035866
0.0413923754834637
0.04139584770689153
0.04139931993031937
0.0414027921537472
0.04140626437717513
0.041409736600602966
0.0414132088240308
0.04141668104745873
0.04142015327088647
0.041423625494314394
0.04142709771774223
0.041430569941170066
0.04143404216459799
0.04143751438802583
0.041440986611453665
0.0414444588348815
0.04144793105830933
0.04145140328173726
0.04145487550516509
0.04145834772859293
0.041461819952020765
0.04146529217544869
0.04146876439887653
0.04147223662230436
0.04147570884573219
0.04147918106916003
0.041482653292587955
0.04148612551601579
0.04148959773944363
0.041493069962871464
0.0414965421862993
0.041500014409727226
0.04150348663315506
0.04150695885658289
0.041510431080010825
0.041513903303438564
0.04151737552686649
0.041520847750294326
0.04152431997372216
0.04152779219715009
0.041531264420577925
0.041534736644005754
0.04153820886743359
0.041541681090861426
0.04154515331428935
0.04154862553771719
0.041552097761145025
0.04155556998457286
0.04155904220800079
0.041562514431428624
0.04156598665485645
0.04156945887828429
0.041572931101712125
0.04157640332514005
0.04157987554856789
0.041583347771995724
0.04158681999542365
0.04159029221885139
0.04159376444227932
0.04159723666570715
0.04160070888913499
0.041604181112562914
0.04160765333599075
0.04161112555941859
0.04161459778284642
0.04161807000627425
0.041621542229702185
0.041625014453130015
0.04162848667655785
0.04163195889998569
0.04163543112341352
0.04163890334684145
0.041642375570269285
0.04164584779369712
0.04164932001712495
0.041652792240552884
0.04165626446398071
0.04165973668740855
0.041663208910836386
0.04166668113426422
0.04167015335769215
0.041673625581119984
0.041677097804547814
0.04168057002797575
0.041684042251403486
0.04168751447483141
0.04169098669825925
0.041694458921687085
0.04169793114511501
0.04170140336854285
0.04170487559197068
0.04170834781539851
0.04171182003882635
0.041715292262254275
0.04171876448568211
0.04172223670910995
0.04172570893253778
0.04172918115596562
0.04173265337939345
0.04173612560282138
0.04173959782624921
0.04174307004967705
0.041746542273104974
0.04175001449653281
0.041753486719960646
0.04175695894338848
0.04176043116681631
0.041763903390244245
0.041767375613672074
0.04177084783709991
0.041774320060527836
0.04177779228395558
0.04178126450738351
0.041784736730811345
0.04178820895423918
0.04179168117766711
0.041795153401094944
0.04179862562452277
0.04180209784795061
0.041805570071378445
0.04180904229480628
0.04181251451823421
0.041815986741662044
0.04181945896508987
0.041822931188517806
0.041826403411945545
0.04182987563537347
0.04183334785880131
0.041836820082229144
0.04184029230565707
0.041843764529084906
0.04184723675251274
0.04185070897594057
0.04185418119936841
0.041857653422796334
0.04186112564622417
0.04186459786965201
0.04186807009307993
0.04187154231650768
0.041875014539935605
0.04187848676336344
0.04188195898679127
0.04188543121021911
0.04188890343364703
0.04189237565707487
0.041895847880502705
0.04189932010393054
0.04190279232735837
0.041906264550786304
0.04190973677421413
0.04191320899764197
0.041916681221069896
0.04192015344449764
0.04192362566792557
0.041927097891353404
0.04193057011478124
0.04193404233820917
0.041937514561637
0.04194098678506483
0.04194445900849267
0.041947931231920504
0.04195140345534843
0.04195487567877627
0.0419583479022041
0.04196182012563193
0.041965292349059866
0.041968764572487695
0.04197223679591553
0.04197570901934337
0.0419791812427712
0.04198265346619913
0.041986125689626966
0.0419895979130548
0.04199307013648263
0.04199654235991047
0.042000014583338394
0.04200348680676623
0.042006959030194066
0.04201043125362199
