0.07673613775560338
0.0767396099790312
0.07674308220245914
0.07674655442588688
0.07675002664931481
0.07675349887274265
0.07675697109617048
0.0767604433195984
0.07676391554302624
0.07676738776645407
0.07677085998988191
0.07677433221330975
0.07677780443673766
0.0767812766601655
0.07678474888359334
0.07678822110702117
0.07679169333044901
0.07679516555387694
0.07679863777730477
0.0768021100007326
0.07680558222416044
0.07680905444758837
0.0768125266710162
0.07681599889444404
0.07681947111787188
0.0768229433412997
0.07682641556472763
0.07682988778815547
0.07683336001158331
0.07683683223501123
0.07684030445843898
0.0768437766818669
0.07684724890529473
0.07685072112872257
0.0768541933521505
0.07685766557557833
0.07686113779900616
0.076864610022434
0.07686808224586184
0.07687155446928977
0.0768750266927176
0.07687849891614544
0.07688197113957326
0.0768854433630011
0.07688891558642903
0.07689238780985687
0.0768958600332847
0.07689933225671254
0.07690280448014046
0.0769062767035683
0.07690974892699613
0.07691322115042397
0.0769166933738518
0.07692016559727972
0.07692363782070756
0.0769271100441354
0.07693058226756333
0.07693405449099107
0.076937526714419
0.07694099893784682
0.07694447116127466
0.0769479433847026
0.07695141560813043
0.07695488783155827
0.0769583600549861
0.07696183227841394
0.07696530450184186
0.0769687767252697
0.07697224894869753
0.07697572117212537
0.07697919339555329
0.07698266561898104
0.07698613784240896
0.0769896100658368
0.07699308228926463
0.07699655451269256
0.07700002673612039
0.07700349895954822
0.07700697118297606
0.0770104434064039
0.07701391562983183
0.07701738785325966
0.0770208600766875
0.07702433230011542
0.07702780452354316
0.07703127674697109
0.07703474897039893
0.07703822119382676
0.0770416934172546
0.07704516564068252
0.07704863786411036
0.07705211008753819
0.07705558231096603
0.07705905453439386
0.07706252675782178
0.07706599898124962
0.07706947120467746
0.07707294342810539
0.07707641565153313
0.07707988787496106
0.07708336009838888
0.07708683232181672
0.07709030454524465
0.07709377676867249
0.07709724899210033
0.07710072121552825
0.077104193438956
0.07710766566238392
0.07711113788581175
0.07711461010923959
0.07711808233266743
0.07712155455609535
0.07712502677952318
0.07712849900295102
0.07713197122637885
0.07713544344980669
0.07713891567323462
0.07714238789666245
0.07714586012009028
0.07714933234351812
0.07715280456694595
0.07715627679037389
0.07715974901380172
0.07716322123722956
0.07716669346065748
0.07717016568408522
0.07717363790751315
0.07717711013094099
0.07718058235436882
0.07718405457779674
0.07718752680122458
0.07719099902465242
0.07719447124808025
0.07719794347150809
0.07720141569493602
0.07720488791836384
0.07720836014179168
0.07721183236521952
0.07721530458864745
0.07721877681207528
0.07722224903550312
0.07722572125893094
0.07722919348235878
0.07723266570578671
0.07723613792921455
0.07723961015264239
0.0772430823760703
0.07724655459949806
0.07725002682292598
0.07725349904635381
0.07725697126978165
0.07726044349320958
0.0772639157166374
0.07726738794006524
0.07727086016349308
0.07727433238692091
0.07727780461034885
0.07728127683377668
0.0772847490572045
0.07728822128063234
0.07729169350406018
0.07729516572748811
0.07729863795091595
0.07730211017434378
0.07730558239777162
0.07730905462119954
0.07731252684462737
0.07731599906805521
0.07731947129148305
0.07732294351491088
0.0773264157383388
0.07732988796176664
0.07733336018519447
0.07733683240862241
0.07734030463205015
0.07734377685547807
0.0773472490789059
0.07735072130233374
0.07735419352576167
0.07735766574918951
0.07736113797261734
0.07736461019604518
0.077368082419473
0.07737155464290094
0.07737502686632877
0.07737849908975661
0.07738197131318444
0.07738544353661228
0.0773889157600402
0.07739238798346804
0.07739586020689587
0.07739933243032371
0.07740280465375164
0.07740627687717946
0.0774097491006073
0.07741322132403514
0.07741669354746297
0.0774201657708909
0.07742363799431874
0.07742711021774656
