0.8468752940539215
0.8468787662773494
0.8468822385007772
0.846885710724205
0.8468891829476328
0.8468926551710609
0.8468961273944887
0.8468995996179166
0.8469030718413444
0.8469065440647723
0.8469100162882001
0.8469134885116278
0.846916960735056
0.8469204329584835
0.8469239051819116
0.8469273774053394
0.8469308496287673
0.8469343218521951
0.846937794075623
0.8469412662990508
0.8469447385224786
0.8469482107459066
0.8469516829693343
0.8469551551927623
0.8469586274161901
0.846962099639618
0.8469655718630458
0.8469690440864737
0.8469725163099014
0.8469759885333293
0.8469794607567571
0.846982932980185
0.846986405203613
0.8469898774270408
0.8469933496504687
0.8469968218738965
0.8470002940973244
0.8470037663207521
0.84700723854418
0.847010710767608
0.8470141829910357
0.8470176552144637
0.8470211274378915
0.8470245996613194
0.8470280718847472
0.847031544108175
0.8470350163316028
0.8470384885550307
0.8470419607784587
0.8470454330018864
0.8470489052253144
0.8470523774487422
0.8470558496721701
0.8470593218955978
0.8470627941190257
0.8470662663424535
0.8470697385658814
0.8470732107893094
0.8470766830127371
0.8470801552361651
0.8470836274595929
0.8470870996830208
0.8470905719064485
0.8470940441298764
0.8470975163533042
0.8471009885767321
0.8471044608001599
0.8471079330235878
0.8471114052470158
0.8471148774704436
0.8471183496938715
0.8471218219172992
0.8471252941407271
0.8471287663641549
0.8471322385875828
0.8471357108110108
0.8471391830344385
0.8471426552578665
0.8471461274812944
0.8471495997047221
0.8471530719281499
0.8471565441515778
0.8471600163750056
0.8471634885984335
0.8471669608218615
0.8471704330452894
0.8471739052687172
0.8471773774921451
0.8471808497155728
0.8471843219390007
0.8471877941624285
0.8471912663858564
0.8471947386092842
0.847198210832712
0.8472016830561399
0.8472051552795679
0.8472086275029957
0.8472120997264235
0.8472155719498514
0.8472190441732792
0.8472225163967071
0.8472259886201349
0.8472294608435629
0.8472329330669905
0.8472364052904185
0.8472398775138462
0.8472433497372742
0.8472468219607021
0.8472502941841299
0.8472537664075578
0.8472572386309856
0.8472607108544136
0.8472641830778415
0.8472676553012692
0.8472711275246971
0.8472745997481249
0.8472780719715528
0.8472815441949806
0.8472850164184085
0.8472884886418363
0.8472919608652641
0.8472954330886919
0.8472989053121199
0.8473023775355478
0.8473058497589756
0.8473093219824035
0.8473127942058313
0.8473162664292592
0.847319738652687
0.847323210876115
0.8473266830995426
0.8473301553229706
0.8473336275463985
0.8473370997698263
0.8473405719932542
0.847344044216682
0.8473475164401099
0.8473509886635376
0.8473544608869656
0.8473579331103935
0.8473614053338213
0.8473648775572492
0.847368349780677
0.8473718220041049
0.8473752942275327
0.8473787664509606
0.8473822386743883
0.8473857108978162
0.847389183121244
0.847392655344672
0.8473961275680999
0.8473995997915277
0.8474030720149556
0.8474065442383834
0.8474100164618112
0.847413488685239
0.8474169609086671
0.8474204331320947
0.8474239053555228
0.8474273775789506
0.8474308498023784
0.8474343220258063
0.847437794249234
0.8474412664726619
0.8474447386960897
0.8474482109195178
0.8474516831429454
0.8474551553663735
0.8474586275898013
0.8474620998132292
0.847465572036657
0.8474690442600848
0.8474725164835126
0.8474759887069405
0.8474794609303683
0.8474829331537961
0.8474864053772242
0.847489877600652
0.8474933498240799
0.8474968220475076
0.8475002942709355
0.8475037664943633
0.8475072387177912
0.8475107109412192
0.8475141831646469
0.8475176553880749
0.8475211276115027
0.8475245998349306
0.8475280720583583
0.8475315442817862
0.847535016505214
0.8475384887286419
0.8475419609520699
0.8475454331754976
0.8475489053989256
0.8475523776223534
0.8475558498457813
0.847559322069209
0.8475627942926369
0.8475662665160647
