0.10729170392073051
0.10729517614415834
0.10729864836758622
0.10730212059101406
0.10730559281444194
0.10730906503786977
0.10731253726129766
0.10731600948472549
0.10731948170815332
0.10732295393158121
0.10732642615500905
0.10732989837843693
0.1073333706018648
0.1073368428252926
0.10734031504872048
0.10734378727214831
0.10734725949557619
0.10735073171900407
0.1073542039424319
0.10735767616585978
0.10736114838928758
0.10736462061271546
0.10736809283614333
0.10737156505957117
0.10737503728299906
0.10737850950642688
0.10738198172985478
0.10738545395328256
0.10738892617671043
0.10739239840013833
0.10739587062356616
0.10739934284699404
0.10740281507042188
0.10740628729384975
0.10740975951727763
0.10741323174070543
0.1074167039641333
0.10742017618756114
0.10742364841098902
0.1074271206344169
0.10743059285784473
0.10743406508127257
0.1074375373047004
0.10744100952812828
0.10744448175155612
0.107447953974984
0.10745142619841189
0.10745489842183967
0.10745837064526755
0.10746184286869538
0.10746531509212327
0.10746878731555115
0.10747225953897899
0.10747573176240686
0.10747920398583466
0.10748267620926254
0.10748614843269041
0.10748962065611825
0.10749309287954613
0.10749656510297396
0.10750003732640184
0.10750350954982973
0.10750698177325752
0.10751045399668539
0.10751392622011323
0.1075173984435411
0.10752087066696894
0.10752434289039683
0.10752781511382471
0.10753128733725249
0.10753475956068038
0.10753823178410822
0.1075417040075361
0.10754517623096398
0.10754864845439181
0.10755212067781969
0.10755559290124748
0.10755906512467536
0.10756253734810324
0.10756600957153108
0.10756948179495895
0.10757295401838679
0.10757642624181463
0.1075798984652425
0.10758337068867034
0.10758684291209823
0.10759031513552605
0.10759378735895395
0.10759725958238173
0.1076007318058096
0.1076042040292375
0.10760767625266533
0.10761114847609321
0.10761462069952105
0.10761809292294892
0.1076215651463768
0.1076250373698046
0.10762850959323247
0.10763198181666031
0.10763545404008819
0.10763892626351607
0.1076423984869439
0.1076458707103718
0.10764934293379957
0.10765281515722745
0.10765628738065534
0.10765975960408317
0.10766323182751106
0.1076667040509389
0.10767017627436677
0.10767364849779455
0.10767712072122244
0.10768059294465032
0.10768406516807816
0.10768753739150604
0.10769100961493387
0.10769448183836171
0.10769795406178959
0.10770142628521742
0.1077048985086453
0.10770837073207314
0.10771184295550101
0.1077153151789289
0.10771878740235669
0.10772225962578456
0.1077257318492124
0.10772920407264029
0.10773267629606811
0.107736148519496
0.10773962074292388
0.10774309296635166
0.10774656518977956
0.10775003741320739
0.10775350963663527
0.10775698186006315
0.10776045408349098
0.10776392630691886
0.10776739853034666
0.10777087075377453
0.10777434297720241
0.10777781520063025
0.10778128742405813
0.10778475964748596
0.10778823187091385
0.10779170409434173
0.10779517631776951
0.1077986485411974
0.10780212076462523
0.10780559298805312
0.10780906521148095
0.10781253743490883
0.10781600965833667
0.1078194818817645
0.10782295410519238
0.10782642632862022
0.1078298985520481
0.10783337077547597
0.10783684299890377
0.10784031522233165
0.10784378744575948
0.10784725966918736
0.10785073189261524
0.10785420411604307
0.10785767633947096
0.10786114856289875
0.10786462078632662
0.10786809300975451
0.10787156523318235
0.10787503745661023
0.10787850968003806
0.10788198190346594
0.10788545412689372
0.10788892635032162
0.10789239857374949
0.10789587079717733
0.1078993430206052
0.10790281524403304
0.10790628746746092
0.1079097596908888
0.10791323191431659
0.10791670413774447
0.10792017636117231
0.10792364858460018
0.10792712080802808
0.10793059303145591
0.10793406525488373
0.10793753747831157
0.10794100970173946
0.10794448192516728
0.10794795414859518
0.10795142637202305
0.10795489859545089
0.10795837081887873
0.10796184304230656
0.10796531526573444
0.10796878748916232
0.10797225971259015
0.10797573193601803
0.10797920415944583
0.1079826763828737
