0.7656252658421062
0.765628738065534
0.7656322102889619
0.7656356825123898
0.7656391547358177
0.7656426269592455
0.7656460991826733
0.7656495714061012
0.765653043629529
0.7656565158529569
0.7656599880763847
0.7656634602998126
0.7656669325232404
0.7656704047466683
0.7656738769700961
0.765677349193524
0.7656808214169519
0.7656842936403797
0.7656877658638076
0.7656912380872354
0.7656947103106633
0.7656981825340912
0.7657016547575191
0.765705126980947
0.7657085992043747
0.7657120714278026
0.7657155436512304
0.7657190158746583
0.7657224880980861
0.765725960321514
0.7657294325449419
0.7657329047683697
0.7657363769917975
0.7657398492152254
0.7657433214386533
0.7657467936620811
0.765750265885509
0.7657537381089368
0.7657572103323648
0.7657606825557924
0.7657641547792204
0.7657676270026482
0.7657710992260761
0.765774571449504
0.7657780436729318
0.7657815158963597
0.7657849881197875
0.7657884603432153
0.7657919325666432
0.7657954047900711
0.765798877013499
0.7658023492369269
0.7658058214603547
0.7658092936837826
0.7658127659072104
0.7658162381306381
0.765819710354066
0.7658231825774939
0.7658266548009218
0.7658301270243496
0.7658335992477776
0.7658370714712054
0.7658405436946333
0.7658440159180611
0.765847488141489
0.7658509603649168
0.7658544325883446
0.7658579048117725
0.7658613770352003
0.7658648492586283
0.7658683214820561
0.765871793705484
0.7658752659289118
0.7658787381523396
0.7658822103757674
0.7658856825991953
0.7658891548226232
0.7658926270460511
0.765896099269479
0.7658995714929068
0.7659030437163347
0.7659065159397624
0.7659099881631903
0.7659134603866181
0.765916932610046
0.7659204048334739
0.7659238770569018
0.7659273492803297
0.7659308215037575
0.7659342937271854
0.7659377659506131
0.765941238174041
0.7659447103974689
0.7659481826208967
0.7659516548443246
0.7659551270677524
0.7659585992911804
0.7659620715146082
0.765965543738036
0.7659690159614638
0.7659724881848917
0.7659759604083195
0.7659794326317474
0.7659829048551753
0.7659863770786032
0.7659898493020311
0.7659933215254588
0.7659967937488867
0.7660002659723145
0.7660037381957424
0.7660072104191702
0.7660106826425982
0.766014154866026
0.7660176270894539
0.7660210993128818
0.7660245715363095
0.7660280437597374
0.7660315159831652
0.7660349882065931
0.7660384604300209
0.7660419326534489
0.7660454048768767
0.7660488771003046
0.7660523493237325
0.7660558215471602
0.7660592937705881
0.7660627659940159
0.7660662382174438
0.7660697104408716
0.7660731826642995
0.7660766548877274
0.7660801271111554
0.7660835993345831
0.766087071558011
0.7660905437814388
0.7660940160048667
0.7660974882282945
0.7661009604517223
0.7661044326751503
0.766107904898578
0.766111377122006
0.7661148493454337
0.7661183215688617
0.7661217937922895
0.7661252660157174
0.7661287382391452
0.7661322104625731
0.766135682686001
0.7661391549094289
0.7661426271328566
0.7661460993562845
0.7661495715797124
0.7661530438031402
0.7661565160265681
0.7661599882499959
0.7661634604734238
0.7661669326968515
0.7661704049202794
0.7661738771437073
0.7661773493671352
0.7661808215905631
0.7661842938139909
0.7661877660374188
0.7661912382608466
0.7661947104842745
0.7661981827077023
0.7662016549311301
0.7662051271545581
0.7662085993779858
0.7662120716014138
0.7662155438248416
0.7662190160482695
0.7662224882716973
0.7662259604951251
0.766229432718553
0.7662329049419809
0.7662363771654087
0.7662398493888366
0.7662433216122645
0.7662467938356923
0.7662502660591202
0.766253738282548
0.766257210505976
0.7662606827294036
0.7662641549528316
0.7662676271762594
0.7662710993996873
0.7662745716231152
0.766278043846543
0.7662815160699709
0.7662849882933986
0.7662884605168265
0.7662919327402544
0.7662954049636823
0.7662988771871102
0.766302349410538
0.7663058216339659
0.7663092938573937
0.7663127660808216
0.7663162383042493
