0.7989586107495177
0.7989620829729455
0.7989655551963734
0.7989690274198011
0.798972499643229
0.7989759718666568
0.7989794440900848
0.7989829163135127
0.7989863885369405
0.7989898607603684
0.7989933329837962
0.798996805207224
0.7990002774306518
0.7990037496540797
0.7990072218775076
0.7990106941009354
0.7990141663243633
0.7990176385477912
0.7990211107712191
0.7990245829946468
0.7990280552180747
0.7990315274415025
0.7990349996649304
0.7990384718883582
0.7990419441117862
0.799045416335214
0.799048888558642
0.7990523607820698
0.7990558330054977
0.7990593052289254
0.7990627774523532
0.7990662496757811
0.7990697218992089
0.7990731941226369
0.7990766663460647
0.7990801385694926
0.7990836107929205
0.7990870830163483
0.7990905552397761
0.799094027463204
0.7990974996866318
0.7991009719100597
0.7991044441334875
0.7991079163569154
0.7991113885803433
0.7991148608037711
0.799118333027199
0.7991218052506268
0.7991252774740547
0.7991287496974825
0.7991322219209104
0.7991356941443382
0.799139166367766
0.799142638591194
0.7991461108146218
0.7991495830380497
0.7991530552614775
0.7991565274849054
0.7991599997083332
0.7991634719317611
0.799166944155189
0.7991704163786167
0.7991738886020447
0.7991773608254725
0.7991808330489004
0.7991843052723282
0.7991877774957561
0.7991912497191839
0.7991947219426119
0.7991981941660397
0.7992016663894674
0.7992051386128953
0.7992086108363232
0.7992120830597511
0.7992155552831789
0.7992190275066068
0.7992224997300346
0.7992259719534625
0.7992294441768902
0.7992329164003182
0.7992363886237461
0.7992398608471739
0.7992433330706018
0.7992468052940296
0.7992502775174575
0.7992537497408853
0.7992572219643131
0.799260694187741
0.7992641664111689
0.7992676386345968
0.7992711108580246
0.7992745830814525
0.7992780553048803
0.7992815275283082
0.799284999751736
0.7992884719751638
0.7992919441985917
0.7992954164220197
0.7992988886454474
0.7993023608688753
0.7993058330923032
0.799309305315731
0.7993127775391589
0.7993162497625866
0.7993197219860145
0.7993231942094423
0.7993266664328703
0.7993301386562982
0.7993336108797261
0.7993370831031539
0.7993405553265818
0.7993440275500096
0.7993474997734373
0.7993509719968652
0.7993544442202931
0.799357916443721
0.7993613886671489
0.7993648608905767
0.7993683331140046
0.7993718053374325
0.7993752775608602
0.7993787497842881
0.7993822220077159
0.7993856942311438
0.7993891664545718
0.7993926386779995
0.7993961109014275
0.7993995831248553
0.7994030553482832
0.7994065275717109
0.7994099997951388
0.7994134720185667
0.7994169442419945
0.7994204164654224
0.7994238886888502
0.7994273609122782
0.799430833135706
0.7994343053591338
0.7994377775825616
0.7994412498059895
0.7994447220294173
0.7994481942528452
0.7994516664762731
0.799455138699701
0.7994586109231289
0.7994620831465566
0.7994655553699845
0.7994690275934123
0.7994724998168402
0.799475972040268
0.799479444263696
0.7994829164871239
0.7994863887105516
0.7994898609339796
0.7994933331574073
0.7994968053808352
0.799500277604263
0.7995037498276909
0.7995072220511188
0.7995106942745466
0.7995141664979745
0.7995176387214024
0.7995211109448302
0.799524583168258
0.7995280553916859
0.7995315276151137
0.7995349998385416
0.7995384720619694
0.7995419442853974
0.7995454165088252
0.799548888732253
0.7995523609556809
0.7995558331791087
0.7995593054025366
0.7995627776259644
0.7995662498493923
0.7995697220728201
0.7995731942962481
0.7995766665196758
0.7995801387431037
0.7995836109665316
0.7995870831899594
0.7995905554133873
0.7995940276368151
0.799597499860243
0.7996009720836709
0.7996044443070986
0.7996079165305265
0.7996113887539544
0.7996148609773823
0.7996183332008102
0.799621805424238
0.7996252776476659
0.7996287498710937
0.7996322220945214
0.7996356943179493
0.7996391665413772
0.7996426387648052
0.799646110988233
0.7996495832116609
