0.6489585586661661
0.648962030889594
0.6489655031130219
0.6489689753364497
0.6489724475598776
0.6489759197833054
0.6489793920067333
0.6489828642301612
0.648986336453589
0.6489898086770169
0.6489932809004448
0.6489967531238726
0.6490002253473005
0.6490036975707283
0.6490071697941561
0.6490106420175841
0.6490141142410119
0.6490175864644397
0.6490210586878676
0.6490245309112955
0.6490280031347233
0.6490314753581512
0.649034947581579
0.6490384198050069
0.6490418920284348
0.6490453642518625
0.6490488364752904
0.6490523086987182
0.6490557809221462
0.649059253145574
0.6490627253690019
0.6490661975924297
0.6490696698158576
0.6490731420392855
0.6490766142627132
0.6490800864861411
0.649083558709569
0.6490870309329969
0.6490905031564247
0.6490939753798526
0.6490974476032804
0.6491009198267083
0.6491043920501361
0.6491078642735639
0.6491113364969918
0.6491148087204196
0.6491182809438476
0.6491217531672754
0.6491252253907033
0.6491286976141311
0.649132169837559
0.6491356420609868
0.6491391142844147
0.6491425865078425
0.6491460587312704
0.6491495309546983
0.6491530031781261
0.649156475401554
0.6491599476249817
0.6491634198484096
0.6491668920718375
0.6491703642952654
0.6491738365186932
0.6491773087421211
0.649180780965549
0.6491842531889768
0.6491877254124047
0.6491911976358324
0.6491946698592604
0.6491981420826882
0.6492016143061161
0.6492050865295439
0.6492085587529718
0.6492120309763997
0.6492155031998275
0.6492189754232554
0.6492224476466831
0.649225919870111
0.6492293920935388
0.6492328643169668
0.6492363365403946
0.6492398087638226
0.6492432809872504
0.6492467532106782
0.649250225434106
0.6492536976575338
0.6492571698809617
0.6492606421043896
0.6492641143278175
0.6492675865512453
0.6492710587746733
0.6492745309981011
0.649278003221529
0.6492814754449567
0.6492849476683846
0.6492884198918124
0.6492918921152403
0.6492953643386682
0.649298836562096
0.6493023087855239
0.6493057810089518
0.6493092532323796
0.6493127254558074
0.6493161976792353
0.6493196699026631
0.649323142126091
0.6493266143495189
0.6493300865729467
0.6493335587963747
0.6493370310198024
0.6493405032432303
0.6493439754666581
0.649347447690086
0.6493509199135138
0.6493543921369417
0.6493578643603696
0.6493613365837974
0.6493648088072252
0.6493682810306531
0.649371753254081
0.6493752254775088
0.6493786977009367
0.6493821699243645
0.6493856421477924
0.6493891143712203
0.649392586594648
0.649396058818076
0.6493995310415038
0.6494030032649317
0.6494064754883595
0.6494099477117874
0.6494134199352152
0.6494168921586432
0.649420364382071
0.6494238366054988
0.6494273088289267
0.6494307810523545
0.6494342532757824
0.6494377254992102
0.6494411977226381
0.649444669946066
0.6494481421694939
0.6494516143929217
0.6494550866163495
0.6494585588397773
0.6494620310632052
0.6494655032866331
0.6494689755100609
0.6494724477334888
0.6494759199569166
0.6494793921803446
0.6494828644037723
0.6494863366272002
0.6494898088506281
0.6494932810740559
0.6494967532974838
0.6495002255209116
0.6495036977443395
0.6495071699677673
0.6495106421911953
0.649514114414623
0.6495175866380509
0.6495210588614788
0.6495245310849067
0.6495280033083345
0.6495314755317623
0.6495349477551902
0.6495384199786179
0.649541892202046
0.6495453644254737
0.6495488366489016
0.6495523088723294
0.6495557810957574
0.6495592533191852
0.6495627255426131
0.6495661977660409
0.6495696699894687
0.6495731422128966
0.6495766144363244
0.6495800866597523
0.6495835588831802
0.6495870311066081
0.6495905033300359
0.6495939755534638
0.6495974477768915
0.6496009200003194
0.6496043922237473
0.6496078644471751
0.649611336670603
0.6496148088940308
0.6496182811174588
0.6496217533408866
0.6496252255643145
0.6496286977877422
0.6496321700111701
0.649635642234598
0.6496391144580258
0.6496425866814537
0.6496460589048816
0.6496495311283095
