0.957291999059722
0.9572954712831496
0.9572989435065776
0.9573024157300053
0.9573058879534333
0.9573093601768612
0.957312832400289
0.957316304623717
0.9573197768471446
0.9573232490705726
0.9573267212940003
0.9573301935174283
0.9573336657408562
0.957337137964284
0.9573406101877119
0.9573440824111397
0.9573475546345676
0.9573510268579953
0.9573544990814234
0.957357971304851
0.9573614435282791
0.9573649157517069
0.9573683879751347
0.9573718601985626
0.9573753324219904
0.9573788046454182
0.957382276868846
0.9573857490922741
0.9573892213157017
0.9573926935391298
0.9573961657625574
0.9573996379859855
0.9574031102094133
0.9574065824328412
0.9574100546562692
0.9574135268796967
0.9574169991031248
0.9574204713265524
0.9574239435499805
0.9574274157734083
0.9574308879968362
0.957434360220264
0.9574378324436918
0.9574413046671196
0.9574447768905475
0.9574482491139755
0.9574517213374032
0.9574551935608312
0.957458665784259
0.9574621380076869
0.9574656102311146
0.9574690824545425
0.9574725546779703
0.9574760269013982
0.9574794991248262
0.9574829713482539
0.9574864435716819
0.9574899157951096
0.9574933880185376
0.9574968602419653
0.9575003324653932
0.9575038046888212
0.9575072769122489
0.9575107491356769
0.9575142213591046
0.9575176935825326
0.9575211658059604
0.9575246380293883
0.957528110252816
0.9575315824762439
0.9575350546996717
0.9575385269230996
0.9575419991465276
0.9575454713699553
0.9575489435933833
0.957552415816811
0.957555888040239
0.9575593602636667
0.9575628324870946
0.9575663047105224
0.9575697769339503
0.9575732491573783
0.957576721380806
0.957580193604234
0.9575836658276616
0.9575871380510896
0.9575906102745174
0.9575940824979453
0.9575975547213733
0.957601026944801
0.957604499168229
0.9576079713916567
0.9576114436150847
0.9576149158385124
0.9576183880619403
0.9576218602853681
0.957625332508796
0.957628804732224
0.9576322769556517
0.9576357491790797
0.9576392214025073
0.9576426936259353
0.9576461658493631
0.957649638072791
0.9576531102962188
0.9576565825196467
0.9576600547430745
0.9576635269665024
0.9576669991899304
0.957670471413358
0.957673943636786
0.9576774158602137
0.9576808880836417
0.9576843603070696
0.9576878325304974
0.9576913047539254
0.9576947769773531
0.9576982492007811
0.9577017214242087
0.9577051936476367
0.9577086658710644
0.9577121380944924
0.9577156103179203
0.9577190825413481
0.9577225547647761
0.9577260269882037
0.9577294992116318
0.9577329714350594
0.9577364436584874
0.9577399158819153
0.9577433881053431
0.957746860328771
0.9577503325521988
0.9577538047756267
0.9577572769990544
0.9577607492224824
0.9577642214459101
0.9577676936693381
0.957771165892766
0.9577746381161938
0.9577781103396217
0.9577815825630495
0.9577850547864774
0.9577885270099051
0.9577919992333331
0.9577954714567608
0.9577989436801888
0.9578024159036165
0.9578058881270445
0.9578093603504724
0.9578128325739002
0.9578163047973282
0.9578197770207558
0.9578232492441838
0.9578267214676115
0.9578301936910395
0.9578336659144674
0.9578371381378952
0.9578406103613231
0.9578440825847508
0.9578475548081787
0.9578510270316065
0.9578544992550345
0.9578579714784622
0.9578614437018902
0.9578649159253181
0.9578683881487459
0.9578718603721738
0.9578753325956015
0.9578788048190294
0.9578822770424572
0.9578857492658852
0.9578892214893129
0.9578926937127409
0.9578961659361686
0.9578996381595966
0.9579031103830244
0.9579065826064522
0.9579100548298803
0.9579135270533079
0.957916999276736
0.9579204715001636
0.9579239437235917
0.9579274159470195
0.9579308881704472
0.9579343603938751
0.9579378326173029
0.9579413048407308
0.9579447770641586
0.9579482492875867
0.9579517215110143
0.9579551937344424
0.9579586659578702
0.957962138181298
0.9579656104047258
0.9579690826281537
0.9579725548515815
0.9579760270750093
0.9579794992984374
0.957982971521865
