0.6086807669030441
0.608684239126472
0.6086877113498997
0.6086911835733276
0.6086946557967554
0.6086981280201833
0.6087016002436112
0.608705072467039
0.608708544690467
0.6087120169138948
0.6087154891373227
0.6087189613607504
0.6087224335841783
0.6087259058076061
0.6087293780310341
0.6087328502544619
0.6087363224778898
0.6087397947013176
0.6087432669247455
0.6087467391481733
0.6087502113716011
0.608753683595029
0.6087571558184568
0.6087606280418848
0.6087641002653126
0.6087675724887405
0.6087710447121684
0.6087745169355961
0.608777989159024
0.6087814613824518
0.6087849336058797
0.6087884058293075
0.6087918780527355
0.6087953502761633
0.6087988224995912
0.608802294723019
0.6088057669464468
0.6088092391698747
0.6088127113933025
0.6088161836167304
0.6088196558401582
0.6088231280635862
0.608826600287014
0.6088300725104419
0.6088335447338697
0.6088370169572976
0.6088404891807254
0.6088439614041532
0.6088474336275811
0.6088509058510089
0.6088543780744369
0.6088578502978647
0.6088613225212925
0.6088647947447203
0.6088682669681483
0.6088717391915761
0.608875211415004
0.6088786836384318
0.6088821558618597
0.6088856280852876
0.6088891003087153
0.6088925725321432
0.6088960447555711
0.608899516978999
0.6089029892024268
0.6089064614258547
0.6089099336492825
0.6089134058727104
0.6089168780961383
0.608920350319566
0.6089238225429939
0.6089272947664218
0.6089307669898497
0.6089342392132775
0.6089377114367054
0.6089411836601332
0.6089446558835611
0.608948128106989
0.6089516003304167
0.6089550725538446
0.6089585447772725
0.6089620170007004
0.6089654892241282
0.6089689614475561
0.6089724336709839
0.6089759058944118
0.6089793781178396
0.6089828503412674
0.6089863225646953
0.6089897947881231
0.6089932670115511
0.6089967392349789
0.6090002114584068
0.6090036836818346
0.6090071559052624
0.6090106281286903
0.6090141003521182
0.609017572575546
0.6090210447989739
0.6090245170224018
0.6090279892458296
0.6090314614692575
0.6090349336926852
0.6090384059161131
0.609041878139541
0.6090453503629689
0.6090488225863967
0.6090522948098246
0.6090557670332525
0.6090592392566803
0.6090627114801082
0.6090661837035359
0.6090696559269638
0.6090731281503917
0.6090766003738196
0.6090800725972474
0.6090835448206753
0.6090870170441032
0.609090489267531
0.6090939614909588
0.6090974337143866
0.6091009059378145
0.6091043781612424
0.6091078503846703
0.6091113226080981
0.609114794831526
0.6091182670549539
0.6091217392783818
0.6091252115018095
0.6091286837252373
0.6091321559486652
0.6091356281720931
0.609139100395521
0.6091425726189488
0.6091460448423768
0.6091495170658046
0.6091529892892324
0.6091564615126602
0.6091599337360881
0.6091634059595159
0.6091668781829438
0.6091703504063717
0.6091738226297995
0.6091772948532275
0.6091807670766552
0.6091842393000831
0.6091877115235109
0.6091911837469388
0.6091946559703666
0.6091981281937945
0.6092016004172224
0.6092050726406502
0.6092085448640782
0.6092120170875059
0.6092154893109338
0.6092189615343616
0.6092224337577895
0.6092259059812173
0.6092293782046452
0.6092328504280731
0.6092363226515009
0.6092397948749287
0.6092432670983566
0.6092467393217845
0.6092502115452123
0.6092536837686402
0.609257155992068
0.609260628215496
0.6092641004389238
0.6092675726623515
0.6092710448857795
0.6092745171092073
0.6092779893326352
0.609281461556063
0.6092849337794909
0.6092884060029187
0.6092918782263467
0.6092953504497745
0.6092988226732023
0.6093022948966302
0.609305767120058
0.6093092393434859
0.6093127115669137
0.6093161837903416
0.6093196560137694
0.6093231282371974
0.6093266004606251
0.609330072684053
0.6093335449074809
0.6093370171309087
0.6093404893543366
0.6093439615777644
0.6093474338011923
0.60935090602462
0.6093543782480481
0.6093578504714758
0.6093613226949037
0.6093647949183315
0.6093682671417594
0.6093717393651873
