0.189930621503688
0.18993409372711584
0.18993756595054373
0.18994103817397162
0.1899445103973994
0.18994798262082727
0.1899514548442551
0.189954927067683
0.18995839929111089
0.18996187151453872
0.18996534373796656
0.1899688159613944
0.18997228818482226
0.18997576040825015
0.18997923263167799
0.18998270485510585
0.18998617707853369
0.18998964930196152
0.1899931215253894
0.18999659374881725
0.1900000659722451
0.19000353819567295
0.19000701041910084
0.19001048264252862
0.1900139548659565
0.1900174270893844
0.1900208993128122
0.1900243715362401
0.19002784375966794
0.19003131598309583
0.1900347882065237
0.1900382604299515
0.19004173265337937
0.1900452048768072
0.1900486771002351
0.19005214932366296
0.1900556215470908
0.1900590937705187
0.19006256599394647
0.19006603821737436
0.1900695104408022
0.19007298266423006
0.19007645488765795
0.1900799271110858
0.19008339933451368
0.19008687155794146
0.19009034378136933
0.19009381600479722
0.19009728822822505
0.19010076045165294
0.19010423267508078
0.19010770489850862
0.19011117712193648
0.19011464934536432
0.1901181215687922
0.19012159379222004
0.1901250660156479
0.1901285382390758
0.19013201046250358
0.19013548268593147
0.1901389549093593
0.19014242713278717
0.190145899356215
0.1901493715796429
0.1901528438030708
0.19015631602649857
0.19015978824992646
0.19016326047335427
0.19016673269678216
0.19017020492021006
0.1901736771436379
0.19017714936706576
0.19018062159049356
0.19018409381392143
0.19018756603734932
0.19019103826077716
0.19019451048420502
0.19019798270763286
0.19020145493106075
0.19020492715448858
0.19020839937791642
0.19021187160134428
0.19021534382477212
0.1902188160482
0.19022228827162785
0.19022576049505574
0.19022923271848358
0.19023270494191138
0.19023617716533928
0.1902396493887671
0.190243121612195
0.19024659383562287
0.19025006605905068
0.19025353828247854
0.19025701050590638
0.19026048272933427
0.19026395495276213
0.19026742717618997
0.19027089939961786
0.19027437162304564
0.19027784384647353
0.1902813160699014
0.19028478829332923
0.19028826051675712
0.19029173274018496
0.19029520496361285
0.19029867718704063
0.19030214941046852
0.1903056216338964
0.19030909385732422
0.19031256608075212
0.19031603830417995
0.19031951052760782
0.1903229827510357
0.1903264549744635
0.19032992719789138
0.19033339942131922
0.19033687164474708
0.19034034386817497
0.1903438160916028
0.19034728831503064
0.19035076053845848
0.19035423276188634
0.19035770498531418
0.19036117720874207
0.19036464943216996
0.19036812165559774
0.19037159387902564
0.19037506610245344
0.19037853832588134
0.19038201054930923
0.19038548277273706
0.19038895499616493
0.19039242721959274
0.1903958994430206
0.1903993716664485
0.19040284388987633
0.1904063161133042
0.19040978833673203
0.19041326056015992
0.1904167327835878
0.1904202050070156
0.19042367723044346
0.1904271494538713
0.19043062167729918
0.19043409390072702
0.1904375661241549
0.19044103834758278
0.19044451057101058
0.19044798279443845
0.19045145501786628
0.19045492724129418
0.19045839946472204
0.19046187168814988
0.1904653439115777
0.19046881613500555
0.19047228835843344
0.1904757605818613
0.19047923280528914
0.19048270502871703
0.19048617725214487
0.1904896494755727
0.19049312169900057
0.1904965939224284
0.1905000661458563
0.19050353836928413
0.19050701059271202
0.1905104828161398
0.1905139550395677
0.19051742726299556
0.1905208994864234
0.1905243717098513
0.19052784393327912
0.190531316156707
0.19053478838013488
0.19053826060356266
0.19054173282699055
0.1905452050504184
0.19054867727384625
0.19055214949727414
0.19055562172070198
0.19055909394412987
0.19056256616755765
0.19056603839098551
0.19056951061441335
0.19057298283784124
0.19057645506126913
0.19057992728469697
0.19058339950812483
0.19058687173155262
0.1905903439549805
0.1905938161784084
0.19059728840183623
0.1906007606252641
0.19060423284869193
0.19060770507211977
0.19061117729554766
0.1906146495189755
0.19061812174240336
0.1906215939658312
