0.8684030793066247
0.8684065515300526
0.8684100237534804
0.8684134959769083
0.8684169682003361
0.868420440423764
0.868423912647192
0.8684273848706198
0.8684308570940477
0.8684343293174754
0.8684378015409033
0.8684412737643311
0.868444745987759
0.868448218211187
0.8684516904346147
0.8684551626580427
0.8684586348814705
0.8684621071048984
0.8684655793283261
0.868469051551754
0.8684725237751818
0.8684759959986097
0.8684794682220377
0.8684829404454654
0.8684864126688934
0.8684898848923212
0.868493357115749
0.8684968293391768
0.8685003015626047
0.8685037737860325
0.8685072460094604
0.8685107182328882
0.8685141904563161
0.8685176626797441
0.8685211349031718
0.8685246071265997
0.8685280793500275
0.8685315515734554
0.8685350237968832
0.8685384960203111
0.8685419682437391
0.8685454404671668
0.8685489126905948
0.8685523849140225
0.8685558571374504
0.8685593293608782
0.8685628015843061
0.8685662738077339
0.8685697460311618
0.8685732182545898
0.8685766904780174
0.8685801627014454
0.8685836349248732
0.8685871071483011
0.8685905793717289
0.8685940515951568
0.8685975238185846
0.8686009960420125
0.8686044682654405
0.8686079404888681
0.8686114127122961
0.868614884935724
0.8686183571591518
0.8686218293825797
0.8686253016060075
0.8686287738294353
0.8686322460528632
0.8686357182762909
0.8686391904997188
0.8686426627231468
0.8686461349465747
0.8686496071700025
0.8686530793934304
0.8686565516168582
0.8686600238402861
0.8686634960637138
0.8686669682871418
0.8686704405105695
0.8686739127339975
0.8686773849574254
0.8686808571808532
0.8686843294042811
0.8686878016277089
0.8686912738511368
0.8686947460745645
0.8686982182979925
0.8687016905214204
0.8687051627448482
0.8687086349682761
0.8687121071917039
0.8687155794151318
0.8687190516385596
0.8687225238619875
0.8687259960854152
0.8687294683088431
0.8687329405322709
0.8687364127556989
0.8687398849791268
0.8687433572025546
0.8687468294259825
0.8687503016494103
0.8687537738728381
0.8687572460962659
0.8687607183196939
0.8687641905431216
0.8687676627665496
0.8687711349899773
0.8687746072134053
0.8687780794368332
0.8687815516602609
0.8687850238836888
0.8687884961071166
0.8687919683305446
0.8687954405539725
0.8687989127774003
0.8688023850008282
0.868805857224256
0.8688093294476839
0.8688128016711116
0.8688162738945395
0.8688197461179673
0.8688232183413952
0.868826690564823
0.868830162788251
0.8688336350116789
0.8688371072351067
0.8688405794585345
0.8688440516819623
0.8688475239053902
0.868850996128818
0.8688544683522461
0.8688579405756737
0.8688614127991018
0.8688648850225296
0.8688683572459573
0.8688718294693852
0.868875301692813
0.8688787739162409
0.8688822461396687
0.8688857183630968
0.8688891905865246
0.8688926628099525
0.8688961350333803
0.8688996072568081
0.8689030794802359
0.8689065517036638
0.8689100239270916
0.8689134961505194
0.8689169683739473
0.868920440597375
0.8689239128208032
0.868927385044231
0.8689308572676588
0.8689343294910866
0.8689378017145145
0.8689412739379423
0.8689447461613702
0.8689482183847982
0.8689516906082259
0.8689551628316539
0.8689586350550816
0.8689621072785095
0.8689655795019373
0.8689690517253652
0.868972523948793
0.8689759961722209
0.8689794683956489
0.8689829406190765
0.8689864128425046
0.8689898850659323
0.8689933572893602
0.868996829512788
0.8690003017362159
0.8690037739596437
0.8690072461830716
0.8690107184064993
0.8690141906299272
0.8690176628533552
0.869021135076783
0.8690246073002109
0.8690280795236387
0.8690315517470666
0.8690350239704944
0.8690384961939223
0.86904196841735
0.8690454406407779
0.8690489128642059
0.8690523850876337
0.8690558573110616
0.8690593295344894
0.8690628017579173
0.8690662739813451
0.869069746204773
0.869073218428201
0.8690766906516286
0.8690801628750566
0.8690836350984844
0.8690871073219123
0.8690905795453401
0.869094051768768
