0.7822919382958118
0.7822954105192398
0.7822988827426676
0.7823023549660956
0.7823058271895234
0.7823092994129512
0.782312771636379
0.7823162438598068
0.7823197160832347
0.7823231883066626
0.7823266605300905
0.7823301327535184
0.7823336049769462
0.782337077200374
0.7823405494238019
0.7823440216472297
0.7823474938706576
0.7823509660940854
0.7823544383175133
0.7823579105409413
0.782361382764369
0.782364854987797
0.7823683272112247
0.7823717994346526
0.7823752716580804
0.7823787438815083
0.7823822161049362
0.782385688328364
0.7823891605517919
0.7823926327752196
0.7823961049986476
0.7823995772220754
0.7824030494455033
0.7824065216689311
0.782409993892359
0.7824134661157868
0.7824169383392147
0.7824204105626426
0.7824238827860704
0.7824273550094983
0.7824308272329261
0.782434299456354
0.7824377716797818
0.7824412439032097
0.7824447161266375
0.7824481883500655
0.7824516605734932
0.7824551327969211
0.782458605020349
0.7824620772437768
0.7824655494672047
0.7824690216906325
0.7824724939140604
0.7824759661374883
0.782479438360916
0.7824829105843439
0.7824863828077718
0.7824898550311997
0.7824933272546275
0.7824967994780554
0.7825002717014832
0.7825037439249111
0.7825072161483388
0.7825106883717667
0.7825141605951946
0.7825176328186225
0.7825211050420504
0.7825245772654782
0.7825280494889061
0.7825315217123339
0.7825349939357618
0.7825384661591895
0.7825419383826175
0.7825454106060453
0.7825488828294733
0.7825523550529011
0.7825558272763289
0.7825592994997568
0.7825627717231846
0.7825662439466124
0.7825697161700403
0.7825731883934681
0.782576660616896
0.7825801328403239
0.7825836050637518
0.7825870772871797
0.7825905495106075
0.7825940217340354
0.7825974939574631
0.7826009661808909
0.7826044384043188
0.7826079106277467
0.7826113828511747
0.7826148550746025
0.7826183272980304
0.7826217995214582
0.782625271744886
0.7826287439683138
0.7826322161917417
0.7826356884151696
0.7826391606385974
0.7826426328620254
0.7826461050854532
0.7826495773088811
0.7826530495323089
0.7826565217557367
0.7826599939791645
0.7826634662025924
0.7826669384260203
0.7826704106494481
0.782673882872876
0.7826773550963039
0.7826808273197318
0.7826842995431595
0.7826877717665874
0.7826912439900152
0.7826947162134431
0.7826981884368709
0.7827016606602988
0.7827051328837268
0.7827086051071546
0.7827120773305825
0.7827155495540102
0.7827190217774381
0.7827224940008659
0.7827259662242938
0.7827294384477217
0.7827329106711496
0.7827363828945775
0.7827398551180053
0.7827433273414331
0.7827467995648609
0.7827502717882888
0.7827537440117166
0.7827572162351445
0.7827606884585724
0.7827641606820003
0.7827676329054281
0.782771105128856
0.7827745773522838
0.7827780495757116
0.7827815217991395
0.7827849940225673
0.7827884662459953
0.782791938469423
0.782795410692851
0.7827988829162787
0.7828023551397066
0.7828058273631345
0.7828092995865623
0.7828127718099902
0.782816244033418
0.7828197162568459
0.7828231884802738
0.7828266607037017
0.7828301329271296
0.7828336051505573
0.7828370773739852
0.782840549597413
0.7828440218208409
0.7828474940442687
0.7828509662676966
0.7828544384911245
0.7828579107145525
0.7828613829379801
0.7828648551614081
0.7828683273848359
0.7828717996082638
0.7828752718316916
0.7828787440551195
0.7828822162785474
0.782885688501975
0.782889160725403
0.7828926329488308
0.7828961051722588
0.7828995773956866
0.7829030496191145
0.7829065218425423
0.7829099940659702
0.782913466289398
0.7829169385128258
0.7829204107362537
0.7829238829596816
0.7829273551831095
0.7829308274065373
0.7829342996299652
0.782937771853393
0.7829412440768209
0.7829447163002486
0.7829481885236765
0.7829516607471044
0.7829551329705322
0.7829586051939602
0.782962077417388
0.7829655496408159
0.7829690218642437
0.7829724940876716
0.7829759663110994
0.7829794385345272
0.7829829107579551
