0.5461807452016477
0.5461842174250755
0.5461876896485034
0.5461911618719312
0.546194634095359
0.546198106318787
0.5462015785422147
0.5462050507656426
0.5462085229890704
0.5462119952124984
0.5462154674359262
0.5462189396593541
0.5462224118827819
0.5462258841062098
0.5462293563296376
0.5462328285530654
0.5462363007764933
0.5462397729999211
0.5462432452233491
0.5462467174467769
0.5462501896702048
0.5462536618936326
0.5462571341170604
0.5462606063404883
0.5462640785639161
0.546267550787344
0.5462710230107718
0.5462744952341998
0.5462779674576276
0.5462814396810555
0.5462849119044833
0.5462883841279111
0.546291856351339
0.5462953285747668
0.5462988007981947
0.5463022730216225
0.5463057452450505
0.5463092174684783
0.5463126896919062
0.5463161619153339
0.5463196341387618
0.5463231063621897
0.5463265785856176
0.5463300508090454
0.5463335230324732
0.5463369952559012
0.546340467479329
0.5463439397027569
0.5463474119261846
0.5463508841496125
0.5463543563730404
0.5463578285964683
0.5463613008198961
0.546364773043324
0.5463682452667519
0.5463717174901797
0.5463751897136075
0.5463786619370353
0.5463821341604632
0.5463856063838911
0.546389078607319
0.5463925508307468
0.5463960230541747
0.5463994952776026
0.5464029675010303
0.5464064397244582
0.546409911947886
0.5464133841713139
0.5464168563947418
0.5464203286181697
0.5464238008415975
0.5464272730650254
0.5464307452884533
0.546434217511881
0.5464376897353089
0.5464411619587367
0.5464446341821646
0.5464481064055925
0.5464515786290204
0.5464550508524482
0.5464585230758761
0.546461995299304
0.5464654675227318
0.5464689397461596
0.5464724119695875
0.5464758841930153
0.5464793564164432
0.5464828286398711
0.5464863008632989
0.5464897730867267
0.5464932453101546
0.5464967175335825
0.5465001897570103
0.5465036619804382
0.546507134203866
0.5465106064272939
0.5465140786507218
0.5465175508741495
0.5465210230975774
0.5465244953210053
0.5465279675444332
0.546531439767861
0.5465349119912889
0.5465383842147167
0.5465418564381446
0.5465453286615725
0.5465488008850002
0.5465522731084281
0.546555745331856
0.5465592175552839
0.5465626897787117
0.5465661620021396
0.5465696342255674
0.5465731064489953
0.5465765786724232
0.5465800508958509
0.5465835231192788
0.5465869953427067
0.5465904675661346
0.5465939397895624
0.5465974120129903
0.5466008842364181
0.5466043564598461
0.5466078286832738
0.5466113009067017
0.5466147731301295
0.5466182453535574
0.5466217175769853
0.5466251898004131
0.546628662023841
0.5466321342472688
0.5466356064706968
0.5466390786941245
0.5466425509175524
0.5466460231409802
0.5466494953644081
0.546652967587836
0.5466564398112638
0.5466599120346917
0.5466633842581194
0.5466668564815474
0.5466703287049752
0.5466738009284031
0.5466772731518309
0.5466807453752588
0.5466842175986867
0.5466876898221145
0.5466911620455424
0.5466946342689701
0.5466981064923981
0.5467015787158259
0.5467050509392538
0.5467085231626816
0.5467119953861095
0.5467154676095374
0.5467189398329652
0.546722412056393
0.5467258842798208
0.5467293565032488
0.5467328287266766
0.5467363009501045
0.5467397731735323
0.5467432453969603
0.5467467176203881
0.546750189843816
0.5467536620672437
0.5467571342906716
0.5467606065140995
0.5467640787375273
0.5467675509609552
0.546771023184383
0.546774495407811
0.5467779676312388
0.5467814398546667
0.5467849120780944
0.5467883843015223
0.5467918565249502
0.546795328748378
0.5467988009718059
0.5468022731952337
0.5468057454186617
0.5468092176420895
0.5468126898655173
0.5468161620889451
0.546819634312373
0.5468231065358009
0.5468265787592287
0.5468300509826566
0.5468335232060844
0.5468369954295124
0.5468404676529401
0.546843939876368
0.5468474120997958
0.5468508843232237
0.5468543565466516
0.5468578287700794
0.5468613009935073
0.546864773216935
0.546868245440363
0.5468717176637908
