0.21562507486981766
0.2156285470932455
0.21563201931667336
0.2156354915401012
0.2156389637635291
0.21564243598695698
0.21564590821038476
0.21564938043381265
0.21565285265724046
0.21565632488066835
0.2156597971040962
0.21566326932752408
0.21566674155095192
0.21567021377437975
0.21567368599780762
0.21567715822123545
0.21568063044466335
0.2156841026680912
0.21568757489151902
0.21569104711494688
0.21569451933837472
0.2156979915618026
0.21570146378523047
0.2157049360086583
0.2157084082320862
0.21571188045551398
0.21571535267894187
0.2157188249023697
0.21572229712579757
0.21572576934922547
0.2157292415726533
0.2157327137960812
0.21573618601950897
0.21573965824293687
0.21574313046636473
0.21574660268979257
0.21575007491322046
0.2157535471366483
0.21575701936007616
0.21576049158350405
0.21576396380693183
0.21576743603035972
0.21577090825378756
0.21577438047721542
0.2157778527006433
0.21578132492407115
0.21578479714749904
0.21578826937092682
0.2157917415943547
0.21579521381778252
0.2157986860412104
0.2158021582646383
0.21580563048806614
0.21580910271149398
0.2158125749349218
0.21581604715834968
0.21581951938177757
0.2158229916052054
0.21582646382863327
0.21582993605206108
0.21583340827548894
0.21583688049891683
0.21584035272234467
0.21584382494577253
0.21584729716920037
0.21585076939262826
0.21585424161605615
0.21585771383948393
0.21586118606291183
0.21586465828633963
0.21586813050976753
0.21587160273319536
0.21587507495662325
0.21587854718005112
0.21588201940347893
0.2158854916269068
0.21588896385033463
0.21589243607376252
0.21589590829719038
0.21589938052061822
0.2159028527440461
0.2159063249674739
0.21590979719090178
0.21591326941432964
0.21591674163775748
0.21592021386118537
0.2159236860846132
0.21592715830804105
0.21593063053146888
0.21593410275489677
0.21593757497832464
0.21594104720175247
0.21594451942518036
0.2159479916486082
0.21595146387203604
0.2159549360954639
0.21595840831889174
0.21596188054231963
0.21596535276574746
0.21596882498917533
0.21597229721260322
0.215975769436031
0.2159792416594589
0.21598271388288673
0.2159861861063146
0.21598965832974248
0.21599313055317032
0.2159966027765982
0.216000075000026
0.21600354722345388
0.2160070194468817
0.21601049167030958
0.21601396389373748
0.2160174361171653
0.21602090834059318
0.21602438056402098
0.21602785278744885
0.21603132501087674
0.21603479723430458
0.21603826945773244
0.21604174168116028
0.21604521390458817
0.216048686128016
0.21605215835144384
0.2160556305748717
0.21605910279829954
0.21606257502172743
0.21606604724515532
0.2160695194685831
0.216072991692011
0.21607646391543883
0.2160799361388667
0.21608340836229453
0.21608688058572242
0.2160903528091503
0.2160938250325781
0.21609729725600596
0.2161007694794338
0.2161042417028617
0.21610771392628955
0.2161111861497174
0.21611465837314528
0.21611813059657306
0.21612160282000095
0.21612507504342884
0.21612854726685665
0.21613201949028454
0.21613549171371238
0.21613896393714027
0.21614243616056805
0.21614590838399594
0.2161493806074238
0.21615285283085164
0.21615632505427954
0.21615979727770737
0.21616326950113524
0.21616674172456307
0.2161702139479909
0.2161736861714188
0.21617715839484664
0.2161806306182745
0.2161841028417024
0.21618757506513023
0.21619104728855806
0.2161945195119859
0.21619799173541376
0.21620146395884166
0.2162049361822695
0.21620840840569738
0.21621188062912516
0.21621535285255306
0.2162188250759809
0.21622229729940876
0.21622576952283665
0.21622924174626448
0.21623271396969235
0.21623618619312016
0.21623965841654802
0.2162431306399759
0.21624660286340375
0.2162500750868316
0.21625354731025945
0.21625701953368734
0.21626049175711523
0.216263963980543
0.2162674362039709
0.2162709084273987
0.2162743806508266
0.2162778528742545
0.21628132509768233
0.2162847973211102
0.216288269544538
0.21629174176796587
0.2162952139913937
0.2162986862148216
0.21630215843824946
0.2163056306616773
0.21630910288510513
0.21631257510853297
0.21631604733196086
