0.05312501844618696
0.053128490669614795
0.05313196289304263
0.05313543511647056
0.053138907339898296
0.05314237956332622
0.05314585178675406
0.053149324010181895
0.05315279623360982
0.05315626845703766
0.05315974068046549
0.05316321290389342
0.05316668512732116
0.05317015735074909
0.05317362957417692
0.05317710179760476
0.053180574021032594
0.05318404624446052
0.053187518467888356
0.05319099069131619
0.05319446291474403
0.05319793513817186
0.05320140736159979
0.05320487958502762
0.053208351808455456
0.05321182403188329
0.05321529625531113
0.053218768478739055
0.05322224070216689
0.05322571292559472
0.053229185149022654
0.05323265737245039
0.05323612959587832
0.053239601819306155
0.05324307404273399
0.05324654626616192
0.053250018489589754
0.05325349071301759
0.05325696293644542
0.053260435159873255
0.05326390738330118
0.05326737960672902
0.053270851830156854
0.05327432405358469
0.053277796277012616
0.05328126850044045
0.05328474072386828
0.05328821294729612
0.053291685170723954
0.05329515739415188
0.05329862961757972
0.05330210184100755
0.05330557406443548
0.05330904628786322
0.05331251851129115
0.05331599073471898
0.05331946295814682
0.05332293518157474
0.05332640740500258
0.053329879628430416
0.05333335185185825
0.05333682407528609
0.053340296298714014
0.05334376852214185
0.05334724074556968
0.053350712968997516
0.05335418519242535
0.05335765741585328
0.053361129639281114
0.05336460186270895
0.05336807408613678
0.05337154630956471
0.05337501853299254
0.05337849075642038
0.053381962979848215
0.05338543520327605
0.05338890742670398
0.05339237965013181
0.05339585187355965
0.053399324096987576
0.053402796320415315
0.05340626854384324
0.05340974076727108
0.05341321299069891
0.05341668521412684
0.053420157437554676
0.05342362966098251
0.05342710188441034
0.05343057410783818
0.053434046331266104
0.05343751855469394
0.053440990778121776
0.05344446300154961
0.05344793522497745
0.05345140744840528
0.05345487967183321
0.05345835189526104
0.053461824118688876
0.0534652963421168
0.05346876856554464
0.053472240788972475
0.05347571301240031
0.05347918523582814
0.053482657459256074
0.0534861296826839
0.05348960190611174
0.053493074129539665
0.05349654635296741
0.05350001857639534
0.053503490799823174
0.05350696302325101
0.053510435246678936
0.05351390747010677
0.0535173796935346
0.05352085191696244
0.053524324140390274
0.05352779636381811
0.053531268587246036
0.05353474081067387
0.05353821303410171
0.053541685257529635
0.053545157480957374
0.0535486297043853
0.05355210192781314
0.05355557415124097
0.0535590463746689
0.053562518598096735
0.05356599082152457
0.0535694630449524
0.05357293526838024
0.05357640749180816
0.053579879715236
0.053583351938663835
0.05358682416209176
0.05359029638551951
0.053593768608947434
0.05359724083237527
0.0536007130558031
0.053604185279230936
0.05360765750265886
0.0536111297260867
0.053614601949514534
0.05361807417294237
0.0536215463963702
0.05362501861979813
0.05362849084322596
0.0536319630666538
0.053635435290081725
0.05363890751350947
0.0536423797369374
0.05364585196036523
0.05364932418379307
0.053652796407220996
0.05365626863064883
0.05365974085407666
0.0536632130775045
0.05366668530093233
0.05367015752436026
0.053673629747788096
0.05367710197121593
0.05368057419464377
0.053684046418071694
0.05368751864149953
0.05369099086492736
0.053694463088355196
0.05369793531178303
0.05370140753521096
0.053704879758638795
0.05370835198206663
0.05371182420549446
0.053715296428922296
0.05371876865235022
0.05372224087577806
0.053725713099205895
0.05372918532263382
0.05373265754606157
0.053736129769489493
0.05373960199291733
0.05374307421634516
0.05374654643977309
0.05375001866320092
0.05375349088662876
0.053756963110056594
0.05376043533348443
0.053763907556912356
0.05376737978034019
0.05377085200376802
0.05377432422719586
0.053777796450623784
0.05378126867405162
0.053784740897479456
0.05378821312090729
0.05379168534433513
0.053795157567763055
0.05379862979119089
0.05380210201461872
0.053805574238046654
0.05380904646147439
0.05381251868490232
0.053815990908330155
