0.3170139989631941
0.31701747118662194
0.31702094341004977
0.31702441563347766
0.3170278878569055
0.31703136008033334
0.31703483230376117
0.31703830452718906
0.31704177675061695
0.3170452489740448
0.3170487211974726
0.31705219342090046
0.3170556656443283
0.3170591378677562
0.317062610091184
0.31706608231461186
0.3170695545380397
0.3170730267614676
0.3170764989848955
0.3170799712083233
0.31708344343175116
0.31708691565517905
0.3170903878786069
0.3170938601020348
0.3170973323254626
0.31710080454889045
0.3171042767723183
0.3171077489957462
0.317111221219174
0.31711469344260185
0.31711816566602974
0.31712163788945763
0.31712511011288547
0.3171285823363133
0.31713205455974114
0.31713552678316903
0.31713899900659687
0.3171424712300247
0.31714594345345254
0.3171494156768804
0.31715288790030827
0.31715636012373616
0.317159832347164
0.31716330457059183
0.3171667767940197
0.31717024901744756
0.3171737212408754
0.31717719346430323
0.3171806656877311
0.317184137911159
0.31718761013458685
0.3171910823580147
0.3171945545814426
0.3171980268048704
0.31720149902829825
0.3172049712517261
0.3172084434751539
0.3172119156985818
0.3172153879220097
0.31721886014543754
0.3172223323688654
0.3172258045922932
0.3172292768157211
0.317232749039149
0.31723622126257683
0.31723969348600467
0.3172431657094325
0.31724663793286034
0.31725011015628823
0.31725358237971607
0.31725705460314396
0.3172605268265718
0.3172639990499997
0.3172674712734275
0.31727094349685536
0.3172744157202832
0.3172778879437111
0.3172813601671389
0.31728483239056676
0.31728830461399465
0.31729177683742255
0.3172952490608504
0.3172987212842782
0.31730219350770605
0.3173056657311339
0.3173091379545618
0.3173126101779896
0.31731608240141745
0.3173195546248453
0.3173230268482732
0.3173264990717011
0.3173299712951289
0.31733344351855675
0.31733691574198464
0.3173403879654125
0.3173438601888403
0.31734733241226815
0.31735080463569604
0.3173542768591239
0.31735774908255177
0.3173612213059796
0.31736469352940744
0.31736816575283533
0.3173716379762632
0.31737511019969106
0.3173785824231189
0.31738205464654673
0.3173855268699746
0.31738899909340246
0.3173924713168303
0.31739594354025813
0.31739941576368597
0.31740288798711386
0.31740636021054175
0.3174098324339696
0.3174133046573974
0.31741677688082526
0.31742024910425315
0.317423721327681
0.3174271935511088
0.3174306657745367
0.3174341379979646
0.31743761022139244
0.3174410824448203
0.31744455466824817
0.317448026891676
0.31745149911510384
0.3174549713385317
0.3174584435619595
0.3174619157853874
0.3174653880088153
0.31746886023224313
0.31747233245567097
0.3174758046790988
0.3174792769025267
0.3174827491259546
0.31748622134938237
0.3174896935728102
0.3174931657962381
0.31749663801966593
0.3175001102430938
0.31750358246652166
0.31750705468994955
0.3175105269133774
0.3175139991368053
0.3175174713602331
0.31752094358366095
0.3175244158070888
0.3175278880305167
0.3175313602539445
0.31753483247737235
0.31753830470080024
0.31754177692422814
0.317545249147656
0.3175487213710838
0.31755219359451164
0.3175556658179395
0.3175591380413674
0.3175626102647952
0.31756608248822304
0.3175695547116509
0.3175730269350788
0.31757649915850666
0.3175799713819345
0.31758344360536234
0.31758691582879023
0.31759038805221806
0.3175938602756459
0.31759733249907374
0.31760080472250163
0.31760427694592946
0.31760774916935736
0.3176112213927852
0.31761469361621303
0.3176181658396409
0.3176216380630688
0.31762511028649665
0.31762858250992443
0.31763205473335226
0.3176355269567802
0.31763899918020805
0.3176424714036359
0.3176459436270637
0.3176494158504916
0.31765288807391945
0.31765636029734734
0.3176598325207752
0.317663304744203
0.31766677696763085
0.31767024919105874
0.3176737214144866
0.3176771936379144
0.3176806658613423
0.3176841380847702
0.31768761030819803
0.31769108253162587
0.31769455475505376
0.3176980269784816
0.31770149920190943
0.31770497142533727
