0.9802086736835671
0.9802121459069951
0.980215618130423
0.9802190903538508
0.9802225625772788
0.9802260348007065
0.9802295070241345
0.9802329792475621
0.9802364514709901
0.9802399236944178
0.9802433959178458
0.9802468681412737
0.9802503403647015
0.9802538125881295
0.9802572848115572
0.9802607570349852
0.9802642292584128
0.9802677014818408
0.9802711737052687
0.9802746459286965
0.9802781181521244
0.9802815903755522
0.9802850625989801
0.9802885348224079
0.9802920070458359
0.9802954792692635
0.9802989514926915
0.9803024237161194
0.9803058959395472
0.9803093681629751
0.9803128403864029
0.9803163126098308
0.9803197848332585
0.9803232570566865
0.9803267292801142
0.9803302015035422
0.9803336737269699
0.9803371459503979
0.9803406181738258
0.9803440903972536
0.9803475626206816
0.9803510348441092
0.9803545070675372
0.9803579792909649
0.9803614515143929
0.9803649237378208
0.9803683959612486
0.9803718681846765
0.9803753404081043
0.9803788126315321
0.9803822848549599
0.9803857570783879
0.9803892293018156
0.9803927015252436
0.9803961737486715
0.9803996459720993
0.9804031181955272
0.980406590418955
0.9804100626423828
0.9804135348658106
0.9804170070892386
0.9804204793126663
0.9804239515360943
0.980427423759522
0.98043089598295
0.9804343682063779
0.9804378404298056
0.9804413126532338
0.9804447848766613
0.9804482571000894
0.980451729323517
0.9804552015469451
0.9804586737703729
0.9804621459938007
0.9804656182172286
0.9804690904406563
0.9804725626640842
0.980476034887512
0.9804795071109401
0.9804829793343677
0.9804864515577958
0.9804899237812236
0.9804933960046515
0.9804968682280792
0.9805003404515071
0.9805038126749349
0.9805072848983627
0.9805107571217908
0.9805142293452184
0.9805177015686465
0.980521173792074
0.9805246460155022
0.9805281182389299
0.9805315904623578
0.9805350626857858
0.9805385349092135
0.9805420071326415
0.9805454793560692
0.9805489515794972
0.980552423802925
0.9805558960263528
0.9805593682497806
0.9805628404732085
0.9805663126966365
0.9805697849200642
0.9805732571434922
0.9805767293669199
0.9805802015903479
0.9805836738137756
0.9805871460372035
0.9805906182606313
0.9805940904840592
0.980597562707487
0.9806010349309149
0.9806045071543429
0.9806079793777706
0.9806114516011986
0.9806149238246262
0.9806183960480542
0.980621868271482
0.9806253404949099
0.9806288127183379
0.9806322849417656
0.9806357571651936
0.9806392293886212
0.9806427016120493
0.980646173835477
0.9806496460589049
0.9806531182823327
0.9806565905057606
0.9806600627291886
0.9806635349526163
0.9806670071760443
0.9806704793994719
0.9806739516228999
0.9806774238463277
0.9806808960697556
0.9806843682931834
0.9806878405166113
0.9806913127400391
0.980694784963467
0.980698257186895
0.9807017294103226
0.9807052016337506
0.9807086738571783
0.9807121460806063
0.9807156183040341
0.980719090527462
0.98072256275089
0.9807260349743177
0.9807295071977457
0.9807329794211733
0.9807364516446013
0.980739923868029
0.980743396091457
0.9807468683148848
0.9807503405383127
0.9807538127617407
0.9807572849851683
0.9807607572085963
0.980764229432024
0.980767701655452
0.9807711738788799
0.9807746461023077
0.9807781183257356
0.9807815905491634
0.9807850627725913
0.980788534996019
0.980792007219447
0.9807954794428747
0.9807989516663027
0.9808024238897306
0.9808058961131584
0.9808093683365863
0.980812840560014
0.980816312783442
0.9808197850068697
0.9808232572302977
0.9808267294537254
0.9808302016771534
0.9808336739005811
0.9808371461240091
0.980840618347437
0.9808440905708647
0.9808475627942927
0.9808510350177204
0.9808545072411484
0.9808579794645761
0.9808614516880041
0.980864923911432
0.9808683961348598
0.9808718683582877
0.9808753405817154
0.9808788128051433
0.9808822850285711
0.9808857572519991
0.9808892294754268
0.9808927016988548
0.9808961739222827
0.9808996461457105
