0.987153120539278
0.9871565927627058
0.9871600649861338
0.9871635372095615
0.9871670094329895
0.9871704816564172
0.9871739538798452
0.987177426103273
0.9871808983267009
0.9871843705501286
0.9871878427735565
0.9871913149969843
0.9871947872204122
0.9871982594438402
0.9872017316672679
0.9872052038906959
0.9872086761141237
0.9872121483375516
0.9872156205609793
0.9872190927844072
0.987222565007835
0.9872260372312629
0.9872295094546909
0.9872329816781186
0.9872364539015466
0.9872399261249742
0.9872433983484022
0.98724687057183
0.9872503427952579
0.9872538150186859
0.9872572872421136
0.9872607594655416
0.9872642316889693
0.9872677039123973
0.987271176135825
0.9872746483592529
0.9872781205826807
0.9872815928061086
0.9872850650295364
0.9872885372529643
0.9872920094763923
0.98729548169982
0.987298953923248
0.9873024261466757
0.9873058983701036
0.9873093705935314
0.9873128428169593
0.9873163150403871
0.987319787263815
0.987323259487243
0.9873267317106706
0.9873302039340986
0.9873336761575263
0.9873371483809543
0.9873406206043821
0.98734409282781
0.987347565051238
0.9873510372746657
0.9873545094980937
0.9873579817215213
0.9873614539449493
0.9873649261683772
0.987368398391805
0.9873718706152329
0.9873753428386607
0.9873788150620886
0.9873822872855164
0.9873857595089444
0.987389231732372
0.9873927039558
0.9873961761792279
0.9873996484026557
0.9874031206260836
0.9874065928495114
0.9874100650729393
0.987413537296367
0.987417009519795
0.9874204817432227
0.9874239539666507
0.9874274261900784
0.9874308984135064
0.9874343706369343
0.9874378428603621
0.9874413150837901
0.9874447873072177
0.9874482595306457
0.9874517317540734
0.9874552039775014
0.9874586762009293
0.9874621484243571
0.987465620647785
0.9874690928712128
0.9874725650946408
0.9874760373180684
0.9874795095414964
0.9874829817649241
0.9874864539883521
0.98748992621178
0.9874933984352078
0.9874968706586357
0.9875003428820635
0.9875038151054913
0.9875072873289191
0.9875107595523471
0.9875142317757748
0.9875177039992028
0.9875211762226305
0.9875246484460585
0.9875281206694864
0.9875315928929141
0.9875350651163421
0.9875385373397698
0.9875420095631978
0.9875454817866255
0.9875489540100535
0.9875524262334812
0.9875558984569092
0.9875593706803371
0.9875628429037648
0.987566315127193
0.9875697873506205
0.9875732595740485
0.9875767317974762
0.9875802040209042
0.9875836762443321
0.9875871484677599
0.9875906206911877
0.9875940929146155
0.9875975651380434
0.9876010373614712
0.9876045095848993
0.9876079818083269
0.987611454031755
0.9876149262551828
0.9876183984786105
0.9876218707020384
0.9876253429254662
0.9876288151488941
0.9876322873723219
0.98763575959575
0.9876392318191776
0.9876427040426057
0.9876461762660332
0.9876496484894614
0.9876531207128891
0.987656592936317
0.987660065159745
0.9876635373831727
0.9876670096066007
0.9876704818300283
0.9876739540534564
0.9876774262768842
0.987680898500312
0.9876843707237398
0.9876878429471677
0.9876913151705955
0.9876947873940234
0.9876982596174514
0.9877017318408791
0.9877052040643071
0.9877086762877348
0.9877121485111627
0.9877156207345905
0.9877190929580184
0.9877225651814462
0.9877260374048741
0.9877295096283021
0.9877329818517298
0.9877364540751578
0.9877399262985854
0.9877433985220134
0.9877468707454412
0.9877503429688691
0.9877538151922971
0.9877572874157248
0.9877607596391528
0.9877642318625804
0.9877677040860084
0.9877711763094362
0.9877746485328641
0.9877781207562919
0.9877815929797198
0.9877850652031476
0.9877885374265755
0.9877920096500035
0.9877954818734311
0.9877989540968591
0.9878024263202869
0.9878058985437148
0.9878093707671426
0.9878128429905705
0.9878163152139983
0.9878197874374262
0.9878232596608542
0.9878267318842818
0.9878302041077098
0.9878336763311375
0.9878371485545655
0.9878406207779933
0.9878440930014212
