0.2920139902826355
0.29201746250606336
0.2920209347294912
0.2920244069529191
0.2920278791763469
0.29203135139977476
0.2920348236232026
0.29203829584663044
0.2920417680700583
0.2920452402934862
0.29204871251691406
0.2920521847403419
0.2920556569637698
0.2920591291871976
0.2920626014106255
0.2920660736340533
0.2920695458574811
0.292073018080909
0.2920764903043369
0.29207996252776475
0.2920834347511926
0.2920869069746205
0.29209037919804837
0.2920938514214762
0.29209732364490404
0.2921007958683319
0.29210426809175977
0.2921077403151876
0.29211121253861544
0.2921146847620433
0.2921181569854711
0.29212162920889906
0.2921251014323269
0.29212857365575473
0.29213204587918257
0.2921355181026104
0.2921389903260383
0.29214246254946613
0.29214593477289397
0.29214940699632186
0.2921528792197497
0.2921563514431776
0.2921598236666054
0.2921632958900333
0.29216676811346115
0.292170240336889
0.2921737125603168
0.29217718478374466
0.29218065700717255
0.29218412923060044
0.2921876014540283
0.2921910736774561
0.29219454590088395
0.2921980181243119
0.29220149034773973
0.29220496257116757
0.29220843479459535
0.2922119070180232
0.2922153792414511
0.29221885146487897
0.2922223236883068
0.29222579591173464
0.29222926813516253
0.2922327403585904
0.29223621258201826
0.2922396848054461
0.29224315702887393
0.2922466292523018
0.29225010147572966
0.2922535736991575
0.2922570459225854
0.2922605181460132
0.2922639903694411
0.29226746259286895
0.2922709348162968
0.2922744070397247
0.2922778792631525
0.29228135148658035
0.2922848237100082
0.292288295933436
0.2922917681568639
0.2922952403802918
0.29229871260371965
0.2923021848271475
0.2923056570505754
0.2923091292740032
0.29231260149743105
0.2923160737208589
0.2923195459442867
0.2923230181677146
0.2923264903911425
0.29232996261457034
0.2923334348379982
0.29233690706142607
0.29234037928485396
0.2923438515082818
0.29234732373170963
0.29235079595513747
0.29235426817856536
0.2923577404019932
0.29236121262542103
0.29236468484884887
0.2923681570722767
0.29237162929570465
0.2923751015191325
0.2923785737425603
0.29238204596598816
0.292385518189416
0.2923889904128439
0.2923924626362717
0.29239593485969956
0.29239940708312745
0.2924028793065553
0.2924063515299832
0.292409823753411
0.2924132959768389
0.29241676820026674
0.2924202404236946
0.2924237126471224
0.29242718487055025
0.29243065709397814
0.29243412931740603
0.29243760154083387
0.2924410737642617
0.29244454598768954
0.29244801821111743
0.29245149043454527
0.2924549626579731
0.29245843488140094
0.2924619071048288
0.29246537932825667
0.29246885155168456
0.2924723237751124
0.29247579599854023
0.2924792682219681
0.292482740445396
0.29248621266882385
0.2924896848922517
0.2924931571156795
0.2924966293391074
0.29250010156253525
0.2925035737859631
0.292507046009391
0.2925105182328188
0.2925139904562467
0.29251746267967454
0.2925209349031024
0.2925244071265302
0.2925278793499581
0.29253135157338594
0.2925348237968138
0.2925382960202416
0.2925417682436695
0.2925452404670974
0.29254871269052524
0.2925521849139531
0.29255565713738096
0.2925591293608088
0.29256260158423664
0.2925660738076645
0.2925695460310923
0.2925730182545202
0.2925764904779481
0.29257996270137593
0.29258343492480376
0.29258690714823166
0.2925903793716595
0.29259385159508733
0.29259732381851516
0.29260079604194306
0.29260426826537095
0.2926077404887988
0.2926112127122266
0.29261468493565446
0.2926181571590823
0.29262162938251024
0.2926251016059381
0.2926285738293659
0.29263204605279375
0.2926355182762216
0.2926389904996495
0.2926424627230773
0.29264593494650515
0.29264940716993304
0.2926528793933609
0.29265635161678877
0.2926598238402166
0.29266329606364444
0.2926667682870723
0.29267024051050017
0.292673712733928
0.29267718495735584
0.29268065718078373
0.2926841294042116
0.29268760162763946
0.2926910738510673
0.29269454607449513
0.292698018297923
0.29270149052135086
0.2927049627447787
