0.9399308819204452
0.9399343541438729
0.9399378263673008
0.9399412985907286
0.9399447708141565
0.9399482430375845
0.9399517152610122
0.9399551874844402
0.9399586597078678
0.9399621319312959
0.9399656041547236
0.9399690763781515
0.9399725486015795
0.9399760208250072
0.9399794930484352
0.9399829652718629
0.9399864374952909
0.9399899097187187
0.9399933819421465
0.9399968541655743
0.9400003263890022
0.94000379861243
0.9400072708358579
0.9400107430592859
0.9400142152827136
0.9400176875061416
0.9400211597295693
0.9400246319529972
0.940028104176425
0.9400315763998529
0.9400350486232807
0.9400385208467086
0.9400419930701366
0.9400454652935643
0.9400489375169923
0.9400524097404199
0.9400558819638479
0.9400593541872757
0.9400628264107036
0.9400662986341316
0.9400697708575593
0.9400732430809873
0.940076715304415
0.940080187527843
0.9400836597512708
0.9400871319746986
0.9400906041981265
0.9400940764215543
0.9400975486449823
0.94010102086841
0.940104493091838
0.9401079653152656
0.9401114375386936
0.9401149097621215
0.9401183819855493
0.9401218542089772
0.940125326432405
0.9401287986558329
0.9401322708792607
0.9401357431026887
0.9401392153261163
0.9401426875495443
0.940146159772972
0.9401496319964
0.9401531042198279
0.9401565764432557
0.9401600486666836
0.9401635208901113
0.9401669931135394
0.940170465336967
0.940173937560395
0.9401774097838227
0.9401808820072507
0.9401843542306786
0.9401878264541064
0.9401912986775344
0.940194770900962
0.94019824312439
0.9402017153478177
0.9402051875712457
0.9402086597946736
0.9402121320181014
0.9402156042415293
0.9402190764649571
0.940222548688385
0.9402260209118127
0.9402294931352407
0.9402329653586684
0.9402364375820964
0.9402399098055243
0.9402433820289521
0.94024685425238
0.9402503264758078
0.9402537986992356
0.9402572709226634
0.9402607431460914
0.9402642153695191
0.9402676875929471
0.9402711598163748
0.9402746320398028
0.9402781042632307
0.9402815764866584
0.9402850487100866
0.9402885209335141
0.9402919931569421
0.9402954653803698
0.9402989376037978
0.9403024098272257
0.9403058820506535
0.9403093542740814
0.9403128264975091
0.940316298720937
0.9403197709443648
0.9403232431677929
0.9403267153912205
0.9403301876146486
0.9403336598380764
0.9403371320615042
0.940340604284932
0.9403440765083598
0.9403475487317877
0.9403510209552155
0.9403544931786436
0.9403579654020712
0.9403614376254993
0.9403649098489268
0.940368382072355
0.9403718542957827
0.9403753265192106
0.9403787987426386
0.9403822709660662
0.9403857431894943
0.9403892154129219
0.94039268763635
0.9403961598597778
0.9403996320832056
0.9404031043066334
0.9404065765300613
0.9404100487534891
0.940413520976917
0.940416993200345
0.9404204654237727
0.9404239376472007
0.9404274098706285
0.9404308820940563
0.9404343543174841
0.940437826540912
0.9404412987643398
0.9404447709877677
0.9404482432111957
0.9404517154346234
0.9404551876580514
0.940458659881479
0.940462132104907
0.9404656043283348
0.9404690765517627
0.9404725487751907
0.9404760209986184
0.9404794932220464
0.940482965445474
0.940486437668902
0.9404899098923298
0.9404933821157577
0.9404968543391855
0.9405003265626134
0.9405037987860412
0.9405072710094691
0.9405107432328971
0.9405142154563247
0.9405176876797527
0.9405211599031805
0.9405246321266084
0.9405281043500362
0.9405315765734641
0.9405350487968919
0.9405385210203198
0.9405419932437478
0.9405454654671754
0.9405489376906034
0.9405524099140311
0.9405558821374591
0.9405593543608869
0.9405628265843148
0.9405662988077428
0.9405697710311705
0.9405732432545985
0.9405767154780261
0.9405801877014541
0.9405836599248818
0.9405871321483098
0.9405906043717376
0.9405940765951655
0.9405975488185935
0.9406010210420211
0.9406044932654491
0.9406079654888768
0.9406114377123048
0.9406149099357327
0.9406183821591605
0.9406218543825883
