0.6461807799238819
0.6461842521473098
0.6461877243707376
0.6461911965941655
0.6461946688175932
0.6461981410410212
0.646201613264449
0.6462050854878769
0.6462085577113047
0.6462120299347326
0.6462155021581605
0.6462189743815883
0.6462224466050162
0.6462259188284439
0.6462293910518718
0.6462328632752997
0.6462363354987276
0.6462398077221555
0.6462432799455834
0.6462467521690112
0.6462502243924391
0.6462536966158668
0.6462571688392946
0.6462606410627226
0.6462641132861504
0.6462675855095783
0.6462710577330062
0.6462745299564341
0.6462780021798619
0.6462814744032898
0.6462849466267175
0.6462884188501454
0.6462918910735733
0.6462953632970011
0.646298835520429
0.6463023077438568
0.6463057799672848
0.6463092521907126
0.6463127244141404
0.6463161966375682
0.6463196688609961
0.646323141084424
0.6463266133078518
0.6463300855312797
0.6463335577547076
0.6463370299781355
0.6463405022015632
0.6463439744249911
0.6463474466484189
0.6463509188718468
0.6463543910952747
0.6463578633187025
0.6463613355421304
0.6463648077655583
0.6463682799889862
0.6463717522124139
0.6463752244358418
0.6463786966592696
0.6463821688826975
0.6463856411061254
0.6463891133295533
0.6463925855529811
0.646396057776409
0.6463995299998369
0.6464030022232646
0.6464064744466925
0.6464099466701203
0.6464134188935482
0.6464168911169761
0.646420363340404
0.6464238355638318
0.6464273077872597
0.6464307800106875
0.6464342522341153
0.6464377244575432
0.646441196680971
0.6464446689043989
0.6464481411278268
0.6464516133512547
0.6464550855746825
0.6464585577981103
0.6464620300215382
0.646465502244966
0.6464689744683939
0.6464724466918217
0.6464759189152496
0.6464793911386774
0.6464828633621054
0.6464863355855331
0.6464898078089611
0.6464932800323889
0.6464967522558167
0.6465002244792446
0.6465036967026724
0.6465071689261003
0.6465106411495282
0.6465141133729561
0.6465175855963838
0.6465210578198118
0.6465245300432396
0.6465280022666675
0.6465314744900953
0.6465349467135232
0.6465384189369511
0.6465418911603789
0.6465453633838067
0.6465488356072345
0.6465523078306624
0.6465557800540903
0.6465592522775182
0.646562724500946
0.6465661967243739
0.6465696689478017
0.6465731411712295
0.6465766133946574
0.6465800856180852
0.6465835578415132
0.646587030064941
0.6465905022883689
0.6465939745117967
0.6465974467352246
0.6466009189586523
0.6466043911820802
0.6466078634055081
0.6466113356289359
0.6466148078523639
0.6466182800757917
0.6466217522992196
0.6466252245226474
0.6466286967460753
0.646632168969503
0.6466356411929309
0.6466391134163588
0.6466425856397866
0.6466460578632145
0.6466495300866424
0.6466530023100703
0.6466564745334981
0.646659946756926
0.6466634189803537
0.6466668912037817
0.6466703634272095
0.6466738356506374
0.6466773078740653
0.6466807800974931
0.646684252320921
0.6466877245443488
0.6466911967677766
0.6466946689912044
0.6466981412146324
0.6467016134380602
0.6467050856614881
0.6467085578849159
0.6467120301083438
0.6467155023317717
0.6467189745551994
0.6467224467786273
0.6467259190020551
0.646729391225483
0.6467328634489109
0.6467363356723388
0.6467398078957667
0.6467432801191945
0.6467467523426224
0.6467502245660501
0.646753696789478
0.6467571690129058
0.6467606412363338
0.6467641134597616
0.6467675856831895
0.6467710579066174
0.6467745301300453
0.646778002353473
0.6467814745769008
0.6467849468003287
0.6467884190237566
0.6467918912471845
0.6467953634706123
0.6467988356940402
0.646802307917468
0.646805780140896
0.6468092523643237
0.6468127245877516
0.6468161968111794
0.6468196690346073
0.6468231412580352
0.646826613481463
0.6468300857048909
0.6468335579283188
0.6468370301517467
0.6468405023751744
0.6468439745986023
0.6468474468220301
0.646850919045458
0.6468543912688859
0.6468578634923137
0.6468613357157416
0.6468648079391695
0.6468682801625973
0.6468717523860251
