0.9586808884308641
0.9586843606542919
0.9586878328777197
0.9586913051011478
0.9586947773245754
0.9586982495480034
0.9587017217714311
0.9587051939948591
0.9587086662182868
0.9587121384417148
0.9587156106651425
0.9587190828885704
0.9587225551119984
0.9587260273354261
0.9587294995588541
0.9587329717822818
0.9587364440057098
0.9587399162291376
0.9587433884525655
0.9587468606759932
0.9587503328994211
0.9587538051228489
0.9587572773462768
0.9587607495697048
0.9587642217931325
0.9587676940165605
0.9587711662399884
0.9587746384634162
0.958778110686844
0.9587815829102718
0.9587850551336996
0.9587885273571275
0.9587919995805555
0.9587954718039832
0.9587989440274112
0.9588024162508388
0.9588058884742668
0.9588093606976947
0.9588128329211225
0.9588163051445505
0.9588197773679782
0.9588232495914062
0.9588267218148339
0.9588301940382619
0.9588336662616898
0.9588371384851175
0.9588406107085454
0.9588440829319732
0.9588475551554011
0.9588510273788289
0.9588544996022569
0.9588579718256846
0.9588614440491126
0.9588649162725404
0.9588683884959682
0.9588718607193961
0.9588753329428239
0.9588788051662518
0.9588822773896796
0.9588857496131076
0.9588892218365352
0.9588926940599632
0.9588961662833909
0.9588996385068189
0.9589031107302468
0.9589065829536746
0.9589100551771026
0.9589135274005303
0.9589169996239583
0.9589204718473859
0.9589239440708139
0.9589274162942418
0.9589308885176696
0.9589343607410975
0.9589378329645253
0.9589413051879532
0.958944777411381
0.958948249634809
0.9589517218582366
0.9589551940816646
0.9589586663050925
0.9589621385285203
0.9589656107519482
0.958969082975376
0.9589725551988039
0.9589760274222316
0.9589794996456596
0.9589829718690873
0.9589864440925153
0.958989916315943
0.958993388539371
0.9589968607627989
0.9590003329862267
0.9590038052096548
0.9590072774330823
0.9590107496565105
0.959014221879938
0.9590176941033661
0.9590211663267939
0.9590246385502217
0.9590281107736496
0.9590315829970774
0.9590350552205053
0.959038527443933
0.9590419996673611
0.9590454718907887
0.9590489441142168
0.9590524163376446
0.9590558885610725
0.9590593607845003
0.9590628330079282
0.9590663052313559
0.9590697774547837
0.9590732496782118
0.9590767219016394
0.9590801941250675
0.9590836663484951
0.9590871385719232
0.959090610795351
0.9590940830187789
0.9590975552422069
0.9591010274656345
0.9591044996890625
0.9591079719124902
0.9591114441359182
0.959114916359346
0.9591183885827739
0.9591218608062017
0.9591253330296295
0.9591288052530575
0.9591322774764852
0.9591357496999132
0.9591392219233409
0.9591426941467689
0.9591461663701967
0.9591496385936246
0.9591531108170523
0.9591565830404802
0.959160055263908
0.9591635274873359
0.9591669997107639
0.9591704719341916
0.9591739441576196
0.9591774163810473
0.9591808886044753
0.959184360827903
0.9591878330513309
0.9591913052747589
0.9591947774981866
0.9591982497216146
0.9592017219450423
0.9592051941684703
0.959208666391898
0.959212138615326
0.9592156108387537
0.9592190830621816
0.9592225552856096
0.9592260275090373
0.9592294997324653
0.959232971955893
0.959236444179321
0.9592399164027487
0.9592433886261766
0.9592468608496044
0.9592503330730323
0.9592538052964601
0.959257277519888
0.959260749743316
0.9592642219667437
0.9592676941901717
0.9592711664135994
0.9592746386370273
0.9592781108604551
0.959281583083883
0.9592850553073108
0.9592885275307387
0.9592919997541667
0.9592954719775943
0.9592989442010224
0.95930241642445
0.959305888647878
0.9593093608713058
0.9593128330947337
0.9593163053181617
0.9593197775415894
0.9593232497650174
0.959326721988445
0.959330194211873
0.9593336664353009
0.9593371386587287
0.9593406108821566
0.9593440831055844
0.9593475553290123
0.9593510275524401
0.9593544997758681
0.9593579719992957
0.9593614442227237
0.9593649164461516
0.9593683886695794
0.9593718608930073
