0.03784723536362337
0.037850707587051204
0.03785417981047904
0.037857652033906966
0.0378611242573348
0.03786459648076264
0.037868068704190565
0.037871540927618304
0.03787501315104623
0.037878485374474066
0.0378819575979019
0.03788542982132983
0.037888902044757665
0.0378923742681855
0.03789584649161333
0.037899318715041166
0.037902790938469
0.03790626316189693
0.037909735385324765
0.0379132076087526
0.03791667983218053
0.03792015205560827
0.0379236242790362
0.03792709650246403
0.037930568725891865
0.03793404094931979
0.03793751317274763
0.037940985396175464
0.0379444576196033
0.03794792984303113
0.03795140206645906
0.03795487428988689
0.03795834651331473
0.037961818736742654
0.0379652909601704
0.03796876318359833
0.03797223540702616
0.037975707630454
0.03797917985388183
0.03798265207730976
0.03798612430073759
0.03798959652416543
0.03799306874759326
0.0379965409710211
0.038000013194449025
0.03800348541787686
0.0380069576413047
0.038010429864732624
0.03801390208816036
0.03801737431158829
0.038020846535016126
0.03802431875844396
0.03802779098187189
0.038031263205299724
0.03803473542872756
0.03803820765215539
0.038041679875583226
0.03804515209901115
0.03804862432243899
0.038052096545866824
0.03805556876929466
0.03805904099272259
0.03806251321615042
0.03806598543957826
0.03806945766300609
0.038072929886433925
0.03807640210986185
0.03807987433328969
0.03808334655671752
0.03808681878014536
0.03809029100357319
0.03809376322700112
0.03809723545042895
0.03810070767385679
0.038104179897284714
0.03810765212071246
0.038111124344140386
0.03811459656756822
0.03811806879099606
0.038121541014423985
0.03812501323785182
0.03812848546127965
0.038131957684707486
0.03813542990813532
0.03813890213156325
0.038142374354991085
0.03814584657841892
0.03814931880184675
0.038152791025274684
0.03815626324870251
0.03815973547213035
0.038163207695558185
0.03816667991898602
0.03817015214241395
0.038173624365841784
0.03817709658926962
0.038180568812697546
0.038184041036125285
0.03818751325955321
0.03819098548298105
0.038194457706408884
0.03819792992983681
0.038201402153264646
0.03820487437669248
0.03820834660012032
0.03821181882354815
0.03821529104697608
0.03821876327040391
0.03822223549383175
0.03822570771725958
0.03822917994068742
0.038232652164115345
0.03823612438754318
0.03823959661097101
0.03824306883439885
0.03824654105782677
0.03825001328125452
0.038253485504682445
0.03825695772811028
0.03826042995153812
0.038263902174966044
0.03826737439839388
0.03827084662182171
0.03827431884524964
0.03827779106867738
0.03828126329210531
0.038284735515533144
0.03828820773896098
0.03829167996238891
0.03829515218581674
0.03829862440924457
0.03830209663267241
0.038305568856100244
0.03830904107952817
0.03831251330295601
0.03831598552638384
0.03831945774981168
0.03832292997323951
0.038326402196667345
0.03832987442009527
0.03833334664352311
0.03833681886695094
0.03834029109037887
0.038343763313806706
0.03834723553723454
0.03835070776066238
0.03835417998409021
0.03835765220751814
0.03836112443094597
0.038364596654373806
0.03836806887780173
0.03837154110122948
0.038375013324657405
0.03837848554808524
0.03838195777151307
0.038385429994941
0.03838890221836883
0.03839237444179667
0.038395846665224505
0.03839931888865234
0.03840279111208018
0.0384062633355081
0.03840973555893594
0.03841320778236377
0.0384166800057917
0.03842015222921944
0.03842362445264737
0.038427096676075204
0.03843056889950304
0.038434041122930966
0.0384375133463588
0.03844098556978663
0.03844445779321447
0.038447930016642304
0.03845140224007023
0.038454874463498066
0.0384583466869259
0.03846181891035374
0.03846529113378157
0.0384687633572095
0.03847223558063733
0.038475707804065166
0.038479180027493
0.03848265225092093
0.038486124474348765
0.0384895966977766
0.03849306892120444
0.03849654114463227
0.03850001336806019
0.03850348559148803
0.038506957814915865
0.03851043003834379
0.03851390226177154
0.038517374485199464
0.0385208467086273
0.03852431893205513
0.03852779115548306
0.03853126337891089
0.03853473560233873
0.038538207825766564
