0.4746529425878273
0.47465641481125515
0.474659887034683
0.4746633592581108
0.4746668314815387
0.47467030370496655
0.4746737759283944
0.4746772481518222
0.47468072037525016
0.474684192598678
0.47468766482210584
0.4746911370455337
0.4746946092689615
0.4746980814923894
0.47470155371581724
0.4747050259392451
0.4747084981626729
0.47471197038610086
0.4747154426095287
0.47471891483295653
0.47472238705638437
0.4747258592798122
0.47472933150324015
0.474732803726668
0.4747362759500958
0.47473974817352366
0.47474322039695155
0.4747466926203794
0.4747501648438072
0.47475363706723506
0.4747571092906629
0.47476058151409084
0.4747640537375187
0.4747675259609465
0.47477099818437435
0.47477447040780224
0.4747779426312301
0.4747814148546579
0.47478488707808575
0.4747883593015136
0.47479183152494153
0.47479530374836937
0.4747987759717972
0.47480224819522504
0.47480572041865293
0.47480919264208077
0.4748126648655086
0.47481613708893644
0.4748196093123643
0.4748230815357922
0.47482655375922006
0.4748300259826479
0.47483349820607573
0.4748369704295037
0.47484044265293146
0.4748439148763593
0.47484738709978713
0.47485085932321497
0.4748543315466429
0.47485780377007075
0.4748612759934986
0.4748647482169264
0.47486822044035437
0.4748716926637822
0.47487516488721004
0.4748786371106379
0.4748821093340657
0.4748855815574936
0.47488905378092144
0.4748925260043493
0.4748959982277771
0.47489947045120506
0.4749029426746329
0.47490641489806074
0.47490988712148857
0.4749133593449164
0.4749168315683443
0.47492030379177214
0.47492377601519997
0.4749272482386278
0.47493072046205576
0.4749341926854836
0.4749376649089114
0.47494113713233926
0.4749446093557671
0.474948081579195
0.47495155380262283
0.47495502602605066
0.4749584982494785
0.47496197047290645
0.4749654426963343
0.4749689149197621
0.47497238714318996
0.4749758593666178
0.47497933159004574
0.4749828038134735
0.47498627603690136
0.4749897482603292
0.47499322048375714
0.474996692707185
0.4750001649306128
0.47500363715404065
0.4750071093774685
0.47501058160089643
0.47501405382432427
0.4750175260477521
0.47502099827117994
0.47502447049460783
0.47502794271803567
0.4750314149414635
0.47503488716489134
0.4750383593883192
0.4750418316117471
0.47504530383517496
0.4750487760586028
0.47505224828203063
0.4750557205054585
0.47505919272888636
0.4750626649523142
0.47506613717574203
0.47506960939916987
0.4750730816225978
0.47507655384602565
0.4750800260694535
0.4750834982928813
0.4750869705163092
0.47509044273973705
0.4750939149631649
0.4750973871865927
0.47510085941002056
0.4751043316334485
0.47510780385687634
0.4751112760803042
0.475114748303732
0.47511822052715996
0.4751216927505878
0.4751251649740156
0.4751286371974434
0.47513210942087125
0.4751355816442992
0.47513905386772703
0.47514252609115487
0.4751459983145827
0.47514947053801065
0.4751529427614385
0.4751564149848663
0.47515988720829416
0.475163359431722
0.4751668316551499
0.4751703038785777
0.47517377610200556
0.4751772483254334
0.47518072054886135
0.4751841927722892
0.475187664995717
0.47519113721914485
0.4751946094425727
0.4751980816660006
0.4752015538894284
0.47520502611285625
0.4752084983362841
0.47521197055971204
0.4752154427831399
0.4752189150065677
0.47522238722999555
0.4752258594534234
0.4752293316768513
0.4752328039002791
0.47523627612370695
0.4752397483471348
0.47524322057056273
0.47524669279399057
0.4752501650174184
0.47525363724084624
0.4752571094642741
0.475260581687702
0.47526405391112986
0.47526752613455764
0.4752709983579855
0.4752744705814134
0.47527794280484126
0.4752814150282691
0.47528488725169693
0.47528835947512477
0.4752918316985527
0.47529530392198055
0.4752987761454084
0.4753022483688362
0.4753057205922641
0.47530919281569195
0.4753126650391198
0.4753161372625476
0.47531960948597546
0.4753230817094034
0.47532655393283124
0.4753300261562591
0.4753334983796869
0.4753369706031148
0.47534044282654264
0.4753439150499705
