0.2663195369165059
0.26632300913993373
0.26632648136336157
0.2663299535867894
0.26633342581021724
0.26633689803364513
0.26634037025707297
0.26634384248050086
0.2663473147039287
0.26635078692735653
0.2663542591507844
0.2663577313742123
0.2663612035976401
0.26636467582106793
0.2663681480444958
0.26637162026792366
0.26637509249135155
0.2663785647147794
0.2663820369382073
0.2663855091616351
0.26638898138506295
0.26639245360849084
0.2663959258319187
0.2663993980553465
0.26640287027877435
0.26640634250220224
0.2664098147256301
0.26641328694905797
0.2664167591724858
0.2664202313959137
0.26642370361934153
0.26642717584276937
0.26643064806619726
0.2664341202896251
0.26643759251305293
0.26644106473648077
0.26644453695990866
0.2664480091833365
0.2664514814067644
0.2664549536301922
0.26645842585362006
0.26646189807704795
0.2664653703004758
0.2664688425239036
0.26647231474733146
0.26647578697075935
0.2664792591941872
0.266482731417615
0.2664862036410429
0.2664896758644708
0.26649314808789865
0.2664966203113265
0.2665000925347544
0.26650356475818215
0.26650703698161
0.2665105092050379
0.2665139814284658
0.2665174536518936
0.26652092587532145
0.26652439809874934
0.26652787032217723
0.26653134254560507
0.2665348147690329
0.26653828699246074
0.2665417592158886
0.2665452314393164
0.2665487036627443
0.2665521758861722
0.26655564810960003
0.26655912033302787
0.26656259255645576
0.2665660647798836
0.2665695370033115
0.2665730092267393
0.26657648145016716
0.266579953673595
0.26658342589702283
0.2665868981204507
0.26659037034387856
0.26659384256730645
0.2665973147907343
0.2666007870141621
0.26660425923759
0.26660773146101785
0.2666112036844457
0.2666146759078735
0.2666181481313014
0.26662162035472925
0.26662509257815714
0.266628564801585
0.26663203702501287
0.2666355092484407
0.26663898147186854
0.26664245369529643
0.26664592591872427
0.2666493981421521
0.26665287036557994
0.26665634258900783
0.26665981481243567
0.26666328703586356
0.2666667592592914
0.2666702314827193
0.2666737037061471
0.26667717592957496
0.2666806481530028
0.2666841203764307
0.2666875925998585
0.26669106482328636
0.26669453704671425
0.2666980092701421
0.26670148149357
0.2667049537169978
0.26670842594042565
0.26671189816385354
0.2667153703872814
0.26671884261070916
0.26672231483413705
0.26672578705756494
0.2667292592809928
0.2667327315044206
0.2667362037278485
0.2667396759512764
0.26674314817470424
0.2667466203981321
0.2667500926215599
0.26675356484498775
0.2667570370684156
0.2667605092918435
0.26676398151527136
0.2667674537386992
0.26677092596212704
0.26677439818555493
0.2667778704089828
0.26678134263241066
0.2667848148558385
0.26678828707926633
0.26679175930269416
0.266795231526122
0.2667987037495499
0.2668021759729778
0.2668056481964056
0.26680912041983346
0.26681259264326135
0.2668160648666892
0.266819537090117
0.26682300931354486
0.26682648153697275
0.2668299537604006
0.2668334259838284
0.2668368982072563
0.26684037043068415
0.26684384265411204
0.2668473148775399
0.2668507871009677
0.2668542593243956
0.26685773154782344
0.2668612037712513
0.2668646759946791
0.266868148218107
0.26687162044153484
0.26687509266496273
0.26687856488839057
0.26688203711181846
0.2668855093352463
0.26688898155867413
0.26689245378210197
0.26689592600552986
0.2668993982289577
0.26690287045238553
0.2669063426758134
0.26690981489924126
0.26691328712266915
0.266916759346097
0.2669202315695249
0.2669237037929527
0.26692717601638055
0.2669306482398084
0.2669341204632363
0.2669375926866641
0.26694106491009195
0.26694453713351984
0.2669480093569477
0.26695148158037557
0.2669549538038034
0.26695842602723124
0.2669618982506591
0.2669653704740869
0.2669688426975148
0.26697231492094264
0.26697578714437054
0.26697925936779837
0.2669827315912262
0.2669862038146541
0.266989676038082
0.2669931482615098
0.26699662048493766
0.2670000927083655
0.26700356493179334
0.26700703715522117
0.26701050937864906
