0.6204863265577523
0.6204897987811802
0.620493271004608
0.6204967432280358
0.6205002154514637
0.6205036876748915
0.6205071598983194
0.6205106321217473
0.6205141043451751
0.620517576568603
0.6205210487920308
0.6205245210154587
0.6205279932388865
0.6205314654623144
0.6205349376857422
0.6205384099091701
0.620541882132598
0.6205453543560259
0.6205488265794536
0.6205522988028815
0.6205557710263094
0.6205592432497372
0.6205627154731651
0.6205661876965929
0.6205696599200208
0.6205731321434487
0.6205766043668766
0.6205800765903043
0.6205835488137322
0.6205870210371601
0.6205904932605879
0.6205939654840158
0.6205974377074436
0.6206009099308715
0.6206043821542994
0.6206078543777273
0.620611326601155
0.6206147988245829
0.6206182710480108
0.6206217432714386
0.6206252154948665
0.6206286877182943
0.6206321599417222
0.62063563216515
0.620639104388578
0.6206425766120057
0.6206460488354337
0.6206495210588615
0.6206529932822893
0.6206564655057172
0.620659937729145
0.6206634099525729
0.6206668821760007
0.6206703543994286
0.6206738266228564
0.6206772988462844
0.6206807710697122
0.6206842432931401
0.6206877155165679
0.6206911877399958
0.6206946599634235
0.6206981321868514
0.6207016044102793
0.6207050766337071
0.620708548857135
0.6207120210805629
0.6207154933039908
0.6207189655274186
0.6207224377508465
0.6207259099742742
0.6207293821977021
0.62073285442113
0.6207363266445578
0.6207397988679858
0.6207432710914136
0.6207467433148415
0.6207502155382693
0.6207536877616971
0.6207571599851249
0.6207606322085528
0.6207641044319807
0.6207675766554085
0.6207710488788365
0.6207745211022643
0.6207779933256922
0.62078146554912
0.6207849377725478
0.6207884099959756
0.6207918822194035
0.6207953544428314
0.6207988266662592
0.6208022988896872
0.620805771113115
0.6208092433365429
0.6208127155599706
0.6208161877833985
0.6208196600068263
0.6208231322302543
0.6208266044536821
0.62083007667711
0.6208335489005378
0.6208370211239657
0.6208404933473936
0.6208439655708213
0.6208474377942492
0.620850910017677
0.620854382241105
0.6208578544645328
0.6208613266879607
0.6208647989113886
0.6208682711348164
0.6208717433582442
0.620875215581672
0.6208786878050999
0.6208821600285277
0.6208856322519557
0.6208891044753835
0.6208925766988114
0.6208960489222393
0.620899521145667
0.6209029933690949
0.6209064655925227
0.6209099378159506
0.6209134100393784
0.6209168822628064
0.6209203544862342
0.6209238267096621
0.62092729893309
0.6209307711565178
0.6209342433799456
0.6209377156033734
0.6209411878268013
0.6209446600502291
0.6209481322736571
0.6209516044970849
0.6209550767205128
0.6209585489439405
0.6209620211673685
0.6209654933907963
0.6209689656142242
0.620972437837652
0.6209759100610799
0.6209793822845078
0.6209828545079356
0.6209863267313634
0.6209897989547913
0.6209932711782192
0.620996743401647
0.6210002156250749
0.6210036878485027
0.6210071600719306
0.6210106322953585
0.6210141045187862
0.6210175767422141
0.621021048965642
0.6210245211890699
0.6210279934124977
0.6210314656359256
0.6210349378593534
0.6210384100827813
0.6210418823062092
0.6210453545296369
0.6210488267530648
0.6210522989764927
0.6210557711999206
0.6210592434233484
0.6210627156467763
0.6210661878702041
0.621069660093632
0.6210731323170599
0.6210766045404876
0.6210800767639155
0.6210835489873433
0.6210870212107713
0.6210904934341991
0.621093965657627
0.6210974378810548
0.6211009101044827
0.6211043823279105
0.6211078545513384
0.6211113267747662
0.6211147989981941
0.621118271221622
0.6211217434450498
0.6211252156684777
0.6211286878919055
0.6211321601153333
0.6211356323387612
0.6211391045621891
0.6211425767856169
0.6211460490090448
0.6211495212324727
0.6211529934559005
0.6211564656793284
0.6211599379027561
0.621163410126184
0.6211668823496119
0.6211703545730398
0.6211738267964676
0.6211772990198955
