0.020486118224346594
0.02048959044777443
0.020493062671202263
0.020496534894630193
0.020500007118058026
0.020503479341485862
0.020506951564913695
0.02051042378834153
0.020513896011769457
0.020517368235197293
0.02052084045862513
0.020524312682052962
0.020527784905480892
0.020531257128908725
0.02053472935233656
0.020538201575764393
0.02054167379919223
0.020545146022620156
0.020548618246047992
0.020552090469475825
0.02055556269290366
0.020559034916331494
0.020562507139759423
0.020565979363187256
0.020569451586615092
0.02057292381004302
0.02057639603347076
0.02057986825689869
0.020583340480326524
0.02058681270375436
0.020590284927182286
0.020593757150610122
0.020597229374037955
0.02060070159746579
0.020604173820893624
0.020607646044321554
0.020611118267749386
0.020614590491177223
0.02061806271460506
0.020621534938032985
0.02062500716146082
0.020628479384888654
0.02063195160831649
0.020635423831744323
0.020638896055172253
0.020642368278600085
0.02064584050202792
0.020649312725455848
0.02065278494888359
0.020656257172311517
0.020659729395739353
0.020663201619167185
0.020666673842595115
0.020670146066022948
0.020673618289450784
0.02067709051287862
0.020680562736306453
0.020684034959734383
0.020687507183162215
0.02069097940659005
0.020694451630017884
0.02069792385344572
0.020701396076873553
0.020704868300301483
0.020708340523729316
0.02071181274715715
0.020715284970585078
0.02071875719401282
0.02072222941744075
0.020725701640868583
0.02072917386429642
0.020732646087724346
0.02073611831115218
0.020739590534580014
0.020743062758007944
0.020746534981435683
0.020750007204863613
0.020753479428291446
0.020756951651719282
0.020760423875147208
0.020763896098575044
0.020767368322002877
0.020770840545430713
0.02077431276885855
0.020777784992286382
0.020781257215714312
0.020784729439142145
0.02078820166256998
0.020791673885997907
0.02079514610942565
0.020798618332853576
0.020802090556281412
0.020805562779709245
0.020809035003137175
0.020812507226565007
0.020815979449992843
0.02081945167342068
0.020822923896848512
0.020826396120276442
0.020829868343704275
0.02083334056713211
0.020836812790560037
0.02084028501398778
0.020843757237415706
0.020847229460843542
0.020850701684271375
0.02085417390769921
0.020857646131127137
0.020861118354554974
0.02086459057798281
0.020868062801410642
0.02087153502483848
0.020875007248266405
0.02087847947169424
0.020881951695122074
0.020885423918550004
0.020888896141977743
0.020892368365405672
0.020895840588833505
0.02089931281226134
0.020902785035689268
0.020906257259117104
0.020909729482544936
0.020913201705972773
0.02091667392940061
0.020920146152828535
0.02092361837625637
0.020927090599684204
0.02093056282311204
0.020934035046539966
0.020937507269967803
0.020940979493395635
0.02094445171682347
0.020947923940251304
0.020951396163679234
0.020954868387107067
0.020958340610534903
0.02096181283396274
0.02096528505739057
0.0209687572808185
0.020972229504246334
0.02097570172767417
0.020979173951102097
0.02098264617452984
0.020986118397957765
0.0209895906213856
0.020993062844813434
0.020996535068241364
0.021000007291669197
0.021003479515097033
0.021006951738524866
0.021010423961952702
0.021013896185380628
0.021017368408808464
0.0210208406322363
0.021024312855664133
0.021027785079092063
0.021031257302519896
0.021034729525947732
0.021038201749375565
0.0210416739728034
0.021045146196231327
0.021048618419659163
0.021052090643086996
0.021055562866514832
0.021059035089942668
0.021062507313370595
0.02106597953679843
0.021069451760226263
0.021072923983654193
0.021076396207082026
0.021079868430509862
0.021083340653937695
0.02108681287736553
0.021090285100793457
0.021093757324221293
0.021097229547649126
0.021100701771076962
0.0211041739945048
0.021107646217932725
0.02111111844136056
0.021114590664788394
0.02111806288821623
0.021121535111644156
0.0211250073350719
0.021128479558499825
0.02113195178192766
0.021135424005355494
0.021138896228783424
0.021142368452211256
0.021145840675639092
0.02114931289906702
0.02115278512249476
0.021156257345922688
0.021159729569350524
0.02116320179277836
0.021166674016206286
0.021170146239634122
0.021173618463061955
0.02117709068648979
