0.7760419361256723
0.7760454083491001
0.776048880572528
0.7760523527959559
0.7760558250193837
0.7760592972428115
0.7760627694662394
0.7760662416896672
0.7760697139130951
0.7760731861365229
0.7760766583599508
0.7760801305833787
0.7760836028068065
0.7760870750302344
0.7760905472536622
0.7760940194770901
0.7760974917005179
0.7761009639239458
0.7761044361473737
0.7761079083708015
0.7761113805942295
0.7761148528176572
0.7761183250410851
0.7761217972645129
0.7761252694879408
0.7761287417113686
0.7761322139347965
0.7761356861582244
0.7761391583816523
0.77614263060508
0.7761461028285079
0.7761495750519358
0.7761530472753636
0.7761565194987915
0.7761599917222193
0.7761634639456473
0.776166936169075
0.776170408392503
0.7761738806159307
0.7761773528393586
0.7761808250627865
0.7761842972862143
0.7761877695096422
0.77619124173307
0.7761947139564979
0.7761981861799256
0.7762016584033536
0.7762051306267815
0.7762086028502093
0.7762120750736372
0.776215547297065
0.7762190195204929
0.7762224917439207
0.7762259639673486
0.7762294361907764
0.7762329084142043
0.7762363806376322
0.7762398528610601
0.7762433250844879
0.7762467973079157
0.7762502695313436
0.7762537417547714
0.7762572139781992
0.7762606862016271
0.776264158425055
0.7762676306484828
0.7762711028719108
0.7762745750953386
0.7762780473187665
0.7762815195421943
0.7762849917656222
0.7762884639890499
0.7762919362124778
0.7762954084359057
0.7762988806593336
0.7763023528827615
0.7763058251061893
0.7763092973296172
0.776312769553045
0.7763162417764728
0.7763197139999006
0.7763231862233285
0.7763266584467564
0.7763301306701843
0.7763336028936121
0.77633707511704
0.7763405473404679
0.7763440195638956
0.7763474917873235
0.7763509640107513
0.7763544362341792
0.7763579084576072
0.7763613806810349
0.7763648529044629
0.7763683251278907
0.7763717973513186
0.7763752695747463
0.7763787417981742
0.776382214021602
0.7763856862450299
0.7763891584684578
0.7763926306918857
0.7763961029153136
0.7763995751387414
0.7764030473621693
0.776406519585597
0.7764099918090249
0.7764134640324527
0.7764169362558807
0.7764204084793085
0.7764238807027364
0.7764273529261642
0.776430825149592
0.7764342973730199
0.7764377695964477
0.7764412418198756
0.7764447140433034
0.7764481862667314
0.7764516584901593
0.7764551307135871
0.776458602937015
0.7764620751604427
0.7764655473838706
0.7764690196072984
0.7764724918307263
0.7764759640541542
0.776479436277582
0.7764829085010099
0.7764863807244378
0.7764898529478657
0.7764933251712934
0.7764967973947213
0.7765002696181491
0.776503741841577
0.7765072140650048
0.7765106862884328
0.7765141585118606
0.7765176307352886
0.7765211029587163
0.7765245751821442
0.776528047405572
0.7765315196289998
0.7765349918524277
0.7765384640758555
0.7765419362992835
0.7765454085227111
0.7765488807461391
0.776552352969567
0.7765558251929949
0.7765592974164227
0.7765627696398506
0.7765662418632784
0.7765697140867063
0.7765731863101341
0.776576658533562
0.7765801307569898
0.7765836029804177
0.7765870752038456
0.7765905474272734
0.7765940196507013
0.7765974918741291
0.776600964097557
0.7766044363209849
0.7766079085444126
0.7766113807678406
0.7766148529912684
0.7766183252146963
0.7766217974381241
0.776625269661552
0.7766287418849798
0.7766322141084077
0.7766356863318356
0.7766391585552633
0.7766426307786912
0.7766461030021191
0.776649575225547
0.7766530474489748
0.7766565196724027
0.7766599918958305
0.7766634641192585
0.7766669363426861
0.7766704085661141
0.7766738807895419
0.7766773530129698
0.7766808252363977
0.7766842974598255
0.7766877696832534
0.7766912419066812
0.776694714130109
0.7766981863535368
0.7767016585769648
0.7767051308003927
0.7767086030238205
0.7767120752472484
0.7767155474706762
0.7767190196941041
0.7767224919175318
0.7767259641409597
0.7767294363643876
0.7767329085878155
