0.287152877483638
0.2871563497070659
0.2871598219304937
0.28716329415392156
0.2871667663773494
0.28717023860077723
0.2871737108242051
0.287177183047633
0.28718065527106085
0.2871841274944887
0.2871875997179166
0.2871910719413444
0.2871945441647723
0.28719801638820014
0.287201488611628
0.2872049608350558
0.28720843305848365
0.28721190528191154
0.28721537750533943
0.28721884972876727
0.2872223219521951
0.287225794175623
0.28722926639905083
0.28723273862247867
0.2872362108459065
0.2872396830693344
0.28724315529276223
0.28724662751619007
0.28725009973961796
0.2872535719630458
0.2872570441864737
0.2872605164099015
0.28726398863332936
0.28726746085675725
0.2872709330801851
0.2872744053036129
0.28727787752704076
0.28728134975046865
0.2872848219738965
0.2872882941973243
0.2872917664207522
0.2872952386441801
0.28729871086760794
0.2873021830910358
0.2873056553144636
0.2873091275378915
0.28731259976131934
0.2873160719847472
0.28731954420817507
0.2873230164316029
0.28732648865503074
0.28732996087845863
0.2873334331018865
0.28733690532531436
0.2873403775487422
0.28734384977217003
0.28734732199559787
0.28735079421902576
0.2873542664424536
0.2873577386658815
0.2873612108893093
0.28736468311273716
0.28736815533616505
0.2873716275595929
0.2873750997830207
0.28737857200644856
0.2873820442298764
0.2873855164533043
0.2873889886767322
0.28739246090016
0.28739593312358785
0.28739940534701575
0.2874028775704436
0.2874063497938715
0.2874098220172993
0.28741329424072715
0.287416766464155
0.2874202386875828
0.2874237109110107
0.2874271831344386
0.28743065535786644
0.2874341275812943
0.28743759980472217
0.28744107202815
0.28744454425157784
0.2874480164750057
0.28745148869843357
0.2874549609218614
0.28745843314528924
0.28746190536871713
0.287465377592145
0.28746884981557286
0.2874723220390007
0.2874757942624286
0.2874792664858564
0.28748273870928426
0.2874862109327121
0.28748968315614
0.2874931553795678
0.28749662760299566
0.28750009982642355
0.2875035720498514
0.2875070442732793
0.2875105164967071
0.28751398872013495
0.2875174609435628
0.2875209331669907
0.2875244053904185
0.28752787761384635
0.28753134983727424
0.2875348220607021
0.2875382942841299
0.2875417665075578
0.2875452387309857
0.28754871095441353
0.28755218317784137
0.2875556554012692
0.2875591276246971
0.28756259984812493
0.28756607207155277
0.28756954429498066
0.2875730165184085
0.28757648874183633
0.2875799609652642
0.28758343318869206
0.2875869054121199
0.28759037763554773
0.2875938498589756
0.28759732208240346
0.28760079430583135
0.2876042665292592
0.2876077387526871
0.2876112109761149
0.28761468319954275
0.28761815542297064
0.2876216276463985
0.2876250998698263
0.28762857209325415
0.287632044316682
0.2876355165401099
0.2876389887635378
0.2876424609869656
0.28764593321039345
0.28764940543382134
0.2876528776572492
0.287656349880677
0.28765982210410485
0.28766329432753274
0.2876667665509606
0.2876702387743884
0.2876737109978163
0.2876771832212442
0.28768065544467203
0.28768412766809986
0.28768759989152776
0.2876910721149556
0.28769454433838343
0.28769801656181127
0.28770148878523916
0.287704961008667
0.28770843323209483
0.2877119054555227
0.2877153776789506
0.28771884990237845
0.2877223221258063
0.2877257943492341
0.28772926657266196
0.28773273879608985
0.2877362110195177
0.2877396832429456
0.2877431554663734
0.28774662768980125
0.28775009991322914
0.287753572136657
0.28775704436008487
0.2877605165835127
0.28776398880694054
0.2877674610303684
0.28777093325379627
0.2877744054772241
0.28777787770065194
0.28778134992407983
0.28778482214750767
0.2877882943709355
0.2877917665943634
0.2877952388177913
0.28779871104121907
0.2878021832646469
0.2878056554880748
0.28780912771150263
0.2878125999349305
0.28781607215835836
0.28781954438178625
0.2878230166052141
0.2878264888286419
0.2878299610520698
0.28783343327549765
0.2878369054989255
0.2878403777223533
0.2878438499457812
