0.8677086346210537
0.8677121068444815
0.8677155790679094
0.8677190512913372
0.8677225235147651
0.8677259957381929
0.8677294679616208
0.8677329401850485
0.8677364124084765
0.8677398846319044
0.8677433568553322
0.8677468290787601
0.8677503013021879
0.8677537735256158
0.8677572457490436
0.8677607179724717
0.8677641901958992
0.8677676624193273
0.8677711346427549
0.867774606866183
0.8677780790896108
0.8677815513130386
0.8677850235364665
0.8677884957598943
0.8677919679833224
0.8677954402067501
0.867798912430178
0.8678023846536058
0.8678058568770337
0.8678093291004615
0.8678128013238894
0.8678162735473172
0.867819745770745
0.8678232179941728
0.8678266902176006
0.8678301624410287
0.8678336346644565
0.8678371068878844
0.8678405791113122
0.8678440513347401
0.8678475235581679
0.8678509957815957
0.8678544680050237
0.8678579402284514
0.8678614124518794
0.8678648846753072
0.8678683568987351
0.8678718291221629
0.8678753013455908
0.8678787735690185
0.8678822457924464
0.8678857180158744
0.8678891902393022
0.8678926624627301
0.8678961346861579
0.8678996069095858
0.8679030791330136
0.8679065513564415
0.8679100235798692
0.8679134958032971
0.8679169680267249
0.8679204402501528
0.8679239124735808
0.8679273846970086
0.8679308569204365
0.8679343291438643
0.8679378013672921
0.8679412735907199
0.8679447458141478
0.8679482180375758
0.8679516902610035
0.8679551624844315
0.8679586347078593
0.8679621069312872
0.867965579154715
0.8679690513781428
0.8679725236015706
0.8679759958249985
0.8679794680484265
0.8679829402718542
0.8679864124952822
0.86798988471871
0.8679933569421379
0.8679968291655656
0.8680003013889935
0.8680037736124213
0.8680072458358492
0.868010718059277
0.8680141902827049
0.8680176625061329
0.8680211347295607
0.8680246069529886
0.8680280791764163
0.8680315513998442
0.868035023623272
0.8680384958466999
0.8680419680701279
0.8680454402935556
0.8680489125169836
0.8680523847404115
0.8680558569638392
0.8680593291872671
0.8680628014106949
0.8680662736341227
0.8680697458575506
0.8680732180809786
0.8680766903044063
0.8680801625278343
0.8680836347512622
0.8680871069746899
0.8680905791981178
0.8680940514215456
0.8680975236449735
0.8681009958684013
0.8681044680918293
0.868107940315257
0.868111412538685
0.8681148847621128
0.8681183569855406
0.8681218292089685
0.8681253014323963
0.8681287736558242
0.868132245879252
0.8681357181026799
0.8681391903261076
0.8681426625495356
0.8681461347729635
0.8681496069963913
0.8681530792198192
0.868156551443247
0.8681600236666749
0.8681634958901027
0.8681669681135307
0.8681704403369583
0.8681739125603863
0.8681773847838142
0.868180857007242
0.8681843292306699
0.8681878014540977
0.8681912736775256
0.8681947459009534
0.8681982181243814
0.8682016903478093
0.868205162571237
0.8682086347946649
0.8682121070180927
0.8682155792415206
0.8682190514649484
0.8682225236883763
0.868225995911804
0.8682294681352319
0.8682329403586597
0.8682364125820877
0.8682398848055156
0.8682433570289434
0.8682468292523713
0.8682503014757991
0.868253773699227
0.8682572459226547
0.8682607181460827
0.8682641903695104
0.8682676625929384
0.8682711348163661
0.8682746070397941
0.868278079263222
0.8682815514866498
0.8682850237100777
0.8682884959335054
0.8682919681569335
0.8682954403803613
0.8682989126037891
0.868302384827217
0.8683058570506448
0.8683093292740727
0.8683128014975005
0.8683162737209283
0.8683197459443561
0.868323218167784
0.8683266903912118
0.8683301626146399
0.8683336348380677
0.8683371070614956
0.8683405792849234
0.8683440515083513
0.868347523731779
0.8683509959552068
0.8683544681786349
0.8683579404020625
0.8683614126254906
0.8683648848489184
0.8683683570723463
0.8683718292957741
0.868375301519202
0.8683787737426297
0.8683822459660576
0.8683857181894856
0.8683891904129134
0.8683926626363413
0.8683961348597691
0.868399607083197
