0.997569790822844
0.997573263046272
0.9975767352696996
0.9975802074931277
0.9975836797165555
0.9975871519399834
0.9975906241634112
0.997594096386839
0.9975975686102668
0.9976010408336947
0.9976045130571227
0.9976079852805504
0.9976114575039784
0.9976149297274062
0.9976184019508341
0.9976218741742618
0.9976253463976897
0.9976288186211175
0.9976322908445454
0.9976357630679734
0.9976392352914011
0.9976427075148291
0.9976461797382568
0.9976496519616848
0.9976531241851125
0.9976565964085404
0.9976600686319684
0.9976635408553961
0.9976670130788241
0.9976704853022518
0.9976739575256798
0.9976774297491076
0.9976809019725354
0.9976843741959632
0.9976878464193911
0.9976913186428191
0.9976947908662468
0.9976982630896748
0.9977017353131025
0.9977052075365305
0.9977086797599583
0.9977121519833861
0.9977156242068139
0.9977190964302418
0.9977225686536696
0.9977260408770975
0.9977295131005255
0.9977329853239532
0.9977364575473812
0.9977399297708088
0.9977434019942368
0.9977468742176646
0.9977503464410925
0.9977538186645205
0.9977572908879482
0.9977607631113762
0.9977642353348039
0.9977677075582319
0.9977711797816596
0.9977746520050875
0.9977781242285153
0.9977815964519432
0.9977850686753712
0.9977885408987989
0.9977920131222269
0.9977954853456545
0.9977989575690825
0.9978024297925104
0.9978059020159382
0.9978093742393661
0.9978128464627939
0.9978163186862217
0.9978197909096496
0.9978232631330776
0.9978267353565052
0.9978302075799332
0.9978336798033611
0.9978371520267889
0.9978406242502168
0.9978440964736446
0.9978475686970725
0.9978510409205003
0.9978545131439283
0.9978579853673559
0.9978614575907839
0.9978649298142116
0.9978684020376396
0.9978718742610675
0.9978753464844953
0.9978788187079233
0.997882290931351
0.997885763154779
0.9978892353782066
0.9978927076016346
0.9978961798250625
0.9978996520484903
0.9979031242719182
0.997906596495346
0.9979100687187739
0.9979135409422016
0.9979170131656296
0.9979204853890573
0.9979239576124853
0.9979274298359132
0.997930902059341
0.9979343742827689
0.9979378465061967
0.9979413187296245
0.9979447909530523
0.9979482631764803
0.997951735399908
0.997955207623336
0.9979586798467637
0.9979621520701917
0.9979656242936196
0.9979690965170473
0.9979725687404754
0.997976040963903
0.997979513187331
0.9979829854107587
0.9979864576341867
0.9979899298576146
0.9979934020810424
0.9979968743044703
0.998000346527898
0.9980038187513259
0.9980072909747537
0.9980107631981817
0.9980142354216094
0.9980177076450374
0.9980211798684653
0.9980246520918931
0.998028124315321
0.9980315965387487
0.9980350687621766
0.9980385409856044
0.9980420132090325
0.9980454854324601
0.9980489576558882
0.9980524298793158
0.9980559021027438
0.9980593743261716
0.9980628465495994
0.9980663187730275
0.9980697909964551
0.9980732632198832
0.9980767354433108
0.9980802076667389
0.9980836798901667
0.9980871521135946
0.9980906243370223
0.9980940965604502
0.998097568783878
0.9981010410073058
0.9981045132307339
0.9981079854541615
0.9981114576775896
0.9981149299010174
0.9981184021244452
0.998121874347873
0.9981253465713009
0.9981288187947287
0.9981322910181566
0.9981357632415846
0.9981392354650123
0.9981427076884403
0.9981461799118678
0.9981496521352959
0.9981531243587237
0.9981565965821516
0.9981600688055796
0.9981635410290073
0.9981670132524353
0.998170485475863
0.998173957699291
0.9981774299227187
0.9981809021461466
0.9981843743695744
0.9981878465930023
0.9981913188164303
0.998194791039858
0.998198263263286
0.9982017354867136
0.9982052077101417
0.9982086799335694
0.9982121521569973
0.9982156243804251
0.998219096603853
0.9982225688272808
0.9982260410507087
0.9982295132741367
0.9982329854975643
0.9982364577209923
0.99823992994442
0.998243402167848
0.9982468743912758
0.9982503466147037
0.9982538188381317
0.9982572910615594
0.9982607632849874
