0.47326405321668513
0.47326752544011297
0.4732709976635408
0.47327446988696875
0.4732779421103966
0.4732814143338244
0.47328488655725226
0.4732883587806801
0.473291831004108
0.4732953032275358
0.47329877545096366
0.4733022476743915
0.47330571989781944
0.4733091921212473
0.4733126643446751
0.47331613656810295
0.4733196087915308
0.4733230810149587
0.4733265532383865
0.47333002546181435
0.4733334976852422
0.47333696990867014
0.47334044213209797
0.4733439143555258
0.47334738657895364
0.4733508588023815
0.4733543310258094
0.47335780324923726
0.4733612754726651
0.47336474769609294
0.4733682199195208
0.47337169214294866
0.4733751643663765
0.47337863658980434
0.47338210881323217
0.4733855810366601
0.47338905326008796
0.4733925254835158
0.4733959977069436
0.4733994699303715
0.47340294215379936
0.4734064143772272
0.473409886600655
0.47341335882408286
0.4734168310475108
0.47342030327093865
0.4734237754943665
0.4734272477177943
0.4734307199412222
0.47343419216465005
0.4734376643880779
0.4734411366115057
0.47344460883493356
0.4734480810583615
0.47345155328178934
0.4734550255052172
0.473458497728645
0.47346196995207296
0.47346544217550074
0.4734689143989286
0.4734723866223564
0.47347585884578425
0.4734793310692122
0.47348280329264003
0.47348627551606787
0.4734897477394957
0.47349321996292365
0.4734966921863515
0.4735001644097793
0.47350363663320716
0.473507108856635
0.4735105810800629
0.4735140533034907
0.47351752552691856
0.4735209977503464
0.47352446997377434
0.4735279421972022
0.47353141442063
0.47353488664405785
0.4735383588674857
0.4735418310909136
0.4735453033143414
0.47354877553776925
0.4735522477611971
0.47355571998462503
0.47355919220805287
0.4735626644314807
0.47356613665490854
0.4735696088783364
0.47357308110176427
0.4735765533251921
0.47358002554861994
0.4735834977720478
0.4735869699954757
0.47359044221890356
0.4735939144423314
0.47359738666575923
0.47360085888918707
0.473604331112615
0.4736078033360428
0.47361127555947063
0.47361474778289847
0.4736182200063264
0.47362169222975425
0.4736251644531821
0.4736286366766099
0.47363210890003776
0.4736355811234657
0.47363905334689355
0.4736425255703214
0.4736459977937492
0.4736494700171771
0.47365294224060495
0.4736564144640328
0.4736598866874606
0.47366335891088845
0.4736668311343164
0.47367030335774424
0.4736737755811721
0.4736772478045999
0.4736807200280278
0.47368419225145564
0.4736876644748835
0.4736911366983113
0.47369460892173915
0.4736980811451671
0.47370155336859493
0.47370502559202277
0.4737084978154506
0.4737119700388785
0.47371544226230633
0.47371891448573417
0.473722386709162
0.47372585893258984
0.4737293311560178
0.4737328033794456
0.47373627560287346
0.4737397478263013
0.47374322004972924
0.4737466922731571
0.47375016449658486
0.4737536367200127
0.47375710894344053
0.4737605811668685
0.4737640533902963
0.47376752561372415
0.473770997837152
0.47377447006057993
0.47377794228400777
0.4737814145074356
0.47378488673086344
0.4737883589542913
0.47379183117771917
0.473795303401147
0.47379877562457484
0.4738022478480027
0.4738057200714306
0.47380919229485846
0.4738126645182863
0.47381613674171413
0.47381960896514197
0.47382308118856986
0.4738265534119977
0.47383002563542553
0.47383349785885337
0.4738369700822813
0.47384044230570915
0.473843914529137
0.4738473867525648
0.47385085897599266
0.47385433119942055
0.4738578034228484
0.4738612756462762
0.47386474786970406
0.473868220093132
0.47387169231655984
0.4738751645399877
0.4738786367634155
0.47388210898684335
0.4738855812102713
0.47388905343369914
0.4738925256571269
0.47389599788055475
0.4738994701039827
0.47390294232741054
0.4739064145508384
0.4739098867742662
0.47391335899769405
0.473916831221122
0.47392030344454983
0.47392377566797766
0.4739272478914055
0.4739307201148334
0.47393419233826123
0.47393766456168906
0.4739411367851169
0.47394460900854474
0.4739480812319727
0.4739515534554005
0.47395502567882836
