0.045486126904905166
0.045489599128332996
0.04549307135176093
0.04549654357518867
0.045500015798616594
0.04550348802204443
0.04550696024547227
0.04551043246890019
0.04551390469232803
0.045517376915755865
0.045520849139183694
0.04552432136261153
0.04552779358603946
0.04553126580946729
0.04553473803289513
0.045538210256322965
0.045541682479750795
0.04554515470317873
0.04554862692660656
0.04555209915003439
0.04555557137346223
0.045559043596890156
0.04556251582031799
0.04556598804374583
0.045569460267173664
0.045572932490601493
0.04557640471402943
0.045579876937457256
0.04558334916088509
0.04558682138431302
0.045590293607740764
0.04559376583116869
0.04559723805459653
0.04560071027802436
0.04560418250145229
0.045607654724880126
0.045611126948307955
0.04561459917173579
0.04561807139516363
0.045621543618591553
0.04562501584201939
0.045628488065447226
0.045631960288875055
0.04563543251230289
0.04563890473573073
0.045642376959158654
0.04564584918258649
0.045649321406014326
0.04565279362944225
0.04565626585287009
0.045659738076297925
0.045663210299725754
0.04566668252315359
0.045670154746581516
0.04567362697000935
0.04567709919343719
0.045680571416865115
0.045684043640292854
0.04568751586372079
0.04569098808714862
0.04569446031057645
0.04569793253400438
0.045701404757432215
0.04570487698086005
0.04570834920428789
0.045711821427715724
0.04571529365114355
0.045718765874571486
0.045722238097999315
0.04572571032142715
0.04572918254485508
0.045732654768282824
0.04573612699171075
0.045739599215138586
0.04574307143856642
0.04574654366199435
0.04575001588542218
0.045753488108850014
0.04575696033227785
0.045760432555705687
0.04576390477913361
0.04576737700256145
0.045770849225989285
0.04577432144941721
0.04577779367284495
0.04578126589627288
0.04578473811970071
0.04578821034312855
0.045791682566556385
0.04579515478998431
0.04579862701341215
0.045802099236839984
0.04580557146026781
0.04580904368369565
0.045812515907123576
0.04581598813055141
0.04581946035397925
0.045822932577407174
0.04582640480083491
0.04582987702426285
0.045833349247690676
0.04583682147111851
0.04584029369454644
0.045843765917974275
0.04584723814140211
0.04585071036482995
0.04585418258825778
0.04585765481168571
0.045861127035113546
0.045864599258541375
0.04586807148196921
0.04587154370539714
0.04587501592882497
0.04587848815225281
0.045881960375680646
0.045885432599108475
0.04588890482253641
0.04589237704596424
0.045895849269392074
0.04589932149281991
0.045902793716247746
0.04590626593967567
0.04590973816310351
0.045913210386531345
0.04591668260995927
0.04592015483338701
0.045923627056814936
0.04592709928024277
0.04593057150367061
0.045934043727098535
0.04593751595052637
0.04594098817395421
0.04594446039738204
0.04594793262080987
0.045951404844237806
0.045954877067665635
0.04595834929109347
0.04596182151452131
0.045965293737949234
0.04596876596137707
0.045972238184804906
0.045975710408232735
0.04597918263166057
0.0459826548550885
0.045986127078516334
0.04598959930194417
0.045993071525372096
0.04599654374879984
0.04600001597222777
0.046003488195655605
0.046006960419083434
0.04601043264251137
0.0460139048659392
0.04601737708936703
0.04602084931279487
0.046024321536222705
0.04602779375965063
0.04603126598307847
0.0460347382065063
0.04603821042993413
0.04604168265336197
0.046045154876789895
0.04604862710021773
0.04605209932364557
0.046055571547073404
0.04605904377050133
0.04606251599392907
0.046065988217356996
0.04606946044078483
0.04607293266421267
0.046076404887640594
0.04607987711106843
0.04608334933449627
0.04608682155792419
0.04609029378135193
0.04609376600477986
0.046097238228207695
0.04610071045163553
0.04610418267506346
0.04610765489849129
0.04611112712191913
0.046114599345346965
0.046118071568774795
0.04612154379220273
0.04612501601563056
0.04612848823905839
0.04613196046248623
0.046135432685914066
0.0461389049093419
0.04614237713276983
0.046145849356197664
0.046149321579625494
0.04615279380305343
0.046156266026481256
0.04615973824990909
0.04616321047333693
0.046166682696764764
0.04617015492019269
0.04617362714362053
0.046177099367048356
