0.6593752289497322
0.6593787011731601
0.6593821733965879
0.6593856456200159
0.6593891178434437
0.6593925900668716
0.6593960622902995
0.6593995345137272
0.6594030067371551
0.6594064789605829
0.6594099511840108
0.6594134234074387
0.6594168956308666
0.6594203678542944
0.6594238400777223
0.65942731230115
0.659430784524578
0.6594342567480058
0.6594377289714337
0.6594412011948615
0.6594446734182893
0.6594481456417172
0.6594516178651451
0.659455090088573
0.6594585623120008
0.6594620345354287
0.6594655067588565
0.6594689789822844
0.6594724512057122
0.6594759234291401
0.659479395652568
0.6594828678759957
0.6594863400994236
0.6594898123228515
0.6594932845462794
0.6594967567697072
0.6595002289931351
0.6595037012165629
0.6595071734399908
0.6595106456634187
0.6595141178868464
0.6595175901102743
0.6595210623337021
0.6595245345571301
0.6595280067805579
0.6595314790039858
0.6595349512274136
0.6595384234508415
0.6595418956742694
0.6595453678976971
0.659548840121125
0.6595523123445529
0.6595557845679808
0.6595592567914086
0.6595627290148365
0.6595662012382643
0.6595696734616922
0.65957314568512
0.6595766179085479
0.6595800901319757
0.6595835623554036
0.6595870345788315
0.6595905068022593
0.6595939790256872
0.659597451249115
0.6596009234725428
0.6596043956959707
0.6596078679193986
0.6596113401428264
0.6596148123662543
0.6596182845896822
0.65962175681311
0.6596252290365379
0.6596287012599656
0.6596321734833935
0.6596356457068214
0.6596391179302493
0.6596425901536771
0.659646062377105
0.6596495346005329
0.6596530068239607
0.6596564790473886
0.6596599512708163
0.6596634234942443
0.6596668957176721
0.6596703679411
0.6596738401645278
0.6596773123879557
0.6596807846113836
0.6596842568348114
0.6596877290582392
0.659691201281667
0.6596946735050949
0.6596981457285227
0.6597016179519507
0.6597050901753785
0.6597085623988065
0.6597120346222343
0.6597155068456622
0.6597189790690899
0.6597224512925178
0.6597259235159456
0.6597293957393735
0.6597328679628014
0.6597363401862292
0.6597398124096572
0.659743284633085
0.6597467568565129
0.6597502290799406
0.6597537013033685
0.6597571735267964
0.6597606457502242
0.6597641179736521
0.6597675901970799
0.6597710624205078
0.6597745346439357
0.6597780068673635
0.6597814790907913
0.6597849513142192
0.659788423537647
0.6597918957610749
0.6597953679845028
0.6597988402079306
0.6598023124313586
0.6598057846547863
0.6598092568782142
0.659812729101642
0.6598162013250699
0.6598196735484977
0.6598231457719256
0.6598266179953535
0.6598300902187813
0.6598335624422091
0.659837034665637
0.6598405068890649
0.6598439791124927
0.6598474513359206
0.6598509235593484
0.6598543957827764
0.6598578680062042
0.659861340229632
0.65986481245306
0.6598682846764877
0.6598717568999156
0.6598752291233434
0.6598787013467713
0.6598821735701991
0.6598856457936271
0.6598891180170549
0.6598925902404827
0.6598960624639106
0.6598995346873384
0.6599030069107663
0.6599064791341941
0.659909951357622
0.6599134235810499
0.6599168958044778
0.6599203680279055
0.6599238402513334
0.6599273124747612
0.6599307846981891
0.659934256921617
0.6599377291450448
0.6599412013684727
0.6599446735919005
0.6599481458153283
0.6599516180387562
0.6599550902621841
0.659958562485612
0.6599620347090398
0.6599655069324677
0.6599689791558955
0.6599724513793234
0.6599759236027511
0.6599793958261791
0.6599828680496069
0.6599863402730348
0.6599898124964627
0.6599932847198906
0.6599967569433184
0.6600002291667463
0.6600037013901741
0.660007173613602
0.6600106458370298
0.6600141180604576
0.6600175902838855
0.6600210625073133
0.6600245347307413
0.6600280069541691
0.660031479177597
0.6600349514010247
0.6600384236244526
0.6600418958478805
0.6600453680713083
0.6600488402947362
0.6600523125181641
0.660055784741592
0.6600592569650198
0.6600627291884477
0.6600662014118754
