0.7718752680122458
0.7718787402356737
0.7718822124591015
0.7718856846825293
0.7718891569059573
0.7718926291293852
0.7718961013528131
0.7718995735762408
0.7719030457996687
0.7719065180230965
0.7719099902465244
0.7719134624699522
0.7719169346933801
0.771920406916808
0.7719238791402359
0.7719273513636636
0.7719308235870915
0.7719342958105194
0.7719377680339472
0.7719412402573751
0.7719447124808029
0.7719481847042308
0.7719516569276588
0.7719551291510864
0.7719586013745144
0.7719620735979422
0.7719655458213701
0.7719690180447979
0.7719724902682258
0.7719759624916536
0.7719794347150815
0.7719829069385094
0.7719863791619372
0.7719898513853651
0.7719933236087929
0.7719967958322208
0.7720002680556486
0.7720037402790765
0.7720072125025043
0.7720106847259323
0.77201415694936
0.7720176291727879
0.7720211013962157
0.7720245736196436
0.7720280458430715
0.7720315180664993
0.7720349902899272
0.772038462513355
0.772041934736783
0.7720454069602108
0.7720488791836386
0.7720523514070665
0.7720558236304943
0.7720592958539222
0.77206276807735
0.7720662403007779
0.7720697125242058
0.7720731847476335
0.7720766569710614
0.7720801291944893
0.7720836014179172
0.772087073641345
0.7720905458647729
0.7720940180882007
0.7720974903116286
0.7721009625350563
0.7721044347584843
0.7721079069819121
0.7721113792053401
0.7721148514287679
0.7721183236521958
0.7721217958756236
0.7721252680990514
0.7721287403224792
0.772132212545907
0.772135684769335
0.7721391569927627
0.7721426292161907
0.7721461014396186
0.7721495736630465
0.7721530458864743
0.7721565181099022
0.7721599903333299
0.7721634625567578
0.7721669347801856
0.7721704070036135
0.7721738792270414
0.7721773514504693
0.7721808236738972
0.772184295897325
0.7721877681207528
0.7721912403441806
0.7721947125676085
0.7721981847910364
0.7722016570144642
0.7722051292378922
0.77220860146132
0.7722120736847479
0.7722155459081756
0.7722190181316035
0.7722224903550313
0.7722259625784592
0.7722294348018871
0.7722329070253149
0.7722363792487428
0.7722398514721707
0.7722433236955986
0.7722467959190263
0.7722502681424542
0.772253740365882
0.77225721258931
0.7722606848127377
0.7722641570361656
0.7722676292595935
0.7722711014830214
0.7722745737064493
0.772278045929877
0.7722815181533049
0.7722849903767327
0.7722884626001606
0.7722919348235884
0.7722954070470164
0.7722988792704443
0.772302351493872
0.7723058237172999
0.7723092959407277
0.7723127681641556
0.7723162403875834
0.7723197126110113
0.7723231848344392
0.7723266570578671
0.772330129281295
0.7723336015047227
0.7723370737281506
0.7723405459515784
0.7723440181750063
0.7723474903984341
0.772350962621862
0.7723544348452899
0.7723579070687178
0.7723613792921455
0.7723648515155734
0.7723683237390013
0.7723717959624291
0.772375268185857
0.7723787404092848
0.7723822126327127
0.7723856848561405
0.7723891570795685
0.7723926293029963
0.7723961015264242
0.772399573749852
0.7724030459732799
0.7724065181967077
0.7724099904201355
0.7724134626435634
0.7724169348669913
0.7724204070904191
0.772423879313847
0.7724273515372748
0.7724308237607027
0.7724342959841306
0.7724377682075584
0.7724412404309863
0.7724447126544141
0.772448184877842
0.77245165710127
0.7724551293246976
0.7724586015481256
0.7724620737715534
0.7724655459949813
0.7724690182184091
0.772472490441837
0.7724759626652647
0.7724794348886926
0.7724829071121205
0.7724863793355484
0.7724898515589763
0.7724933237824041
0.772496796005832
0.7725002682292598
0.7725037404526877
0.7725072126761154
0.7725106848995433
0.7725141571229712
0.7725176293463991
0.7725211015698269
0.7725245737932548
0.7725280460166827
0.7725315182401105
0.7725349904635384
0.7725384626869661
0.7725419349103941
0.772545407133822
0.7725488793572497
0.7725523515806777
0.7725558238041055
0.7725592960275334
0.7725627682509612
0.772566240474389
