0.8447919599972082
0.8447954322206361
0.8447989044440641
0.8448023766674919
0.8448058488909198
0.8448093211143476
0.8448127933377755
0.8448162655612033
0.8448197377846312
0.8448232100080592
0.8448266822314868
0.8448301544549148
0.8448336266783425
0.8448370989017705
0.8448405711251983
0.8448440433486262
0.844847515572054
0.8448509877954818
0.8448544600189098
0.8448579322423376
0.8448614044657655
0.8448648766891933
0.8448683489126212
0.844871821136049
0.8448752933594769
0.8448787655829046
0.8448822378063325
0.8448857100297603
0.8448891822531882
0.8448926544766162
0.844896126700044
0.8448995989234719
0.8449030711468997
0.8449065433703276
0.8449100155937553
0.8449134878171832
0.8449169600406112
0.8449204322640389
0.8449239044874669
0.8449273767108947
0.8449308489343226
0.8449343211577504
0.8449377933811782
0.844941265604606
0.8449447378280339
0.8449482100514619
0.8449516822748898
0.8449551544983176
0.8449586267217455
0.8449620989451733
0.844965571168601
0.8449690433920289
0.8449725156154567
0.8449759878388846
0.8449794600623124
0.8449829322857403
0.8449864045091683
0.8449898767325962
0.844993348956024
0.8449968211794519
0.8450002934028796
0.8450037656263075
0.8450072378497353
0.8450107100731633
0.845014182296591
0.845017654520019
0.8450211267434469
0.8450245989668747
0.8450280711903025
0.8450315434137303
0.8450350156371582
0.845038487860586
0.845041960084014
0.8450454323074417
0.8450489045308697
0.8450523767542976
0.8450558489777253
0.8450593212011532
0.845062793424581
0.8450662656480089
0.8450697378714367
0.8450732100948646
0.8450766823182924
0.8450801545417204
0.8450836267651483
0.845087098988576
0.8450905712120039
0.8450940434354317
0.8450975156588596
0.8451009878822874
0.8451044601057153
0.845107932329143
0.845111404552571
0.845114876775999
0.8451183489994267
0.8451218212228546
0.8451252934462824
0.8451287656697103
0.8451322378931381
0.8451357101165661
0.8451391823399937
0.8451426545634217
0.8451461267868496
0.8451495990102774
0.8451530712337053
0.8451565434571331
0.845160015680561
0.8451634879039888
0.8451669601274168
0.8451704323508444
0.8451739045742724
0.8451773767977003
0.8451808490211281
0.845184321244556
0.8451877934679838
0.8451912656914117
0.8451947379148395
0.8451982101382673
0.8452016823616951
0.8452051545851231
0.845208626808551
0.8452120990319788
0.8452155712554067
0.8452190434788345
0.8452225157022624
0.8452259879256901
0.8452294601491183
0.8452329323725458
0.8452364045959739
0.8452398768194017
0.8452433490428296
0.8452468212662574
0.8452502934896852
0.8452537657131131
0.8452572379365408
0.845260710159969
0.8452641823833967
0.8452676546068246
0.8452711268302524
0.8452745990536803
0.8452780712771081
0.845281543500536
0.8452850157239638
0.8452884879473916
0.8452919601708194
0.8452954323942472
0.8452989046176753
0.8453023768411031
0.845305849064531
0.8453093212879588
0.8453127935113867
0.8453162657348144
0.8453197379582423
0.8453232101816703
0.845326682405098
0.845330154628526
0.8453336268519537
0.8453370990753817
0.8453405712988095
0.8453440435222374
0.8453475157456651
0.845350987969093
0.845354460192521
0.8453579324159488
0.8453614046393767
0.8453648768628045
0.8453683490862324
0.8453718213096602
0.845375293533088
0.8453787657565158
0.8453822379799437
0.8453857102033715
0.8453891824267994
0.8453926546502274
0.8453961268736552
0.8453995990970831
0.8454030713205108
0.8454065435439387
0.8454100157673665
0.8454134879907944
0.8454169602142224
0.8454204324376501
0.8454239046610781
0.8454273768845059
0.8454308491079338
0.8454343213313615
0.8454377935547894
0.8454412657782172
0.8454447380016451
0.8454482102250731
0.8454516824485009
0.8454551546719288
0.8454586268953566
0.8454620991187844
0.8454655713422122
0.8454690435656401
0.8454725157890679
0.8454759880124958
0.8454794602359236
0.8454829324593515
