0.2461806410349448
0.24618411325837264
0.2461875854818005
0.24619105770522834
0.24619452992865623
0.246198002152084
0.2462014743755119
0.24620494659893977
0.2462084188223676
0.2462118910457955
0.24621536326922333
0.2462188354926512
0.2462223077160791
0.24622577993950687
0.24622925216293476
0.2462327243863626
0.2462361966097905
0.24623966883321835
0.2462431410566462
0.24624661328007408
0.24625008550350186
0.24625355772692975
0.24625702995035761
0.24626050217378545
0.24626397439721334
0.24626744662064118
0.24627091884406904
0.24627439106749685
0.24627786329092471
0.2462813355143526
0.24628480773778044
0.2462882799612083
0.24629175218463614
0.24629522440806403
0.24629869663149187
0.2463021688549197
0.2463056410783476
0.24630911330177543
0.2463125855252033
0.2463160577486312
0.24631952997205897
0.24632300219548686
0.2463264744189147
0.24632994664234256
0.24633341886577045
0.2463368910891983
0.24634036331262615
0.24634383553605396
0.24634730775948183
0.24635077998290966
0.24635425220633755
0.24635772442976545
0.24636119665319325
0.24636466887662115
0.24636814110004893
0.24637161332347682
0.2463750855469047
0.24637855777033255
0.2463820299937604
0.24638550221718825
0.24638897444061614
0.246392446664044
0.2463959188874718
0.24639939111089967
0.2464028633343275
0.2464063355577554
0.24640980778118324
0.2464132800046111
0.24641675222803894
0.24642022445146677
0.24642369667489467
0.2464271688983225
0.24643064112175037
0.24643411334517826
0.24643758556860604
0.24644105779203393
0.24644453001546177
0.24644800223888966
0.24645147446231752
0.24645494668574536
0.24645841890917325
0.24646189113260103
0.24646536335602892
0.24646883557945679
0.24647230780288462
0.2464757800263125
0.24647925224974035
0.2464827244731682
0.24648619669659602
0.24648966892002389
0.24649314114345178
0.2464966133668796
0.2465000855903075
0.2465035578137353
0.2465070300371632
0.2465105022605911
0.24651397448401888
0.24651744670744677
0.2465209189308746
0.24652439115430247
0.24652786337773036
0.2465313356011582
0.24653480782458603
0.24653828004801387
0.24654175227144173
0.24654522449486962
0.24654869671829746
0.24655216894172532
0.24655564116515316
0.246559113388581
0.24656258561200883
0.24656605783543672
0.24656953005886462
0.24657300228229243
0.24657647450572032
0.2465799467291481
0.246583418952576
0.24658689117600388
0.24659036339943172
0.24659383562285958
0.24659730784628742
0.2466007800697153
0.24660425229314317
0.24660772451657098
0.24661119673999884
0.24661466896342668
0.24661814118685457
0.2466216134102824
0.24662508563371027
0.24662855785713816
0.24663203008056594
0.24663550230399384
0.24663897452742167
0.24664244675084956
0.24664591897427743
0.24664939119770526
0.24665286342113316
0.24665633564456094
0.24665980786798883
0.2466632800914167
0.24666675231484453
0.24667022453827242
0.24667369676170026
0.2466771689851281
0.24668064120855596
0.2466841134319838
0.24668758565541168
0.24669105787883952
0.24669453010226738
0.24669800232569522
0.24670147454912306
0.24670494677255095
0.24670841899597878
0.24671189121940668
0.24671536344283448
0.24671883566626238
0.24672230788969027
0.24672578011311805
0.24672925233654594
0.24673272455997378
0.24673619678340164
0.24673966900682953
0.24674314123025737
0.24674661345368523
0.24675008567711304
0.2467535579005409
0.2467570301239688
0.24676050234739663
0.2467639745708245
0.24676744679425233
0.24677091901768022
0.246774391241108
0.2467778634645359
0.2467813356879638
0.24678480791139162
0.2467882801348195
0.24679175235824732
0.24679522458167522
0.24679869680510305
0.2468021690285309
0.24680564125195875
0.2468091134753866
0.24681258569881448
0.24681605792224234
0.24681953014567015
0.24682300236909802
0.24682647459252585
0.24682994681595374
0.24683341903938158
0.24683689126280944
0.24684036348623734
0.24684383570966512
0.246847307933093
0.24685078015652084
0.24685425237994874
0.2468577246033766
0.24686119682680444
0.24686466905023233
0.2468681412736601
0.246871613497088
