0.7663197105276772
0.7663231827511051
0.766326654974533
0.7663301271979608
0.7663335994213888
0.7663370716448166
0.7663405438682444
0.7663440160916722
0.7663474883151
0.766350960538528
0.7663544327619557
0.7663579049853837
0.7663613772088115
0.7663648494322395
0.7663683216556673
0.7663717938790952
0.7663752661025229
0.7663787383259508
0.7663822105493786
0.7663856827728064
0.7663891549962344
0.7663926272196623
0.7663960994430902
0.766399571666518
0.7664030438899458
0.7664065161133736
0.7664099883368015
0.7664134605602293
0.7664169327836572
0.7664204050070851
0.766423877230513
0.7664273494539409
0.7664308216773686
0.7664342939007965
0.7664377661242243
0.7664412383476522
0.7664447105710801
0.7664481827945079
0.7664516550179358
0.7664551272413636
0.7664585994647916
0.7664620716882193
0.7664655439116472
0.766469016135075
0.7664724883585029
0.7664759605819307
0.7664794328053586
0.7664829050287865
0.7664863772522144
0.7664898494756422
0.76649332169907
0.7664967939224979
0.7665002661459257
0.7665037383693536
0.7665072105927814
0.7665106828162094
0.7665141550396372
0.766517627263065
0.7665210994864929
0.7665245717099207
0.7665280439333486
0.7665315161567764
0.7665349883802043
0.7665384606036321
0.7665419328270601
0.7665454050504878
0.7665488772739157
0.7665523494973436
0.7665558217207714
0.7665592939441993
0.7665627661676271
0.766566238391055
0.7665697106144828
0.7665731828379106
0.7665766550613385
0.7665801272847664
0.7665835995081943
0.7665870717316221
0.76659054395505
0.7665940161784778
0.7665974884019057
0.7666009606253334
0.7666044328487615
0.7666079050721892
0.7666113772956172
0.7666148495190449
0.7666183217424729
0.7666217939659007
0.7666252661893285
0.7666287384127564
0.7666322106361841
0.7666356828596121
0.76663915508304
0.7666426273064678
0.7666460995298957
0.7666495717533236
0.7666530439767514
0.7666565162001793
0.766659988423607
0.7666634606470349
0.7666669328704627
0.7666704050938906
0.7666738773173185
0.7666773495407464
0.7666808217641743
0.7666842939876021
0.76668776621103
0.7666912384344577
0.7666947106578856
0.7666981828813135
0.7667016551047413
0.7667051273281693
0.766708599551597
0.766712071775025
0.7667155439984528
0.7667190162218807
0.7667224884453084
0.7667259606687363
0.7667294328921642
0.7667329051155921
0.7667363773390199
0.7667398495624478
0.7667433217858757
0.7667467940093035
0.7667502662327313
0.7667537384561591
0.7667572106795871
0.7667606829030148
0.7667641551264427
0.7667676273498706
0.7667710995732985
0.7667745717967264
0.7667780440201541
0.766781516243582
0.7667849884670098
0.7667884606904377
0.7667919329138656
0.7667954051372935
0.7667988773607214
0.7668023495841492
0.7668058218075771
0.7668092940310048
0.7668127662544327
0.7668162384778605
0.7668197107012884
0.7668231829247163
0.7668266551481442
0.766830127371572
0.7668335995949999
0.7668370718184278
0.7668405440418555
0.7668440162652834
0.7668474884887112
0.7668509607121392
0.7668544329355669
0.7668579051589949
0.7668613773824227
0.7668648496058506
0.7668683218292784
0.7668717940527062
0.7668752662761341
0.7668787384995619
0.7668822107229898
0.7668856829464176
0.7668891551698456
0.7668926273932735
0.7668960996167014
0.7668995718401291
0.766903044063557
0.7669065162869848
0.7669099885104126
0.7669134607338405
0.7669169329572684
0.7669204051806963
0.7669238774041242
0.766927349627552
0.7669308218509798
0.7669342940744077
0.7669377662978355
0.7669412385212634
0.7669447107446913
0.7669481829681191
0.766951655191547
0.7669551274149747
0.7669585996384027
0.7669620718618305
0.7669655440852584
0.7669690163086862
0.7669724885321141
0.7669759607555419
0.7669794329789698
0.7669829052023976
0.7669863774258255
0.7669898496492534
0.7669933218726812
0.7669967940961091
0.7670002663195369
0.7670037385429648
0.7670072107663926
0.7670106829898204
