0.17326394904998232
0.1732674212734101
0.173270893496838
0.17327436572026586
0.1732778379436937
0.1732813101671216
0.17328478239054942
0.1732882546139773
0.17329172683740518
0.17329519906083296
0.17329867128426085
0.1733021435076887
0.17330561573111655
0.1733090879545444
0.17331256017797228
0.17331603240140017
0.17331950462482795
0.17332297684825584
0.17332644907168365
0.17332992129511154
0.17333339351853944
0.17333686574196727
0.1733403379653951
0.17334381018882294
0.1733472824122508
0.1733507546356787
0.17335422685910654
0.1733576990825344
0.1733611713059622
0.17336464352939007
0.17336811575281796
0.1733715879762458
0.17337506019967366
0.1733785324231015
0.1733820046465294
0.17338547686995717
0.17338894909338506
0.17339242131681296
0.17339589354024076
0.17339936576366866
0.1734028379870965
0.17340631021052438
0.17340978243395225
0.17341325465738006
0.17341672688080792
0.17342019910423576
0.17342367132766365
0.1734271435510915
0.17343061577451935
0.17343408799794724
0.17343756022137502
0.1734410324448029
0.17344450466823075
0.1734479768916586
0.1734514491150865
0.17345492133851434
0.17345839356194218
0.17346186578537
0.1734653380087979
0.17346881023222577
0.1734722824556536
0.1734757546790815
0.17347922690250933
0.17348269912593717
0.17348617134936503
0.17348964357279287
0.17349311579622076
0.1734965880196486
0.17350006024307646
0.17350353246650435
0.17350700468993213
0.17351047691336002
0.17351394913678786
0.17351742136021572
0.17352089358364356
0.17352436580707145
0.17352783803049934
0.17353131025392712
0.17353478247735502
0.17353825470078282
0.17354172692421072
0.1735451991476386
0.17354867137106644
0.1735521435944943
0.17355561581792212
0.17355908804134998
0.17356256026477787
0.1735660324882057
0.17356950471163357
0.1735729769350614
0.1735764491584893
0.17357992138191713
0.17358339360534497
0.17358686582877283
0.17359033805220067
0.17359381027562856
0.1735972824990564
0.17360075472248424
0.17360422694591213
0.17360769916933996
0.17361117139276783
0.17361464361619566
0.17361811583962355
0.17362158806305142
0.17362506028647923
0.1736285325099071
0.17363200473333493
0.17363547695676282
0.17363894918019068
0.17364242140361852
0.1736458936270464
0.1736493658504742
0.17365283807390208
0.17365631029732997
0.17365978252075778
0.17366325474418567
0.1736667269676135
0.1736701991910414
0.17367367141446918
0.17367714363789707
0.17368061586132494
0.17368408808475277
0.17368756030818067
0.1736910325316085
0.17369450475503637
0.1736979769784642
0.17370144920189204
0.17370492142531993
0.17370839364874777
0.17371186587217563
0.17371533809560352
0.17371881031903136
0.1737222825424592
0.17372575476588703
0.1737292269893149
0.17373269921274273
0.17373617143617062
0.1737396436595985
0.1737431158830263
0.1737465881064542
0.17375006032988202
0.1737535325533099
0.17375700477673778
0.17376047700016561
0.17376394922359348
0.1737674214470213
0.17377089367044915
0.17377436589387704
0.17377783811730488
0.17378131034073274
0.17378478256416058
0.17378825478758847
0.17379172701101636
0.17379519923444414
0.17379867145787203
0.17380214368129984
0.17380561590472773
0.17380908812815557
0.17381256035158346
0.17381603257501133
0.17381950479843913
0.173822977021867
0.17382644924529483
0.17382992146872273
0.1738333936921506
0.17383686591557843
0.17384033813900626
0.1738438103624341
0.173847282585862
0.17385075480928985
0.1738542270327177
0.17385769925614558
0.17386117147957336
0.17386464370300125
0.17386811592642915
0.17387158814985695
0.17387506037328485
0.17387853259671268
0.17388200482014057
0.17388547704356835
0.17388894926699625
0.1738924214904241
0.17389589371385195
0.17389936593727984
0.17390283816070767
0.17390631038413554
0.17390978260756343
0.1739132548309912
0.1739167270544191
0.17392019927784694
0.1739236715012748
0.1739271437247027
0.17393061594813053
0.17393408817155842
0.1739375603949862
0.1739410326184141
0.1739445048418419
0.1739479770652698
0.17395144928869768
0.17395492151212552
