0.14479171694156837
0.14479518916499626
0.1447986613884241
0.14480213361185196
0.14480560583527974
0.14480907805870763
0.14481255028213552
0.14481602250556336
0.14481949472899122
0.14482296695241906
0.14482643917584695
0.14482991139927473
0.14483338362270262
0.14483685584613049
0.14484032806955832
0.1448438002929862
0.14484727251641405
0.1448507447398419
0.14485421696326975
0.14485768918669759
0.14486116141012548
0.1448646336335533
0.1448681058569812
0.14487157808040907
0.14487505030383685
0.14487852252726474
0.14488199475069258
0.14488546697412047
0.1448889391975483
0.14489241142097617
0.14489588364440406
0.14489935586783184
0.14490282809125973
0.14490630031468757
0.14490977253811543
0.14491324476154333
0.14491671698497116
0.14492018920839903
0.14492366143182683
0.1449271336552547
0.1449306058786826
0.14493407810211043
0.14493755032553832
0.14494102254896615
0.14494449477239402
0.1449479669958219
0.1449514392192497
0.14495491144267758
0.14495838366610542
0.14496185588953328
0.14496532811296112
0.144968800336389
0.14497227255981684
0.14497574478324468
0.14497921700667254
0.14498268923010038
0.14498616145352827
0.14498963367695614
0.14499310590038397
0.1449965781238118
0.14500005034723965
0.14500352257066754
0.14500699479409543
0.14501046701752326
0.14501393924095113
0.1450174114643789
0.1450208836878068
0.1450243559112347
0.14502782813466253
0.1450313003580904
0.14503477258151823
0.14503824480494612
0.1450417170283739
0.1450451892518018
0.14504866147522966
0.1450521336986575
0.14505560592208538
0.14505907814551322
0.14506255036894108
0.14506602259236898
0.14506949481579676
0.14507296703922465
0.14507643926265248
0.14507991148608038
0.14508338370950824
0.14508685593293608
0.14509032815636397
0.14509380037979175
0.14509727260321964
0.14510074482664748
0.14510421705007534
0.14510768927350323
0.14511116149693107
0.1451146337203589
0.14511810594378674
0.1451215781672146
0.1451250503906425
0.14512852261407033
0.1451319948374982
0.14513546706092603
0.14513893928435387
0.14514241150778176
0.1451458837312096
0.1451493559546375
0.14515282817806532
0.1451563004014932
0.14515977262492108
0.14516324484834886
0.14516671707177675
0.1451701892952046
0.14517366151863245
0.1451771337420603
0.14518060596548818
0.14518407818891604
0.14518755041234385
0.14519102263577172
0.14519449485919955
0.14519796708262744
0.14520143930605534
0.14520491152948314
0.14520838375291104
0.14521185597633882
0.1452153281997667
0.1452188004231946
0.14522227264662244
0.1452257448700503
0.14522921709347814
0.14523268931690603
0.14523616154033386
0.1452396337637617
0.14524310598718956
0.1452465782106174
0.1452500504340453
0.14525352265747313
0.14525699488090096
0.14526046710432883
0.14526393932775666
0.14526741155118456
0.1452708837746124
0.14527435599804026
0.14527782822146815
0.14528130044489593
0.14528477266832382
0.14528824489175166
0.14529171711517955
0.1452951893386074
0.14529866156203525
0.14530213378546314
0.14530560600889092
0.1453090782323188
0.14531255045574665
0.1453160226791745
0.1453194949026024
0.14532296712603024
0.1453264393494581
0.1453299115728859
0.14533338379631378
0.14533685601974167
0.1453403282431695
0.1453438004665974
0.1453472726900252
0.1453507449134531
0.14535421713688093
0.14535768936030877
0.14536116158373666
0.1453646338071645
0.14536810603059236
0.14537157825402025
0.14537505047744803
0.14537852270087592
0.14538199492430376
0.14538546714773162
0.14538893937115946
0.14539241159458735
0.14539588381801521
0.14539935604144302
0.1454028282648709
0.14540630048829872
0.14540977271172661
0.1454132449351545
0.14541671715858231
0.1454201893820102
0.145423661605438
0.14542713382886588
0.14543060605229377
0.1454340782757216
0.14543755049914947
0.1454410227225773
0.1454444949460052
0.14544796716943306
0.14545143939286087
0.14545491161628873
0.14545838383971657
0.14546185606314446
0.1454653282865723
0.14546880051000016
0.14547227273342805
0.14547574495685583
0.14547921718028373
0.14548268940371156
