0.8753475261623355
0.8753509983857632
0.8753544706091912
0.8753579428326189
0.8753614150560469
0.8753648872794748
0.8753683595029026
0.8753718317263305
0.8753753039497583
0.8753787761731862
0.8753822483966139
0.8753857206200419
0.8753891928434696
0.8753926650668976
0.8753961372903255
0.8753996095137533
0.8754030817371812
0.875406553960609
0.8754100261840368
0.8754134984074646
0.8754169706308926
0.8754204428543203
0.8754239150777483
0.8754273873011762
0.875430859524604
0.8754343317480319
0.8754378039714596
0.8754412761948875
0.8754447484183153
0.8754482206417432
0.875451692865171
0.8754551650885991
0.8754586373120269
0.8754621095354547
0.8754655817588826
0.8754690539823103
0.8754725262057382
0.875475998429166
0.8754794706525941
0.8754829428760217
0.8754864150994498
0.8754898873228776
0.8754933595463055
0.8754968317697333
0.8755003039931611
0.8755037762165889
0.8755072484400167
0.8755107206634448
0.8755141928868726
0.8755176651103005
0.8755211373337283
0.8755246095571562
0.8755280817805839
0.8755315540040118
0.8755350262274396
0.8755384984508675
0.8755419706742953
0.8755454428977232
0.8755489151211512
0.875552387344579
0.8755558595680069
0.8755593317914346
0.8755628040148625
0.8755662762382903
0.8755697484617182
0.8755732206851462
0.8755766929085739
0.8755801651320019
0.8755836373554295
0.8755871095788575
0.8755905818022853
0.8755940540257132
0.875597526249141
0.8756009984725689
0.8756044706959969
0.8756079429194247
0.8756114151428526
0.8756148873662803
0.8756183595897082
0.875621831813136
0.8756253040365639
0.8756287762599917
0.8756322484834196
0.8756357207068474
0.8756391929302753
0.8756426651537033
0.875646137377131
0.8756496096005589
0.8756530818239867
0.8756565540474146
0.8756600262708424
0.8756634984942703
0.8756669707176983
0.875670442941126
0.875673915164554
0.8756773873879817
0.8756808596114096
0.8756843318348374
0.8756878040582653
0.8756912762816931
0.875694748505121
0.875698220728549
0.8757016929519768
0.8757051651754046
0.8757086373988324
0.8757121096222603
0.8757155818456881
0.875719054069116
0.8757225262925438
0.8757259985159717
0.8757294707393994
0.8757329429628273
0.8757364151862553
0.8757398874096832
0.875743359633111
0.8757468318565388
0.8757503040799667
0.8757537763033945
0.8757572485268224
0.8757607207502504
0.875764192973678
0.875767665197106
0.8757711374205339
0.8757746096439617
0.8757780818673896
0.8757815540908174
0.8757850263142453
0.875788498537673
0.875791970761101
0.8757954429845287
0.8757989152079567
0.8758023874313846
0.8758058596548124
0.8758093318782403
0.8758128041016681
0.875816276325096
0.8758197485485237
0.8758232207719516
0.8758266929953794
0.8758301652188074
0.8758336374422353
0.8758371096656631
0.875840581889091
0.8758440541125188
0.8758475263359466
0.8758509985593744
0.8758544707828024
0.8758579430062301
0.8758614152296581
0.875864887453086
0.8758683596765138
0.8758718318999417
0.8758753041233694
0.8758787763467973
0.8758822485702251
0.8758857207936531
0.8758891930170808
0.8758926652405088
0.8758961374639367
0.8758996096873645
0.8759030819107924
0.8759065541342201
0.875910026357648
0.8759134985810758
0.8759169708045038
0.8759204430279315
0.8759239152513595
0.8759273874747874
0.8759308596982152
0.875934331921643
0.8759378041450708
0.8759412763684987
0.8759447485919265
0.8759482208153544
0.8759516930387822
0.8759551652622102
0.8759586374856381
0.8759621097090659
0.8759655819324937
0.8759690541559215
0.8759725263793494
0.8759759986027772
0.8759794708262053
0.8759829430496329
0.8759864152730609
0.8759898874964888
0.8759933597199165
0.8759968319433444
0.8760003041667722
0.8760037763902001
0.8760072486136279
0.876010720837056
0.8760141930604838
0.8760176652839117
0.8760211375073395
0.8760246097307673
0.8760280819541951
0.8760315541776229
0.8760350264010508
0.8760384986244786
