0.7975697213783755
0.7975731936018033
0.7975766658252312
0.797580138048659
0.7975836102720869
0.7975870824955148
0.7975905547189426
0.7975940269423705
0.7975974991657983
0.7976009713892263
0.7976044436126539
0.7976079158360819
0.7976113880595097
0.7976148602829376
0.7976183325063655
0.7976218047297933
0.7976252769532212
0.7976287491766489
0.7976322214000768
0.7976356936235047
0.7976391658469326
0.7976426380703605
0.7976461102937883
0.7976495825172162
0.797653054740644
0.7976565269640719
0.7976599991874996
0.7976634714109275
0.7976669436343554
0.7976704158577833
0.7976738880812112
0.7976773603046391
0.7976808325280669
0.7976843047514947
0.7976877769749225
0.7976912491983503
0.7976947214217783
0.797698193645206
0.797701665868634
0.7977051380920618
0.7977086103154898
0.7977120825389176
0.7977155547623455
0.7977190269857732
0.7977224992092011
0.7977259714326289
0.7977294436560567
0.7977329158794847
0.7977363881029126
0.7977398603263405
0.7977433325497683
0.7977468047731961
0.7977502769966239
0.7977537492200518
0.7977572214434796
0.7977606936669075
0.7977641658903354
0.7977676381137633
0.7977711103371912
0.797774582560619
0.7977780547840468
0.7977815270074746
0.7977849992309025
0.7977884714543303
0.7977919436777582
0.7977954159011861
0.7977988881246139
0.7978023603480419
0.7978058325714696
0.7978093047948975
0.7978127770183253
0.7978162492417532
0.797819721465181
0.7978231936886089
0.7978266659120368
0.7978301381354647
0.7978336103588926
0.7978370825823203
0.7978405548057482
0.797844027029176
0.7978474992526039
0.7978509714760317
0.7978544436994597
0.7978579159228875
0.7978613881463154
0.7978648603697431
0.797868332593171
0.7978718048165989
0.7978752770400267
0.7978787492634546
0.7978822214868824
0.7978856937103104
0.7978891659337383
0.797892638157166
0.7978961103805939
0.7978995826040217
0.7979030548274496
0.7979065270508774
0.7979099992743053
0.7979134714977332
0.797916943721161
0.7979204159445888
0.7979238881680167
0.7979273603914446
0.7979308326148724
0.7979343048383003
0.7979377770617281
0.797941249285156
0.7979447215085838
0.7979481937320118
0.7979516659554395
0.7979551381788675
0.7979586104022952
0.7979620826257232
0.797965554849151
0.7979690270725788
0.7979724992960067
0.7979759715194344
0.7979794437428624
0.7979829159662903
0.7979863881897181
0.797989860413146
0.7979933326365739
0.7979968048600017
0.7980002770834296
0.7980037493068574
0.7980072215302852
0.798010693753713
0.7980141659771409
0.7980176382005688
0.7980211104239967
0.7980245826474246
0.7980280548708524
0.7980315270942803
0.798034999317708
0.7980384715411359
0.7980419437645638
0.7980454159879916
0.7980488882114196
0.7980523604348474
0.7980558326582753
0.7980593048817031
0.798062777105131
0.7980662493285587
0.7980697215519866
0.7980731937754145
0.7980766659988423
0.7980801382222702
0.7980836104456981
0.798087082669126
0.7980905548925538
0.7980940271159817
0.7980974993394094
0.7981009715628374
0.7981044437862651
0.7981079160096931
0.7981113882331209
0.7981148604565488
0.7981183326799767
0.7981218049034045
0.7981252771268323
0.7981287493502601
0.798132221573688
0.7981356937971159
0.7981391660205438
0.7981426382439717
0.7981461104673995
0.7981495826908274
0.7981530549142551
0.798156527137683
0.7981599993611108
0.7981634715845387
0.7981669438079666
0.7981704160313945
0.7981738882548224
0.7981773604782502
0.7981808327016781
0.7981843049251058
0.7981877771485337
0.7981912493719615
0.7981947215953895
0.7981981938188172
0.7982016660422452
0.798205138265673
0.7982086104891009
0.7982120827125287
0.7982155549359565
0.7982190271593844
0.7982224993828122
0.7982259716062401
0.7982294438296679
0.7982329160530959
0.7982363882765238
0.7982398604999517
0.7982433327233794
0.7982468049468073
0.7982502771702351
0.7982537493936629
0.7982572216170908
0.7982606938405187
