0.003819445770640851
0.0038229179940686858
0.0038263902174966134
0.0038298624409244483
0.0038333346643522827
0.0038368068877801175
0.0038402791112079524
0.00384375133463588
0.0038472235580637145
0.0038506957814915493
0.003854168004919477
0.0038576402283472186
0.0038611124517751463
0.003864584675202981
0.003868056898630816
0.0038715291220587436
0.003875001345486578
0.003878473568914413
0.0038819457923422477
0.003885418015770082
0.00388889023919801
0.0038923624626258447
0.0038958346860536795
0.003899306909481514
0.0039027791329094416
0.003906251356337276
0.003909723579765111
0.003913195803192946
0.00391666802662078
0.003920140250048708
0.003923612473476543
0.003927084696904378
0.003930556920332212
0.003934029143760047
0.003937501367187975
0.003940973590615809
0.003944445814043644
0.003947918037471572
0.003951390260899313
0.0039548624843272415
0.003958334707755076
0.00396180693118291
0.003965279154610838
0.003968751378038673
0.003972223601466507
0.0039756958248943425
0.003979168048322177
0.003982640271750105
0.0039861124951779394
0.003989584718605774
0.003993056942033608
0.003996529165461536
0.004000001388889371
0.004003473612317206
0.0040069458357450405
0.004010418059172875
0.004013890282600803
0.004017362506028637
0.004020834729456472
0.0040243069528844
0.0040277791763121415
0.00403125139974007
0.004034723623167904
0.0040381958465957385
0.0040416680700236665
0.004045140293451501
0.004048612516879335
0.004052084740307171
0.004055556963735005
0.004059029187162933
0.004062501410590768
0.004065973634018602
0.004069445857446436
0.004072918080874272
0.004076390304302106
0.004079862527730034
0.004083334751157869
0.004086806974585703
0.004090279198013631
0.004093751421441373
0.0040972236448693
0.004100695868297135
0.00410416809172497
0.004107640315152898
0.004111112538580732
0.004114584762008567
0.004118056985436495
0.004121529208864236
0.0041250014322921635
0.004128473655719999
0.004131945879147833
0.004135418102575761
0.004138890326003596
0.00414236254943143
0.004145834772859265
0.0041493069962871
0.004152779219714934
0.004156251443142862
0.004159723666570697
0.004163195889998531
0.004166668113426459
0.004170140336854201
0.004173612560282128
0.004177084783709963
0.004180557007137798
0.004184029230565726
0.00418750145399356
0.004190973677421395
0.00419444590084923
0.0041979181242770645
0.004201390347704992
0.004204862571132827
0.004208334794560661
0.0042118070179885895
0.004215279241416331
0.004218751464844258
0.004222223688272094
0.004225695911699928
0.0042291681351277624
0.0042326403585556905
0.004236112581983525
0.004239584805411359
0.004243057028839195
0.004246529252267029
0.004250001475694957
0.004253473699122792
0.004256945922550626
0.004260418145978554
0.004263890369406296
0.004267362592834223
0.004270834816262058
0.004274307039689893
0.004277779263117821
0.004281251486545655
0.0042847237099734896
0.004288195933401324
0.004291668156829159
0.0042951403802570865
0.004298612603684922
0.004302084827112756
0.004305557050540591
0.004309029273968519
0.004312501497396353
0.0043159737208241875
0.004319445944252023
0.004322918167679857
0.004326390391107785
0.00432986261453562
0.004333334837963454
0.004336807061391289
0.004340279284819124
0.004343751508247051
0.004347223731674886
0.004350695955102721
0.004354168178530649
0.00435764040195839
0.004361112625386318
0.004364584848814152
0.004368057072241987
0.004371529295669915
0.00437500151909775
0.004378473742525584
0.004381945965953419
0.004385418189381253
0.004388890412809181
0.004392362636237016
0.004395834859664851
0.004399307083092685
0.0044027793065206135
0.004406251529948448
0.004409723753376282
0.004413195976804117
0.004416668200231952
0.004420140423659879
0.0044236126470877145
0.004427084870515549
0.004430557093943383
0.004434029317371219
0.004437501540799146
0.00444097376422698
0.0044444459876548156
0.004447918211082743
0.004451390434510484
0.0044548626579384125
0.004458334881366247
0.004461807104794082
0.004465279328222009
0.004468751551649844
0.004472223775077679
0.0044756959985055135
0.004479168221933348
0.004482640445361276
0.0044861126687891105
0.004489584892216946
0.00449305711564478
0.004496529339072707
0.004500001562500543
0.004503473785928377
0.0045069460093562115
0.004510418232784047
