0.7177085825377023
0.7177120547611302
0.717715526984558
0.7177189992079859
0.7177224714314137
0.7177259436548414
0.7177294158782693
0.7177328881016972
0.7177363603251252
0.717739832548553
0.7177433047719809
0.7177467769954087
0.7177502492188366
0.7177537214422643
0.7177571936656922
0.7177606658891201
0.7177641381125479
0.7177676103359758
0.7177710825594037
0.7177745547828316
0.7177780270062594
0.7177814992296873
0.717784971453115
0.7177884436765429
0.7177919158999708
0.7177953881233986
0.7177988603468265
0.7178023325702544
0.7178058047936823
0.7178092770171101
0.717812749240538
0.7178162214639657
0.7178196936873936
0.7178231659108214
0.7178266381342493
0.7178301103576773
0.7178335825811051
0.717837054804533
0.7178405270279608
0.7178439992513886
0.7178474714748164
0.7178509436982443
0.7178544159216722
0.7178578881451001
0.7178613603685279
0.7178648325919558
0.7178683048153837
0.7178717770388114
0.7178752492622393
0.7178787214856671
0.717882193709095
0.7178856659325228
0.7178891381559508
0.7178926103793787
0.7178960826028065
0.7178995548262344
0.7179030270496621
0.71790649927309
0.7179099714965178
0.7179134437199457
0.7179169159433736
0.7179203881668015
0.7179238603902293
0.7179273326136572
0.717930804837085
0.7179342770605128
0.7179377492839407
0.7179412215073685
0.7179446937307964
0.7179481659542243
0.7179516381776522
0.71795511040108
0.717958582624508
0.7179620548479357
0.7179655270713635
0.7179689992947914
0.7179724715182192
0.7179759437416471
0.7179794159650749
0.7179828881885029
0.7179863604119308
0.7179898326353586
0.7179933048587864
0.7179967770822143
0.7180002493056421
0.71800372152907
0.7180071937524978
0.7180106659759257
0.7180141381993536
0.7180176104227813
0.7180210826462093
0.7180245548696371
0.718028027093065
0.7180314993164928
0.7180349715399207
0.7180384437633485
0.7180419159867764
0.7180453882102042
0.718048860433632
0.71805233265706
0.7180558048804878
0.7180592771039157
0.7180627493273435
0.7180662215507714
0.7180696937741992
0.718073165997627
0.7180766382210549
0.7180801104444828
0.7180835826679107
0.7180870548913385
0.7180905271147664
0.7180939993381942
0.7180974715616221
0.7181009437850499
0.7181044160084777
0.7181078882319056
0.7181113604553334
0.7181148326787614
0.7181183049021892
0.7181217771256171
0.7181252493490449
0.7181287215724728
0.7181321937959005
0.7181356660193284
0.7181391382427563
0.7181426104661842
0.7181460826896121
0.7181495549130399
0.7181530271364678
0.7181564993598956
0.7181599715833235
0.7181634438067512
0.7181669160301792
0.718170388253607
0.7181738604770349
0.7181773327004628
0.7181808049238906
0.7181842771473185
0.7181877493707463
0.7181912215941741
0.7181946938176019
0.7181981660410299
0.7182016382644577
0.7182051104878856
0.7182085827113135
0.7182120549347413
0.7182155271581692
0.718218999381597
0.7182224716050248
0.7182259438284526
0.7182294160518805
0.7182328882753084
0.7182363604987364
0.7182398327221642
0.7182433049455921
0.7182467771690199
0.7182502493924476
0.7182537216158755
0.7182571938393033
0.7182606660627313
0.7182641382861591
0.718267610509587
0.7182710827330149
0.7182745549564428
0.7182780271798705
0.7182814994032984
0.7182849716267262
0.7182884438501541
0.718291916073582
0.7182953882970098
0.7182988605204377
0.7183023327438656
0.7183058049672935
0.7183092771907212
0.7183127494141491
0.7183162216375769
0.7183196938610048
0.7183231660844326
0.7183266383078605
0.7183301105312885
0.7183335827547163
0.7183370549781442
0.7183405272015719
0.7183439994249998
0.7183474716484276
0.7183509438718555
0.7183544160952834
0.7183578883187112
0.7183613605421391
0.718364832765567
0.7183683049889948
0.7183717772124226
0.7183752494358505
0.7183787216592783
0.7183821938827062
0.718385666106134
0.7183891383295619
0.7183926105529899
0.7183960827764176
0.7183995549998455
