0.6746530120322959
0.6746564842557237
0.6746599564791516
0.6746634287025793
0.6746669009260072
0.6746703731494351
0.6746738453728629
0.6746773175962909
0.6746807898197187
0.6746842620431466
0.6746877342665744
0.6746912064900022
0.67469467871343
0.674698150936858
0.6747016231602858
0.6747050953837137
0.6747085676071416
0.6747120398305694
0.6747155120539973
0.674718984277425
0.6747224565008529
0.6747259287242807
0.6747294009477087
0.6747328731711365
0.6747363453945644
0.6747398176179922
0.6747432898414201
0.674746762064848
0.6747502342882757
0.6747537065117036
0.6747571787351314
0.6747606509585594
0.6747641231819872
0.6747675954054151
0.674771067628843
0.6747745398522708
0.6747780120756987
0.6747814842991264
0.6747849565225543
0.6747884287459822
0.6747919009694101
0.6747953731928379
0.6747988454162658
0.6748023176396936
0.6748057898631215
0.6748092620865493
0.6748127343099771
0.674816206533405
0.6748196787568328
0.6748231509802607
0.6748266232036886
0.6748300954271165
0.6748335676505444
0.6748370398739723
0.6748405120974
0.6748439843208279
0.6748474565442557
0.6748509287676836
0.6748544009911115
0.6748578732145393
0.6748613454379672
0.6748648176613951
0.674868289884823
0.6748717621082507
0.6748752343316786
0.6748787065551064
0.6748821787785343
0.6748856510019622
0.67488912322539
0.6748925954488179
0.6748960676722456
0.6748995398956736
0.6749030121191014
0.6749064843425293
0.6749099565659571
0.674913428789385
0.6749169010128129
0.6749203732362407
0.6749238454596685
0.6749273176830964
0.6749307899065243
0.6749342621299521
0.67493773435338
0.6749412065768078
0.6749446788002357
0.6749481510236636
0.6749516232470913
0.6749550954705192
0.6749585676939471
0.674962039917375
0.6749655121408028
0.6749689843642307
0.6749724565876585
0.6749759288110864
0.6749794010345143
0.6749828732579422
0.6749863454813699
0.6749898177047978
0.6749932899282257
0.6749967621516535
0.6750002343750814
0.6750037065985092
0.6750071788219371
0.675010651045365
0.6750141232687928
0.6750175954922206
0.6750210677156485
0.6750245399390764
0.6750280121625042
0.6750314843859321
0.6750349566093599
0.6750384288327879
0.6750419010562156
0.6750453732796435
0.6750488455030713
0.6750523177264992
0.6750557899499271
0.6750592621733549
0.6750627343967828
0.6750662066202106
0.6750696788436384
0.6750731510670662
0.6750766232904942
0.675080095513922
0.67508356773735
0.6750870399607778
0.6750905121842056
0.6750939844076335
0.6750974566310612
0.6751009288544891
0.675104401077917
0.6751078733013449
0.6751113455247727
0.6751148177482007
0.6751182899716285
0.6751217621950564
0.6751252344184842
0.675128706641912
0.6751321788653399
0.6751356510887677
0.6751391233121956
0.6751425955356234
0.6751460677590513
0.6751495399824792
0.6751530122059071
0.6751564844293348
0.6751599566527627
0.6751634288761905
0.6751669010996184
0.6751703733230463
0.6751738455464741
0.6751773177699021
0.6751807899933299
0.6751842622167578
0.6751877344401855
0.6751912066636134
0.6751946788870412
0.6751981511104691
0.675201623333897
0.6752050955573248
0.6752085677807528
0.6752120400041806
0.6752155122276084
0.6752189844510362
0.6752224566744641
0.6752259288978919
0.6752294011213199
0.6752328733447477
0.6752363455681755
0.6752398177916035
0.6752432900150313
0.6752467622384591
0.6752502344618869
0.6752537066853148
0.6752571789087426
0.6752606511321706
0.6752641233555984
0.6752675955790263
0.6752710678024542
0.6752745400258819
0.6752780122493098
0.6752814844727376
0.6752849566961655
0.6752884289195934
0.6752919011430213
0.6752953733664491
0.675298845589877
0.6753023178133047
0.6753057900367326
0.6753092622601605
0.6753127344835883
0.6753162067070162
0.675319678930444
0.6753231511538719
0.6753266233772998
0.6753300956007277
0.6753335678241555
0.6753370400475833
0.6753405122710112
0.675343984494439
