0.12812504448786266
0.1281285167112905
0.12813198893471833
0.12813546115814622
0.12813893338157406
0.12814240560500192
0.12814587782842976
0.12814935005185765
0.12815282227528554
0.12815629449871332
0.1281597667221412
0.12816323894556902
0.12816671116899692
0.1281701833924248
0.12817365561585264
0.1281771278392805
0.1281806000627083
0.12818407228613618
0.12818754450956407
0.1281910167329919
0.12819448895641977
0.1281979611798476
0.1282014334032755
0.12820490562670328
0.12820837785013117
0.12821185007355904
0.12821532229698687
0.12821879452041476
0.1282222667438426
0.12822573896727046
0.1282292111906983
0.12823268341412614
0.12823615563755403
0.12823962786098186
0.12824310008440976
0.12824657230783762
0.1282500445312654
0.1282535167546933
0.12825698897812113
0.12826046120154902
0.12826393342497686
0.12826740564840472
0.1282708778718326
0.1282743500952604
0.12827782231868828
0.12828129454211612
0.12828476676554398
0.12828823898897188
0.1282917112123997
0.1282951834358276
0.12829865565925538
0.12830212788268325
0.12830560010611114
0.12830907232953898
0.12831254455296687
0.1283160167763947
0.12831948899982257
0.12832296122325046
0.12832643344667824
0.12832990567010613
0.12833337789353397
0.12833685011696183
0.12834032234038967
0.12834379456381756
0.1283472667872454
0.12835073901067323
0.1283542112341011
0.12835768345752893
0.12836115568095682
0.12836462790438471
0.1283681001278125
0.12837157235124036
0.1283750445746682
0.1283785167980961
0.12838198902152398
0.12838546124495182
0.12838893346837968
0.12839240569180746
0.12839587791523535
0.12839935013866324
0.12840282236209108
0.12840629458551894
0.12840976680894678
0.12841323903237467
0.12841671125580245
0.12842018347923034
0.1284236557026582
0.12842712792608604
0.12843060014951393
0.12843407237294177
0.12843754459636966
0.12844101681979753
0.1284444890432253
0.1284479612666532
0.12845143349008104
0.12845490571350893
0.1284583779369368
0.12846185016036463
0.12846532238379252
0.1284687946072203
0.1284722668306482
0.12847573905407603
0.1284792112775039
0.12848268350093178
0.12848615572435962
0.12848962794778745
0.1284931001712153
0.12849657239464315
0.12850004461807105
0.12850351684149888
0.12850698906492677
0.12851046128835455
0.12851393351178242
0.1285174057352103
0.12852087795863815
0.12852435018206604
0.12852782240549387
0.12853129462892174
0.12853476685234963
0.1285382390757774
0.1285417112992053
0.12854518352263314
0.128548655746061
0.12855212796948884
0.12855560019291673
0.1285590724163446
0.1285625446397724
0.12856601686320027
0.1285694890866281
0.128572961310056
0.12857643353348389
0.1285799057569117
0.12858337798033959
0.12858685020376737
0.12859032242719526
0.12859379465062315
0.12859726687405099
0.12860073909747885
0.1286042113209067
0.12860768354433452
0.12861115576776241
0.12861462799119025
0.12861810021461811
0.12862157243804595
0.12862504466147384
0.12862851688490168
0.12863198910832951
0.12863546133175738
0.12863893355518521
0.1286424057786131
0.12864587800204094
0.12864935022546883
0.1286528224488967
0.12865629467232448
0.12865976689575237
0.1286632391191802
0.1286667113426081
0.12867018356603596
0.1286736557894638
0.1286771280128917
0.12868060023631947
0.12868407245974736
0.1286875446831752
0.12869101690660306
0.12869448913003095
0.1286979613534588
0.12870143357688665
0.12870490580031446
0.12870837802374233
0.12871185024717022
0.12871532247059805
0.12871879469402595
0.12872226691745375
0.12872573914088165
0.12872921136430948
0.12873268358773732
0.1287361558111652
0.12873962803459305
0.1287431002580209
0.1287465724814488
0.12875004470487658
0.12875351692830447
0.1287569891517323
0.12876046137516017
0.128763933598588
0.1287674058220159
0.12877087804544377
0.12877435026887157
0.12877782249229944
0.12878129471572727
0.12878476693915517
0.12878823916258306
0.1287917113860109
0.12879518360943876
0.12879865583286654
0.12880212805629443
0.12880560027972232
0.12880907250315016
0.12881254472657802
0.12881601695000586
