0.6024307647329045
0.6024342369563322
0.6024377091797601
0.6024411814031879
0.6024446536266158
0.6024481258500437
0.6024515980734716
0.6024550702968994
0.6024585425203273
0.6024620147437552
0.6024654869671829
0.6024689591906108
0.6024724314140386
0.6024759036374665
0.6024793758608944
0.6024828480843223
0.6024863203077501
0.602489792531178
0.6024932647546059
0.6024967369780336
0.6025002092014615
0.6025036814248893
0.6025071536483173
0.6025106258717451
0.602514098095173
0.6025175703186008
0.6025210425420287
0.6025245147654565
0.6025279869888844
0.6025314592123122
0.60253493143574
0.6025384036591679
0.6025418758825958
0.6025453481060237
0.6025488203294515
0.6025522925528793
0.6025557647763072
0.6025592369997351
0.6025627092231629
0.6025661814465908
0.6025696536700186
0.6025731258934465
0.6025765981168744
0.6025800703403021
0.60258354256373
0.6025870147871579
0.6025904870105858
0.6025939592340136
0.6025974314574415
0.6026009036808693
0.6026043759042972
0.602607848127725
0.6026113203511528
0.6026147925745807
0.6026182647980086
0.6026217370214365
0.6026252092448643
0.6026286814682922
0.6026321536917201
0.6026356259151479
0.6026390981385757
0.6026425703620035
0.6026460425854314
0.6026495148088593
0.6026529870322872
0.602656459255715
0.6026599314791429
0.6026634037025707
0.6026668759259987
0.6026703481494264
0.6026738203728542
0.6026772925962821
0.60268076481971
0.6026842370431379
0.6026877092665657
0.6026911814899936
0.6026946537134213
0.6026981259368493
0.6027015981602771
0.602705070383705
0.6027085426071328
0.6027120148305607
0.6027154870539886
0.6027189592774164
0.6027224315008443
0.602725903724272
0.6027293759477
0.6027328481711278
0.6027363203945557
0.6027397926179835
0.6027432648414114
0.6027467370648393
0.6027502092882671
0.602753681511695
0.6027571537351228
0.6027606259585507
0.6027640981819785
0.6027675704054064
0.6027710426288342
0.6027745148522621
0.60277798707569
0.6027814592991178
0.6027849315225456
0.6027884037459734
0.6027918759694014
0.6027953481928292
0.6027988204162571
0.6028022926396849
0.6028057648631129
0.6028092370865407
0.6028127093099686
0.6028161815333963
0.6028196537568241
0.6028231259802521
0.6028265982036799
0.6028300704271078
0.6028335426505356
0.6028370148739636
0.6028404870973914
0.6028439593208192
0.602847431544247
0.6028509037676749
0.6028543759911028
0.6028578482145306
0.6028613204379585
0.6028647926613863
0.6028682648848143
0.602871737108242
0.6028752093316699
0.6028786815550977
0.6028821537785256
0.6028856260019535
0.6028890982253813
0.6028925704488092
0.602896042672237
0.602899514895665
0.6029029871190927
0.6029064593425206
0.6029099315659484
0.6029134037893763
0.6029168760128042
0.602920348236232
0.6029238204596599
0.6029272926830876
0.6029307649065156
0.6029342371299434
0.6029377093533713
0.6029411815767991
0.602944653800227
0.6029481260236549
0.6029515982470828
0.6029550704705106
0.6029585426939383
0.6029620149173663
0.6029654871407941
0.602968959364222
0.6029724315876498
0.6029759038110777
0.6029793760345056
0.6029828482579335
0.6029863204813612
0.6029897927047891
0.602993264928217
0.6029967371516448
0.6030002093750727
0.6030036815985005
0.6030071538219284
0.6030106260453563
0.6030140982687842
0.6030175704922119
0.6030210427156398
0.6030245149390677
0.6030279871624955
0.6030314593859234
0.6030349316093512
0.6030384038327791
0.603041876056207
0.6030453482796349
0.6030488205030626
0.6030522927264905
0.6030557649499184
0.6030592371733462
0.6030627093967741
0.6030661816202019
0.6030696538436298
0.6030731260670577
0.6030765982904855
0.6030800705139133
0.6030835427373412
0.6030870149607691
0.603090487184197
0.6030939594076248
0.6030974316310527
0.6031009038544805
0.6031043760779083
0.6031078483013362
0.603111320524764
0.6031147927481919
0.6031182649716198
0.6031217371950477
