0.5559029707996427
0.5559064430230705
0.5559099152464984
0.5559133874699261
0.555916859693354
0.5559203319167819
0.5559238041402097
0.5559272763636376
0.5559307485870655
0.5559342208104934
0.5559376930339212
0.555941165257349
0.5559446374807768
0.5559481097042048
0.5559515819276326
0.5559550541510605
0.5559585263744883
0.5559619985979162
0.5559654708213441
0.5559689430447718
0.5559724152681997
0.5559758874916275
0.5559793597150555
0.5559828319384833
0.5559863041619112
0.555989776385339
0.5559932486087669
0.5559967208321948
0.5560001930556225
0.5560036652790504
0.5560071375024782
0.5560106097259062
0.556014081949334
0.5560175541727619
0.5560210263961897
0.5560244986196176
0.5560279708430454
0.5560314430664732
0.5560349152899011
0.5560383875133289
0.5560418597367569
0.5560453319601847
0.5560488041836126
0.5560522764070404
0.5560557486304682
0.5560592208538961
0.5560626930773239
0.5560661653007518
0.5560696375241796
0.5560731097476076
0.5560765819710354
0.5560800541944633
0.556083526417891
0.556086998641319
0.5560904708647468
0.5560939430881747
0.5560974153116025
0.5561008875350303
0.5561043597584583
0.5561078319818861
0.556111304205314
0.5561147764287417
0.5561182486521697
0.5561217208755975
0.5561251930990254
0.5561286653224532
0.5561321375458811
0.556135609769309
0.5561390819927368
0.5561425542161647
0.5561460264395924
0.5561494986630204
0.5561529708864482
0.5561564431098761
0.5561599153333039
0.5561633875567318
0.5561668597801597
0.5561703320035875
0.5561738042270153
0.5561772764504431
0.5561807486738711
0.5561842208972989
0.5561876931207268
0.5561911653441546
0.5561946375675825
0.5561981097910104
0.5562015820144381
0.556205054237866
0.5562085264612938
0.5562119986847218
0.5562154709081496
0.5562189431315775
0.5562224153550053
0.5562258875784332
0.5562293598018611
0.556232832025289
0.5562363042487167
0.5562397764721446
0.5562432486955725
0.5562467209190003
0.5562501931424282
0.556253665365856
0.5562571375892839
0.5562606098127117
0.5562640820361396
0.5562675542595674
0.5562710264829953
0.5562744987064232
0.556277970929851
0.5562814431532789
0.5562849153767067
0.5562883876001345
0.5562918598235624
0.5562953320469903
0.5562988042704181
0.556302276493846
0.5563057487172739
0.5563092209407017
0.5563126931641296
0.5563161653875573
0.5563196376109852
0.5563231098344131
0.556326582057841
0.5563300542812688
0.5563335265046967
0.5563369987281246
0.5563404709515524
0.5563439431749803
0.556347415398408
0.5563508876218359
0.5563543598452638
0.5563578320686917
0.5563613042921195
0.5563647765155474
0.5563682487389753
0.5563717209624032
0.556375193185831
0.5563786654092588
0.5563821376326866
0.5563856098561145
0.5563890820795424
0.5563925543029702
0.5563960265263981
0.556399498749826
0.5564029709732539
0.5564064431966816
0.5564099154201095
0.5564133876435373
0.5564168598669652
0.5564203320903931
0.5564238043138209
0.5564272765372488
0.5564307487606767
0.5564342209841046
0.5564376932075323
0.5564411654309602
0.556444637654388
0.5564481098778159
0.5564515821012438
0.5564550543246716
0.5564585265480995
0.5564619987715274
0.5564654709949552
0.556468943218383
0.5564724154418109
0.5564758876652387
0.5564793598886667
0.5564828321120945
0.5564863043355223
0.5564897765589502
0.556493248782378
0.5564967210058059
0.5565001932292337
0.5565036654526616
0.5565071376760894
0.5565106098995174
0.5565140821229452
0.5565175543463731
0.5565210265698008
0.5565244987932287
0.5565279710166566
0.5565314432400844
0.5565349154635123
0.5565383876869401
0.5565418599103681
0.5565453321337959
0.5565488043572238
0.5565522765806515
0.5565557488040794
0.5565592210275073
0.5565626932509351
0.556566165474363
0.5565696376977908
0.5565731099212188
0.5565765821446466
0.5565800543680745
0.5565835265915022
0.5565869988149301
0.556590471038358
0.5565939432617858
