0.9913197886527043
0.9913232608761323
0.99132673309956
0.991330205322988
0.9913336775464157
0.9913371497698437
0.9913406219932716
0.9913440942166993
0.9913475664401273
0.991351038663555
0.991354510886983
0.9913579831104107
0.9913614553338387
0.9913649275572666
0.9913683997806944
0.9913718720041222
0.99137534422755
0.991378816450978
0.9913822886744057
0.9913857608978337
0.9913892331212614
0.9913927053446894
0.9913961775681173
0.991399649791545
0.9914031220149729
0.9914065942384007
0.9914100664618286
0.9914135386852564
0.9914170109086844
0.9914204831321121
0.9914239553555401
0.9914274275789677
0.9914308998023957
0.9914343720258236
0.9914378442492514
0.9914413164726795
0.9914447886961071
0.9914482609195352
0.9914517331429628
0.9914552053663909
0.9914586775898184
0.9914621498132464
0.9914656220366743
0.9914690942601021
0.9914725664835302
0.9914760387069578
0.9914795109303859
0.9914829831538134
0.9914864553772416
0.9914899276006693
0.9914933998240972
0.991496872047525
0.9915003442709529
0.9915038164943807
0.9915072887178085
0.9915107609412366
0.9915142331646641
0.9915177053880923
0.99152117761152
0.9915246498349479
0.9915281220583757
0.9915315942818036
0.9915350665052314
0.9915385387286593
0.9915420109520873
0.9915454831755149
0.9915489553989429
0.9915524276223705
0.9915558998457986
0.9915593720692264
0.9915628442926543
0.9915663165160823
0.99156978873951
0.991573260962938
0.9915767331863656
0.9915802054097936
0.9915836776332214
0.9915871498566493
0.9915906220800771
0.991594094303505
0.9915975665269328
0.9916010387503607
0.9916045109737887
0.9916079831972163
0.9916114554206443
0.9916149276440721
0.9916183998675
0.9916218720909278
0.9916253443143557
0.9916288165377835
0.9916322887612113
0.9916357609846393
0.991639233208067
0.991642705431495
0.9916461776549227
0.9916496498783507
0.9916531221017785
0.9916565943252064
0.9916600665486344
0.991663538772062
0.99166701099549
0.9916704832189177
0.9916739554423457
0.9916774276657735
0.9916808998892014
0.9916843721126292
0.9916878443360571
0.9916913165594848
0.9916947887829127
0.9916982610063407
0.9917017332297684
0.9917052054531964
0.9917086776766242
0.9917121499000521
0.9917156221234799
0.9917190943469077
0.9917225665703355
0.9917260387937634
0.9917295110171914
0.9917329832406191
0.9917364554640471
0.9917399276874748
0.9917433999109028
0.9917468721343305
0.9917503443577584
0.9917538165811864
0.9917572888046141
0.9917607610280421
0.9917642332514698
0.9917677054748978
0.9917711776983257
0.9917746499217535
0.9917781221451814
0.9917815943686091
0.991785066592037
0.9917885388154648
0.9917920110388928
0.9917954832623205
0.9917989554857485
0.9918024277091764
0.9918058999326042
0.991809372156032
0.9918128443794598
0.9918163166028877
0.9918197888263155
0.9918232610497435
0.9918267332731712
0.9918302054965992
0.9918336777200268
0.9918371499434548
0.9918406221668827
0.9918440943903105
0.9918475666137385
0.9918510388371662
0.9918545110605942
0.9918579832840219
0.9918614555074499
0.9918649277308778
0.9918683999543055
0.9918718721777334
0.9918753444011612
0.9918788166245892
0.9918822888480169
0.9918857610714449
0.9918892332948726
0.9918927055183006
0.9918961777417284
0.9918996499651562
0.9919031221885841
0.9919065944120119
0.9919100666354398
0.9919135388588676
0.9919170110822956
0.9919204833057232
0.9919239555291512
0.9919274277525789
0.9919308999760069
0.9919343721994348
0.9919378444228626
0.9919413166462906
0.9919447888697183
0.9919482610931463
0.9919517333165739
0.9919552055400019
0.9919586777634296
0.9919621499868576
0.9919656222102855
0.9919690944337133
0.9919725666571414
0.991976038880569
0.9919795111039971
0.9919829833274246
0.9919864555508526
0.9919899277742805
0.9919933999977083
0.9919968722211362
0.992000344444564
0.9920038166679919
0.9920072888914196
0.9920107611148478
