0.7211808059655577
0.7211842781889855
0.7211877504124133
0.7211912226358411
0.721194694859269
0.7211981670826969
0.7212016393061248
0.7212051115295526
0.7212085837529805
0.7212120559764084
0.7212155281998361
0.721219000423264
0.7212224726466918
0.7212259448701197
0.7212294170935475
0.7212328893169755
0.7212363615404034
0.7212398337638312
0.721243305987259
0.7212467782106868
0.7212502504341147
0.7212537226575425
0.7212571948809704
0.7212606671043983
0.7212641393278262
0.721267611551254
0.721271083774682
0.7212745559981097
0.7212780282215376
0.7212815004449654
0.7212849726683932
0.7212884448918211
0.7212919171152489
0.7212953893386769
0.7212988615621048
0.7213023337855327
0.7213058060089604
0.7213092782323883
0.7213127504558161
0.721316222679244
0.7213196949026718
0.7213231671260997
0.7213266393495276
0.7213301115729553
0.7213335837963833
0.7213370560198111
0.721340528243239
0.7213440004666668
0.7213474726900947
0.7213509449135225
0.7213544171369504
0.7213578893603783
0.721361361583806
0.721364833807234
0.7213683060306618
0.7213717782540897
0.7213752504775175
0.7213787227009454
0.7213821949243732
0.7213856671478011
0.721389139371229
0.7213926115946568
0.7213960838180847
0.7213995560415125
0.7214030282649404
0.7214065004883682
0.7214099727117961
0.7214134449352239
0.7214169171586519
0.7214203893820796
0.7214238616055074
0.7214273338289354
0.7214308060523632
0.7214342782757911
0.7214377504992189
0.7214412227226468
0.7214446949460745
0.7214481671695026
0.7214516393929303
0.7214551116163582
0.7214585838397861
0.7214620560632139
0.7214655282866418
0.7214690005100696
0.7214724727334975
0.7214759449569252
0.7214794171803531
0.721482889403781
0.7214863616272089
0.7214898338506368
0.7214933060740646
0.7214967782974925
0.7215002505209203
0.7215037227443482
0.7215071949677759
0.7215106671912039
0.7215141394146317
0.7215176116380596
0.7215210838614875
0.7215245560849153
0.7215280283083432
0.721531500531771
0.7215349727551988
0.7215384449786266
0.7215419172020545
0.7215453894254824
0.7215488616489104
0.7215523338723382
0.7215558060957661
0.7215592783191939
0.7215627505426218
0.7215662227660495
0.7215696949894773
0.7215731672129053
0.7215766394363331
0.721580111659761
0.7215835838831889
0.7215870561066168
0.7215905283300446
0.7215940005534724
0.7215974727769002
0.7216009450003281
0.721604417223756
0.7216078894471838
0.7216113616706117
0.7216148338940396
0.7216183061174675
0.7216217783408952
0.7216252505643231
0.7216287227877509
0.7216321950111788
0.7216356672346066
0.7216391394580345
0.7216426116814625
0.7216460839048903
0.7216495561283182
0.7216530283517459
0.7216565005751738
0.7216599727986016
0.7216634450220295
0.7216669172454574
0.7216703894688852
0.7216738616923131
0.721677333915741
0.7216808061391689
0.7216842783625966
0.7216877505860245
0.7216912228094523
0.7216946950328802
0.7216981672563081
0.721701639479736
0.7217051117031638
0.7217085839265917
0.7217120561500195
0.7217155283734473
0.7217190005968752
0.721722472820303
0.7217259450437309
0.7217294172671587
0.7217328894905867
0.7217363617140146
0.7217398339374423
0.7217433061608702
0.721746778384298
0.7217502506077259
0.7217537228311537
0.7217571950545816
0.7217606672780095
0.7217641395014374
0.7217676117248651
0.721771083948293
0.7217745561717209
0.7217780283951487
0.7217815006185766
0.7217849728420044
0.7217884450654323
0.72179191728886
0.721795389512288
0.721798861735716
0.7218023339591438
0.7218058061825716
0.7218092784059994
0.7218127506294273
0.7218162228528551
0.721819695076283
0.7218231672997109
0.7218266395231387
0.7218301117465665
0.7218335839699945
0.7218370561934223
0.7218405284168502
0.721844000640278
0.7218474728637059
0.7218509450871337
0.7218544173105615
0.7218578895339894
0.7218613617574172
0.7218648339808452
0.721868306204273
0.7218717784277009
