0.423264035855568
0.4232675080789958
0.42327098030242366
0.4232744525258516
0.42327792474927944
0.4232813969727073
0.4232848691961351
0.42328834141956295
0.42329181364299084
0.4232952858664187
0.4232987580898465
0.42330223031327435
0.4233057025367023
0.42330917476013014
0.42331264698355797
0.4233161192069858
0.42331959143041364
0.4233230636538416
0.4233265358772694
0.42333000810069726
0.4233334803241251
0.423336952547553
0.4233404247709808
0.42334389699440866
0.4233473692178365
0.42335084144126434
0.4233543136646922
0.4233577858881201
0.42336125811154796
0.4233647303349758
0.4233682025584037
0.4233716747818315
0.42337514700525936
0.4233786192286872
0.42338209145211503
0.423385563675543
0.4233890358989708
0.42339250812239865
0.4233959803458265
0.4233994525692544
0.4234029247926822
0.42340639701611005
0.4234098692395379
0.4234133414629657
0.42341681368639367
0.4234202859098215
0.42342375813324934
0.4234272303566772
0.4234307025801051
0.4234341748035329
0.42343764702696074
0.4234411192503886
0.4234445914738164
0.42344806369724436
0.4234515359206722
0.42345500814410003
0.42345848036752787
0.4234619525909558
0.42346542481438365
0.4234688970378115
0.4234723692612393
0.42347584148466716
0.42347931370809494
0.4234827859315229
0.4234862581549507
0.42348973037837856
0.4234932026018065
0.42349667482523434
0.4235001470486622
0.42350361927209
0.42350709149551785
0.42351056371894574
0.4235140359423736
0.4235175081658014
0.42352098038922925
0.4235244526126572
0.42352792483608503
0.42353139705951287
0.4235348692829407
0.42353834150636854
0.42354181372979643
0.42354528595322427
0.4235487581766521
0.42355223040007994
0.4235557026235079
0.4235591748469357
0.42356264707036356
0.4235661192937914
0.42356959151721923
0.4235730637406472
0.42357653596407496
0.4235800081875028
0.42358348041093064
0.4235869526343586
0.4235904248577864
0.42359389708121425
0.4235973693046421
0.4236008415280699
0.42360431375149776
0.4236077859749257
0.42361125819835355
0.4236147304217814
0.4236182026452093
0.4236216748686371
0.42362514709206495
0.4236286193154928
0.4236320915389206
0.42363556376234857
0.4236390359857764
0.42364250820920424
0.4236459804326321
0.42364945265605997
0.4236529248794878
0.42365639710291564
0.4236598693263435
0.4236633415497713
0.42366681377319926
0.4236702859966271
0.42367375822005493
0.42367723044348277
0.42368070266691066
0.4236841748903385
0.42368764711376633
0.42369111933719417
0.423694591560622
0.42369806378404995
0.4237015360074778
0.4237050082309056
0.42370848045433346
0.4237119526777614
0.4237154249011892
0.423718897124617
0.42372236934804486
0.4237258415714727
0.42372931379490053
0.4237327860183285
0.4237362582417563
0.42373973046518415
0.4237432026886121
0.42374667491203993
0.42375014713546777
0.4237536193588956
0.42375709158232344
0.42376056380575133
0.42376403602917917
0.423767508252607
0.42377098047603484
0.4237744526994628
0.4237779249228906
0.42378139714631846
0.4237848693697463
0.42378834159317413
0.423791813816602
0.42379528604002986
0.4237987582634577
0.42380223048688553
0.4238057027103135
0.4238091749337413
0.42381264715716915
0.423816119380597
0.4238195916040248
0.4238230638274527
0.42382653605088055
0.4238300082743084
0.4238334804977362
0.4238369527211642
0.423840424944592
0.42384389716801985
0.4238473693914477
0.4238508416148755
0.42385431383830335
0.42385778606173125
0.4238612582851591
0.4238647305085869
0.42386820273201486
0.4238716749554427
0.42387514717887054
0.4238786194022984
0.4238820916257262
0.42388556384915416
0.423889036072582
0.42389250829600983
0.42389598051943767
0.42389945274286556
0.4239029249662934
0.42390639718972123
0.42390986941314907
0.4239133416365769
0.42391681386000485
0.4239202860834327
0.4239237583068605
0.42392723053028836
0.42393070275371625
0.4239341749771441
0.4239376472005719
0.42394111942399976
0.4239445916474276
0.42394806387085554
0.4239515360942834
0.4239550083177112
