0.056597241874042296
0.05660071409747013
0.05660418632089796
0.056607658544325895
0.056611130767753724
0.05661460299118156
0.0566180752146094
0.05662154743803723
0.05662501966146516
0.056628491884892995
0.05663196410832083
0.05663543633174876
0.0566389085551765
0.05664238077860442
0.05664585300203226
0.056649325225460095
0.05665279744888802
0.05665626967231586
0.056659741895743694
0.05666321411917152
0.05666668634259936
0.056670158566027286
0.05667363078945512
0.05667710301288296
0.056680575236310794
0.05668404745973872
0.05668751968316656
0.05669099190659439
0.05669446413002222
0.05669793635345006
0.056701408576877985
0.05670488080030582
0.05670835302373366
0.05671182524716149
0.05671529747058933
0.056718769694017256
0.05672224191744509
0.05672571414087292
0.056729186364300854
0.056732658587728683
0.05673613081115652
0.056739603034584356
0.05674307525801219
0.05674654748144012
0.056750019704867954
0.056753491928295784
0.05675696415172362
0.056760436375151456
0.05676390859857938
0.05676738082200722
0.056770853045435055
0.05677432526886289
0.05677779749229082
0.05678126971571865
0.05678474193914648
0.05678821416257432
0.056791686386002155
0.05679515860943008
0.05679863083285792
0.05680210305628575
0.05680557527971368
0.05680904750314142
0.056812519726569345
0.05681599194999718
0.05681946417342502
0.056822936396852944
0.05682640862028078
0.056829880843708616
0.05683335306713645
0.05683682529056428
0.056840297513992215
0.056843769737420044
0.05684724196084788
0.056850714184275716
0.05685418640770355
0.05685765863113148
0.056861130854559315
0.056864603077987144
0.05686807530141498
0.05687154752484291
0.05687501974827065
0.05687849197169858
0.056881964195126415
0.05688543641855425
0.05688890864198218
0.056892380865410014
0.05689585308883784
0.056899325312265776
0.056902797535693515
0.05690626975912144
0.05690974198254928
0.056913214205977114
0.05691668642940504
0.056920158652832877
0.05692363087626071
0.05692710309968854
0.05693057532311638
0.056934047546544214
0.05693751976997214
0.05694099199339998
0.05694446421682781
0.05694793644025574
0.05695140866368348
0.056954880887111405
0.05695835311053924
0.05696182533396708
0.056965297557395
0.05696876978082284
0.056972242004250676
0.05697571422767851
0.05697918645110634
0.056982658674534274
0.0569861308979621
0.05698960312138994
0.056993075344817866
0.05699654756824561
0.05700001979167354
0.057003492015101374
0.057006964238529204
0.05701043646195704
0.057013908685384966
0.0570173809088128
0.05702085313224064
0.057024325355668475
0.05702779757909631
0.05703126980252424
0.05703474202595207
0.0570382142493799
0.057041686472807836
0.057045158696235575
0.0570486309196635
0.05705210314309134
0.05705557536651917
0.0570590475899471
0.057062519813374936
0.05706599203680277
0.0570694642602307
0.05707293648365844
0.057076408707086364
0.0570798809305142
0.057083353153942036
0.05708682537736987
0.0570902976007978
0.057093769824225635
0.057097242047653464
0.0571007142710813
0.057104186494509136
0.05710765871793706
0.0571111309413649
0.057114603164792735
0.05711807538822057
0.0571215476116484
0.057125019835076334
0.05712849205850416
0.057131964281932
0.057135436505359925
0.05713890872878767
0.0571423809522156
0.057145853175643434
0.05714932539907126
0.057152797622499196
0.057156269845927025
0.05715974206935486
0.0571632142927827
0.057166686516210534
0.05717015873963846
0.057173630963066296
0.05717710318649413
0.05718057540992196
0.057184047633349895
0.057187519856777724
0.05719099208020556
0.0571944643036334
0.05719793652706123
0.05720140875048916
0.057204880973916995
0.057208353197344824
0.05721182542077276
0.0572152976442005
0.05721876986762842
0.05722224209105626
0.057225714314484095
0.05722918653791202
0.05723265876133986
0.057236130984767694
0.05723960320819552
0.05724307543162336
0.057246547655051286
0.05725001987847912
0.05725349210190696
0.057256964325334794
0.05726043654876263
0.05726390877219056
0.05726738099561839
0.05727085321904622
0.05727432544247406
0.057277797665901985
0.05728126988932982
0.05728474211275766
0.05728821433618549
