0.802430834177373
0.8024343064008008
0.8024377786242287
0.8024412508476565
0.8024447230710844
0.8024481952945123
0.8024516675179401
0.8024551397413681
0.8024586119647958
0.8024620841882237
0.8024655564116515
0.8024690286350794
0.8024725008585072
0.8024759730819351
0.802479445305363
0.8024829175287908
0.8024863897522186
0.8024898619756465
0.8024933341990744
0.8024968064225022
0.8025002786459301
0.8025037508693579
0.8025072230927859
0.8025106953162136
0.8025141675396416
0.8025176397630693
0.8025211119864972
0.8025245842099251
0.8025280564333529
0.8025315286567808
0.8025350008802086
0.8025384731036365
0.8025419453270644
0.8025454175504922
0.8025488897739201
0.8025523619973479
0.8025558342207758
0.8025593064442036
0.8025627786676315
0.8025662508910593
0.8025697231144872
0.802573195337915
0.8025766675613429
0.8025801397847708
0.8025836120081986
0.8025870842316265
0.8025905564550543
0.8025940286784822
0.80259750090191
0.802600973125338
0.8026044453487656
0.8026079175721936
0.8026113897956214
0.8026148620190493
0.8026183342424772
0.802621806465905
0.8026252786893329
0.8026287509127606
0.8026322231361885
0.8026356953596163
0.8026391675830443
0.8026426398064722
0.8026461120299001
0.8026495842533279
0.8026530564767558
0.8026565287001836
0.8026600009236114
0.8026634731470392
0.8026669453704671
0.802670417593895
0.8026738898173229
0.8026773620407508
0.8026808342641786
0.8026843064876065
0.8026877787110342
0.8026912509344621
0.8026947231578899
0.8026981953813178
0.8027016676047458
0.8027051398281735
0.8027086120516015
0.8027120842750293
0.8027155564984572
0.8027190287218849
0.8027225009453128
0.8027259731687406
0.8027294453921685
0.8027329176155964
0.8027363898390243
0.8027398620624522
0.80274333428588
0.8027468065093079
0.8027502787327356
0.8027537509561635
0.8027572231795913
0.8027606954030192
0.8027641676264471
0.802767639849875
0.8027711120733028
0.8027745842967307
0.8027780565201585
0.8027815287435863
0.8027850009670142
0.802788473190442
0.80279194541387
0.8027954176372979
0.8027988898607257
0.8028023620841536
0.8028058343075813
0.8028093065310092
0.802812778754437
0.8028162509778649
0.8028197232012928
0.8028231954247206
0.8028266676481485
0.8028301398715764
0.8028336120950043
0.802837084318432
0.8028405565418599
0.8028440287652877
0.8028475009887156
0.8028509732121434
0.8028544454355714
0.8028579176589992
0.8028613898824271
0.802864862105855
0.8028683343292827
0.8028718065527106
0.8028752787761384
0.8028787509995663
0.8028822232229941
0.8028856954464221
0.80288916766985
0.8028926398932777
0.8028961121167056
0.8028995843401334
0.8029030565635613
0.8029065287869891
0.802910001010417
0.8029134732338449
0.8029169454572727
0.8029204176807005
0.8029238899041284
0.8029273621275563
0.8029308343509842
0.802934306574412
0.8029377787978399
0.8029412510212677
0.8029447232446956
0.8029481954681235
0.8029516676915512
0.8029551399149792
0.802958612138407
0.8029620843618349
0.8029655565852627
0.8029690288086906
0.8029725010321184
0.8029759732555463
0.8029794454789742
0.8029829177024019
0.8029863899258298
0.8029898621492577
0.8029933343726856
0.8029968065961134
0.8030002788195413
0.8030037510429691
0.803007223266397
0.8030106954898247
0.8030141677132526
0.8030176399366805
0.8030211121601084
0.8030245843835363
0.8030280566069641
0.803031528830392
0.8030350010538198
0.8030384732772476
0.8030419455006754
0.8030454177241033
0.8030488899475313
0.8030523621709591
0.803055834394387
0.8030593066178148
0.8030627788412427
0.8030662510646704
0.8030697232880983
0.8030731955115262
0.8030766677349541
0.803080139958382
0.8030836121818098
0.8030870844052377
0.8030905566286655
0.8030940288520934
0.8030975010755211
0.8031009732989491
0.8031044455223769
0.8031079177458048
0.8031113899692326
0.8031148621926605
0.8031183344160884
0.8031218066395162
