0.6128474350164704
0.6128509072398983
0.6128543794633262
0.6128578516867541
0.6128613239101819
0.6128647961336098
0.6128682683570377
0.6128717405804655
0.6128752128038933
0.6128786850273211
0.612882157250749
0.6128856294741769
0.6128891016976048
0.6128925739210326
0.6128960461444605
0.6128995183678884
0.6129029905913161
0.612906462814744
0.6129099350381718
0.6129134072615997
0.6129168794850276
0.6129203517084555
0.6129238239318833
0.6129272961553112
0.612930768378739
0.6129342406021668
0.6129377128255947
0.6129411850490225
0.6129446572724504
0.6129481294958783
0.6129516017193062
0.612955073942734
0.612958546166162
0.6129620183895897
0.6129654906130175
0.6129689628364454
0.6129724350598732
0.6129759072833011
0.612979379506729
0.6129828517301569
0.6129863239535847
0.6129897961770127
0.6129932684004404
0.6129967406238683
0.6130002128472961
0.613003685070724
0.6130071572941518
0.6130106295175797
0.6130141017410076
0.6130175739644353
0.6130210461878632
0.6130245184112911
0.613027990634719
0.6130314628581468
0.6130349350815747
0.6130384073050025
0.6130418795284304
0.6130453517518583
0.613048823975286
0.613052296198714
0.6130557684221418
0.6130592406455697
0.6130627128689975
0.6130661850924254
0.6130696573158532
0.6130731295392811
0.613076601762709
0.6130800739861367
0.6130835462095647
0.6130870184329925
0.6130904906564204
0.6130939628798482
0.6130974351032761
0.6131009073267039
0.6131043795501319
0.6131078517735596
0.6131113239969874
0.6131147962204154
0.6131182684438432
0.6131217406672711
0.6131252128906989
0.6131286851141268
0.6131321573375546
0.6131356295609826
0.6131391017844103
0.6131425740078382
0.613146046231266
0.6131495184546939
0.6131529906781218
0.6131564629015496
0.6131599351249775
0.6131634073484052
0.6131668795718332
0.613170351795261
0.6131738240186889
0.6131772962421168
0.6131807684655446
0.6131842406889725
0.6131877129124003
0.6131911851358282
0.6131946573592559
0.6131981295826839
0.6132016018061117
0.6132050740295396
0.6132085462529675
0.6132120184763953
0.6132154906998232
0.613218962923251
0.6132224351466788
0.6132259073701066
0.6132293795935346
0.6132328518169624
0.6132363240403903
0.6132397962638182
0.6132432684872461
0.6132467407106739
0.6132502129341016
0.6132536851575295
0.6132571573809573
0.6132606296043853
0.6132641018278131
0.613267574051241
0.6132710462746688
0.6132745184980968
0.6132779907215246
0.6132814629449524
0.6132849351683802
0.6132884073918081
0.613291879615236
0.6132953518386638
0.6132988240620917
0.6133022962855196
0.6133057685089475
0.6133092407323752
0.6133127129558031
0.6133161851792309
0.6133196574026588
0.6133231296260867
0.6133266018495145
0.6133300740729424
0.6133335462963703
0.6133370185197982
0.6133404907432259
0.6133439629666538
0.6133474351900816
0.6133509074135095
0.6133543796369374
0.6133578518603652
0.6133613240837931
0.613364796307221
0.6133682685306489
0.6133717407540766
0.6133752129775045
0.6133786852009323
0.6133821574243602
0.6133856296477881
0.613389101871216
0.6133925740946438
0.6133960463180715
0.6133995185414995
0.6134029907649273
0.6134064629883552
0.613409935211783
0.6134134074352109
0.6134168796586388
0.6134203518820667
0.6134238241054945
0.6134272963289223
0.6134307685523502
0.613434240775778
0.6134377129992059
0.6134411852226337
0.6134446574460616
0.6134481296694895
0.6134516018929174
0.6134550741163451
0.613458546339773
0.6134620185632009
0.6134654907866287
0.6134689630100566
0.6134724352334844
0.6134759074569123
0.6134793796803402
0.6134828519037681
0.6134863241271958
0.6134897963506237
0.6134932685740516
0.6134967407974794
0.6135002130209073
0.6135036852443351
0.613507157467763
0.6135106296911909
0.6135141019146187
0.6135175741380465
0.6135210463614744
0.6135245185849023
0.6135279908083302
0.613531463031758
0.6135349352551858
0.6135384074786137
