0.5940974285060515
0.5941009007294794
0.5941043729529073
0.5941078451763351
0.594111317399763
0.5941147896231908
0.5941182618466188
0.5941217340700465
0.5941252062934744
0.5941286785169022
0.5941321507403301
0.594135622963758
0.5941390951871858
0.5941425674106137
0.5941460396340414
0.5941495118574694
0.5941529840808972
0.5941564563043251
0.5941599285277529
0.5941634007511808
0.5941668729746087
0.5941703451980366
0.5941738174214644
0.5941772896448922
0.5941807618683201
0.5941842340917479
0.5941877063151758
0.5941911785386036
0.5941946507620316
0.5941981229854594
0.5942015952088873
0.594205067432315
0.5942085396557429
0.5942120118791708
0.5942154841025986
0.5942189563260265
0.5942224285494543
0.5942259007728822
0.5942293729963101
0.594232845219738
0.5942363174431657
0.5942397896665936
0.5942432618900215
0.5942467341134493
0.5942502063368772
0.594253678560305
0.5942571507837329
0.5942606230071608
0.5942640952305887
0.5942675674540164
0.5942710396774443
0.5942745119008722
0.5942779841243
0.5942814563477279
0.5942849285711557
0.5942884007945836
0.5942918730180115
0.5942953452414393
0.5942988174648671
0.594302289688295
0.5943057619117229
0.5943092341351508
0.5943127063585786
0.5943161785820065
0.5943196508054344
0.5943231230288621
0.59432659525229
0.5943300674757178
0.5943335396991457
0.5943370119225736
0.5943404841460015
0.5943439563694293
0.5943474285928572
0.5943509008162849
0.5943543730397128
0.5943578452631407
0.5943613174865685
0.5943647897099964
0.5943682619334243
0.5943717341568522
0.59437520638028
0.5943786786037079
0.5943821508271356
0.5943856230505635
0.5943890952739914
0.5943925674974192
0.5943960397208471
0.594399511944275
0.5944029841677029
0.5944064563911307
0.5944099286145585
0.5944134008379863
0.5944168730614143
0.5944203452848421
0.5944238175082699
0.5944272897316978
0.5944307619551257
0.5944342341785536
0.5944377064019813
0.5944411786254092
0.5944446508488371
0.594448123072265
0.5944515952956928
0.5944550675191207
0.5944585397425485
0.5944620119659764
0.5944654841894043
0.594468956412832
0.5944724286362599
0.5944759008596877
0.5944793730831157
0.5944828453065435
0.5944863175299714
0.5944897897533992
0.5944932619768271
0.594496734200255
0.5945002064236827
0.5945036786471106
0.5945071508705384
0.5945106230939664
0.5945140953173942
0.5945175675408221
0.5945210397642499
0.5945245119876778
0.5945279842111056
0.5945314564345334
0.5945349286579613
0.5945384008813891
0.5945418731048171
0.5945453453282449
0.5945488175516728
0.5945522897751006
0.5945557619985286
0.5945592342219563
0.5945627064453841
0.594566178668812
0.5945696508922398
0.5945731231156678
0.5945765953390956
0.5945800675625235
0.5945835397859512
0.5945870120093792
0.594590484232807
0.5945939564562349
0.5945974286796627
0.5946009009030906
0.5946043731265185
0.5946078453499463
0.5946113175733742
0.5946147897968019
0.5946182620202299
0.5946217342436577
0.5946252064670856
0.5946286786905134
0.5946321509139413
0.5946356231373692
0.594639095360797
0.5946425675842248
0.5946460398076526
0.5946495120310806
0.5946529842545084
0.5946564564779363
0.5946599287013641
0.594663400924792
0.5946668731482199
0.5946703453716476
0.5946738175950755
0.5946772898185033
0.5946807620419313
0.5946842342653591
0.594687706488787
0.5946911787122148
0.5946946509356427
0.5946981231590706
0.5947015953824984
0.5947050676059262
0.594708539829354
0.594712012052782
0.5947154842762098
0.5947189564996377
0.5947224287230655
0.5947259009464934
0.5947293731699212
0.5947328453933491
0.5947363176167769
0.5947397898402048
0.5947432620636327
0.5947467342870605
0.5947502065104884
0.5947536787339162
0.594757150957344
0.5947606231807719
0.5947640954041998
0.5947675676276276
0.5947710398510555
0.5947745120744834
0.5947779842979112
0.5947814565213391
0.5947849287447668
0.5947884009681947
