0.744097480589403
0.7441009528128307
0.7441044250362587
0.7441078972596865
0.7441113694831144
0.7441148417065423
0.7441183139299702
0.744121786153398
0.7441252583768259
0.7441287306002536
0.7441322028236815
0.7441356750471094
0.7441391472705372
0.7441426194939651
0.744146091717393
0.7441495639408209
0.7441530361642487
0.7441565083876766
0.7441599806111043
0.7441634528345322
0.74416692505796
0.7441703972813879
0.7441738695048159
0.7441773417282437
0.7441808139516716
0.7441842861750994
0.7441877583985272
0.744191230621955
0.7441947028453829
0.7441981750688108
0.7442016472922386
0.7442051195156665
0.7442085917390944
0.7442120639625223
0.74421553618595
0.7442190084093779
0.7442224806328057
0.7442259528562336
0.7442294250796615
0.7442328973030894
0.7442363695265173
0.7442398417499451
0.744243313973373
0.7442467861968007
0.7442502584202286
0.7442537306436564
0.7442572028670843
0.7442606750905121
0.7442641473139401
0.744267619537368
0.7442710917607958
0.7442745639842236
0.7442780362076514
0.7442815084310793
0.7442849806545071
0.744288452877935
0.7442919251013629
0.7442953973247908
0.7442988695482186
0.7443023417716464
0.7443058139950743
0.7443092862185021
0.74431275844193
0.7443162306653578
0.7443197028887857
0.7443231751122135
0.7443266473356415
0.7443301195590694
0.7443335917824971
0.744337064005925
0.7443405362293528
0.7443440084527807
0.7443474806762085
0.7443509528996364
0.7443544251230643
0.7443578973464922
0.7443613695699199
0.7443648417933479
0.7443683140167757
0.7443717862402036
0.7443752584636314
0.7443787306870592
0.7443822029104871
0.744385675133915
0.7443891473573429
0.7443926195807706
0.7443960918041986
0.7443995640276264
0.7444030362510543
0.7444065084744821
0.74440998069791
0.7444134529213378
0.7444169251447657
0.7444203973681935
0.7444238695916214
0.7444273418150493
0.7444308140384771
0.744434286261905
0.7444377584853328
0.7444412307087607
0.7444447029321885
0.7444481751556163
0.7444516473790442
0.744455119602472
0.7444585918259
0.7444620640493278
0.7444655362727557
0.7444690084961835
0.7444724807196114
0.7444759529430391
0.744479425166467
0.7444828973898949
0.7444863696133228
0.7444898418367507
0.7444933140601785
0.7444967862836064
0.7445002585070342
0.744503730730462
0.7445072029538898
0.7445106751773178
0.7445141474007456
0.7445176196241735
0.7445210918476014
0.7445245640710292
0.7445280362944571
0.7445315085178849
0.7445349807413127
0.7445384529647405
0.7445419251881685
0.7445453974115963
0.7445488696350242
0.7445523418584521
0.7445558140818799
0.7445592863053078
0.7445627585287355
0.7445662307521634
0.7445697029755912
0.7445731751990191
0.744576647422447
0.7445801196458749
0.7445835918693028
0.7445870640927306
0.7445905363161585
0.7445940085395862
0.7445974807630141
0.7446009529864419
0.7446044252098699
0.7446078974332977
0.7446113696567256
0.7446148418801535
0.7446183141035813
0.7446217863270091
0.7446252585504369
0.7446287307738648
0.7446322029972926
0.7446356752207206
0.7446391474441484
0.7446426196675763
0.7446460918910042
0.7446495641144321
0.7446530363378598
0.7446565085612877
0.7446599807847155
0.7446634530081433
0.7446669252315712
0.7446703974549991
0.7446738696784271
0.7446773419018549
0.7446808141252828
0.7446842863487105
0.7446877585721384
0.7446912307955662
0.7446947030189941
0.744698175242422
0.7447016474658498
0.7447051196892777
0.7447085919127056
0.7447120641361334
0.7447155363595612
0.7447190085829891
0.7447224808064169
0.7447259530298448
0.7447294252532727
0.7447328974767005
0.7447363697001285
0.7447398419235562
0.7447433141469841
0.7447467863704119
0.7447502585938398
0.7447537308172676
0.7447572030406955
0.7447606752641234
0.7447641474875512
0.744767619710979
0.7447710919344069
0.7447745641578348
0.7447780363812626
0.7447815086046905
0.7447849808281183
0.7447884530515462
