0.8593752983942008
0.8593787706176287
0.8593822428410565
0.8593857150644845
0.8593891872879124
0.8593926595113401
0.859396131734768
0.8593996039581958
0.8594030761816237
0.8594065484050515
0.8594100206284794
0.8594134928519072
0.859416965075335
0.8594204372987628
0.8594239095221908
0.8594273817456187
0.8594308539690465
0.8594343261924744
0.8594377984159022
0.8594412706393301
0.8594447428627578
0.8594482150861859
0.8594516873096135
0.8594551595330415
0.8594586317564692
0.8594621039798972
0.8594655762033251
0.8594690484267529
0.8594725206501808
0.8594759928736085
0.8594794650970365
0.8594829373204644
0.8594864095438922
0.8594898817673201
0.8594933539907479
0.8594968262141758
0.8595002984376036
0.8595037706610315
0.8595072428844592
0.8595107151078871
0.8595141873313149
0.859517659554743
0.8595211317781708
0.8595246040015986
0.8595280762250265
0.8595315484484543
0.8595350206718821
0.8595384928953099
0.859541965118738
0.8595454373421656
0.8595489095655937
0.8595523817890215
0.8595558540124494
0.8595593262358772
0.859562798459305
0.8595662706827328
0.8595697429061607
0.8595732151295887
0.8595766873530165
0.8595801595764444
0.8595836317998722
0.8595871040233001
0.8595905762467279
0.8595940484701557
0.8595975206935835
0.8596009929170114
0.8596044651404392
0.8596079373638671
0.8596114095872951
0.8596148818107229
0.8596183540341508
0.8596218262575785
0.8596252984810064
0.8596287707044342
0.8596322429278621
0.8596357151512901
0.8596391873747178
0.8596426595981458
0.8596461318215736
0.8596496040450015
0.8596530762684292
0.8596565484918571
0.8596600207152849
0.8596634929387128
0.8596669651621408
0.8596704373855685
0.8596739096089965
0.8596773818324243
0.8596808540558522
0.8596843262792799
0.8596877985027078
0.8596912707261356
0.8596947429495635
0.8596982151729913
0.8597016873964192
0.8597051596198472
0.859708631843275
0.8597121040667028
0.8597155762901306
0.8597190485135585
0.8597225207369863
0.8597259929604142
0.8597294651838422
0.8597329374072699
0.8597364096306979
0.8597398818541256
0.8597433540775535
0.8597468263009813
0.8597502985244092
0.859753770747837
0.8597572429712649
0.8597607151946929
0.8597641874181206
0.8597676596415486
0.8597711318649763
0.8597746040884042
0.859778076311832
0.8597815485352599
0.8597850207586877
0.8597884929821156
0.8597919652055436
0.8597954374289712
0.8597989096523992
0.8598023818758271
0.8598058540992549
0.8598093263226827
0.8598127985461106
0.8598162707695384
0.8598197429929663
0.859823215216394
0.8598266874398219
0.8598301596632499
0.8598336318866778
0.8598371041101056
0.8598405763335335
0.8598440485569613
0.8598475207803892
0.859850993003817
0.859854465227245
0.8598579374506726
0.8598614096741006
0.8598648818975285
0.8598683541209563
0.8598718263443842
0.859875298567812
0.8598787707912399
0.8598822430146676
0.8598857152380956
0.8598891874615235
0.8598926596849513
0.8598961319083792
0.859899604131807
0.8599030763552349
0.8599065485786627
0.8599100208020906
0.8599134930255183
0.8599169652489462
0.859920437472374
0.859923909695802
0.8599273819192299
0.8599308541426577
0.8599343263660856
0.8599377985895134
0.8599412708129412
0.859944743036369
0.859948215259797
0.8599516874832247
0.8599551597066527
0.8599586319300804
0.8599621041535084
0.8599655763769363
0.859969048600364
0.8599725208237919
0.8599759930472197
0.8599794652706477
0.8599829374940756
0.8599864097175034
0.8599898819409313
0.8599933541643591
0.859996826387787
0.8600002986112147
0.8600037708346426
0.8600072430580704
0.8600107152814983
0.8600141875049261
0.8600176597283541
0.860021131951782
0.8600246041752098
0.8600280763986377
0.8600315486220654
0.8600350208454933
0.8600384930689211
0.8600419652923492
0.8600454375157768
0.8600489097392048
0.8600523819626327
0.8600558541860605
0.8600593264094883
0.8600627986329161
0.860066270856344
