0.13020837854457584
0.13021185076800373
0.13021532299143157
0.13021879521485943
0.13022226743828727
0.13022573966171516
0.130229211885143
0.13023268410857083
0.13023615633199873
0.13023962855542653
0.13024310077885443
0.13024657300228232
0.13025004522571015
0.130253517449138
0.13025698967256583
0.1302604618959937
0.13026393411942153
0.13026740634284942
0.13027087856627728
0.1302743507897051
0.13027782301313295
0.1302812952365608
0.13028476745998868
0.13028823968341655
0.13029171190684438
0.13029518413027227
0.13029865635370005
0.13030212857712795
0.13030560080055584
0.13030907302398367
0.13031254524741154
0.13031601747083937
0.13031948969426727
0.13032296191769505
0.13032643414112294
0.1303299063645508
0.13033337858797864
0.13033685081140653
0.13034032303483437
0.13034379525826223
0.13034726748169012
0.1303507397051179
0.1303542119285458
0.13035768415197363
0.1303611563754015
0.13036462859882939
0.13036810082225722
0.13037157304568506
0.1303750452691129
0.13037851749254079
0.13038198971596865
0.13038546193939649
0.13038893416282438
0.13039240638625216
0.13039587860968005
0.13039935083310789
0.13040282305653575
0.13040629527996364
0.13040976750339148
0.13041323972681934
0.13041671195024715
0.130420184173675
0.1304236563971029
0.13042712862053074
0.1304306008439586
0.13043407306738644
0.13043754529081433
0.13044101751424222
0.13044448973767
0.1304479619610979
0.13045143418452573
0.1304549064079536
0.1304583786313815
0.13046185085480932
0.1304653230782372
0.130468795301665
0.13047226752509286
0.1304757397485207
0.1304792119719486
0.13048268419537645
0.1304861564188043
0.13048962864223212
0.13049310086565996
0.13049657308908785
0.13050004531251574
0.13050351753594355
0.13050698975937144
0.13051046198279928
0.13051393420622712
0.130517406429655
0.13052087865308284
0.1305243508765107
0.13052782309993854
0.13053129532336644
0.13053476754679422
0.1305382397702221
0.13054171199364997
0.1305451842170778
0.1305486564405057
0.13055212866393354
0.1305556008873614
0.1305590731107893
0.13056254533421707
0.13056601755764496
0.1305694897810728
0.13057296200450066
0.13057643422792856
0.1305799064513564
0.13058337867478428
0.13058685089821206
0.13059032312163996
0.13059379534506782
0.13059726756849566
0.13060073979192355
0.13060421201535138
0.13060768423877925
0.13061115646220706
0.13061462868563492
0.1306181009090628
0.13062157313249065
0.1306250453559185
0.13062851757934635
0.13063198980277418
0.13063546202620208
0.1306389342496299
0.1306424064730578
0.1306458786964856
0.1306493509199135
0.1306528231433414
0.13065629536676918
0.13065976759019707
0.1306632398136249
0.13066671203705277
0.13067018426048066
0.1306736564839085
0.13067712870733636
0.13068060093076417
0.13068407315419203
0.13068754537761987
0.13069101760104776
0.13069448982447562
0.13069796204790346
0.13070143427133135
0.13070490649475913
0.13070837871818702
0.13071185094161492
0.13071532316504272
0.13071879538847062
0.13072226761189845
0.13072573983532634
0.13072921205875418
0.13073268428218202
0.13073615650560988
0.13073962872903772
0.1307431009524656
0.13074657317589344
0.1307500453993213
0.13075351762274914
0.13075698984617698
0.13076046206960487
0.1307639342930327
0.13076740651646057
0.13077087873988846
0.13077435096331624
0.13077782318674414
0.13078129541017197
0.13078476763359986
0.13078823985702773
0.13079171208045556
0.13079518430388345
0.13079865652731124
0.13080212875073913
0.130805600974167
0.13080907319759483
0.13081254542102272
0.13081601764445056
0.13081948986787842
0.13082296209130623
0.1308264343147341
0.13082990653816198
0.13083337876158982
0.13083685098501768
0.13084032320844552
0.1308437954318734
0.1308472676553013
0.13085073987872908
0.13085421210215697
0.13085768432558478
0.13086115654901267
0.13086462877244057
0.1308681009958684
0.13087157321929624
0.13087504544272408
0.13087851766615194
0.13088198988957983
0.13088546211300767
0.13088893433643553
0.13089240655986334
0.1308958787832912
0.13089935100671904
