0.38229179940687474
0.38229527163030264
0.38229874385373047
0.3823022160771583
0.3823056883005862
0.3823091605240141
0.3823126327474419
0.38231610497086976
0.3823195771942976
0.3823230494177255
0.3823265216411533
0.38232999386458116
0.382333466088009
0.3823369383114369
0.3823404105348648
0.3823438827582926
0.38234735498172046
0.38235082720514835
0.3823542994285762
0.3823577716520041
0.38236124387543186
0.3823647160988597
0.3823681883222876
0.3823716605457155
0.3823751327691433
0.38237860499257115
0.38238207721599904
0.3823855494394269
0.38238902166285477
0.3823924938862826
0.38239596610971044
0.3823994383331383
0.38240291055656617
0.382406382779994
0.38240985500342184
0.3824133272268497
0.38241679945027757
0.38242027167370546
0.3824237438971333
0.38242721612056113
0.382430688343989
0.38243416056741686
0.3824376327908447
0.38244110501427253
0.38244457723770037
0.3824480494611283
0.38245152168455615
0.382454993907984
0.3824584661314118
0.3824619383548397
0.38246541057826755
0.3824688828016954
0.3824723550251232
0.3824758272485511
0.38247929947197895
0.38248277169540684
0.3824862439188347
0.3824897161422625
0.3824931883656904
0.3824966605891183
0.38250013281254613
0.3825036050359739
0.3825070772594018
0.38251054948282964
0.38251402170625753
0.38251749392968537
0.3825209661531132
0.3825244383765411
0.382527910599969
0.3825313828233968
0.38253485504682466
0.3825383272702525
0.38254179949368033
0.3825452717171082
0.38254874394053606
0.3825522161639639
0.3825556883873918
0.3825591606108197
0.3825626328342475
0.38256610505767535
0.3825695772811032
0.3825730495045311
0.3825765217279589
0.38257999395138675
0.3825834661748146
0.3825869383982425
0.3825904106216704
0.3825938828450982
0.38259735506852605
0.38260082729195394
0.3826042995153818
0.3826077717388096
0.38261124396223745
0.3826147161856653
0.3826181884090932
0.38262166063252107
0.3826251328559489
0.38262860507937674
0.38263207730280463
0.38263554952623247
0.38263902174966036
0.3826424939730882
0.382645966196516
0.38264943841994387
0.38265291064337176
0.3826563828667996
0.38265985509022743
0.38266332731365527
0.38266679953708316
0.38267027176051105
0.3826737439839389
0.3826772162073667
0.38268068843079456
0.38268416065422245
0.3826876328776503
0.3826911051010781
0.38269457732450596
0.3826980495479339
0.38270152177136174
0.3827049939947896
0.3827084662182174
0.3827119384416453
0.38271541066507314
0.382718882888501
0.3827223551119288
0.3827258273353567
0.38272929955878454
0.38273277178221243
0.38273624400564027
0.3827397162290681
0.382743188452496
0.38274666067592383
0.38275013289935167
0.3827536051227795
0.3827570773462074
0.38276054956963523
0.3827640217930631
0.38276749401649096
0.3827709662399188
0.3827744384633467
0.3827779106867746
0.3827813829102024
0.38278485513363025
0.38278832735705803
0.3827917995804859
0.3827952718039138
0.38279874402734165
0.3828022162507695
0.3828056884741974
0.3828091606976253
0.3828126329210531
0.38281610514448094
0.3828195773679088
0.3828230495913367
0.3828265218147645
0.38282999403819234
0.3828334662616202
0.3828369384850481
0.38284041070847596
0.3828438829319038
0.38284735515533164
0.38285082737875953
0.38285429960218736
0.3828577718256152
0.38286124404904304
0.3828647162724709
0.38286818849589876
0.38287166071932666
0.3828751329427545
0.38287860516618233
0.3828820773896102
0.38288554961303806
0.3828890218364659
0.38289249405989373
0.38289596628332156
0.38289943850674946
0.38290291073017735
0.3829063829536052
0.382909855177033
0.3829133274004609
0.38291679962388875
0.38292027184731664
0.3829237440707445
0.3829272162941723
0.38293068851760015
0.38293416074102804
0.3829376329644559
0.3829411051878837
0.38294457741131155
0.3829480496347395
0.38295152185816733
0.38295499408159517
0.382958466305023
0.38296193852845084
0.38296541075187873
0.38296888297530657
0.3829723551987344
0.3829758274221623
0.38297929964559013
0.382982771869018
