0.054513907817329114
0.054517380040756944
0.05452085226418478
0.054524324487612616
0.05452779671104045
0.05453126893446838
0.054534741157896215
0.05453821338132405
0.05454168560475198
0.054545157828179716
0.05454863005160764
0.05455210227503548
0.054555574498463315
0.05455904672189124
0.05456251894531908
0.05456599116874691
0.05456946339217475
0.05457293561560258
0.05457640783903051
0.05457988006245834
0.05458335228588618
0.054586824509314014
0.05459029673274185
0.054593768956169776
0.05459724117959761
0.05460071340302544
0.05460418562645328
0.054607657849881204
0.05461113007330904
0.054614602296736876
0.05461807452016471
0.05462154674359255
0.054625018967020475
0.05462849119044831
0.05463196341387614
0.054635435637304074
0.05463890786073181
0.05464238008415974
0.054645852307587575
0.05464932453101541
0.05465279675444334
0.054656268977871174
0.054659741201299
0.05466321342472684
0.054666685648154675
0.0546701578715826
0.05467363009501044
0.054677102318438274
0.05468057454186611
0.054684046765294037
0.05468751898872187
0.0546909912121497
0.05469446343557754
0.054697935659005374
0.0547014078824333
0.05470488010586114
0.05470835232928897
0.05471182455271681
0.05471529677614464
0.05471876899957257
0.0547222412230004
0.05472571344642824
0.05472918566985616
0.05473265789328391
0.054736130116711836
0.05473960234013967
0.0547430745635675
0.054746546786995434
0.05475001901042326
0.0547534912338511
0.054756963457278936
0.05476043568070677
0.0547639079041347
0.054767380127562534
0.05477085235099037
0.0547743245744182
0.05477779679784613
0.05478126902127396
0.0547847412447018
0.054788213468129635
0.05479168569155747
0.0547951579149854
0.05479863013841323
0.05480210236184106
0.054805574585268996
0.054809046808696735
0.05481251903212466
0.0548159912555525
0.05481946347898033
0.05482293570240826
0.054826407925836096
0.05482988014926393
0.05483335237269176
0.0548368245961196
0.054840296819547524
0.05484376904297536
0.054847241266403196
0.05485071348983103
0.05485418571325887
0.054857657936686795
0.05486113016011463
0.05486460238354246
0.054868074606970296
0.05487154683039822
0.05487501905382597
0.054878491277253895
0.05488196350068173
0.05488543572410956
0.054888907947537494
0.05489238017096532
0.05489585239439316
0.054899324617821085
0.05490279684124883
0.05490626906467676
0.054909741288104594
0.05491321351153243
0.054916685734960356
0.05492015795838819
0.05492363018181602
0.05492710240524386
0.054930574628671694
0.05493404685209962
0.054937519075527456
0.05494099129895529
0.05494446352238312
0.054947935745811055
0.054951407969238794
0.05495488019266672
0.05495835241609456
0.05496182463952239
0.05496529686295032
0.054968769086378155
0.05497224130980599
0.05497571353323382
0.05497918575666166
0.05498265798008958
0.05498613020351742
0.054989602426945255
0.05499307465037318
0.05499654687380092
0.055000019097228854
0.05500349132065668
0.05500696354408452
0.055010435767512446
0.05501390799094028
0.05501738021436812
0.055020852437795954
0.05502432466122379
0.05502779688465162
0.05503126910807955
0.05503474133150738
0.05503821355493522
0.055041685778363145
0.05504515800179089
0.05504863022521882
0.05505210244864665
0.05505557467207449
0.055059046895502416
0.05506251911893025
0.05506599134235808
0.05506946356578592
0.05507293578921375
0.05507640801264168
0.055079880236069516
0.05508335245949735
0.05508682468292518
0.055090296906353114
0.055093769129780944
0.05509724135320878
0.055100713576636616
0.05510418580006445
0.05510765802349238
0.055111130246920215
0.05511460247034805
0.05511807469377588
0.055121546917203716
0.05512501914063164
0.05512849136405948
0.055131963587487315
0.05513543581091524
0.05513890803434298
0.055142380257770914
0.05514585248119874
0.05514932470462658
0.055152796928054505
0.05515626915148234
0.05515974137491018
0.055163213598338014
0.05516668582176585
0.055170158045193776
0.05517363026862161
0.05517710249204944
0.05518057471547728
0.055184046938905204
0.05518751916233304
0.055190991385760876
0.05519446360918871
0.05519793583261655
0.055201408056044475
0.05520488027947231
