0.39756958248943836
0.3975730547128662
0.3975765269362941
0.3975799991597219
0.39758347138314976
0.39758694360657765
0.3975904158300055
0.3975938880534333
0.39759736027686116
0.39760083250028905
0.3976043047237169
0.3976077769471448
0.3976112491705726
0.39761472139400045
0.39761819361742834
0.39762166584085623
0.39762513806428407
0.3976286102877119
0.39763208251113974
0.3976355547345676
0.39763902695799547
0.3976424991814233
0.39764597140485114
0.39764944362827903
0.3976529158517069
0.39765638807513476
0.3976598602985626
0.39766333252199043
0.39766680474541827
0.39767027696884616
0.397673749192274
0.3976772214157019
0.3976806936391297
0.39768416586255756
0.39768763808598545
0.3976911103094133
0.3976945825328412
0.397698054756269
0.39770152697969685
0.3977049992031247
0.3977084714265525
0.3977119436499804
0.3977154158734083
0.39771888809683614
0.397722360320264
0.39772583254369187
0.3977293047671197
0.39773277699054754
0.3977362492139754
0.3977397214374032
0.3977431936608311
0.397746665884259
0.39775013810768683
0.39775361033111467
0.39775708255454256
0.3977605547779704
0.3977640270013983
0.3977674992248261
0.39777097144825396
0.3977744436716818
0.3977779158951097
0.3977813881185375
0.39778486034196536
0.39778833256539325
0.3977918047888211
0.397795277012249
0.3977987492356768
0.39780222145910465
0.3978056936825325
0.3978091659059603
0.3978126381293882
0.39781611035281605
0.39781958257624395
0.3978230547996718
0.3978265270230997
0.3978299992465275
0.39783347146995535
0.39783694369338324
0.3978404159168111
0.3978438881402389
0.39784736036366675
0.39785083258709464
0.3978543048105225
0.39785777703395037
0.3978612492573782
0.39786472148080604
0.39786819370423393
0.39787166592766177
0.3978751381510896
0.39787861037451744
0.39788208259794533
0.39788555482137317
0.39788902704480106
0.3978924992682289
0.39789597149165673
0.3978994437150846
0.3979029159385125
0.39790638816194035
0.3979098603853682
0.397913332608796
0.39791680483222386
0.39792027705565175
0.3979237492790796
0.3979272215025075
0.3979306937259353
0.39793416594936315
0.39793763817279104
0.3979411103962189
0.3979445826196467
0.39794805484307455
0.39795152706650244
0.3979549992899303
0.3979584715133581
0.397961943736786
0.3979654159602139
0.39796888818364173
0.39797236040706957
0.39797583263049746
0.3979793048539253
0.39798277707735313
0.39798624930078097
0.3979897215242088
0.3979931937476367
0.3979966659710646
0.3980001381944924
0.39800361041792026
0.39800708264134815
0.398010554864776
0.3980140270882038
0.39801749931163166
0.3980209715350595
0.3980244437584874
0.3980279159819153
0.3980313882053431
0.39803486042877095
0.39803833265219885
0.39804180487562674
0.3980452770990546
0.3980487493224824
0.39805222154591025
0.3980556937693381
0.3980591659927659
0.3980626382161938
0.39806611043962165
0.39806958266304954
0.3980730548864774
0.39807652710990526
0.3980799993333331
0.39808347155676094
0.3980869437801888
0.39809041600361667
0.3980938882270445
0.39809736045047234
0.39810083267390023
0.39810430489732807
0.39810777712075596
0.3981112493441838
0.39811472156761163
0.3981181937910395
0.39812166601446736
0.3981251382378952
0.39812861046132303
0.3981320826847509
0.39813555490817876
0.39813902713160665
0.3981424993550345
0.3981459715784623
0.3981494438018902
0.3981529160253181
0.3981563882487459
0.3981598604721737
0.3981633326956016
0.39816680491902945
0.39817027714245734
0.3981737493658852
0.39817722158931307
0.3981806938127409
0.39818416603616874
0.39818763825959663
0.39819111048302447
0.3981945827064523
0.39819805492988014
0.39820152715330803
0.39820499937673587
0.3982084716001637
0.3982119438235916
0.3982154160470195
0.3982188882704473
0.39822236049387516
0.398225832717303
0.39822930494073083
0.3982327771641587
0.39823624938758656
0.3982397216110144
0.3982431938344423
0.3982466660578702
0.398250138281298
0.39825361050472585
0.39825708272815374
0.3982605549515816
