0.5184029577788047
0.5184064300022326
0.5184099022256604
0.5184133744490883
0.5184168466725162
0.5184203188959441
0.5184237911193719
0.5184272633427998
0.5184307355662277
0.5184342077896555
0.5184376800130833
0.5184411522365112
0.518444624459939
0.5184480966833669
0.5184515689067948
0.5184550411302226
0.5184585133536505
0.5184619855770783
0.5184654578005062
0.518468930023934
0.5184724022473619
0.5184758744707897
0.5184793466942176
0.5184828189176455
0.5184862911410733
0.5184897633645011
0.518493235587929
0.5184967078113569
0.5185001800347847
0.5185036522582126
0.5185071244816404
0.5185105967050683
0.5185140689284962
0.5185175411519239
0.5185210133753518
0.5185244855987797
0.5185279578222076
0.5185314300456354
0.5185349022690633
0.5185383744924911
0.518541846715919
0.5185453189393469
0.5185487911627746
0.5185522633862025
0.5185557356096304
0.5185592078330583
0.5185626800564861
0.518566152279914
0.5185696245033418
0.5185730967267698
0.5185765689501975
0.5185800411736254
0.5185835133970532
0.5185869856204811
0.518590457843909
0.5185939300673368
0.5185974022907647
0.5186008745141925
0.5186043467376205
0.5186078189610482
0.5186112911844761
0.5186147634079039
0.5186182356313318
0.5186217078547597
0.5186251800781875
0.5186286523016154
0.5186321245250431
0.5186355967484712
0.5186390689718989
0.5186425411953268
0.5186460134187546
0.5186494856421825
0.5186529578656104
0.5186564300890382
0.5186599023124661
0.5186633745358938
0.5186668467593218
0.5186703189827496
0.5186737912061775
0.5186772634296053
0.5186807356530333
0.5186842078764611
0.5186876800998889
0.5186911523233168
0.5186946245467445
0.5186980967701725
0.5187015689936003
0.5187050412170282
0.518708513440456
0.518711985663884
0.5187154578873118
0.5187189301107397
0.5187224023341674
0.5187258745575953
0.5187293467810232
0.518732819004451
0.5187362912278789
0.5187397634513067
0.5187432356747347
0.5187467078981625
0.5187501801215904
0.5187536523450181
0.518757124568446
0.5187605967918739
0.5187640690153017
0.5187675412387296
0.5187710134621574
0.5187744856855854
0.5187779579090132
0.518781430132441
0.5187849023558688
0.5187883745792967
0.5187918468027246
0.5187953190261524
0.5187987912495803
0.5188022634730081
0.5188057356964361
0.5188092079198638
0.5188126801432917
0.5188161523667195
0.5188196245901474
0.5188230968135753
0.5188265690370031
0.518830041260431
0.5188335134838588
0.5188369857072868
0.5188404579307145
0.5188439301541424
0.5188474023775702
0.5188508746009981
0.518854346824426
0.5188578190478539
0.5188612912712817
0.5188647634947096
0.5188682357181374
0.5188717079415652
0.5188751801649931
0.5188786523884209
0.5188821246118488
0.5188855968352767
0.5188890690587046
0.5188925412821324
0.5188960135055602
0.5188994857289881
0.5189029579524159
0.5189064301758438
0.5189099023992716
0.5189133746226995
0.5189168468461274
0.5189203190695553
0.518923791292983
0.5189272635164109
0.5189307357398388
0.5189342079632666
0.5189376801866945
0.5189411524101223
0.5189446246335502
0.5189480968569781
0.518951569080406
0.5189550413038337
0.5189585135272616
0.5189619857506895
0.5189654579741174
0.5189689301975452
0.518972402420973
0.5189758746444009
0.5189793468678288
0.5189828190912567
0.5189862913146844
0.5189897635381123
0.5189932357615402
0.5189967079849681
0.5190001802083959
0.5190036524318238
0.5190071246552516
0.5190105968786795
0.5190140691021073
0.5190175413255351
0.519021013548963
0.5190244857723909
0.5190279579958188
0.5190314302192466
0.5190349024426745
0.5190383746661023
0.5190418468895301
0.519045319112958
0.5190487913363858
0.5190522635598137
0.5190557357832416
0.5190592080066695
0.5190626802300973
0.5190661524535252
0.519069624676953
0.5190730969003808
0.5190765691238087
0.5190800413472365
0.5190835135706644
0.5190869857940923
0.5190904580175202
0.519093930240948
