0.010069447940780494
0.010072920164208422
0.010076392387636163
0.01007986461106409
0.010083336834491925
0.01008680905791976
0.010090281281347688
0.010093753504775522
0.010097225728203357
0.010100697951631191
0.010104170175059025
0.010107642398486954
0.010111114621914788
0.010114586845342624
0.010118059068770459
0.010121531292198293
0.010125003515626221
0.010128475739054055
0.01013194796248189
0.010135420185909724
0.010138892409337652
0.010142364632765487
0.010145836856193321
0.010149309079621156
0.010152781303048992
0.010156253526476918
0.010159725749904753
0.010163197973332589
0.010166670196760515
0.010170142420188258
0.010173614643616186
0.01017708686704402
0.010180559090471854
0.010184031313899783
0.010187503537327617
0.010190975760755451
0.010194447984183286
0.01019792020761112
0.010201392431039048
0.010204864654466883
0.010208336877894719
0.010211809101322553
0.01021528132475048
0.010218753548178316
0.01022222577160615
0.010225697995033985
0.010229170218461819
0.010232642441889747
0.010236114665317582
0.010239586888745416
0.01024305911217325
0.010246531335601085
0.010250003559029013
0.010253475782456847
0.010256948005884683
0.01026042022931261
0.010263892452740352
0.01026736467616828
0.010270836899596115
0.01027430912302395
0.010277781346451877
0.010281253569879712
0.010284725793307546
0.01028819801673538
0.010291670240163215
0.010295142463591143
0.010298614687018978
0.010302086910446812
0.010305559133874648
0.010309031357302574
0.01031250358073041
0.010315975804158245
0.01031944802758608
0.010322920251013914
0.010326392474441842
0.010329864697869676
0.01033333692129751
0.010336809144725439
0.01034028136815318
0.010343753591581108
0.010347225815008942
0.010350698038436777
0.010354170261864705
0.010357642485292539
0.010361114708720375
0.01036458693214821
0.010368059155576044
0.010371531379003972
0.010375003602431807
0.010378475825859641
0.010381948049287475
0.01038542027271531
0.010388892496143238
0.010392364719571072
0.010395836942998907
0.010399309166426741
0.01040278138985467
0.010406253613282412
0.01040972583671034
0.010413198060138174
0.010416670283566009
0.010420142506993937
0.010423614730421771
0.010427086953849606
0.010430559177277534
0.010434031400705274
0.010437503624133202
0.010440975847561037
0.010444448070988871
0.0104479202944168
0.010451392517844634
0.010454864741272468
0.010458336964700304
0.010461809188128139
0.010465281411556067
0.010468753634983901
0.010472225858411736
0.01047569808183957
0.010479170305267405
0.010482642528695239
0.010486114752123167
0.010489586975551001
0.010493059198978836
0.010496531422406764
0.010500003645834598
0.010503475869262433
0.010506948092690269
0.010510420316118103
0.010513892539546031
0.010517364762973866
0.0105208369864017
0.010524309209829628
0.01052778143325737
0.010531253656685297
0.010534725880113132
0.010538198103540966
0.0105416703269688
0.010545142550396729
0.010548614773824563
0.0105520869972524
0.010555559220680234
0.010559031444108068
0.010562503667535996
0.01056597589096383
0.010569448114391665
0.010572920337819593
0.010576392561247334
0.010579864784675262
0.010583337008103096
0.01058680923153093
0.010590281454958859
0.010593753678386693
0.010597225901814528
0.010600698125242364
0.010604170348670198
0.010607642572098126
0.01061111479552596
0.010614587018953795
0.01061805924238163
0.010621531465809464
0.010625003689237392
0.010628475912665226
0.010631948136093061
0.010635420359520895
0.010638892582948823
0.010642364806376658
0.010645837029804492
0.010649309253232328
0.010652781476660163
0.010656253700088091
0.010659725923515925
0.01066319814694376
0.010666670370371688
0.010670142593799429
0.010673614817227357
0.010677087040655191
0.010680559264083025
0.010684031487510954
0.010687503710938788
0.010690975934366622
0.010694448157794457
0.010697920381222293
0.01070139260465022
0.010704864828078055
0.01070833705150589
0.010711809274933724
0.010715281498361652
0.010718753721789487
0.010722225945217321
0.010725698168645156
0.01072917039207299
0.010732642615500918
0.010736114838928753
0.010739587062356587
0.010743059285784421
0.010746531509212258
0.010750003732640184
0.01075347595606802
0.010756948179495854
0.010760420402923783
