0.238541749493663
0.2385452217170909
0.23854869394051872
0.2385521661639466
0.2385556383873744
0.23855911061080226
0.23856258283423015
0.238566055057658
0.23856952728108585
0.2385729995045137
0.23857647172794158
0.23857994395136947
0.23858341617479725
0.23858688839822512
0.23859036062165295
0.23859383284508084
0.23859730506850868
0.23860077729193657
0.2386042495153644
0.23860772173879222
0.2386111939622201
0.23861466618564794
0.23861813840907584
0.2386216106325037
0.2386250828559315
0.23862855507935937
0.2386320273027872
0.2386354995262151
0.23863897174964296
0.2386424439730708
0.2386459161964987
0.23864938841992647
0.23865286064335436
0.23865633286678223
0.23865980509021006
0.23866327731363796
0.2386667495370658
0.23867022176049368
0.23867369398392146
0.23867716620734933
0.23868063843077722
0.23868411065420506
0.23868758287763295
0.23869105510106078
0.23869452732448865
0.23869799954791654
0.23870147177134432
0.2387049439947722
0.23870841621820005
0.2387118884416279
0.2387153606650558
0.23871883288848364
0.23872230511191148
0.2387257773353393
0.23872924955876718
0.23873272178219507
0.2387361940056229
0.2387396662290508
0.23874313845247863
0.23874661067590647
0.23875008289933428
0.23875355512276217
0.23875702734619006
0.2387604995696179
0.23876397179304576
0.23876744401647357
0.23877091623990143
0.23877438846332932
0.23877786068675716
0.23878133291018502
0.23878480513361286
0.23878827735704075
0.23879174958046864
0.23879522180389642
0.2387986940273243
0.23880216625075212
0.23880563847418002
0.23880911069760785
0.23881258292103574
0.2388160551444636
0.2388195273678914
0.23882299959131928
0.23882647181474712
0.238829944038175
0.23883341626160287
0.2388368884850307
0.2388403607084586
0.23884383293188638
0.23884730515531427
0.23885077737874214
0.23885424960216997
0.23885772182559786
0.2388611940490257
0.23886466627245354
0.2388681384958814
0.23887161071930924
0.23887508294273713
0.23887855516616496
0.23888202738959285
0.2388854996130207
0.2388889718364485
0.2388924440598764
0.23889591628330423
0.23889938850673212
0.23890286073015995
0.23890633295358782
0.2389098051770157
0.2389132774004435
0.23891674962387138
0.23892022184729922
0.23892369407072708
0.23892716629415497
0.2389306385175828
0.2389341107410107
0.23893758296443848
0.23894105518786635
0.23894452741129424
0.23894799963472207
0.23895147185814997
0.2389549440815778
0.23895841630500567
0.23896188852843345
0.23896536075186134
0.23896883297528923
0.23897230519871707
0.23897577742214493
0.23897924964557277
0.23898272186900066
0.2389861940924285
0.23898966631585633
0.2389931385392842
0.23899661076271203
0.23900008298613992
0.23900355520956781
0.2390070274329956
0.23901049965642346
0.2390139718798513
0.2390174441032792
0.23902091632670702
0.23902438855013491
0.23902786077356278
0.23903133299699056
0.23903480522041845
0.2390382774438463
0.23904174966727418
0.23904522189070204
0.23904869411412988
0.23905216633755777
0.23905563856098555
0.23905911078441344
0.2390625830078413
0.23906605523126914
0.23906952745469703
0.23907299967812487
0.23907647190155276
0.23907994412498063
0.2390834163484084
0.2390868885718363
0.23909036079526413
0.23909383301869203
0.23909730524211986
0.23910077746554773
0.23910424968897556
0.2391077219124034
0.2391111941358313
0.23911466635925913
0.239118138582687
0.23912161080611488
0.23912508302954266
0.23912855525297055
0.2391320274763984
0.23913549969982625
0.23913897192325415
0.23914244414668198
0.23914591637010987
0.23914938859353765
0.23915286081696552
0.2391563330403934
0.23915980526382125
0.23916327748724914
0.23916674971067697
0.23917022193410484
0.23917369415753262
0.2391771663809605
0.2391806386043884
0.23918411082781624
0.2391875830512441
0.23919105527467194
0.23919452749809983
0.23919799972152772
0.2392014719449555
0.23920494416838337
0.2392084163918112
0.2392118886152391
0.23921536083866698
0.23921883306209482
0.23922230528552269
0.23922577750895047
0.23922924973237836
0.2392327219558062
