0.7232641400222708
0.7232676122456987
0.7232710844691266
0.7232745566925545
0.7232780289159823
0.7232815011394101
0.7232849733628379
0.7232884455862658
0.7232919178096936
0.7232953900331215
0.7232988622565495
0.7233023344799773
0.7233058067034052
0.7233092789268329
0.7233127511502608
0.7233162233736886
0.7233196955971165
0.7233231678205444
0.7233266400439722
0.7233301122674001
0.723333584490828
0.7233370567142559
0.7233405289376836
0.7233440011611115
0.7233474733845393
0.7233509456079672
0.7233544178313951
0.723357890054823
0.7233613622782508
0.7233648345016787
0.7233683067251065
0.7233717789485343
0.7233752511719622
0.72337872339539
0.7233821956188179
0.7233856678422457
0.7233891400656737
0.7233926122891016
0.7233960845125293
0.7233995567359572
0.723403028959385
0.7234065011828129
0.7234099734062407
0.7234134456296686
0.7234169178530965
0.7234203900765244
0.7234238622999521
0.72342733452338
0.7234308067468079
0.7234342789702357
0.7234377511936636
0.7234412234170914
0.7234446956405193
0.7234481678639472
0.7234516400873751
0.723455112310803
0.7234585845342308
0.7234620567576586
0.7234655289810864
0.7234690012045143
0.7234724734279421
0.72347594565137
0.7234794178747977
0.7234828900982258
0.7234863623216536
0.7234898345450815
0.7234933067685093
0.7234967789919372
0.723500251215365
0.7235037234387929
0.7235071956622207
0.7235106678856486
0.7235141401090764
0.7235176123325042
0.7235210845559322
0.72352455677936
0.7235280290027879
0.7235315012262157
0.7235349734496436
0.7235384456730714
0.7235419178964992
0.7235453901199271
0.723548862343355
0.7235523345667829
0.7235558067902107
0.7235592790136386
0.7235627512370664
0.7235662234604943
0.723569695683922
0.7235731679073499
0.7235766401307778
0.7235801123542056
0.7235835845776336
0.7235870568010614
0.7235905290244893
0.7235940012479171
0.723597473471345
0.7236009456947727
0.7236044179182007
0.7236078901416285
0.7236113623650563
0.7236148345884843
0.7236183068119121
0.72362177903534
0.7236252512587678
0.7236287234821956
0.7236321957056234
0.7236356679290513
0.7236391401524792
0.7236426123759071
0.723646084599335
0.7236495568227628
0.7236530290461907
0.7236565012696184
0.7236599734930463
0.7236634457164741
0.7236669179399021
0.7236703901633299
0.7236738623867578
0.7236773346101857
0.7236808068336135
0.7236842790570414
0.7236877512804691
0.723691223503897
0.7236946957273248
0.7236981679507528
0.7237016401741806
0.7237051123976085
0.7237085846210364
0.7237120568444642
0.723715529067892
0.7237190012913198
0.7237224735147477
0.7237259457381755
0.7237294179616034
0.7237328901850313
0.7237363624084593
0.7237398346318871
0.723743306855315
0.7237467790787427
0.7237502513021705
0.7237537235255984
0.7237571957490262
0.7237606679724542
0.723764140195882
0.7237676124193099
0.7237710846427378
0.7237745568661657
0.7237780290895934
0.7237815013130213
0.7237849735364491
0.723788445759877
0.7237919179833048
0.7237953902067327
0.7237988624301607
0.7238023346535885
0.7238058068770163
0.7238092791004441
0.723812751323872
0.7238162235472998
0.7238196957707277
0.7238231679941556
0.7238266402175834
0.7238301124410113
0.7238335846644391
0.723837056887867
0.7238405291112948
0.7238440013347227
0.7238474735581505
0.7238509457815784
0.7238544180050063
0.723857890228434
0.723861362451862
0.7238648346752898
0.7238683068987177
0.7238717791221455
0.7238752513455734
0.7238787235690012
0.7238821957924291
0.7238856680158569
0.7238891402392847
0.7238926124627127
0.7238960846861405
0.7238995569095684
0.7239030291329962
0.7239065013564241
0.7239099735798519
0.7239134458032798
0.7239169180267077
0.7239203902501355
0.7239238624735633
0.7239273346969912
0.7239308069204191
0.7239342791438469
0.7239377513672748
0.7239412235907026
0.7239446958141305
0.7239481680375583
0.7239516402609862
0.7239551124844141
