0.007291669198496187
0.007295141421924115
0.00729861364535195
0.007302085868779784
0.007305558092207619
0.0073090303156355466
0.007312502539063382
0.007315974762491216
0.007319446985919051
0.007322919209346885
0.007326391432774813
0.007329863656202648
0.007333335879630483
0.007336808103058317
0.007340280326486152
0.00734375254991408
0.007347224773341914
0.007350696996769749
0.007354169220197677
0.007357641443625418
0.0073611136670533464
0.007364585890481181
0.007368058113909015
0.007371530337336943
0.007375002560764778
0.007378474784192612
0.0073819470076204475
0.007385419231048282
0.00738889145447621
0.007392363677904044
0.007395835901331879
0.007399308124759713
0.007402780348187641
0.007406252571615476
0.007409724795043311
0.0074131970184711455
0.00741666924189898
0.007420141465326908
0.007423613688754742
0.007427085912182577
0.007430558135610505
0.0074340303590382465
0.007437502582466175
0.007440974805894009
0.0074444470293218434
0.0074479192527497715
0.007451391476177606
0.00745486369960544
0.007458335923033276
0.00746180814646111
0.007465280369889038
0.007468752593316873
0.007472224816744707
0.007475697040172542
0.007479169263600377
0.007482641487028304
0.007486113710456139
0.007489585933883974
0.007493058157311808
0.007496530380739736
0.007500002604167478
0.007503474827595406
0.00750694705102324
0.007510419274451075
0.007513891497879003
0.007517363721306837
0.007520835944734672
0.0075243081681626
0.007527780391590341
0.0075312526150182685
0.007534724838446104
0.007538197061873938
0.007541669285301866
0.007545141508729701
0.007548613732157535
0.00755208595558537
0.007555558179013205
0.007559030402441039
0.007562502625868967
0.007565974849296802
0.007569447072724636
0.007572919296152564
0.007576391519580306
0.007579863743008234
0.007583335966436068
0.007586808189863903
0.007590280413291831
0.007593752636719665
0.0075972248601475
0.007600697083575335
0.0076041693070031694
0.0076076415304310975
0.007611113753858932
0.007614585977286766
0.0076180582007146945
0.007621530424142436
0.007625002647570363
0.007628474870998199
0.007631947094426033
0.007635419317853867
0.0076388915412817955
0.00764236376470963
0.007645835988137464
0.0076493082115653
0.007652780434993134
0.007656252658421062
0.0076597248818488966
0.007663197105276731
0.007666669328704659
0.007670141552132401
0.007673613775560328
0.007677085998988163
0.007680558222415998
0.007684030445843926
0.00768750266927176
0.0076909748926995945
0.007694447116127429
0.007697919339555264
0.0077013915629831915
0.007704863786411027
0.007708336009838861
0.007711808233266696
0.00771528045669453
0.007718752680122458
0.0077222249035502925
0.007725697126978128
0.007729169350405962
0.00773264157383389
0.007736113797261725
0.007739586020689559
0.0077430582441173935
0.007746530467545229
0.007750002690973156
0.007753474914400991
0.007756947137828826
0.007760419361256754
0.0077638915846844955
0.007767363808112423
0.007770836031540257
0.007774308254968092
0.00777778047839602
0.007781252701823855
0.007784724925251689
0.007788197148679524
0.007791669372107359
0.007795141595535286
0.007798613818963121
0.007802086042390956
0.00780555826581879
0.0078090304892467184
0.007812502712674552
0.007815974936102388
0.007819447159530223
0.007822919382958057
0.007826391606385985
0.00782986382981382
0.007833336053241654
0.007836808276669488
0.007840280500097323
0.00784375272352525
0.007847224946953085
0.00785069717038092
0.007854169393808848
0.00785764161723659
0.007861113840664518
0.007864586064092353
0.007868058287520187
0.007871530510948115
0.00787500273437595
0.007878474957803784
0.007881947181231619
0.007885419404659453
0.007888891628087381
0.007892363851515215
0.00789583607494305
0.007899308298370884
0.007902780521798812
0.007906252745226647
0.007909724968654483
0.007913197192082317
0.007916669415510152
0.00792014163893808
0.007923613862365914
0.007927086085793749
0.007930558309221677
0.007934030532649418
0.007937502756077346
0.00794097497950518
0.007944447202933014
0.007947919426360943
0.007951391649788777
0.007954863873216611
0.007958336096644448
0.007961808320072282
0.00796528054350021
0.007968752766928044
0.007972224990355879
0.007975697213783713
0.007979169437211548
0.007982641660639382
