0.6635418970631587
0.6635453692865866
0.6635488415100144
0.6635523137334424
0.6635557859568701
0.663559258180298
0.6635627304037258
0.6635662026271536
0.6635696748505816
0.6635731470740094
0.6635766192974373
0.6635800915208651
0.663583563744293
0.6635870359677208
0.6635905081911487
0.6635939804145765
0.6635974526380044
0.6636009248614322
0.6636043970848601
0.663607869308288
0.6636113415317157
0.6636148137551438
0.6636182859785715
0.6636217582019994
0.6636252304254272
0.6636287026488551
0.6636321748722829
0.6636356470957108
0.6636391193191387
0.6636425915425664
0.6636460637659944
0.6636495359894222
0.6636530082128501
0.6636564804362779
0.6636599526597058
0.6636634248831337
0.6636668971065615
0.6636703693299894
0.6636738415534171
0.663677313776845
0.6636807860002729
0.6636842582237008
0.6636877304471286
0.6636912026705565
0.6636946748939843
0.6636981471174123
0.66370161934084
0.6637050915642679
0.6637085637876958
0.6637120360111236
0.6637155082345515
0.6637189804579793
0.6637224526814072
0.663725924904835
0.663729397128263
0.6637328693516907
0.6637363415751186
0.6637398137985465
0.6637432860219743
0.6637467582454022
0.66375023046883
0.6637537026922579
0.6637571749156856
0.6637606471391136
0.6637641193625414
0.6637675915859693
0.6637710638093972
0.663774536032825
0.6637780082562529
0.6637814804796807
0.6637849527031086
0.6637884249265363
0.6637918971499643
0.6637953693733921
0.66379884159682
0.6638023138202479
0.6638057860436757
0.6638092582671036
0.6638127304905314
0.6638162027139592
0.6638196749373871
0.663823147160815
0.6638266193842428
0.6638300916076707
0.6638335638310985
0.6638370360545265
0.6638405082779543
0.6638439805013822
0.6638474527248099
0.6638509249482377
0.6638543971716656
0.6638578693950935
0.6638613416185214
0.6638648138419493
0.6638682860653772
0.663871758288805
0.6638752305122329
0.6638787027356606
0.6638821749590885
0.6638856471825164
0.6638891194059442
0.6638925916293721
0.6638960638528
0.6638995360762279
0.6639030082996557
0.6639064805230835
0.6639099527465113
0.6639134249699392
0.6639168971933671
0.6639203694167949
0.6639238416402228
0.6639273138636506
0.6639307860870786
0.6639342583105063
0.6639377305339342
0.663941202757362
0.6639446749807899
0.6639481472042178
0.6639516194276456
0.6639550916510735
0.6639585638745014
0.6639620360979293
0.663965508321357
0.6639689805447849
0.6639724527682127
0.6639759249916406
0.6639793972150685
0.6639828694384964
0.6639863416619242
0.663989813885352
0.66399328610878
0.6639967583322077
0.6640002305556356
0.6640037027790634
0.6640071750024913
0.6640106472259192
0.6640141194493471
0.6640175916727749
0.6640210638962027
0.6640245361196306
0.6640280083430584
0.6640314805664863
0.6640349527899141
0.664038425013342
0.6640418972367699
0.6640453694601978
0.6640488416836255
0.6640523139070534
0.6640557861304813
0.6640592583539091
0.664062730577337
0.6640662028007648
0.6640696750241928
0.6640731472476206
0.6640766194710485
0.6640800916944762
0.6640835639179041
0.664087036141332
0.6640905083647598
0.6640939805881877
0.6640974528116155
0.6641009250350434
0.6641043972584711
0.6641078694818991
0.6641113417053269
0.6641148139287549
0.6641182861521827
0.6641217583756106
0.6641252305990384
0.6641287028224663
0.6641321750458941
0.664135647269322
0.6641391194927498
0.6641425917161776
0.6641460639396056
0.6641495361630334
0.6641530083864613
0.6641564806098891
0.664159952833317
0.6641634250567449
0.6641668972801726
0.6641703695036005
0.6641738417270283
0.6641773139504562
0.6641807861738841
0.664184258397312
0.6641877306207398
0.6641912028441677
0.6641946750675954
0.6641981472910233
0.6642016195144512
0.664205091737879
0.664208563961307
0.6642120361847348
0.6642155084081627
0.6642189806315905
0.6642224528550184
0.6642259250784461
0.664229397301874
0.6642328695253019
