0.8572919643374876
0.8572954365609153
0.8572989087843433
0.8573023810077712
0.857305853231199
0.8573093254546269
0.8573127976780547
0.8573162699014826
0.8573197421249104
0.8573232143483382
0.857326686571766
0.8573301587951941
0.8573336310186219
0.8573371032420498
0.8573405754654776
0.8573440476889054
0.8573475199123333
0.857350992135761
0.8573544643591892
0.8573579365826167
0.8573614088060448
0.8573648810294726
0.8573683532529005
0.8573718254763283
0.8573752976997562
0.857378769923184
0.8573822421466119
0.8573857143700399
0.8573891865934676
0.8573926588168955
0.8573961310403233
0.8573996032637512
0.857403075487179
0.8574065477106069
0.8574100199340347
0.8574134921574625
0.8574169643808903
0.8574204366043182
0.8574239088277462
0.857427381051174
0.8574308532746019
0.8574343254980297
0.8574377977214576
0.8574412699448853
0.8574447421683132
0.8574482143917412
0.8574516866151689
0.8574551588385969
0.8574586310620247
0.8574621032854526
0.8574655755088804
0.8574690477323083
0.857472519955736
0.8574759921791639
0.8574794644025919
0.8574829366260197
0.8574864088494476
0.8574898810728754
0.8574933532963033
0.857496825519731
0.857500297743159
0.8575037699665867
0.8575072421900146
0.8575107144134424
0.8575141866368703
0.8575176588602983
0.8575211310837261
0.857524603307154
0.8575280755305817
0.8575315477540096
0.8575350199774374
0.8575384922008653
0.8575419644242933
0.857545436647721
0.857548908871149
0.8575523810945768
0.8575558533180047
0.8575593255414324
0.8575627977648603
0.8575662699882881
0.857569742211716
0.857573214435144
0.8575766866585719
0.8575801588819997
0.8575836311054275
0.8575871033288553
0.8575905755522831
0.857594047775711
0.8575975199991388
0.8576009922225667
0.8576044644459945
0.8576079366694224
0.8576114088928504
0.8576148811162783
0.857618353339706
0.8576218255631339
0.8576252977865617
0.8576287700099895
0.8576322422334174
0.8576357144568454
0.8576391866802731
0.8576426589037011
0.857646131127129
0.8576496033505567
0.8576530755739846
0.8576565477974124
0.8576600200208403
0.8576634922442681
0.8576669644676961
0.857670436691124
0.8576739089145518
0.8576773811379796
0.8576808533614074
0.8576843255848353
0.8576877978082631
0.857691270031691
0.8576947422551188
0.8576982144785467
0.8577016867019744
0.8577051589254024
0.8577086311488303
0.8577121033722581
0.857715575595686
0.8577190478191138
0.8577225200425417
0.8577259922659695
0.8577294644893975
0.8577329367128251
0.8577364089362531
0.857739881159681
0.8577433533831088
0.8577468256065367
0.8577502978299645
0.8577537700533924
0.8577572422768202
0.8577607145002482
0.8577641867236758
0.8577676589471038
0.8577711311705317
0.8577746033939595
0.8577780756173874
0.8577815478408152
0.8577850200642431
0.8577884922876708
0.8577919645110988
0.8577954367345265
0.8577989089579545
0.8578023811813824
0.8578058534048102
0.8578093256282381
0.8578127978516659
0.8578162700750938
0.8578197422985215
0.8578232145219494
0.8578266867453772
0.8578301589688052
0.8578336311922331
0.8578371034156609
0.8578405756390888
0.8578440478625166
0.8578475200859444
0.8578509923093722
0.8578544645328003
0.8578579367562279
0.857861408979656
0.8578648812030838
0.8578683534265116
0.8578718256499395
0.8578752978733672
0.8578787700967951
0.8578822423202229
0.857885714543651
0.8578891867670788
0.8578926589905067
0.8578961312139345
0.8578996034373624
0.8579030756607902
0.857906547884218
0.8579100201076458
0.8579134923310736
0.8579169645545015
0.8579204367779293
0.8579239090013574
0.8579273812247852
0.8579308534482131
0.8579343256716409
0.8579377978950687
0.8579412701184965
0.8579447423419244
0.8579482145653524
0.8579516867887801
0.8579551590122081
0.8579586312356356
0.8579621034590638
0.8579655756824915
0.8579690479059194
0.8579725201293472
0.8579759923527751
0.8579794645762031
0.8579829367996309
