0.870486413363338
0.8704898855867659
0.8704933578101937
0.8704968300336215
0.8705003022570493
0.8705037744804772
0.870507246703905
0.8705107189273331
0.8705141911507607
0.8705176633741888
0.8705211355976166
0.8705246078210445
0.8705280800444722
0.8705315522679
0.8705350244913279
0.8705384967147557
0.8705419689381836
0.8705454411616114
0.8705489133850395
0.8705523856084673
0.8705558578318952
0.8705593300553229
0.8705628022787508
0.8705662745021786
0.8705697467256065
0.8705732189490345
0.8705766911724621
0.8705801633958902
0.870583635619318
0.8705871078427458
0.8705905800661736
0.8705940522896015
0.8705975245130293
0.8706009967364572
0.8706044689598852
0.870607941183313
0.8706114134067409
0.8706148856301686
0.8706183578535965
0.8706218300770243
0.8706253023004522
0.87062877452388
0.8706322467473079
0.8706357189707357
0.8706391911941636
0.8706426634175916
0.8706461356410193
0.8706496078644472
0.870653080087875
0.8706565523113029
0.8706600245347307
0.8706634967581586
0.8706669689815866
0.8706704412050142
0.8706739134284422
0.8706773856518699
0.8706808578752979
0.8706843300987257
0.8706878023221536
0.8706912745455814
0.8706947467690093
0.8706982189924373
0.870701691215865
0.8707051634392929
0.8707086356627207
0.8707121078861486
0.8707155801095764
0.8707190523330043
0.8707225245564321
0.87072599677986
0.8707294690032877
0.8707329412267156
0.8707364134501436
0.8707398856735714
0.8707433578969993
0.8707468301204271
0.870750302343855
0.8707537745672828
0.8707572467907106
0.8707607190141387
0.8707641912375663
0.8707676634609943
0.8707711356844221
0.87077460790785
0.8707780801312778
0.8707815523547057
0.8707850245781334
0.8707884968015613
0.8707919690249893
0.8707954412484172
0.870798913471845
0.8708023856952729
0.8708058579187007
0.8708093301421286
0.8708128023655564
0.8708162745889841
0.870819746812412
0.8708232190358398
0.8708266912592677
0.8708301634826957
0.8708336357061236
0.8708371079295514
0.8708405801529793
0.870844052376407
0.8708475245998349
0.8708509968232627
0.8708544690466907
0.8708579412701184
0.8708614134935464
0.8708648857169743
0.8708683579404021
0.87087183016383
0.8708753023872577
0.8708787746106856
0.8708822468341134
0.8708857190575414
0.8708891912809691
0.8708926635043971
0.870896135727825
0.8708996079512528
0.8709030801746807
0.8709065523981084
0.8709100246215363
0.8709134968449641
0.870916969068392
0.8709204412918198
0.8709239135152478
0.8709273857386757
0.8709308579621035
0.8709343301855313
0.8709378024089591
0.870941274632387
0.8709447468558148
0.8709482190792428
0.8709516913026705
0.8709551635260985
0.8709586357495264
0.8709621079729541
0.870965580196382
0.8709690524198098
0.8709725246432377
0.8709759968666655
0.8709794690900935
0.8709829413135212
0.8709864135369492
0.8709898857603771
0.8709933579838048
0.8709968302072327
0.8710003024306605
0.8710037746540884
0.8710072468775162
0.8710107191009442
0.8710141913243719
0.8710176635477999
0.8710211357712278
0.8710246079946555
0.8710280802180834
0.8710315524415112
0.8710350246649391
0.8710384968883669
0.8710419691117948
0.8710454413352225
0.8710489135586506
0.8710523857820784
0.8710558580055062
0.8710593302289341
0.8710628024523619
0.8710662746757898
0.8710697468992176
0.8710732191226457
0.8710766913460732
0.8710801635695014
0.8710836357929291
0.871087108016357
0.8710905802397848
0.8710940524632127
0.8710975246866405
0.8711009969100683
0.8711044691334964
0.8711079413569242
0.871111413580352
0.8711148858037798
0.8711183580272077
0.8711218302506355
0.8711253024740634
0.8711287746974912
0.8711322469209191
0.8711357191443468
0.8711391913677747
0.8711426635912027
0.8711461358146305
0.8711496080380584
0.8711530802614862
0.8711565524849141
0.8711600247083419
0.8711634969317698
0.8711669691551978
0.8711704413786254
0.8711739136020534
0.8711773858254811
