0.7392363677904055
0.7392398400138334
0.7392433122372613
0.739246784460689
0.7392502566841169
0.7392537289075447
0.7392572011309726
0.7392606733544004
0.7392641455778283
0.7392676178012563
0.739271090024684
0.7392745622481119
0.7392780344715397
0.7392815066949676
0.7392849789183954
0.7392884511418233
0.7392919233652512
0.7392953955886791
0.7392988678121069
0.7393023400355347
0.7393058122589626
0.7393092844823904
0.7393127567058183
0.7393162289292461
0.739319701152674
0.7393231733761019
0.7393266455995298
0.7393301178229577
0.7393335900463854
0.7393370622698133
0.7393405344932411
0.739344006716669
0.7393474789400968
0.7393509511635247
0.7393544233869525
0.7393578956103805
0.7393613678338083
0.7393648400572361
0.739368312280664
0.7393717845040918
0.7393752567275197
0.7393787289509475
0.7393822011743754
0.7393856733978033
0.7393891456212311
0.7393926178446589
0.7393960900680869
0.7393995622915147
0.7394030345149425
0.7394065067383704
0.7394099789617982
0.7394134511852261
0.7394169234086538
0.7394203956320818
0.7394238678555097
0.7394273400789376
0.7394308123023654
0.7394342845257933
0.7394377567492211
0.739441228972649
0.7394447011960767
0.7394481734195046
0.7394516456429325
0.7394551178663603
0.7394585900897883
0.7394620623132161
0.739465534536644
0.7394690067600718
0.7394724789834997
0.7394759512069274
0.7394794234303553
0.7394828956537832
0.739486367877211
0.739489840100639
0.7394933123240668
0.7394967845474947
0.7395002567709225
0.7395037289943504
0.7395072012177781
0.739510673441206
0.7395141456646339
0.7395176178880618
0.7395210901114897
0.7395245623349175
0.7395280345583454
0.7395315067817732
0.739534979005201
0.7395384512286288
0.7395419234520567
0.7395453956754846
0.7395488678989124
0.7395523401223404
0.7395558123457682
0.7395592845691961
0.7395627567926238
0.7395662290160517
0.7395697012394795
0.7395731734629075
0.7395766456863353
0.7395801179097632
0.7395835901331911
0.7395870623566189
0.7395905345800468
0.7395940068034745
0.7395974790269024
0.7396009512503302
0.7396044234737581
0.739607895697186
0.7396113679206139
0.7396148401440418
0.7396183123674696
0.7396217845908974
0.7396252568143252
0.7396287290377531
0.7396322012611809
0.7396356734846089
0.7396391457080367
0.7396426179314646
0.7396460901548925
0.7396495623783202
0.7396530346017481
0.7396565068251759
0.7396599790486038
0.7396634512720316
0.7396669234954595
0.7396703957188874
0.7396738679423154
0.7396773401657432
0.739680812389171
0.7396842846125988
0.7396877568360266
0.7396912290594545
0.7396947012828823
0.7396981735063103
0.7397016457297381
0.739705117953166
0.7397085901765938
0.7397120624000217
0.7397155346234495
0.7397190068468774
0.7397224790703052
0.7397259512937331
0.739729423517161
0.7397328957405888
0.7397363679640167
0.7397398401874445
0.7397433124108724
0.7397467846343002
0.7397502568577281
0.7397537290811559
0.7397572013045838
0.7397606735280116
0.7397641457514395
0.7397676179748675
0.7397710901982952
0.7397745624217231
0.7397780346451509
0.7397815068685788
0.7397849790920066
0.7397884513154345
0.7397919235388624
0.7397953957622901
0.739798867985718
0.7398023402091459
0.7398058124325738
0.7398092846560016
0.7398127568794295
0.7398162291028573
0.7398197013262852
0.739823173549713
0.7398266457731408
0.7398301179965688
0.7398335902199966
0.7398370624434245
0.7398405346668523
0.7398440068902802
0.739847479113708
0.7398509513371359
0.7398544235605636
0.7398578957839916
0.7398613680074195
0.7398648402308473
0.7398683124542752
0.739871784677703
0.7398752569011309
0.7398787291245587
0.7398822013479865
0.7398856735714144
0.7398891457948423
0.7398926180182701
0.739896090241698
0.7398995624651259
0.7399030346885537
0.7399065069119816
0.7399099791354093
0.7399134513588372
0.739916923582265
0.739920395805693
0.7399238680291209
0.7399273402525487
