0.7093752463108494
0.7093787185342773
0.7093821907577051
0.709385662981133
0.7093891352045608
0.7093926074279887
0.7093960796514165
0.7093995518748444
0.7094030240982723
0.7094064963217
0.709409968545128
0.7094134407685557
0.7094169129919837
0.7094203852154115
0.7094238574388394
0.7094273296622673
0.7094308018856951
0.709434274109123
0.7094377463325507
0.7094412185559786
0.7094446907794064
0.7094481630028344
0.7094516352262622
0.7094551074496901
0.7094585796731179
0.7094620518965459
0.7094655241199737
0.7094689963434015
0.7094724685668293
0.7094759407902571
0.7094794130136851
0.7094828852371129
0.7094863574605408
0.7094898296839687
0.7094933019073966
0.7094967741308243
0.7095002463542522
0.70950371857768
0.7095071908011079
0.7095106630245358
0.7095141352479636
0.7095176074713915
0.7095210796948194
0.7095245519182473
0.709528024141675
0.7095314963651029
0.7095349685885307
0.7095384408119586
0.7095419130353865
0.7095453852588143
0.7095488574822422
0.70955232970567
0.709555801929098
0.7095592741525257
0.7095627463759536
0.7095662185993814
0.7095696908228093
0.7095731630462372
0.709576635269665
0.7095801074930929
0.7095835797165208
0.7095870519399486
0.7095905241633764
0.7095939963868043
0.7095974686102321
0.70960094083366
0.7096044130570879
0.7096078852805158
0.7096113575039436
0.7096148297273714
0.7096183019507993
0.7096217741742271
0.709625246397655
0.7096287186210828
0.7096321908445108
0.7096356630679386
0.7096391352913665
0.7096426075147942
0.7096460797382221
0.70964955196165
0.7096530241850778
0.7096564964085057
0.7096599686319335
0.7096634408553614
0.7096669130787893
0.7096703853022172
0.7096738575256449
0.7096773297490728
0.7096808019725007
0.7096842741959285
0.7096877464193564
0.7096912186427842
0.7096946908662121
0.70969816308964
0.7097016353130678
0.7097051075364956
0.7097085797599235
0.7097120519833514
0.7097155242067792
0.7097189964302071
0.7097224686536349
0.7097259408770628
0.7097294131004906
0.7097328853239185
0.7097363575473463
0.7097398297707743
0.7097433019942021
0.70974677421763
0.7097502464410578
0.7097537186644857
0.7097571908879134
0.7097606631113412
0.7097641353347692
0.7097676075581971
0.709771079781625
0.7097745520050528
0.7097780242284807
0.7097814964519085
0.7097849686753364
0.7097884408987641
0.709791913122192
0.7097953853456199
0.7097988575690477
0.7098023297924757
0.7098058020159035
0.7098092742393314
0.7098127464627592
0.709816218686187
0.7098196909096148
0.7098231631330427
0.7098266353564706
0.7098301075798985
0.7098335798033264
0.7098370520267542
0.7098405242501821
0.7098439964736099
0.7098474686970377
0.7098509409204655
0.7098544131438934
0.7098578853673213
0.7098613575907491
0.7098648298141771
0.7098683020376049
0.7098717742610328
0.7098752464844605
0.7098787187078884
0.7098821909313162
0.7098856631547442
0.709889135378172
0.7098926076015999
0.7098960798250278
0.7098995520484556
0.7099030242718835
0.7099064964953112
0.7099099687187391
0.7099134409421669
0.7099169131655948
0.7099203853890227
0.7099238576124506
0.7099273298358785
0.7099308020593063
0.7099342742827341
0.7099377465061619
0.7099412187295898
0.7099446909530176
0.7099481631764456
0.7099516353998734
0.7099551076233013
0.7099585798467292
0.709962052070157
0.7099655242935848
0.7099689965170126
0.7099724687404405
0.7099759409638683
0.7099794131872963
0.7099828854107241
0.709986357634152
0.7099898298575799
0.7099933020810077
0.7099967743044355
0.7100002465278633
0.7100037187512912
0.710007190974719
0.7100106631981469
0.7100141354215748
0.7100176076450028
0.7100210798684305
0.7100245520918584
0.7100280243152862
0.7100314965387141
0.7100349687621419
0.7100384409855698
0.7100419132089977
0.7100453854324255
0.7100488576558533
0.7100523298792812
0.7100558021027091
0.7100592743261369
0.7100627465495648
0.7100662187729926
