0.23576397075137873
0.23576744297480653
0.2357709151982344
0.2357743874216623
0.23577785964509013
0.23578133186851802
0.23578480409194583
0.23578827631537372
0.2357917485388016
0.2357952207622294
0.23579869298565728
0.23580216520908512
0.23580563743251298
0.23580910965594087
0.2358125818793687
0.23581605410279657
0.23581952632622438
0.23582299854965225
0.23582647077308008
0.23582994299650797
0.23583341521993584
0.23583688744336367
0.2358403596667915
0.23584383189021935
0.23584730411364724
0.23585077633707513
0.23585424856050294
0.23585772078393083
0.2358611930073586
0.2358646652307865
0.2358681374542144
0.23587160967764223
0.2358750819010701
0.23587855412449793
0.23588202634792582
0.23588549857135369
0.2358889707947815
0.23589244301820936
0.2358959152416372
0.23589938746506509
0.23590285968849292
0.23590633191192079
0.23590980413534868
0.23591327635877646
0.23591674858220435
0.23592022080563219
0.23592369302906008
0.23592716525248794
0.23593063747591578
0.23593410969934367
0.23593758192277145
0.23594105414619934
0.2359445263696272
0.23594799859305504
0.23595147081648293
0.23595494303991077
0.2359584152633386
0.23596188748676647
0.2359653597101943
0.2359688319336222
0.23597230415705003
0.2359757763804779
0.23597924860390573
0.23598272082733357
0.23598619305076146
0.2359896652741893
0.2359931374976172
0.235996609721045
0.2360000819444729
0.23600355416790078
0.23600702639132856
0.23601049861475645
0.2360139708381843
0.23601744306161215
0.23602091528504004
0.23602438750846788
0.23602785973189574
0.23603133195532355
0.23603480417875142
0.23603827640217925
0.23604174862560715
0.236045220849035
0.23604869307246285
0.23605216529589074
0.23605563751931852
0.2360591097427464
0.2360625819661743
0.23606605418960214
0.23606952641303
0.23607299863645784
0.23607647085988573
0.23607994308331356
0.2360834153067414
0.23608688753016926
0.2360903597535971
0.236093831977025
0.23609730420045286
0.23610077642388066
0.23610424864730853
0.23610772087073637
0.23611119309416426
0.2361146653175921
0.23611813754101996
0.23612160976444785
0.23612508198787563
0.23612855421130352
0.23613202643473136
0.23613549865815925
0.2361389708815871
0.23614244310501495
0.23614591532844284
0.23614938755187062
0.2361528597752985
0.23615633199872638
0.2361598042221542
0.2361632764455821
0.23616674866900994
0.2361702208924378
0.2361736931158657
0.23617716533929348
0.23618063756272137
0.2361841097861492
0.23618758200957707
0.2361910542330049
0.2361945264564328
0.23619799867986063
0.23620147090328847
0.23620494312671636
0.2362084153501442
0.23621188757357206
0.23621535979699995
0.2362188320204278
0.23622230424385562
0.23622577646728346
0.23622924869071132
0.23623272091413922
0.23623619313756705
0.23623966536099492
0.23624313758442272
0.2362466098078506
0.23625008203127842
0.23625355425470632
0.2362570264781342
0.23626049870156202
0.2362639709249899
0.2362674431484177
0.23627091537184558
0.23627438759527347
0.2362778598187013
0.23628133204212917
0.236284804265557
0.2362882764889849
0.23629174871241276
0.23629522093584057
0.23629869315926844
0.23630216538269627
0.23630563760612416
0.23630910982955203
0.23631258205297986
0.23631605427640776
0.23631952649983554
0.23632299872326343
0.23632647094669126
0.23632994317011913
0.23633341539354702
0.23633688761697486
0.2363403598404027
0.23634383206383053
0.23634730428725842
0.23635077651068628
0.23635424873411412
0.236357720957542
0.2363611931809698
0.23636466540439768
0.23636813762782555
0.23637160985125338
0.23637508207468128
0.2363785542981091
0.23638202652153698
0.23638549874496487
0.23638897096839265
0.23639244319182054
0.23639591541524838
0.23639938763867627
0.23640285986210408
0.23640633208553197
0.23640980430895986
0.23641327653238764
0.23641674875581553
0.23642022097924337
0.23642369320267123
0.23642716542609912
0.23643063764952696
0.23643410987295482
0.23643758209638263
0.2364410543198105
0.2364445265432384
0.23644799876666622
0.2364514709900941
0.23645494321352192
