0.1468750509982816
0.14687852322170944
0.14688199544513728
0.14688546766856514
0.14688893989199298
0.14689241211542087
0.14689588433884873
0.14689935656227654
0.1469028287857044
0.14690630100913224
0.14690977323256013
0.146913245455988
0.14691671767941583
0.14692018990284372
0.1469236621262715
0.1469271343496994
0.1469306065731273
0.1469340787965551
0.146937551019983
0.14694102324341082
0.14694449546683871
0.1469479676902665
0.1469514399136944
0.14695491213712225
0.1469583843605501
0.14696185658397798
0.14696532880740582
0.14696880103083368
0.14697227325426157
0.14697574547768935
0.14697921770111724
0.14698268992454508
0.14698616214797294
0.14698963437140083
0.14699310659482867
0.1469965788182565
0.14700005104168434
0.14700352326511223
0.1470069954885401
0.14701046771196793
0.14701393993539583
0.14701741215882366
0.1470208843822515
0.14702435660567933
0.1470278288291072
0.1470313010525351
0.14703477327596293
0.1470382454993908
0.1470417177228186
0.14704518994624646
0.14704866216967435
0.1470521343931022
0.14705560661653005
0.1470590788399579
0.14706255106338578
0.14706602328681367
0.14706949551024145
0.14707296773366935
0.14707643995709715
0.14707991218052505
0.14708338440395294
0.14708685662738077
0.14709032885080864
0.14709380107423645
0.1470972732976643
0.14710074552109215
0.14710421774452004
0.1471076899679479
0.14711116219137574
0.14711463441480363
0.1471181066382314
0.1471215788616593
0.14712505108508717
0.147128523308515
0.1471319955319429
0.14713546775537073
0.14713893997879857
0.14714241220222646
0.1471458844256543
0.14714935664908216
0.14715282887251
0.14715630109593789
0.14715977331936567
0.14716324554279356
0.14716671776622142
0.14717018998964926
0.14717366221307715
0.14717713443650499
0.14718060665993285
0.14718407888336074
0.14718755110678852
0.14719102333021641
0.14719449555364425
0.14719796777707211
0.1472014400005
0.14720491222392784
0.14720838444735573
0.14721185667078351
0.1472153288942114
0.14721880111763927
0.1472222733410671
0.147225745564495
0.14722921778792283
0.1472326900113507
0.1472361622347785
0.14723963445820637
0.14724310668163426
0.1472465789050621
0.14725005112848996
0.1472535233519178
0.1472569955753457
0.14726046779877353
0.14726394002220136
0.14726741224562923
0.14727088446905706
0.14727435669248495
0.14727782891591285
0.14728130113934063
0.14728477336276852
0.14728824558619633
0.14729171780962422
0.1472951900330521
0.14729866225647995
0.1473021344799078
0.14730560670333562
0.14730907892676348
0.14731255115019132
0.1473160233736192
0.14731949559704707
0.1473229678204749
0.1473264400439028
0.14732991226733058
0.14733338449075847
0.14733685671418634
0.14734032893761417
0.14734380116104207
0.1473472733844699
0.1473507456078978
0.14735421783132566
0.14735769005475347
0.14736116227818133
0.14736463450160917
0.14736810672503706
0.1473715789484649
0.14737505117189276
0.1473785233953206
0.14738199561874843
0.14738546784217632
0.14738894006560416
0.14739241228903202
0.1473958845124599
0.1473993567358877
0.14740282895931558
0.14740630118274342
0.14740977340617128
0.14741324562959918
0.147416717853027
0.1474201900764549
0.14742366229988269
0.14742713452331058
0.14743060674673844
0.14743407897016628
0.14743755119359417
0.147441023417022
0.14744449564044987
0.14744796786387768
0.14745144008730554
0.14745491231073343
0.14745838453416127
0.14746185675758913
0.14746532898101697
0.14746880120444486
0.14747227342787275
0.14747574565130053
0.1474792178747284
0.14748269009815623
0.14748616232158412
0.14748963454501202
0.14749310676843985
0.1474965789918677
0.14750005121529552
0.1475035234387234
0.14750699566215128
0.14751046788557912
0.14751394010900698
0.14751741233243482
0.14752088455586265
0.1475243567792905
0.14752782900271838
0.14753130122614624
0.14753477344957408
0.14753824567300197
0.14754171789642975
0.14754519011985764
0.14754866234328554
0.14755213456671334
0.14755560679014124
0.14755907901356907
0.14756255123699696
0.14756602346042483
