0.394097359061583
0.39410083128501083
0.39410430350843867
0.39410777573186656
0.3941112479552944
0.39411472017872223
0.3941181924021501
0.394121664625578
0.39412513684900585
0.3941286090724337
0.3941320812958615
0.3941355535192894
0.39413902574271725
0.3941424979661451
0.3941459701895729
0.3941494424130008
0.3941529146364287
0.39415638685985654
0.3941598590832844
0.3941633313067122
0.39416680353014016
0.39417027575356794
0.3941737479769958
0.3941772202004236
0.3941806924238515
0.3941841646472794
0.39418763687070724
0.3941911090941351
0.39419458131756296
0.3941980535409908
0.3942015257644187
0.39420499798784653
0.39420847021127436
0.3942119424347022
0.3942154146581301
0.39421888688155793
0.39422235910498576
0.39422583132841366
0.3942293035518415
0.3942327757752694
0.3942362479986972
0.39423972022212506
0.3942431924455529
0.3942466646689808
0.3942501368924086
0.39425360911583646
0.3942570813392643
0.3942605535626922
0.3942640257861201
0.3942674980095479
0.39427097023297575
0.39427444245640364
0.3942779146798315
0.3942813869032593
0.39428485912668715
0.394288331350115
0.39429180357354293
0.39429527579697077
0.3942987480203986
0.39430222024382644
0.39430569246725433
0.3943091646906822
0.39431263691411
0.39431610913753784
0.39431958136096573
0.39432305358439357
0.39432652580782146
0.3943299980312493
0.39433347025467713
0.394336942478105
0.3943404147015329
0.39434388692496075
0.3943473591483886
0.3943508313718164
0.39435430359524426
0.39435777581867215
0.3943612480421
0.3943647202655278
0.3943681924889557
0.3943716647123836
0.39437513693581144
0.3943786091592393
0.3943820813826671
0.39438555360609495
0.39438902582952284
0.3943924980529507
0.3943959702763785
0.3943994424998064
0.3944029147232343
0.39440638694666214
0.39440985917008997
0.3944133313935178
0.3944168036169457
0.39442027584037354
0.39442374806380137
0.3944272202872292
0.3944306925106571
0.394434164734085
0.3944376369575128
0.39444110918094066
0.39444458140436855
0.3944480536277964
0.3944515258512243
0.39445499807465206
0.3944584702980799
0.3944619425215078
0.3944654147449357
0.3944688869683635
0.39447235919179136
0.39447583141521925
0.3944793036386471
0.394482775862075
0.3944862480855028
0.39448972030893065
0.3944931925323585
0.3944966647557864
0.3945001369792142
0.39450360920264205
0.3945070814260699
0.3945105536494978
0.39451402587292567
0.3945174980963535
0.39452097031978134
0.39452444254320923
0.39452791476663707
0.3945313869900649
0.39453485921349274
0.3945383314369206
0.3945418036603485
0.39454527588377636
0.3945487481072042
0.39455222033063203
0.3945556925540599
0.39455916477748776
0.3945626370009156
0.39456610922434343
0.3945695814477713
0.39457305367119916
0.39457652589462705
0.3945799981180549
0.3945834703414827
0.3945869425649106
0.3945904147883385
0.39459388701176634
0.3945973592351941
0.394600831458622
0.39460430368204985
0.39460777590547774
0.3946112481289056
0.3946147203523334
0.3946181925757613
0.3946216647991892
0.39462513702261703
0.39462860924604487
0.3946320814694727
0.39463555369290054
0.39463902591632843
0.39464249813975627
0.3946459703631841
0.394649442586612
0.3946529148100399
0.3946563870334677
0.39465985925689556
0.3946633314803234
0.3946668037037513
0.3946702759271791
0.39467374815060696
0.3946772203740348
0.3946806925974627
0.3946841648208906
0.3946876370443184
0.39469110926774625
0.39469458149117415
0.394698053714602
0.3947015259380298
0.39470499816145765
0.3947084703848855
0.3947119426083134
0.3947154148317413
0.3947188870551691
0.39472235927859695
0.39472583150202484
0.3947293037254527
0.39473277594888057
0.3947362481723084
0.3947397203957362
0.3947431926191641
0.39474666484259197
0.3947501370660198
0.39475360928944764
0.39475708151287553
0.39476055373630337
0.39476402595973126
0.3947674981831591
0.39477097040658693
0.39477444263001477
0.39477791485344266
0.3947813870768705
0.39478485930029833
0.39478833152372617
