0.7489585933884005
0.7489620656118283
0.7489655378352562
0.748969010058684
0.7489724822821119
0.7489759545055397
0.7489794267289676
0.7489828989523954
0.7489863711758233
0.7489898433992512
0.748993315622679
0.7489967878461069
0.7490002600695347
0.7490037322929626
0.7490072045163904
0.7490106767398184
0.7490141489632461
0.749017621186674
0.7490210934101019
0.7490245656335298
0.7490280378569576
0.7490315100803854
0.7490349823038133
0.749038454527241
0.749041926750669
0.7490453989740968
0.7490488711975247
0.7490523434209526
0.7490558156443805
0.7490592878678083
0.7490627600912362
0.749066232314664
0.7490697045380919
0.7490731767615196
0.7490766489849475
0.7490801212083755
0.7490835934318033
0.7490870656552312
0.749090537878659
0.7490940101020869
0.7490974823255147
0.7491009545489425
0.7491044267723704
0.7491078989957982
0.7491113712192261
0.749114843442654
0.7491183156660819
0.7491217878895097
0.7491252601129376
0.7491287323363653
0.7491322045597932
0.749135676783221
0.7491391490066489
0.7491426212300769
0.7491460934535047
0.7491495656769326
0.7491530379003604
0.7491565101237883
0.749159982347216
0.7491634545706439
0.7491669267940718
0.7491703990174996
0.7491738712409275
0.7491773434643554
0.7491808156877833
0.749184287911211
0.749187760134639
0.7491912323580667
0.7491947045814946
0.7491981768049225
0.7492016490283504
0.7492051212517782
0.7492085934752061
0.749212065698634
0.7492155379220617
0.7492190101454896
0.7492224823689174
0.7492259545923453
0.7492294268157731
0.7492328990392011
0.749236371262629
0.7492398434860568
0.7492433157094847
0.7492467879329124
0.7492502601563403
0.7492537323797681
0.749257204603196
0.7492606768266239
0.7492641490500518
0.7492676212734796
0.7492710934969075
0.7492745657203354
0.7492780379437631
0.749281510167191
0.7492849823906188
0.7492884546140467
0.7492919268374746
0.7492953990609025
0.7492988712843303
0.7493023435077583
0.749305815731186
0.7493092879546138
0.7493127601780417
0.7493162324014695
0.7493197046248974
0.7493231768483252
0.7493266490717532
0.7493301212951811
0.749333593518609
0.7493370657420367
0.7493405379654646
0.7493440101888924
0.7493474824123203
0.7493509546357481
0.749354426859176
0.7493578990826039
0.7493613713060316
0.7493648435294596
0.7493683157528874
0.7493717879763153
0.7493752601997431
0.749378732423171
0.7493822046465988
0.7493856768700267
0.7493891490934546
0.7493926213168824
0.7493960935403103
0.7493995657637381
0.749403037987166
0.7494065102105938
0.7494099824340217
0.7494134546574495
0.7494169268808774
0.7494203991043052
0.749423871327733
0.749427343551161
0.7494308157745888
0.7494342879980167
0.7494377602214445
0.7494412324448724
0.7494447046683002
0.7494481768917282
0.7494516491151559
0.7494551213385837
0.7494585935620117
0.7494620657854395
0.7494655380088674
0.7494690102322952
0.7494724824557231
0.7494759546791508
0.7494794269025787
0.7494828991260066
0.7494863713494345
0.7494898435728624
0.7494933157962902
0.7494967880197181
0.7495002602431459
0.7495037324665738
0.7495072046900015
0.7495106769134295
0.7495141491368573
0.7495176213602852
0.7495210935837131
0.7495245658071409
0.7495280380305688
0.7495315102539966
0.7495349824774244
0.7495384547008522
0.7495419269242802
0.749545399147708
0.7495488713711359
0.7495523435945638
0.7495558158179916
0.7495592880414195
0.7495627602648472
0.7495662324882751
0.7495697047117029
0.7495731769351308
0.7495766491585587
0.7495801213819867
0.7495835936054145
0.7495870658288424
0.7495905380522702
0.7495940102756979
0.7495974824991258
0.7496009547225536
0.7496044269459816
0.7496078991694094
0.7496113713928373
0.7496148436162652
0.7496183158396931
0.7496217880631209
0.7496252602865487
0.7496287325099765
0.7496322047334044
0.7496356769568322
0.7496391491802601
0.7496426214036881
0.7496460936271159
0.7496495658505438
