0.5267362940056576
0.5267397662290855
0.5267432384525134
0.5267467106759413
0.526750182899369
0.5267536551227969
0.5267571273462247
0.5267605995696526
0.5267640717930805
0.5267675440165083
0.5267710162399362
0.526774488463364
0.526777960686792
0.5267814329102197
0.5267849051336476
0.5267883773570754
0.5267918495805034
0.5267953218039312
0.526798794027359
0.5268022662507869
0.5268057384742147
0.5268092106976426
0.5268126829210704
0.5268161551444983
0.5268196273679261
0.5268230995913541
0.5268265718147819
0.5268300440382098
0.5268335162616375
0.5268369884850654
0.5268404607084933
0.5268439329319211
0.526847405155349
0.5268508773787768
0.5268543496022048
0.5268578218256326
0.5268612940490605
0.5268647662724882
0.5268682384959161
0.526871710719344
0.5268751829427718
0.5268786551661997
0.5268821273896275
0.5268855996130555
0.5268890718364833
0.5268925440599111
0.5268960162833389
0.5268994885067668
0.5269029607301947
0.5269064329536225
0.5269099051770504
0.5269133774004782
0.5269168496239062
0.526920321847334
0.5269237940707618
0.5269272662941896
0.5269307385176176
0.5269342107410454
0.5269376829644732
0.5269411551879011
0.5269446274113289
0.5269480996347569
0.5269515718581846
0.5269550440816125
0.5269585163050403
0.5269619885284683
0.5269654607518961
0.526968932975324
0.5269724051987518
0.5269758774221797
0.5269793496456076
0.5269828218690353
0.5269862940924632
0.526989766315891
0.526993238539319
0.5269967107627468
0.5270001829861747
0.5270036552096025
0.5270071274330304
0.5270105996564582
0.527014071879886
0.5270175441033139
0.5270210163267417
0.5270244885501697
0.5270279607735975
0.5270314329970254
0.5270349052204532
0.527038377443881
0.5270418496673089
0.5270453218907367
0.5270487941141646
0.5270522663375924
0.5270557385610204
0.5270592107844482
0.5270626830078761
0.5270661552313038
0.5270696274547317
0.5270730996781596
0.5270765719015875
0.5270800441250153
0.5270835163484431
0.5270869885718711
0.5270904607952989
0.5270939330187268
0.5270974052421545
0.5271008774655824
0.5271043496890103
0.5271078219124382
0.527111294135866
0.5271147663592939
0.5271182385827218
0.5271217108061496
0.5271251830295774
0.5271286552530052
0.5271321274764331
0.527135599699861
0.5271390719232889
0.5271425441467167
0.5271460163701446
0.5271494885935725
0.5271529608170002
0.5271564330404281
0.5271599052638559
0.5271633774872838
0.5271668497107117
0.5271703219341396
0.5271737941575674
0.5271772663809953
0.5271807386044232
0.5271842108278509
0.5271876830512788
0.5271911552747066
0.5271946274981345
0.5271980997215624
0.5272015719449903
0.5272050441684181
0.527208516391846
0.5272119886152739
0.5272154608387017
0.5272189330621295
0.5272224052855573
0.5272258775089852
0.5272293497324131
0.527232821955841
0.5272362941792688
0.5272397664026967
0.5272432386261245
0.5272467108495524
0.5272501830729802
0.5272536552964081
0.5272571275198359
0.5272605997432638
0.5272640719666917
0.5272675441901195
0.5272710164135473
0.5272744886369752
0.5272779608604031
0.5272814330838309
0.5272849053072588
0.5272883775306866
0.5272918497541145
0.5272953219775424
0.5272987942009701
0.527302266424398
0.5273057386478259
0.5273092108712538
0.5273126830946816
0.5273161553181095
0.5273196275415373
0.5273230997649652
0.5273265719883931
0.5273300442118208
0.5273335164352487
0.5273369886586766
0.5273404608821045
0.5273439331055323
0.5273474053289602
0.527350877552388
0.527354349775816
0.5273578219992437
0.5273612942226715
0.5273647664460994
0.5273682386695273
0.5273717108929552
0.527375183116383
0.5273786553398109
0.5273821275632387
0.5273855997866667
0.5273890720100944
0.5273925442335223
0.5273960164569501
0.527399488680378
0.5274029609038059
0.5274064331272337
0.5274099053506616
0.5274133775740893
0.5274168497975174
0.5274203220209451
0.527423794244373
0.5274272664678008
