0.8371530684559265
0.8371565406793544
0.8371600129027822
0.8371634851262102
0.8371669573496379
0.8371704295730659
0.8371739017964936
0.8371773740199215
0.8371808462433494
0.8371843184667772
0.8371877906902051
0.8371912629136329
0.8371947351370608
0.8371982073604887
0.8372016795839166
0.8372051518073444
0.8372086240307722
0.8372120962542001
0.8372155684776279
0.8372190407010558
0.8372225129244836
0.8372259851479115
0.8372294573713394
0.8372329295947673
0.8372364018181951
0.8372398740416229
0.8372433462650508
0.8372468184884786
0.8372502907119065
0.8372537629353343
0.8372572351587623
0.8372607073821899
0.8372641796056179
0.8372676518290457
0.8372711240524737
0.8372745962759015
0.8372780684993294
0.8372815407227572
0.837285012946185
0.8372884851696129
0.8372919573930406
0.8372954296164686
0.8372989018398965
0.8373023740633244
0.8373058462867522
0.8373093185101801
0.8373127907336079
0.8373162629570358
0.8373197351804635
0.8373232074038914
0.8373266796273193
0.8373301518507472
0.8373336240741751
0.8373370962976029
0.8373405685210308
0.8373440407444586
0.8373475129678865
0.8373509851913143
0.8373544574147421
0.83735792963817
0.8373614018615978
0.8373648740850258
0.8373683463084536
0.8373718185318815
0.8373752907553093
0.8373787629787371
0.8373822352021649
0.8373857074255928
0.8373891796490207
0.8373926518724486
0.8373961240958765
0.8373995963193043
0.8374030685427322
0.83740654076616
0.8374100129895878
0.8374134852130156
0.8374169574364436
0.8374204296598714
0.8374239018832993
0.8374273741067271
0.837430846330155
0.8374343185535829
0.8374377907770106
0.8374412630004385
0.8374447352238663
0.8374482074472943
0.8374516796707222
0.83745515189415
0.8374586241175779
0.8374620963410057
0.8374655685644335
0.8374690407878613
0.8374725130112892
0.8374759852347171
0.8374794574581449
0.8374829296815728
0.8374864019050007
0.8374898741284286
0.8374933463518563
0.8374968185752842
0.837500290798712
0.8375037630221399
0.8375072352455677
0.8375107074689957
0.8375141796924235
0.8375176519158515
0.8375211241392791
0.837524596362707
0.8375280685861349
0.8375315408095627
0.8375350130329906
0.8375384852564184
0.8375419574798464
0.8375454297032743
0.8375489019267021
0.83755237415013
0.8375558463735578
0.8375593185969856
0.8375627908204135
0.8375662630438413
0.8375697352672692
0.837573207490697
0.8375766797141249
0.8375801519375528
0.8375836241609806
0.8375870963844085
0.8375905686078363
0.8375940408312642
0.837597513054692
0.8376009852781199
0.8376044575015478
0.8376079297249756
0.8376114019484036
0.8376148741718313
0.8376183463952592
0.837621818618687
0.8376252908421149
0.8376287630655427
0.8376322352889706
0.8376357075123985
0.8376391797358264
0.8376426519592541
0.837646124182682
0.8376495964061099
0.8376530686295377
0.8376565408529656
0.8376600130763934
0.8376634852998213
0.837666957523249
0.8376704297466769
0.8376739019701048
0.8376773741935327
0.8376808464169606
0.8376843186403884
0.8376877908638163
0.8376912630872441
0.837694735310672
0.8376982075340998
0.8377016797575277
0.8377051519809556
0.8377086242043834
0.8377120964278113
0.8377155686512391
0.837719040874667
0.8377225130980948
0.8377259853215226
0.8377294575449505
0.8377329297683784
0.8377364019918063
0.8377398742152341
0.837743346438662
0.8377468186620898
0.8377502908855177
0.8377537631089454
0.8377572353323735
0.8377607075558011
0.8377641797792291
0.8377676520026569
0.8377711242260848
0.8377745964495127
0.8377780686729405
0.8377815408963684
0.8377850131197961
0.837788485343224
0.8377919575666518
0.8377954297900798
0.8377989020135077
0.8378023742369356
0.8378058464603634
0.8378093186837912
0.837812790907219
0.8378162631306468
0.8378197353540747
0.8378232075775026
0.8378266798009305
0.8378301520243584
0.8378336242477863
0.8378370964712141
0.837840568694642
0.8378440409180697
