0.8503475174817768
0.8503509897052047
0.8503544619286327
0.8503579341520604
0.8503614063754884
0.8503648785989162
0.8503683508223441
0.8503718230457719
0.8503752952691997
0.8503787674926275
0.8503822397160554
0.8503857119394832
0.8503891841629111
0.8503926563863391
0.8503961286097669
0.8503996008331948
0.8504030730566225
0.8504065452800504
0.8504100175034782
0.8504134897269061
0.8504169619503341
0.8504204341737618
0.8504239063971898
0.8504273786206176
0.8504308508440455
0.8504343230674732
0.8504377952909011
0.8504412675143289
0.8504447397377568
0.8504482119611848
0.8504516841846125
0.8504551564080405
0.8504586286314684
0.8504621008548962
0.8504655730783239
0.8504690453017518
0.8504725175251796
0.8504759897486075
0.8504794619720355
0.8504829341954632
0.8504864064188912
0.8504898786423191
0.8504933508657468
0.8504968230891747
0.8505002953126025
0.8505037675360304
0.8505072397594582
0.8505107119828861
0.8505141842063139
0.8505176564297419
0.8505211286531698
0.8505246008765975
0.8505280731000254
0.8505315453234532
0.8505350175468811
0.8505384897703089
0.8505419619937369
0.8505454342171646
0.8505489064405926
0.8505523786640204
0.8505558508874482
0.8505593231108761
0.8505627953343039
0.8505662675577318
0.8505697397811596
0.8505732120045876
0.8505766842280155
0.8505801564514432
0.8505836286748711
0.8505871008982989
0.8505905731217268
0.8505940453451546
0.8505975175685825
0.8506009897920103
0.8506044620154382
0.8506079342388659
0.8506114064622939
0.8506148786857218
0.8506183509091496
0.8506218231325775
0.8506252953560053
0.8506287675794332
0.850632239802861
0.850635712026289
0.8506391842497166
0.8506426564731446
0.8506461286965723
0.8506496009200003
0.8506530731434282
0.850656545366856
0.8506600175902839
0.8506634898137116
0.8506669620371397
0.8506704342605675
0.8506739064839953
0.8506773787074232
0.850680850930851
0.8506843231542789
0.8506877953777067
0.8506912676011346
0.8506947398245623
0.8506982120479902
0.850701684271418
0.850705156494846
0.8507086287182739
0.8507121009417017
0.8507155731651296
0.8507190453885574
0.8507225176119853
0.850725989835413
0.8507294620588411
0.8507329342822687
0.8507364065056968
0.8507398787291246
0.8507433509525525
0.8507468231759803
0.850750295399408
0.8507537676228359
0.8507572398462637
0.8507607120696918
0.8507641842931196
0.8507676565165475
0.8507711287399753
0.8507746009634032
0.850778073186831
0.8507815454102589
0.8507850176336866
0.8507884898571145
0.8507919620805423
0.8507954343039702
0.8507989065273982
0.850802378750826
0.8508058509742539
0.8508093231976817
0.8508127954211095
0.8508162676445373
0.8508197398679652
0.8508232120913932
0.8508266843148209
0.8508301565382489
0.8508336287616767
0.8508371009851046
0.8508405732085323
0.8508440454319602
0.850847517655388
0.8508509898788159
0.8508544621022439
0.8508579343256716
0.8508614065490996
0.8508648787725274
0.8508683509959553
0.850871823219383
0.8508752954428109
0.8508787676662387
0.8508822398896666
0.8508857121130944
0.8508891843365223
0.8508926565599503
0.8508961287833781
0.850899601006806
0.8509030732302337
0.8509065454536616
0.8509100176770894
0.8509134899005173
0.8509169621239453
0.850920434347373
0.850923906570801
0.8509273787942288
0.8509308510176566
0.8509343232410844
0.8509377954645123
0.8509412676879401
0.850944739911368
0.850948212134796
0.8509516843582237
0.8509551565816517
0.8509586288050794
0.8509621010285073
0.8509655732519351
0.850969045475363
0.8509725176987908
0.8509759899222187
0.8509794621456467
0.8509829343690744
0.8509864065925024
0.8509898788159301
0.850993351039358
0.8509968232627858
0.8510002954862137
0.8510037677096415
0.8510072399330694
0.8510107121564972
0.851014184379925
0.851017656603353
0.8510211288267809
0.8510246010502087
0.8510280732736366
0.8510315454970644
0.8510350177204922
0.8510384899439201
