0.0385416800491944
0.03854515227262233
0.03854862449605016
0.038552096719478
0.03855556894290583
0.03855904116633376
0.03856251338976159
0.03856598561318943
0.03856945783661726
0.0385729300600451
0.038576402283473026
0.03857987450690086
0.03858334673032869
0.03858681895375653
0.03859029117718436
0.03859376340061229
0.038597235624040126
0.03860070784746796
0.03860418007089589
0.03860765229432363
0.03861112451775156
0.03861459674117939
0.038618068964607226
0.03862154118803515
0.03862501341146299
0.038628485634890825
0.03863195785831866
0.03863543008174649
0.03863890230517442
0.03864237452860225
0.03864584675203009
0.038649318975457925
0.03865279119888585
0.03865626342231369
0.03865973564574152
0.03866320786916936
0.03866668009259719
0.03867015231602512
0.03867362453945295
0.03867709676288079
0.038680568986308714
0.03868404120973646
0.038687513433164386
0.03869098565659222
0.03869445788002006
0.038697930103447985
0.03870140232687582
0.03870487455030365
0.038708346773731486
0.03871181899715932
0.03871529122058725
0.038718763444015085
0.03872223566744292
0.03872570789087075
0.038729180114298586
0.03873265233772651
0.03873612456115435
0.038739596784582185
0.03874306900801002
0.03874654123143795
0.03875001345486569
0.03875348567829362
0.03875695790172145
0.038760430125149285
0.03876390234857721
0.03876737457200505
0.038770846795432884
0.03877431901886081
0.03877779124228855
0.03878126346571648
0.03878473568914431
0.03878820791257215
0.038791680136000074
0.03879515235942791
0.03879862458285575
0.03880209680628358
0.03880556902971142
0.038809041253139345
0.03881251347656718
0.03881598569999501
0.03881945792342285
0.03882293014685077
0.03882640237027852
0.038829874593706445
0.03883334681713428
0.03883681904056212
0.038840291263990044
0.03884376348741787
0.03884723571084571
0.038850707934273546
0.03885418015770138
0.03885765238112931
0.038861124604557144
0.03886459682798498
0.03886806905141291
0.038871541274840646
0.03887501349826857
0.03887848572169641
0.038881957945124244
0.03888543016855217
0.03888890239198001
0.03889237461540784
0.03889584683883568
0.03889931906226351
0.038902791285691345
0.03890626350911927
0.03890973573254711
0.03891320795597494
0.03891668017940287
0.03892015240283061
0.03892362462625854
0.03892709684968637
0.03893056907311421
0.038934041296542134
0.03893751351996997
0.038940985743397806
0.03894445796682564
0.03894793019025348
0.038951402413681405
0.03895487463710924
0.03895834686053707
0.038961819083964906
0.03896529130739274
0.03896876353082067
0.038972235754248505
0.03897570797767634
0.03897918020110417
0.038982652424532103
0.03898612464795993
0.03898959687138777
0.038993069094815605
0.03899654131824344
0.03900001354167137
0.039003485765099204
0.03900695798852704
0.039010430211954966
0.039013902435382705
0.03901737465881063
0.03902084688223847
0.039024319105666304
0.03902779132909423
0.039031263552522066
0.0390347357759499
0.03903820799937774
0.03904168022280557
0.0390451524462335
0.03904862466966133
0.03905209689308917
0.039055569116517
0.03905904133994493
0.039062513563372765
0.0390659857868006
0.03906945801022843
0.03907293023365627
0.03907640245708419
0.03907987468051203
0.039083346903939865
0.0390868191273677
0.03909029135079554
0.039093763574223464
0.0390972357976513
0.03910070802107913
0.03910418024450706
0.0391076524679348
0.03911112469136273
0.039114596914790564
0.0391180691382184
0.03912154136164633
0.03912501358507416
0.03912848580850199
0.03913195803192983
0.039135430255357664
0.03913890247878559
0.03914237470221343
0.03914584692564126
0.0391493191490691
0.039152791372497026
0.03915626359592486
0.03915973581935269
0.03916320804278053
0.03916668026620836
0.03917015248963629
0.039173624713064126
0.03917709693649196
0.03918056915991989
0.03918404138334763
0.03918751360677556
0.03919098583020339
0.039194458053631226
0.03919793027705915
0.03920140250048699
0.039204874723914825
0.03920834694734266
0.03921181917077049
0.03921529139419842
0.03921876361762625
0.03922223584105409
0.039225708064481925
0.03922918028790976
0.03923265251133769
