0.10520836986401728
0.10521184208744516
0.10521531431087304
0.10521878653430083
0.10522225875772871
0.10522573098115655
0.10522920320458443
0.1052326754280123
0.10523614765144014
0.10523961987486803
0.10524309209829581
0.10524656432172369
0.10525003654515153
0.1052535087685794
0.1052569809920073
0.10526045321543513
0.10526392543886301
0.10526739766229079
0.10527086988571868
0.10527434210914656
0.1052778143325744
0.10528128655600227
0.10528475877943011
0.10528823100285799
0.10529170322628582
0.10529517544971366
0.10529864767314154
0.10530211989656937
0.10530559211999725
0.10530906434342514
0.10531253656685292
0.1053160087902808
0.10531948101370864
0.10532295323713653
0.10532642546056435
0.10532989768399224
0.10533336990742012
0.1053368421308479
0.1053403143542758
0.10534378657770363
0.10534725880113151
0.10535073102455939
0.10535420324798722
0.1053576754714151
0.1053611476948429
0.10536461991827077
0.10536809214169865
0.10537156436512649
0.10537503658855436
0.1053785088119822
0.10538198103541009
0.10538545325883787
0.10538892548226575
0.10539239770569364
0.10539586992912146
0.10539934215254936
0.10540281437597719
0.10540628659940507
0.1054097588228329
0.10541323104626074
0.10541670326968862
0.10542017549311646
0.10542364771654433
0.10542711993997221
0.10543059216340005
0.10543406438682788
0.10543753661025572
0.1054410088336836
0.10544448105711147
0.10544795328053931
0.1054514255039672
0.10545489772739498
0.10545836995082286
0.1054618421742507
0.10546531439767859
0.10546878662110647
0.1054722588445343
0.10547573106796218
0.10547920329138996
0.10548267551481785
0.10548614773824573
0.10548961996167357
0.10549309218510144
0.10549656440852928
0.10550003663195716
0.10550350885538504
0.10550698107881283
0.10551045330224071
0.10551392552566854
0.10551739774909642
0.10552086997252431
0.10552434219595215
0.10552781441938003
0.10553128664280781
0.1055347588662357
0.10553823108966352
0.10554170331309141
0.10554517553651929
0.10554864775994713
0.10555211998337496
0.1055555922068028
0.10555906443023068
0.10556253665365856
0.10556600887708639
0.10556948110051427
0.10557295332394206
0.10557642554736994
0.10557989777079782
0.10558336999422566
0.10558684221765353
0.10559031444108137
0.10559378666450926
0.10559725888793704
0.10560073111136492
0.10560420333479281
0.10560767555822065
0.10561114778164853
0.10561462000507636
0.10561809222850424
0.10562156445193212
0.10562503667535991
0.10562850889878779
0.10563198112221563
0.1056354533456435
0.10563892556907138
0.10564239779249922
0.1056458700159271
0.10564934223935489
0.10565281446278277
0.10565628668621065
0.10565975890963848
0.10566323113306637
0.10566670335649421
0.10567017557992209
0.10567364780334987
0.10567712002677776
0.10568059225020564
0.10568406447363347
0.10568753669706135
0.10569100892048919
0.10569448114391702
0.1056979533673449
0.10570142559077274
0.10570489781420062
0.10570837003762845
0.10571184226105633
0.10571531448448422
0.105718786707912
0.10572225893133988
0.10572573115476772
0.1057292033781956
0.10573267560162349
0.10573614782505132
0.1057396200484792
0.10574309227190698
0.10574656449533487
0.10575003671876271
0.10575350894219059
0.10575698116561846
0.1057604533890463
0.10576392561247418
0.10576739783590197
0.10577087005932985
0.10577434228275773
0.10577781450618556
0.10578128672961344
0.10578475895304128
0.10578823117646916
0.10579170339989699
0.10579517562332483
0.1057986478467527
0.10580212007018054
0.10580559229360843
0.10580906451703631
0.10581253674046409
0.10581600896389198
0.10581948118731982
0.1058229534107477
0.10582642563417553
0.10582989785760341
0.10583337008103129
0.10583684230445908
0.10584031452788696
0.1058437867513148
0.10584725897474268
0.10585073119817055
0.10585420342159839
0.10585767564502628
0.10586114786845406
0.10586462009188194
0.10586809231530983
0.10587156453873765
0.10587503676216554
0.10587850898559338
0.10588198120902126
0.10588545343244904
0.10588892565587693
0.10589239787930481
0.10589587010273264
0.10589934232616052
