0.6718752332900115
0.6718787055134394
0.6718821777368673
0.6718856499602951
0.671889122183723
0.6718925944071508
0.6718960666305787
0.6718995388540066
0.6719030110774344
0.6719064833008622
0.6719099555242901
0.6719134277477179
0.6719168999711458
0.6719203721945737
0.6719238444180015
0.6719273166414295
0.6719307888648572
0.6719342610882851
0.6719377333117129
0.6719412055351408
0.6719446777585686
0.6719481499819966
0.6719516222054244
0.6719550944288523
0.6719585666522802
0.6719620388757079
0.6719655110991358
0.6719689833225636
0.6719724555459915
0.6719759277694194
0.6719793999928473
0.6719828722162751
0.671986344439703
0.6719898166631307
0.6719932888865586
0.6719967611099865
0.6720002333334143
0.6720037055568422
0.67200717778027
0.672010650003698
0.6720141222271258
0.6720175944505536
0.6720210666739815
0.6720245388974093
0.6720280111208372
0.672031483344265
0.6720349555676929
0.6720384277911207
0.6720419000145487
0.6720453722379764
0.6720488444614043
0.6720523166848321
0.67205578890826
0.6720592611316879
0.6720627333551157
0.6720662055785436
0.6720696778019714
0.6720731500253994
0.6720766222488271
0.672080094472255
0.6720835666956829
0.6720870389191108
0.6720905111425386
0.6720939833659665
0.6720974555893943
0.672100927812822
0.67210440003625
0.6721078722596778
0.6721113444831057
0.6721148167065336
0.6721182889299615
0.6721217611533893
0.6721252333768172
0.672128705600245
0.6721321778236728
0.6721356500471007
0.6721391222705285
0.6721425944939564
0.6721460667173842
0.6721495389408122
0.67215301116424
0.6721564833876679
0.6721599556110956
0.6721634278345235
0.6721669000579513
0.6721703722813792
0.6721738445048071
0.672177316728235
0.6721807889516629
0.6721842611750907
0.6721877333985186
0.6721912056219463
0.6721946778453742
0.6721981500688021
0.6722016222922299
0.6722050945156578
0.6722085667390857
0.6722120389625136
0.6722155111859414
0.6722189834093693
0.672222455632797
0.672225927856225
0.6722294000796528
0.6722328723030807
0.6722363445265085
0.6722398167499364
0.6722432889733643
0.672246761196792
0.67225023342022
0.6722537056436477
0.6722571778670756
0.6722606500905035
0.6722641223139314
0.6722675945373592
0.6722710667607871
0.672274538984215
0.6722780112076427
0.6722814834310706
0.6722849556544984
0.6722884278779263
0.6722919001013542
0.6722953723247821
0.6722988445482099
0.6723023167716378
0.6723057889950657
0.6723092612184934
0.6723127334419213
0.6723162056653491
0.672319677888777
0.6723231501122049
0.6723266223356328
0.6723300945590606
0.6723335667824886
0.6723370390059163
0.6723405112293441
0.672343983452772
0.6723474556761998
0.6723509278996277
0.6723544001230556
0.6723578723464835
0.6723613445699113
0.6723648167933393
0.672368289016767
0.6723717612401949
0.6723752334636227
0.6723787056870506
0.6723821779104785
0.6723856501339063
0.6723891223573342
0.672392594580762
0.6723960668041898
0.6723995390276177
0.6724030112510456
0.6724064834744734
0.6724099556979013
0.6724134279213291
0.672416900144757
0.6724203723681849
0.6724238445916126
0.6724273168150406
0.6724307890384684
0.6724342612618963
0.6724377334853241
0.672441205708752
0.6724446779321798
0.6724481501556077
0.6724516223790356
0.6724550946024633
0.6724585668258913
0.6724620390493191
0.672465511272747
0.6724689834961748
0.6724724557196027
0.6724759279430306
0.6724794001664585
0.6724828723898862
0.672486344613314
0.6724898168367419
0.6724932890601698
0.6724967612835977
0.6725002335070255
0.6725037057304534
0.6725071779538812
0.6725106501773092
0.6725141224007369
0.6725175946241648
0.6725210668475927
0.6725245390710205
0.6725280112944484
0.6725314835178762
0.6725349557413041
0.6725384279647318
0.6725419001881598
0.6725453724115876
0.6725488446350155
0.6725523168584433
0.6725557890818712
0.6725592613052991
0.6725627335287269
0.6725662057521548
