0.06562502278646624
0.06562849500989408
0.06563196723332192
0.06563543945674984
0.06563891168017767
0.06564238390360551
0.06564585612703334
0.06564932835046118
0.06565280057388911
0.06565627279731694
0.06565974502074477
0.06566321724417261
0.06566668946760044
0.06567016169102828
0.06567363391445621
0.06567710613788404
0.06568057836131187
0.0656840505847398
0.06568752280816764
0.06569099503159548
0.06569446725502331
0.06569793947845115
0.06570141170187907
0.0657048839253069
0.06570835614873474
0.06571182837216268
0.06571530059559041
0.06571877281901833
0.06572224504244617
0.065725717265874
0.06572918948930194
0.06573266171272978
0.06573613393615761
0.06573960615958543
0.06574307838301327
0.0657465506064411
0.06575002282986904
0.06575349505329688
0.06575696727672471
0.06576043950015263
0.06576391172358037
0.0657673839470083
0.06577085617043614
0.06577432839386398
0.0657778006172919
0.06578127284071973
0.06578474506414757
0.0657882172875754
0.06579168951100324
0.06579516173443117
0.065798633957859
0.06580210618128683
0.06580557840471477
0.0658090506281425
0.06581252285157044
0.06581599507499827
0.0658194672984261
0.06582293952185393
0.06582641174528187
0.0658298839687097
0.06583335619213754
0.06583682841556537
0.06584030063899321
0.06584377286242113
0.06584724508584897
0.0658507173092768
0.06585418953270473
0.06585766175613247
0.0658611339795604
0.06586460620298823
0.06586807842641607
0.065871550649844
0.06587502287327184
0.06587849509669966
0.06588196732012759
0.06588543954355533
0.06588891176698326
0.0658923839904111
0.06589585621383894
0.06589932843726677
0.06590280066069469
0.06590627288412253
0.06590974510755036
0.0659132173309782
0.06591668955440604
0.06592016177783395
0.06592363400126179
0.06592710622468963
0.06593057844811746
0.0659340506715453
0.06593752289497323
0.06594099511840106
0.06594446734182889
0.06594793956525682
0.06595141178868456
0.0659548840121125
0.06595835623554033
0.06596182845896816
0.06596530068239609
0.06596877290582392
0.06597224512925176
0.0659757173526796
0.06597918957610743
0.06598266179953535
0.06598613402296319
0.06598960624639102
0.06599307846981886
0.0659965506932468
0.06600002291667462
0.06600349514010245
0.06600696736353029
0.06601043958695813
0.06601391181038606
0.0660173840338139
0.06602085625724172
0.06602432848066965
0.06602780070409739
0.06603127292752532
0.06603474515095316
0.066038217374381
0.06604168959780891
0.06604516182123675
0.06604863404466459
0.06605210626809242
0.06605557849152026
0.06605905071494818
0.06606252293837601
0.06606599516180385
0.06606946738523169
0.06607293960865952
0.06607641183208746
0.06607988405551529
0.06608335627894311
0.06608682850237095
0.06609030072579888
0.06609377294922672
0.06609724517265456
0.06610071739608239
0.06610418961951021
0.06610766184293815
0.06611113406636598
0.06611460628979382
0.06611807851322174
0.06612155073664949
0.06612502296007741
0.06612849518350525
0.06613196740693308
0.06613543963036102
0.06613891185378885
0.06614238407721668
0.06614585630064451
0.06614932852407235
0.06615280074750028
0.06615627297092812
0.06615974519435595
0.06616321741778378
0.06616668964121171
0.06617016186463945
0.06617363408806738
0.06617710631149522
0.06618057853492305
0.06618405075835097
0.06618752298177881
0.06619099520520665
0.06619446742863448
0.06619793965206232
0.06620141187549024
0.06620488409891807
0.06620835632234591
0.06621182854577384
0.06621530076920158
0.06621877299262952
0.06622224521605734
0.06622571743948517
0.06622918966291311
0.06623266188634094
0.06623613410976878
0.06623960633319662
0.06624307855662445
0.06624655078005227
0.06625002300348021
0.06625349522690804
0.06625696745033588
0.0662604396737638
0.06626391189719155
0.06626738412061947
0.06627085634404731
0.06627432856747514
0.06627780079090308
0.06628127301433091
0.06628474523775874
0.06628821746118657
0.06629168968461441
0.06629516190804234
0.06629863413147018
0.06630210635489801
0.06630557857832593
0.06630905080175367
0.0663125230251816
0.06631599524860944
