0.8954864220438966
0.8954898942673244
0.8954933664907523
0.8954968387141801
0.895500310937608
0.8955037831610357
0.8955072553844636
0.8955107276078916
0.8955141998313193
0.8955176720547473
0.8955211442781751
0.895524616501603
0.8955280887250308
0.8955315609484586
0.8955350331718864
0.8955385053953143
0.8955419776187423
0.8955454498421702
0.895548922065598
0.8955523942890259
0.8955558665124537
0.8955593387358816
0.8955628109593093
0.8955662831827371
0.895569755406165
0.8955732276295928
0.8955766998530207
0.8955801720764487
0.8955836442998766
0.8955871165233044
0.8955905887467323
0.89559406097016
0.8955975331935879
0.8956010054170157
0.8956044776404437
0.8956079498638714
0.8956114220872994
0.895614894310727
0.895618366534155
0.8956218387575829
0.8956253109810107
0.8956287832044386
0.8956322554278664
0.8956357276512944
0.8956391998747223
0.8956426720981501
0.895646144321578
0.8956496165450057
0.8956530887684336
0.8956565609918614
0.8956600332152893
0.8956635054387171
0.895666977662145
0.8956704498855728
0.8956739221090008
0.8956773943324287
0.8956808665558564
0.8956843387792843
0.8956878110027121
0.89569128322614
0.8956947554495678
0.8956982276729958
0.8957016998964235
0.8957051721198515
0.8957086443432793
0.8957121165667071
0.895715588790135
0.8957190610135628
0.8957225332369907
0.8957260054604185
0.8957294776838465
0.8957329499072744
0.8957364221307021
0.89573989435413
0.8957433665775578
0.8957468388009857
0.8957503110244135
0.8957537832478414
0.8957572554712692
0.8957607276946971
0.8957641999181248
0.8957676721415528
0.8957711443649807
0.8957746165884085
0.8957780888118364
0.8957815610352642
0.8957850332586921
0.8957885054821199
0.895791977705548
0.8957954499289755
0.8957989221524036
0.8958023943758314
0.8958058665992592
0.8958093388226871
0.8958128110461149
0.8958162832695428
0.8958197554929705
0.8958232277163987
0.8958266999398262
0.8958301721632543
0.8958336443866821
0.89583711661011
0.8958405888335378
0.8958440610569657
0.8958475332803935
0.8958510055038212
0.8958544777272491
0.8958579499506769
0.895861422174105
0.8958648943975328
0.8958683666209607
0.8958718388443885
0.8958753110678164
0.8958787832912442
0.895882255514672
0.8958857277381
0.8958891999615277
0.8958926721849557
0.8958961444083835
0.8958996166318114
0.8959030888552392
0.8959065610786671
0.8959100333020948
0.8959135055255227
0.8959169777489507
0.8959204499723784
0.8959239221958064
0.8959273944192342
0.8959308666426621
0.8959343388660899
0.8959378110895178
0.8959412833129455
0.8959447555363734
0.8959482277598014
0.8959516999832291
0.8959551722066571
0.8959586444300849
0.8959621166535128
0.8959655888769406
0.8959690611003684
0.8959725333237962
0.8959760055472241
0.8959794777706519
0.8959829499940798
0.8959864222175078
0.8959898944409356
0.8959933666643635
0.8959968388877912
0.8960003111112191
0.8960037833346469
0.8960072555580748
0.8960107277815028
0.8960142000049305
0.8960176722283585
0.8960211444517863
0.8960246166752142
0.8960280888986419
0.8960315611220698
0.8960350333454976
0.8960385055689255
0.8960419777923535
0.8960454500157813
0.8960489222392092
0.896052394462637
0.8960558666860649
0.8960593389094926
0.8960628111329205
0.8960662833563483
0.8960697555797762
0.896073227803204
0.8960767000266319
0.8960801722500599
0.8960836444734878
0.8960871166969155
0.8960905889203433
0.8960940611437712
0.896097533367199
0.8961010055906269
0.8961044778140549
0.8961079500374826
0.8961114222609106
0.8961148944843382
0.8961183667077662
0.8961218389311941
0.8961253111546219
0.8961287833780498
0.8961322556014776
0.8961357278249056
0.8961392000483335
0.8961426722717613
0.8961461444951891
0.8961496167186169
0.8961530889420448
0.8961565611654726
0.8961600333889005
0.8961635056123283
0.8961669778357562
0.8961704500591839
0.896173922282612
0.8961773945060398
