0.968403114028859
0.9684065862522869
0.9684100584757149
0.9684135306991425
0.9684170029225706
0.9684204751459982
0.9684239473694263
0.968427419592854
0.968430891816282
0.9684343640397097
0.9684378362631376
0.9684413084865656
0.9684447807099933
0.9684482529334213
0.968451725156849
0.968455197380277
0.9684586696037047
0.9684621418271326
0.9684656140505604
0.9684690862739883
0.9684725584974161
0.968476030720844
0.968479502944272
0.9684829751676997
0.9684864473911277
0.9684899196145553
0.9684933918379833
0.9684968640614111
0.968500336284839
0.9685038085082668
0.9685072807316947
0.9685107529551227
0.9685142251785503
0.9685176974019784
0.968521169625406
0.968524641848834
0.9685281140722618
0.9685315862956897
0.9685350585191177
0.9685385307425454
0.9685420029659734
0.968545475189401
0.968548947412829
0.9685524196362568
0.9685558918596847
0.9685593640831125
0.9685628363065404
0.9685663085299682
0.9685697807533961
0.9685732529768241
0.9685767252002517
0.9685801974236797
0.9685836696471075
0.9685871418705354
0.9685906140939632
0.9685940863173911
0.9685975585408189
0.9686010307642468
0.9686045029876748
0.9686079752111024
0.9686114474345304
0.9686149196579581
0.9686183918813861
0.9686218641048139
0.9686253363282418
0.9686288085516698
0.9686322807750974
0.9686357529985254
0.9686392252219531
0.9686426974453811
0.968646169668809
0.9686496418922368
0.9686531141156646
0.9686565863390925
0.9686600585625202
0.9686635307859481
0.9686670030093761
0.9686704752328038
0.9686739474562318
0.9686774196796597
0.9686808919030875
0.9686843641265154
0.9686878363499432
0.968691308573371
0.9686947807967988
0.9686982530202268
0.9687017252436545
0.9687051974670825
0.9687086696905102
0.9687121419139382
0.9687156141373661
0.9687190863607938
0.9687225585842218
0.9687260308076495
0.9687295030310775
0.9687329752545052
0.9687364474779332
0.9687399197013611
0.9687433919247889
0.9687468641482168
0.9687503363716445
0.9687538085950724
0.9687572808185002
0.9687607530419282
0.9687642252653559
0.9687676974887839
0.9687711697122118
0.9687746419356396
0.9687781141590674
0.9687815863824952
0.9687850586059231
0.9687885308293509
0.9687920030527789
0.9687954752762066
0.9687989474996346
0.9688024197230622
0.9688058919464902
0.9688093641699181
0.9688128363933459
0.9688163086167739
0.9688197808402016
0.9688232530636296
0.9688267252870573
0.9688301975104853
0.9688336697339132
0.9688371419573409
0.9688406141807688
0.9688440864041966
0.9688475586276246
0.9688510308510523
0.9688545030744803
0.968857975297908
0.968861447521336
0.9688649197447639
0.9688683919681916
0.9688718641916195
0.9688753364150473
0.9688788086384752
0.968882280861903
0.9688857530853311
0.9688892253087587
0.9688926975321867
0.9688961697556143
0.9688996419790423
0.9689031142024702
0.968906586425898
0.9689100586493261
0.9689135308727537
0.9689170030961818
0.9689204753196093
0.9689239475430375
0.9689274197664652
0.9689308919898931
0.9689343642133209
0.9689378364367487
0.9689413086601768
0.9689447808836044
0.9689482531070325
0.96895172533046
0.9689551975538881
0.9689586697773159
0.9689621420007438
0.9689656142241716
0.9689690864475995
0.9689725586710273
0.9689760308944552
0.9689795031178832
0.9689829753413107
0.9689864475647388
0.9689899197881664
0.9689933920115945
0.9689968642350223
0.9690003364584502
0.969003808681878
0.9690072809053059
0.9690107531287339
0.9690142253521615
0.9690176975755895
0.9690211697990172
0.9690246420224452
0.969028114245873
0.9690315864693009
0.9690350586927289
0.9690385309161565
0.9690420031395846
0.9690454753630122
0.9690489475864402
0.969052419809868
0.9690558920332959
0.9690593642567237
0.9690628364801516
0.9690663087035793
0.9690697809270072
0.9690732531504352
0.9690767253738629
0.9690801975972909
0.9690836698207187
0.9690871420441466
0.9690906142675744
0.9690940864910023
