0.30590288399405696
0.3059063562174848
0.30590982844091263
0.30591330066434047
0.30591677288776836
0.3059202451111962
0.30592371733462403
0.30592718955805187
0.30593066178147976
0.3059341340049076
0.3059376062283355
0.3059410784517633
0.30594455067519116
0.30594802289861905
0.30595149512204695
0.3059549673454748
0.3059584395689026
0.30596191179233045
0.30596538401575835
0.3059688562391862
0.305972328462614
0.3059758006860419
0.3059792729094698
0.30598274513289764
0.3059862173563255
0.3059896895797533
0.30599316180318115
0.30599663402660904
0.3060001062500369
0.3060035784734647
0.30600705069689255
0.30601052292032044
0.30601399514374833
0.30601746736717617
0.306020939590604
0.3060244118140319
0.30602788403745973
0.30603135626088757
0.3060348284843154
0.3060383007077433
0.30604177293117113
0.306045245154599
0.30604871737802686
0.3060521896014547
0.3060556618248826
0.3060591340483104
0.30606260627173826
0.3060660784951661
0.30606955071859393
0.3060730229420219
0.3060764951654497
0.30607996738887755
0.3060834396123054
0.3060869118357332
0.30609038405916117
0.306093856282589
0.30609732850601684
0.3061008007294447
0.3061042729528725
0.3061077451763004
0.30611121739972824
0.3061146896231561
0.30611816184658397
0.3061216340700118
0.3061251062934397
0.30612857851686753
0.30613205074029537
0.3061355229637232
0.3061389951871511
0.30614246741057893
0.30614593963400677
0.30614941185743466
0.30615288408086255
0.3061563563042904
0.3061598285277182
0.30616330075114606
0.30616677297457395
0.3061702451980018
0.3061737174214296
0.30617718964485746
0.30618066186828535
0.3061841340917132
0.3061876063151411
0.3061910785385689
0.30619455076199675
0.30619802298542464
0.3062014952088525
0.3062049674322803
0.30620843965570815
0.30621191187913605
0.30621538410256394
0.3062188563259918
0.3062223285494196
0.3062258007728475
0.3062292729962754
0.30623274521970323
0.30623621744313106
0.3062396896665589
0.30624316188998674
0.30624663411341463
0.30625010633684246
0.3062535785602703
0.30625705078369814
0.30626052300712603
0.3062639952305539
0.30626746745398176
0.3062709396774096
0.30627441190083743
0.30627788412426526
0.30628135634769316
0.306284828571121
0.3062883007945489
0.3062917730179767
0.3062952452414046
0.30629871746483245
0.3063021896882603
0.3063056619116882
0.306309134135116
0.30631260635854385
0.3063160785819717
0.3063195508053995
0.30632302302882747
0.3063264952522553
0.30632996747568314
0.306333439699111
0.3063369119225388
0.3063403841459667
0.30634385636939454
0.3063473285928224
0.3063508008162502
0.3063542730396781
0.306357745263106
0.30636121748653383
0.30636468970996167
0.30636816193338956
0.3063716341568174
0.3063751063802453
0.3063785786036731
0.30638205082710096
0.3063855230505288
0.3063889952739567
0.3063924674973845
0.30639593972081236
0.30639941194424025
0.30640288416766814
0.306406356391096
0.3064098286145238
0.30641330083795165
0.30641677306137954
0.3064202452848074
0.3064237175082352
0.30642718973166305
0.30643066195509094
0.3064341341785188
0.30643760640194667
0.3064410786253745
0.30644455084880234
0.30644802307223024
0.30645149529565807
0.3064549675190859
0.30645843974251374
0.30646191196594164
0.3064653841893695
0.30646885641279736
0.3064723286362252
0.3064758008596531
0.306479273083081
0.30648274530650876
0.3064862175299366
0.30648968975336444
0.30649316197679227
0.3064966342002202
0.30650010642364806
0.3065035786470759
0.30650705087050373
0.3065105230939316
0.3065139953173595
0.30651746754078735
0.3065209397642152
0.306524411987643
0.30652788421107086
0.30653135643449875
0.3065348286579266
0.3065383008813545
0.3065417731047823
0.3065452453282102
0.30654871755163804
0.3065521897750659
0.3065556619984937
0.3065591342219216
0.30656260644534944
0.3065660786687773
0.3065695508922051
0.30657302311563306
0.3065764953390609
0.30657996756248873
0.30658343978591657
0.3065869120093444
0.3065903842327723
0.30659385645620013
