0.3246528905044758
0.3246563627279037
0.32465983495133155
0.32466330717475944
0.3246667793981873
0.32467025162161517
0.324673723845043
0.32467719606847084
0.3246806682918987
0.32468414051532657
0.3246876127387544
0.32469108496218224
0.3246945571856101
0.324698029409038
0.32470150163246586
0.3247049738558937
0.32470844607932153
0.32471191830274937
0.32471539052617726
0.3247188627496051
0.32472233497303293
0.32472580719646077
0.32472927941988866
0.32473275164331655
0.3247362238667444
0.3247396960901722
0.3247431683136001
0.32474664053702795
0.3247501127604558
0.3247535849838836
0.3247570572073115
0.32476052943073935
0.32476400165416724
0.3247674738775951
0.3247709461010229
0.3247744183244508
0.3247778905478787
0.32478136277130654
0.3247848349947344
0.32478830721816215
0.32479177944159004
0.32479525166501794
0.3247987238884458
0.3248021961118736
0.3248056683353015
0.32480914055872934
0.32481261278215723
0.32481608500558506
0.3248195572290129
0.32482302945244074
0.32482650167586863
0.32482997389929646
0.3248334461227243
0.3248369183461522
0.3248403905695801
0.3248438627930079
0.32484733501643576
0.32485080723986365
0.3248542794632915
0.3248577516867193
0.32486122391014716
0.324864696133575
0.32486816835700283
0.3248716405804308
0.3248751128038586
0.32487858502728645
0.3248820572507143
0.3248855294741422
0.32488900169757
0.32489247392099785
0.3248959461444257
0.3248994183678536
0.3249028905912814
0.3249063628147093
0.32490983503813714
0.32491330726156503
0.32491677948499287
0.32492025170842076
0.3249237239318486
0.32492719615527643
0.32493066837870427
0.32493414060213216
0.32493761282556
0.32494108504898783
0.32494455727241567
0.3249480294958436
0.32495150171927145
0.3249549739426993
0.3249584461661271
0.32496191838955496
0.3249653906129828
0.3249688628364107
0.3249723350598385
0.32497580728326636
0.32497927950669425
0.32498275173012214
0.32498622395355
0.3249896961769778
0.3249931684004057
0.32499664062383354
0.3250001128472614
0.3250035850706892
0.3250070572941171
0.32501052951754494
0.32501400174097284
0.32501747396440067
0.3250209461878285
0.3250244184112564
0.32502789063468424
0.32503136285811207
0.3250348350815399
0.32503830730496774
0.32504177952839564
0.3250452517518235
0.32504872397525136
0.3250521961986792
0.3250556684221071
0.3250591406455349
0.3250626128689628
0.32506608509239066
0.3250695573158185
0.3250730295392463
0.3250765017626742
0.32507997398610206
0.3250834462095299
0.3250869184329578
0.3250903906563857
0.3250938628798135
0.32509733510324135
0.3251008073266692
0.3251042795500971
0.3251077517735249
0.32511122399695275
0.3251146962203806
0.3251181684438084
0.32512164066723637
0.3251251128906642
0.32512858511409204
0.3251320573375199
0.32513552956094777
0.3251390017843756
0.32514247400780344
0.3251459462312313
0.32514941845465917
0.325152890678087
0.3251563629015149
0.32515983512494273
0.3251633073483706
0.32516677957179846
0.3251702517952263
0.32517372401865413
0.325177196242082
0.32518066846550986
0.32518414068893775
0.3251876129123656
0.3251910851357934
0.32519455735922126
0.3251980295826492
0.32520150180607704
0.3252049740295049
0.3252084462529327
0.32521191847636055
0.3252153906997884
0.3252188629232163
0.3252223351466441
0.32522580737007195
0.32522927959349984
0.32523275181692773
0.32523622404035557
0.3252396962637834
0.32524316848721124
0.32524664071063913
0.32525011293406697
0.3252535851574948
0.3252570573809227
0.3252605296043506
0.3252640018277784
0.32526747405120626
0.3252709462746341
0.325274418498062
0.3252778907214898
0.32528136294491766
0.3252848351683455
0.32528830739177333
0.3252917796152012
0.3252952518386291
0.32529872406205695
0.3253021962854848
0.3253056685089127
0.3253091407323405
0.32531261295576835
0.3253160851791962
0.3253195574026241
0.3253230296260519
0.3253265018494798
0.32532997407290765
0.3253334462963355
0.3253369185197634
0.32534039074319127
0.3253438629666191
