0.2496528644628002
0.24965633668622797
0.24965980890965583
0.24966328113308373
0.24966675335651156
0.24967022557993945
0.2496736978033673
0.24967717002679515
0.24968064225022293
0.24968411447365083
0.24968758669707872
0.24969105892050655
0.24969453114393442
0.24969800336736225
0.2497014755907901
0.24970494781421798
0.24970842003764582
0.24971189226107368
0.24971536448450152
0.2497188367079294
0.2497223089313573
0.24972578115478508
0.24972925337821295
0.24973272560164078
0.24973619782506867
0.24973967004849656
0.2497431422719244
0.24974661449535226
0.24975008671878005
0.24975355894220794
0.24975703116563577
0.24976050338906366
0.24976397561249153
0.24976744783591937
0.24977092005934726
0.24977439228277504
0.24977786450620293
0.2497813367296308
0.24978480895305863
0.24978828117648652
0.24979175339991436
0.24979522562334225
0.24979869784677006
0.2498021700701979
0.24980564229362578
0.24980911451705362
0.2498125867404815
0.24981605896390938
0.2498195311873372
0.24982300341076505
0.24982647563419288
0.24982994785762078
0.2498334200810486
0.24983689230447648
0.24984036452790437
0.24984383675133215
0.24984730897476004
0.24985078119818788
0.24985425342161574
0.24985772564504363
0.24986119786847147
0.24986467009189936
0.24986814231532714
0.249871614538755
0.2498750867621829
0.24987855898561073
0.24988203120903862
0.24988550343246646
0.24988897565589432
0.2498924478793221
0.24989592010275
0.2498993923261779
0.24990286454960572
0.2499063367730336
0.24990980899646142
0.24991328121988932
0.24991675344331718
0.249920225666745
0.24992369789017285
0.2499271701136007
0.24993064233702858
0.24993411456045647
0.2499375867838843
0.24994105900731212
0.24994453123073995
0.24994800345416784
0.24995147567759574
0.24995494790102357
0.24995842012445144
0.24996189234787927
0.2499653645713071
0.24996883679473494
0.24997230901816284
0.2499757812415907
0.24997925346501854
0.24998272568844643
0.2499861979118742
0.2499896701353021
0.24999314235872996
0.2499966145821578
0.25000008680558566
0.2500035590290135
0.2500070312524414
0.25001050347586923
0.25001397569929706
0.25001744792272496
0.25002092014615285
0.2500243923695807
0.2500278645930085
0.2500313368164364
0.25003480903986425
0.2500382812632921
0.2500417534867199
0.2500452257101478
0.25004869793357565
0.2500521701570035
0.2500556423804314
0.25005911460385927
0.2500625868272871
0.25006605905071494
0.25006953127414283
0.2500730034975706
0.2500764757209985
0.25007994794442634
0.2500834201678542
0.25008689239128207
0.2500903646147099
0.25009383683813774
0.25009730906156563
0.2501007812849935
0.25010425350842136
0.2501077257318492
0.25011119795527703
0.2501146701787049
0.25011814240213276
0.2501216146255606
0.2501250868489885
0.2501285590724163
0.25013203129584416
0.25013550351927205
0.25013897574269994
0.2501424479661277
0.25014592018955556
0.25014939241298345
0.25015286463641134
0.2501563368598392
0.250159809083267
0.2501632813066949
0.25016675353012274
0.2501702257535506
0.25017369797697847
0.2501771702004063
0.25018064242383414
0.250184114647262
0.25018758687068987
0.2501910590941177
0.2501945313175456
0.25019800354097343
0.2502014757644013
0.25020494798782916
0.250208420211257
0.2502118924346849
0.25021536465811267
0.25021883688154056
0.2502223091049684
0.25022578132839624
0.2502292535518241
0.250232725775252
0.25023619799867985
0.2502396702221077
0.2502431424455356
0.2502466146689634
0.25025008689239125
0.2502535591158191
0.250257031339247
0.2502605035626748
0.25026397578610265
0.25026744800953055
0.25027092023295844
0.2502743924563863
0.2502778646798141
0.250281336903242
0.2502848091266698
0.2502882813500977
0.2502917535735255
0.2502952257969534
0.25029869802038124
0.2503021702438091
0.25030564246723697
0.25030911469066486
0.2503125869140927
0.25031605913752053
0.25031953136094837
0.2503230035843762
0.2503264758078041
0.25032994803123193
0.25033342025465977
0.25033689247808766
0.2503403647015155
0.25034383692494333
