0.0746528036988901
0.07465627592231802
0.07465974814574586
0.0746632203691737
0.07466669259260163
0.07467016481602937
0.0746736370394573
0.07467710926288512
0.07468058148631296
0.07468405370974089
0.07468752593316873
0.07469099815659656
0.0746944703800244
0.07469794260345224
0.07470141482688016
0.07470488705030799
0.07470835927373583
0.07471183149716366
0.07471530372059158
0.07471877594401942
0.07472224816744726
0.07472572039087509
0.07472919261430293
0.07473266483773086
0.07473613706115868
0.07473960928458652
0.07474308150801436
0.07474655373144219
0.07475002595487013
0.07475349817829796
0.0747569704017258
0.07476044262515372
0.07476391484858146
0.07476738707200939
0.07477085929543723
0.07477433151886506
0.07477780374229298
0.07478127596572082
0.07478474818914865
0.07478822041257649
0.07479169263600433
0.07479516485943224
0.07479863708286008
0.07480210930628792
0.07480558152971575
0.07480905375314369
0.07481252597657152
0.07481599819999936
0.07481947042342718
0.07482294264685502
0.07482641487028295
0.07482988709371079
0.07483335931713862
0.07483683154056654
0.0748403037639943
0.07484377598742221
0.07484724821085005
0.07485072043427789
0.07485419265770582
0.07485766488113364
0.07486113710456148
0.07486460932798931
0.07486808155141715
0.07487155377484508
0.07487502599827292
0.07487849822170074
0.07488197044512858
0.07488544266855642
0.07488891489198435
0.07489238711541218
0.07489585933884002
0.07489933156226786
0.07490280378569578
0.07490627600912352
0.07490974823255145
0.07491322045597928
0.07491669267940712
0.07492016490283504
0.07492363712626288
0.07492710934969071
0.07493058157311865
0.07493405379654638
0.0749375260199743
0.07494099824340214
0.07494447046682998
0.07494794269025791
0.07495141491368575
0.07495488713711358
0.07495835936054142
0.07496183158396924
0.07496530380739717
0.07496877603082501
0.07497224825425285
0.07497572047768068
0.0749791927011086
0.07498266492453635
0.07498613714796427
0.07498960937139211
0.07499308159481995
0.07499655381824787
0.0750000260416757
0.07500349826510354
0.07500697048853137
0.07501044271195921
0.07501391493538714
0.07501738715881498
0.0750208593822428
0.07502433160567074
0.07502780382909847
0.07503127605252641
0.07503474827595424
0.07503822049938208
0.07504169272281
0.07504516494623784
0.07504863716966567
0.07505210939309351
0.07505558161652134
0.07505905383994918
0.0750625260633771
0.07506599828680494
0.07506947051023277
0.0750729427336607
0.07507641495708844
0.07507988718051636
0.0750833594039442
0.07508683162737204
0.07509030385079997
0.0750937760742278
0.07509724829765564
0.07510072052108348
0.0751041927445113
0.07510766496793923
0.07511113719136707
0.0751146094147949
0.07511808163822283
0.07512155386165066
0.0751250260850785
0.07512849830850633
0.07513197053193417
0.075135442755362
0.07513891497878993
0.07514238720221776
0.0751458594256456
0.07514933164907343
0.07515280387250127
0.0751562760959292
0.07515974831935704
0.07516322054278486
0.0751666927662128
0.07517016498964053
0.07517363721306847
0.0751771094364963
0.07518058165992414
0.07518405388335206
0.0751875261067799
0.07519099833020773
0.07519447055363557
0.0751979427770634
0.07520141500049132
0.07520488722391916
0.075208359447347
0.07521183167077483
0.07521530389420276
0.0752187761176306
0.07522224834105842
0.07522572056448626
0.0752291927879141
0.07523266501134203
0.07523613723476986
0.0752396094581977
0.07524308168162554
0.07524655390505336
0.07525002612848129
0.07525349835190913
0.07525697057533696
0.07526044279876488
0.07526391502219264
0.07526738724562056
0.07527085946904839
0.07527433169247623
0.07527780391590416
0.07528127613933198
0.07528474836275982
0.07528822058618766
0.07529169280961549
0.07529516503304343
0.07529863725647126
0.0753021094798991
0.07530558170332692
0.07530905392675485
0.07531252615018269
0.07531599837361053
0.07531947059703836
0.0753229428204662
0.07532641504389412
0.07532988726732195
0.07533335949074979
0.07533683171417772
0.07534030393760546
0.07534377616103338
