0.8649308558787694
0.8649343281021973
0.8649378003256251
0.864941272549053
0.8649447447724807
0.8649482169959087
0.8649516892193364
0.8649551614427644
0.8649586336661923
0.8649621058896201
0.864965578113048
0.8649690503364758
0.8649725225599036
0.8649759947833314
0.8649794670067594
0.8649829392301873
0.8649864114536151
0.864989883677043
0.8649933559004708
0.8649968281238987
0.8650003003473264
0.8650037725707543
0.8650072447941821
0.86501071701761
0.8650141892410378
0.8650176614644659
0.8650211336878937
0.8650246059113216
0.8650280781347494
0.8650315503581771
0.865035022581605
0.8650384948050328
0.8650419670284609
0.8650454392518885
0.8650489114753166
0.8650523836987444
0.8650558559221723
0.8650593281456
0.8650628003690279
0.8650662725924557
0.8650697448158836
0.8650732170393116
0.8650766892627392
0.8650801614861673
0.8650836337095951
0.865087105933023
0.8650905781564507
0.8650940503798786
0.8650975226033064
0.8651009948267343
0.8651044670501621
0.86510793927359
0.865111411497018
0.8651148837204458
0.8651183559438737
0.8651218281673014
0.8651253003907293
0.8651287726141571
0.865132244837585
0.8651357170610128
0.8651391892844407
0.8651426615078687
0.8651461337312965
0.8651496059547243
0.8651530781781521
0.86515655040158
0.8651600226250078
0.8651634948484357
0.8651669670718637
0.8651704392952914
0.8651739115187194
0.8651773837421471
0.865180855965575
0.8651843281890028
0.8651878004124307
0.8651912726358585
0.8651947448592864
0.8651982170827144
0.8652016893061422
0.86520516152957
0.8652086337529978
0.8652121059764257
0.8652155781998535
0.8652190504232814
0.8652225226467092
0.8652259948701371
0.8652294670935649
0.8652329393169927
0.8652364115404207
0.8652398837638485
0.8652433559872764
0.8652468282107042
0.8652503004341321
0.8652537726575599
0.8652572448809878
0.8652607171044158
0.8652641893278434
0.8652676615512714
0.8652711337746992
0.8652746059981271
0.8652780782215549
0.8652815504449828
0.8652850226684106
0.8652884948918385
0.8652919671152665
0.8652954393386943
0.8652989115621221
0.86530238378555
0.8653058560089778
0.8653093282324057
0.8653128004558335
0.8653162726792613
0.8653197449026891
0.8653232171261169
0.8653266893495448
0.8653301615729728
0.8653336337964007
0.8653371060198285
0.8653405782432564
0.8653440504666842
0.8653475226901121
0.8653509949135398
0.8653544671369678
0.8653579393603955
0.8653614115838235
0.8653648838072514
0.8653683560306792
0.8653718282541071
0.8653753004775349
0.8653787727009628
0.8653822449243905
0.8653857171478185
0.8653891893712464
0.8653926615946742
0.8653961338181021
0.8653996060415299
0.8654030782649578
0.8654065504883856
0.8654100227118134
0.8654134949352412
0.8654169671586691
0.8654204393820969
0.8654239116055249
0.8654273838289528
0.8654308560523806
0.8654343282758085
0.8654378004992362
0.8654412727226641
0.8654447449460919
0.8654482171695199
0.8654516893929476
0.8654551616163756
0.8654586338398035
0.8654621060632313
0.8654655782866592
0.8654690505100869
0.8654725227335148
0.8654759949569426
0.8654794671803706
0.8654829394037985
0.8654864116272263
0.8654898838506542
0.865493356074082
0.8654968282975098
0.8655003005209376
0.8655037727443655
0.8655072449677933
0.8655107171912212
0.865514189414649
0.865517661638077
0.8655211338615049
0.8655246060849326
0.8655280783083605
0.8655315505317883
0.8655350227552162
0.865538494978644
0.8655419672020721
0.8655454394254997
0.8655489116489277
0.8655523838723556
0.8655558560957833
0.8655593283192112
0.865562800542639
0.8655662727660669
0.8655697449894947
0.8655732172129228
0.8655766894363504
0.8655801616597785
0.8655836338832062
0.8655871061066341
0.8655905783300619
0.8655940505534897
0.8655975227769176
0.8656009950003454
0.8656044672237735
0.865607939447201
0.8656114116706292
0.8656148838940569
0.8656183561174848
0.8656218283409126
