0.24409730697823157
0.24410077920165946
0.24410425142508732
0.2441077236485151
0.244111195871943
0.24411466809537083
0.24411814031879872
0.24412161254222658
0.24412508476565442
0.2441285569890823
0.2441320292125101
0.24413550143593798
0.24413897365936582
0.24414244588279368
0.24414591810622158
0.2441493903296494
0.24415286255307725
0.24415633477650509
0.24415980699993295
0.24416327922336084
0.24416675144678868
0.24417022367021657
0.24417369589364435
0.2441771681170722
0.2441806403405001
0.24418411256392794
0.24418758478735583
0.24419105701078367
0.24419452923421153
0.24419800145763942
0.2442014736810672
0.2442049459044951
0.24420841812792293
0.2442118903513508
0.24421536257477863
0.24421883479820652
0.24422230702163442
0.2442257792450622
0.24422925146849006
0.2442327236919179
0.2442361959153458
0.24423966813877368
0.24424314036220152
0.24424661258562938
0.24425008480905716
0.24425355703248505
0.24425702925591294
0.24426050147934078
0.24426397370276864
0.24426744592619648
0.24427091814962437
0.2442743903730522
0.24427786259648004
0.2442813348199079
0.24428480704333574
0.24428827926676364
0.24429175149019147
0.2442952237136193
0.24429869593704717
0.244302168160475
0.2443056403839029
0.24430911260733074
0.24431258483075863
0.2443160570541865
0.24431952927761427
0.24432300150104216
0.24432647372447
0.2443299459478979
0.24433341817132576
0.2443368903947536
0.24434036261818148
0.24434383484160926
0.24434730706503716
0.244350779288465
0.24435425151189286
0.24435772373532075
0.24436119595874858
0.24436466818217648
0.24436814040560426
0.24437161262903212
0.24437508485246
0.24437855707588785
0.24438202929931574
0.24438550152274358
0.24438897374617144
0.24439244596959928
0.2443959181930271
0.244399390416455
0.24440286263988284
0.2444063348633107
0.2444098070867386
0.24441327931016638
0.24441675153359427
0.2444202237570221
0.24442369598044997
0.2444271682038778
0.2444306404273057
0.2444341126507336
0.24443758487416137
0.24444105709758923
0.24444452932101707
0.24444800154444496
0.24445147376787285
0.2444549459913007
0.24445841821472855
0.24446189043815633
0.24446536266158422
0.24446883488501212
0.24447230710843995
0.24447577933186782
0.24447925155529565
0.24448272377872354
0.24448619600215143
0.24448966822557922
0.24449314044900708
0.24449661267243492
0.2445000848958628
0.24450355711929064
0.24450702934271853
0.2445105015661464
0.24451397378957418
0.24451744601300207
0.2445209182364299
0.2445243904598578
0.24452786268328566
0.2445313349067135
0.24453480713014134
0.24453827935356917
0.24454175157699706
0.24454522380042493
0.24454869602385276
0.24455216824728065
0.24455564047070844
0.24455911269413633
0.24456258491756416
0.24456605714099203
0.24456952936441992
0.24457300158784775
0.24457647381127565
0.24457994603470343
0.2445834182581313
0.24458689048155918
0.24459036270498702
0.2445938349284149
0.24459730715184275
0.2446007793752706
0.2446042515986985
0.24460772382212628
0.24461119604555417
0.244614668268982
0.24461814049240987
0.24462161271583777
0.2446250849392656
0.24462855716269347
0.24463202938612127
0.24463550160954914
0.24463897383297697
0.24464244605640487
0.24464591827983276
0.2446493905032606
0.2446528627266884
0.24465633495011624
0.24465980717354413
0.24466327939697202
0.24466675162039986
0.24467022384382772
0.24467369606725556
0.2446771682906834
0.24468064051411129
0.24468411273753912
0.244687584960967
0.24469105718439482
0.24469452940782271
0.2446980016312506
0.2447014738546784
0.24470494607810625
0.2447084183015341
0.24471189052496198
0.24471536274838981
0.2447188349718177
0.24472230719524557
0.24472577941867335
0.24472925164210124
0.24473272386552908
0.24473619608895697
0.24473966831238483
0.24474314053581267
0.24474661275924056
0.24475008498266834
0.24475355720609623
0.2447570294295241
0.24476050165295193
0.24476397387637983
0.24476744609980766
0.24477091832323553
0.24477439054666333
0.2447778627700912
0.2447813349935191
0.24478480721694693
0.24478827944037482
