0.11562504014758339
0.11562851237101121
0.11563198459443905
0.11563545681786694
0.11563892904129476
0.11564240126472265
0.11564587348815053
0.11564934571157832
0.1156528179350062
0.11565629015843404
0.11565976238186192
0.1156632346052898
0.11566670682871763
0.11567017905214551
0.1156736512755733
0.11567712349900118
0.11568059572242906
0.1156840679458569
0.11568754016928477
0.11569101239271261
0.1156944846161405
0.11569795683956828
0.11570142906299616
0.11570490128642405
0.11570837350985189
0.11571184573327976
0.1157153179567076
0.11571879018013548
0.11572226240356336
0.11572573462699115
0.11572920685041903
0.11573267907384686
0.11573615129727474
0.11573962352070262
0.11574309574413046
0.11574656796755829
0.11575004019098613
0.115753512414414
0.11575698463784184
0.11576045686126972
0.11576392908469761
0.11576740130812545
0.11577087353155327
0.1157743457549811
0.115777817978409
0.11578129020183688
0.11578476242526471
0.11578823464869259
0.11579170687212038
0.11579517909554826
0.11579865131897614
0.11580212354240398
0.11580559576583185
0.11580906798925969
0.11581254021268757
0.11581601243611546
0.11581948465954324
0.11582295688297112
0.11582642910639895
0.11582990132982683
0.11583337355325467
0.11583684577668256
0.11584031800011044
0.11584379022353822
0.11584726244696611
0.11585073467039395
0.11585420689382182
0.1158576791172497
0.11586115134067754
0.11586462356410542
0.11586809578753321
0.11587156801096109
0.11587504023438897
0.1158785124578168
0.11588198468124468
0.11588545690467252
0.11588892912810035
0.11589240135152823
0.11589587357495607
0.11589934579838396
0.11590281802181178
0.11590629024523967
0.11590976246866745
0.11591323469209533
0.11591670691552322
0.11592017913895106
0.11592365136237893
0.11592712358580677
0.11593059580923465
0.11593406803266253
0.11593754025609032
0.1159410124795182
0.11594448470294604
0.11594795692637391
0.11595142914980179
0.11595490137322963
0.11595837359665752
0.1159618458200853
0.11596531804351318
0.11596879026694107
0.11597226249036889
0.11597573471379678
0.11597920693722462
0.1159826791606525
0.11598615138408028
0.11598962360750817
0.11599309583093605
0.11599656805436388
0.11600004027779176
0.1160035125012196
0.11600698472464747
0.11601045694807531
0.11601392917150315
0.11601740139493102
0.11602087361835886
0.11602434584178674
0.11602781806521463
0.11603129028864241
0.11603476251207029
0.11603823473549812
0.11604170695892602
0.11604517918235384
0.11604865140578173
0.11605212362920961
0.11605559585263739
0.11605906807606528
0.11606254029949312
0.116066012522921
0.11606948474634887
0.11607295696977671
0.11607642919320459
0.11607990141663238
0.11608337364006026
0.11608684586348814
0.11609031808691597
0.11609379031034385
0.11609726253377169
0.11610073475719958
0.11610420698062746
0.11610767920405524
0.11611115142748313
0.11611462365091095
0.11611809587433884
0.11612156809776668
0.11612504032119456
0.11612851254462239
0.11613198476805023
0.1161354569914781
0.11613892921490594
0.11614240143833382
0.1161458736617617
0.11614934588518949
0.11615281810861737
0.1161562903320452
0.11615976255547308
0.11616323477890096
0.1161667070023288
0.11617017922575669
0.11617365144918447
0.11617712367261235
0.11618059589604024
0.11618406811946806
0.11618754034289595
0.11619101256632379
0.11619448478975167
0.11619795701317945
0.11620142923660734
0.11620490146003522
0.11620837368346305
0.11621184590689093
0.11621531813031877
0.11621879035374665
0.11622226257717452
0.11622573480060232
0.1162292070240302
0.11623267924745803
0.11623615147088591
0.1162396236943138
0.11624309591774164
0.11624656814116946
0.1162500403645973
0.11625351258802519
0.11625698481145301
0.1162604570348809
0.11626392925830878
0.11626740148173662
0.11627087370516445
0.11627434592859229
0.11627781815202017
0.11628129037544804
0.11628476259887588
0.11628823482230376
0.11629170704573155
0.11629517926915943
0.11629865149258731
0.11630212371601514
0.11630559593944302
0.11630906816287086
0.11631254038629875
0.11631601260972663
