0.646875224609453
0.6468786968328808
0.6468821690563087
0.6468856412797366
0.6468891135031644
0.6468925857265923
0.64689605795002
0.646899530173448
0.6469030023968758
0.6469064746203037
0.6469099468437315
0.6469134190671594
0.6469168912905873
0.646920363514015
0.6469238357374429
0.6469273079608708
0.6469307801842987
0.6469342524077265
0.6469377246311544
0.6469411968545822
0.6469446690780101
0.646948141301438
0.6469516135248659
0.6469550857482936
0.6469585579717215
0.6469620301951494
0.6469655024185772
0.6469689746420051
0.6469724468654329
0.6469759190888608
0.6469793913122885
0.6469828635357165
0.6469863357591443
0.6469898079825722
0.6469932802060001
0.6469967524294279
0.6470002246528558
0.6470036968762836
0.6470071690997115
0.6470106413231393
0.6470141135465672
0.647017585769995
0.6470210579934229
0.6470245302168508
0.6470280024402786
0.6470314746637065
0.6470349468871343
0.6470384191105623
0.64704189133399
0.6470453635574179
0.6470488357808457
0.6470523080042736
0.6470557802277015
0.6470592524511294
0.6470627246745572
0.647066196897985
0.6470696691214128
0.6470731413448407
0.6470766135682686
0.6470800857916964
0.6470835580151244
0.6470870302385522
0.6470905024619801
0.6470939746854079
0.6470974469088357
0.6471009191322635
0.6471043913556914
0.6471078635791193
0.6471113358025471
0.6471148080259751
0.6471182802494029
0.6471217524728308
0.6471252246962585
0.6471286969196864
0.6471321691431142
0.6471356413665421
0.64713911358997
0.6471425858133978
0.6471460580368257
0.6471495302602536
0.6471530024836815
0.6471564747071092
0.6471599469305371
0.6471634191539649
0.6471668913773928
0.6471703636008207
0.6471738358242485
0.6471773080476765
0.6471807802711043
0.6471842524945322
0.6471877247179599
0.6471911969413878
0.6471946691648156
0.6471981413882436
0.6472016136116714
0.6472050858350992
0.6472085580585271
0.647212030281955
0.6472155025053828
0.6472189747288106
0.6472224469522385
0.6472259191756663
0.6472293913990942
0.6472328636225221
0.64723633584595
0.6472398080693779
0.6472432802928056
0.6472467525162335
0.6472502247396613
0.6472536969630892
0.647257169186517
0.647260641409945
0.6472641136333728
0.6472675858568007
0.6472710580802286
0.6472745303036563
0.6472780025270842
0.647281474750512
0.6472849469739399
0.6472884191973678
0.6472918914207957
0.6472953636442235
0.6472988358676514
0.6473023080910791
0.647305780314507
0.6473092525379349
0.6473127247613627
0.6473161969847906
0.6473196692082184
0.6473231414316464
0.6473266136550742
0.647330085878502
0.6473335581019299
0.6473370303253578
0.6473405025487856
0.6473439747722135
0.6473474469956413
0.6473509192190691
0.6473543914424971
0.6473578636659248
0.6473613358893527
0.6473648081127805
0.6473682803362085
0.6473717525596363
0.6473752247830642
0.647378697006492
0.6473821692299199
0.6473856414533478
0.6473891136767755
0.6473925859002034
0.6473960581236312
0.6473995303470592
0.647403002570487
0.6474064747939149
0.6474099470173427
0.6474134192407706
0.6474168914641985
0.6474203636876262
0.6474238359110541
0.647427308134482
0.6474307803579099
0.6474342525813377
0.6474377248047656
0.6474411970281934
0.6474446692516213
0.6474481414750491
0.6474516136984769
0.6474550859219048
0.6474585581453326
0.6474620303687606
0.6474655025921884
0.6474689748156163
0.647472447039044
0.6474759192624719
0.6474793914858997
0.6474828637093277
0.6474863359327555
0.6474898081561834
0.6474932803796113
0.6474967526030391
0.647500224826467
0.6475036970498947
0.6475071692733226
0.6475106414967505
0.6475141137201784
0.6475175859436062
0.6475210581670341
0.647524530390462
0.6475280026138898
0.6475314748373177
0.6475349470607454
0.6475384192841734
0.6475418915076012
0.6475453637310291
0.6475488359544569
0.6475523081778848
0.6475557804013127
0.6475592526247405
0.6475627248481683
0.6475661970715961
