0.4128473655720019
0.4128508377954298
0.41285431001885764
0.4128577822422855
0.4128612544657133
0.41286472668914115
0.41286819891256904
0.41287167113599693
0.41287514335942477
0.4128786155828526
0.4128820878062805
0.41288556002970833
0.4128890322531362
0.41289250447656406
0.4128959766999919
0.41289944892341973
0.4129029211468476
0.41290639337027546
0.4129098655937033
0.4129133378171312
0.412916810040559
0.4129202822639869
0.41292375448741475
0.4129272267108426
0.4129306989342704
0.41293417115769826
0.41293764338112615
0.412941115604554
0.4129445878279819
0.4129480600514097
0.4129515322748376
0.41295500449826544
0.4129584767216933
0.41296194894512117
0.412965421168549
0.41296889339197684
0.4129723656154047
0.41297583783883257
0.4129793100622604
0.4129827822856883
0.41298625450911614
0.41298972673254397
0.41299319895597186
0.41299667117939975
0.41300014340282754
0.41300361562625537
0.41300708784968326
0.4130105600731111
0.413014032296539
0.4130175045199668
0.41302097674339466
0.41302444896682255
0.41302792119025045
0.4130313934136783
0.4130348656371061
0.41303833786053396
0.4130418100839618
0.4130452823073897
0.4130487545308175
0.4130522267542454
0.41305569897767325
0.4130591712011011
0.413062643424529
0.4130661156479568
0.41306958787138465
0.4130730600948125
0.4130765323182404
0.4130800045416682
0.41308347676509605
0.41308694898852394
0.41309042121195183
0.41309389343537967
0.4130973656588075
0.4131008378822354
0.41310431010566323
0.41310778232909107
0.4131112545525189
0.41311472677594674
0.41311819899937463
0.4131216712228025
0.41312514344623036
0.4131286156696582
0.4131320878930861
0.4131355601165139
0.4131390323399418
0.4131425045633696
0.41314597678679743
0.4131494490102253
0.4131529212336532
0.41315639345708105
0.4131598656805089
0.4131633379039368
0.4131668101273646
0.4131702823507925
0.41317375457422034
0.4131772267976482
0.413180699021076
0.41318417124450385
0.41318764346793174
0.4131911156913596
0.41319458791478747
0.4131980601382153
0.4132015323616432
0.41320500458507103
0.41320847680849887
0.4132119490319267
0.4132154212553546
0.41321889347878243
0.41322236570221027
0.41322583792563816
0.413229310149066
0.4132327823724939
0.4132362545959217
0.41323972681934956
0.41324319904277745
0.4132466712662053
0.4132501434896331
0.41325361571306096
0.41325708793648885
0.4132605601599167
0.4132640323833446
0.4132675046067724
0.41327097683020025
0.41327444905362815
0.41327792127705604
0.4132813935004839
0.41328486572391165
0.41328833794733955
0.4132918101707674
0.4132952823941953
0.4132987546176231
0.413302226841051
0.41330569906447884
0.4133091712879067
0.41331264351133457
0.4133161157347624
0.41331958795819024
0.4133230601816181
0.41332653240504597
0.4133300046284738
0.41333347685190164
0.41333694907532953
0.4133404212987574
0.41334389352218526
0.4133473657456131
0.413350837969041
0.41335431019246877
0.41335778241589666
0.4133612546393245
0.41336472686275233
0.4133681990861802
0.4133716713096081
0.41337514353303595
0.4133786157564638
0.4133820879798917
0.4133855602033195
0.41338903242674735
0.4133925046501752
0.413395976873603
0.4133994490970309
0.4134029213204588
0.41340639354388664
0.4134098657673145
0.41341333799074237
0.4134168102141702
0.4134202824375981
0.4134237546610259
0.41342722688445377
0.4134306991078816
0.41343417133130944
0.41343764355473733
0.41344111577816517
0.41344458800159306
0.4134480602250209
0.4134515324484488
0.4134550046718766
0.41345847689530446
0.4134619491187323
0.4134654213421602
0.413468893565588
0.41347236578901586
0.41347583801244375
0.4134793102358716
0.4134827824592995
0.4134862546827273
0.41348972690615515
0.41349319912958304
0.4134966713530109
0.4135001435764387
0.41350361579986655
0.41350708802329444
0.4135105602467223
0.4135140324701502
0.413517504693578
0.41352097691700584
0.41352444914043374
0.4135279213638616
0.4135313935872894
0.41353486581071724
0.41353833803414514
