0.7190974719088444
0.7191009441322722
0.7191044163557001
0.719107888579128
0.7191113608025558
0.7191148330259838
0.7191183052494116
0.7191217774728395
0.7191252496962672
0.7191287219196951
0.7191321941431229
0.7191356663665508
0.7191391385899787
0.7191426108134066
0.7191460830368345
0.7191495552602623
0.7191530274836901
0.7191564997071179
0.7191599719305458
0.7191634441539736
0.7191669163774015
0.7191703886008294
0.7191738608242572
0.7191773330476852
0.7191808052711129
0.7191842774945408
0.7191877497179686
0.7191912219413965
0.7191946941648243
0.7191981663882522
0.7192016386116801
0.7192051108351079
0.7192085830585359
0.7192120552819636
0.7192155275053915
0.7192189997288193
0.7192224719522472
0.719225944175675
0.7192294163991029
0.7192328886225308
0.7192363608459587
0.7192398330693865
0.7192433052928143
0.7192467775162422
0.71925024973967
0.7192537219630979
0.7192571941865257
0.7192606664099537
0.7192641386333815
0.7192676108568093
0.7192710830802372
0.719274555303665
0.7192780275270929
0.7192814997505207
0.7192849719739486
0.7192884441973764
0.7192919164208044
0.7192953886442321
0.71929886086766
0.7193023330910879
0.7193058053145157
0.7193092775379436
0.7193127497613714
0.7193162219847993
0.7193196942082271
0.719323166431655
0.7193266386550828
0.7193301108785108
0.7193335831019386
0.7193370553253664
0.7193405275487943
0.7193439997722221
0.71934747199565
0.7193509442190777
0.7193544164425058
0.7193578886659335
0.7193613608893614
0.7193648331127893
0.7193683053362172
0.719371777559645
0.7193752497830729
0.7193787220065007
0.7193821942299286
0.7193856664533563
0.7193891386767842
0.7193926109002122
0.71939608312364
0.7193995553470679
0.7194030275704957
0.7194064997939236
0.7194099720173514
0.7194134442407792
0.7194169164642071
0.7194203886876349
0.7194238609110628
0.7194273331344907
0.7194308053579186
0.7194342775813464
0.7194377498047743
0.719441222028202
0.7194446942516299
0.7194481664750578
0.7194516386984856
0.7194551109219135
0.7194585831453414
0.7194620553687693
0.7194655275921971
0.719468999815625
0.7194724720390527
0.7194759442624806
0.7194794164859084
0.7194828887093363
0.7194863609327643
0.7194898331561921
0.71949330537962
0.7194967776030478
0.7195002498264756
0.7195037220499034
0.7195071942733313
0.7195106664967592
0.7195141387201871
0.7195176109436149
0.7195210831670428
0.7195245553904707
0.7195280276138984
0.7195314998373263
0.7195349720607541
0.719538444284182
0.7195419165076099
0.7195453887310378
0.7195488609544657
0.7195523331778935
0.7195558054013214
0.7195592776247491
0.719562749848177
0.7195662220716048
0.7195696942950327
0.7195731665184605
0.7195766387418885
0.7195801109653164
0.7195835831887442
0.719587055412172
0.7195905276355998
0.7195939998590277
0.7195974720824555
0.7196009443058834
0.7196044165293113
0.7196078887527392
0.719611360976167
0.719614833199595
0.7196183054230227
0.7196217776464505
0.7196252498698784
0.7196287220933062
0.7196321943167341
0.7196356665401619
0.7196391387635899
0.7196426109870178
0.7196460832104457
0.7196495554338734
0.7196530276573013
0.7196564998807291
0.719659972104157
0.7196634443275848
0.7196669165510127
0.7196703887744406
0.7196738609978683
0.7196773332212963
0.7196808054447241
0.719684277668152
0.7196877498915798
0.7196912221150077
0.7196946943384355
0.7196981665618634
0.7197016387852913
0.719705111008719
0.719708583232147
0.7197120554555748
0.7197155276790027
0.7197189999024305
0.7197224721258584
0.7197259443492862
0.719729416572714
0.719732888796142
0.7197363610195698
0.7197398332429977
0.7197433054664255
0.7197467776898534
0.7197502499132812
0.7197537221367091
0.7197571943601369
0.7197606665835649
0.7197641388069926
0.7197676110304204
0.7197710832538484
0.7197745554772762
0.7197780277007041
0.7197814999241319
0.7197849721475598
0.7197884443709875
