0.3378473395303262
0.33785081175375403
0.3378542839771819
0.3378577562006098
0.33786122842403765
0.3378647006474655
0.3378681728708933
0.3378716450943212
0.33787511731774905
0.3378785895411769
0.3378820617646048
0.3378855339880326
0.3378890062114605
0.33789247843488834
0.3378959506583162
0.33789942288174407
0.3379028951051719
0.33790636732859974
0.3379098395520276
0.3379133117754554
0.33791678399888336
0.3379202562223112
0.33792372844573904
0.33792720066916687
0.33793067289259476
0.3379341451160226
0.33793761733945044
0.33794108956287827
0.3379445617863061
0.337948034009734
0.3379515062331619
0.3379549784565897
0.33795845068001756
0.33796192290344546
0.33796539512687335
0.3379688673503012
0.33797233957372896
0.33797581179715686
0.33797928402058475
0.3379827562440126
0.3379862284674404
0.33798970069086826
0.33799317291429615
0.33799664513772404
0.3380001173611519
0.3380035895845797
0.33800706180800755
0.3380105340314354
0.3380140062548633
0.3380174784782911
0.33802095070171895
0.33802442292514684
0.3380278951485747
0.33803136737200257
0.3380348395954304
0.3380383118188583
0.33804178404228613
0.33804525626571397
0.3380487284891418
0.33805220071256964
0.33805567293599753
0.3380591451594254
0.33806261738285326
0.3380660896062811
0.338069561829709
0.3380730340531368
0.33807650627656466
0.3380799784999925
0.33808345072342033
0.33808692294684817
0.3380903951702761
0.33809386739370395
0.3380973396171318
0.3381008118405596
0.3381042840639875
0.3381077562874154
0.33811122851084324
0.338114700734271
0.3381181729576989
0.3381216451811268
0.33812511740455464
0.3381285896279825
0.33813206185141037
0.3381355340748382
0.3381390062982661
0.33814247852169393
0.33814595074512177
0.3381494229685496
0.3381528951919775
0.33815636741540533
0.33815983963883317
0.338163311862261
0.33816678408568895
0.3381702563091168
0.3381737285325446
0.33817720075597246
0.33818067297940035
0.3381841452028282
0.338187617426256
0.33819108964968386
0.3381945618731117
0.3381980340965396
0.3382015063199675
0.3382049785433953
0.33820845076682315
0.33821192299025105
0.3382153952136789
0.3382188674371067
0.33822233966053455
0.33822581188396245
0.33822928410739034
0.3382327563308182
0.338236228554246
0.33823970077767385
0.33824317300110174
0.33824664522452963
0.33825011744795747
0.3382535896713853
0.3382570618948131
0.338260534118241
0.33826400634166887
0.3382674785650967
0.33827095078852454
0.33827442301195243
0.33827789523538027
0.33828136745880816
0.338284839682236
0.33828831190566383
0.33829178412909167
0.33829525635251956
0.3382987285759474
0.33830220079937523
0.3383056730228031
0.338309145246231
0.33831261746965885
0.3383160896930867
0.3383195619165146
0.3383230341399424
0.33832650636337025
0.3383299785867981
0.3383334508102259
0.33833692303365376
0.3383403952570817
0.33834386748050954
0.3383473397039374
0.3383508119273652
0.3383542841507931
0.33835775637422094
0.3383612285976488
0.3383647008210766
0.3383681730445045
0.3383716452679324
0.33837511749136023
0.33837858971478807
0.33838206193821596
0.3383855341616438
0.3383890063850717
0.3383924786084995
0.33839595083192736
0.3383994230553552
0.3384028952787831
0.3384063675022109
0.33840983972563876
0.3384133119490666
0.33841678417249454
0.3384202563959224
0.3384237286193502
0.33842720084277805
0.3384306730662059
0.3384341452896337
0.3384376175130616
0.33844108973648945
0.3384445619599173
0.3384480341833452
0.3384515064067731
0.3384549786302009
0.33845845085362875
0.33846192307705664
0.3384653953004845
0.3384688675239123
0.33847233974734015
0.33847581197076804
0.33847928419419593
0.33848275641762376
0.3384862286410516
0.33848970086447944
0.33849317308790733
0.33849664531133516
0.338500117534763
0.33850358975819084
0.3385070619816187
0.33851053420504656
0.33851400642847446
0.3385174786519023
0.33852095087533013
0.338524423098758
0.33852789532218586
0.33853136754561375
0.3385348397690416
0.3385383119924694
