0.5725696432533482
0.5725731154767763
0.572576587700204
0.5725800599236319
0.5725835321470597
0.5725870043704877
0.5725904765939155
0.5725939488173434
0.5725974210407712
0.572600893264199
0.5726043654876269
0.5726078377110547
0.5726113099344826
0.5726147821579105
0.5726182543813384
0.5726217266047662
0.5726251988281941
0.5726286710516219
0.5726321432750497
0.5726356154984776
0.5726390877219054
0.5726425599453333
0.5726460321687611
0.5726495043921891
0.5726529766156169
0.5726564488390448
0.5726599210624725
0.5726633932859004
0.5726668655093283
0.5726703377327561
0.572673809956184
0.5726772821796118
0.5726807544030398
0.5726842266264676
0.5726876988498955
0.5726911710733232
0.5726946432967511
0.572698115520179
0.5727015877436068
0.5727050599670347
0.5727085321904625
0.5727120044138905
0.5727154766373183
0.5727189488607461
0.5727224210841739
0.5727258933076018
0.5727293655310297
0.5727328377544576
0.5727363099778854
0.5727397822013133
0.5727432544247412
0.572746726648169
0.5727501988715968
0.5727536710950246
0.5727571433184525
0.5727606155418804
0.5727640877653083
0.5727675599887361
0.572771032212164
0.5727745044355919
0.5727779766590196
0.5727814488824475
0.5727849211058753
0.5727883933293032
0.5727918655527311
0.572795337776159
0.5727988099995868
0.5728022822230147
0.5728057544464425
0.5728092266698703
0.5728126988932982
0.572816171116726
0.5728196433401539
0.5728231155635818
0.5728265877870097
0.5728300600104375
0.5728335322338654
0.5728370044572932
0.5728404766807211
0.5728439489041489
0.5728474211275767
0.5728508933510046
0.5728543655744325
0.5728578377978604
0.5728613100212882
0.5728647822447162
0.5728682544681439
0.5728717266915718
0.5728751989149996
0.5728786711384275
0.5728821433618553
0.5728856155852832
0.5728890878087111
0.5728925600321388
0.5728960322555667
0.5728995044789946
0.5729029767024225
0.5729064489258503
0.5729099211492782
0.572913393372706
0.5729168655961339
0.5729203378195618
0.5729238100429895
0.5729272822664174
0.5729307544898453
0.5729342267132732
0.572937698936701
0.5729411711601289
0.5729446433835567
0.5729481156069846
0.5729515878304124
0.5729550600538402
0.5729585322772681
0.572962004500696
0.5729654767241239
0.5729689489475517
0.5729724211709796
0.5729758933944074
0.5729793656178354
0.5729828378412631
0.5729863100646909
0.5729897822881188
0.5729932545115467
0.5729967267349746
0.5730001989584024
0.5730036711818303
0.573007143405258
0.573010615628686
0.5730140878521138
0.5730175600755417
0.5730210322989695
0.5730245045223974
0.5730279767458253
0.5730314489692531
0.573034921192681
0.5730383934161087
0.5730418656395367
0.5730453378629645
0.5730488100863924
0.5730522823098202
0.5730557545332481
0.573059226756676
0.5730626989801038
0.5730661712035316
0.5730696434269594
0.5730731156503874
0.5730765878738152
0.5730800600972431
0.5730835323206709
0.5730870045440988
0.5730904767675267
0.5730939489909544
0.5730974212143823
0.5731008934378101
0.5731043656612381
0.5731078378846659
0.5731113101080938
0.5731147823315216
0.5731182545549496
0.5731217267783774
0.5731251990018053
0.573128671225233
0.5731321434486608
0.5731356156720888
0.5731390878955166
0.5731425601189445
0.5731460323423723
0.5731495045658003
0.573152976789228
0.5731564490126559
0.5731599212360837
0.5731633934595116
0.5731668656829395
0.5731703379063673
0.5731738101297952
0.573177282353223
0.573180754576651
0.5731842268000787
0.5731876990235066
0.5731911712469344
0.5731946434703623
0.5731981156937902
0.573201587917218
0.5732050601406459
0.5732085323640737
0.5732120045875017
0.5732154768109294
0.5732189490343573
0.5732224212577851
0.573225893481213
0.5732293657046409
0.5732328379280687
0.5732363101514966
0.5732397823749243
0.5732432545983523
0.5732467268217801
0.573250199045208
0.5732536712686358
0.5732571434920637
0.5732606157154916
