0.37256957380887973
0.3725730460323077
0.3725765182557355
0.37257999047916335
0.3725834627025912
0.3725869349260191
0.37259040714944697
0.37259387937287475
0.3725973515963026
0.3726008238197304
0.3726042960431583
0.3726077682665862
0.37261124049001404
0.3726147127134419
0.37261818493686977
0.37262165716029766
0.3726251293837255
0.37262860160715333
0.37263207383058117
0.37263554605400906
0.3726390182774369
0.37264249050086473
0.37264596272429257
0.37264943494772046
0.37265290717114835
0.3726563793945762
0.372659851618004
0.37266332384143186
0.37266679606485975
0.3726702682882876
0.3726737405117154
0.37267721273514326
0.37268068495857115
0.372684157181999
0.3726876294054269
0.3726911016288547
0.3726945738522826
0.37269804607571044
0.3727015182991383
0.3727049905225661
0.37270846274599395
0.37271193496942184
0.37271540719284973
0.37271887941627757
0.3727223516397054
0.3727258238631333
0.3727292960865612
0.372732768309989
0.3727362405334168
0.37273971275684464
0.3727431849802725
0.3727466572037004
0.37275012942712826
0.3727536016505561
0.37275707387398394
0.3727605460974118
0.3727640183208397
0.37276749054426755
0.3727709627676954
0.3727744349911232
0.37277790721455106
0.37278137943797895
0.3727848516614068
0.3727883238848347
0.3727917961082625
0.3727952683316904
0.37279874055511825
0.37280221277854614
0.3728056850019739
0.3728091572254018
0.37281262944882965
0.3728161016722575
0.3728195738956853
0.37282304611911327
0.3728265183425411
0.37282999056596894
0.3728334627893968
0.37283693501282467
0.3728404072362525
0.37284387945968034
0.3728473516831082
0.372850823906536
0.3728542961299639
0.3728577683533918
0.37286124057681963
0.37286471280024747
0.37286818502367536
0.37287165724710325
0.3728751294705311
0.37287860169395887
0.37288207391738676
0.37288554614081465
0.3728890183642425
0.3728924905876703
0.37289596281109816
0.37289943503452605
0.37290290725795394
0.3729063794813818
0.3729098517048096
0.37291332392823745
0.37291679615166534
0.3729202683750932
0.372923740598521
0.37292721282194885
0.37293068504537674
0.3729341572688046
0.37293762949223247
0.3729411017156603
0.3729445739390882
0.372948046162516
0.37295151838594387
0.3729549906093717
0.37295846283279954
0.37296193505622743
0.3729654072796553
0.37296887950308316
0.372972351726511
0.3729758239499389
0.3729792961733667
0.37298276839679456
0.3729862406202224
0.37298971284365023
0.37299318506707807
0.372996657290506
0.37300012951393385
0.3730036017373617
0.3730070739607895
0.3730105461842174
0.3730140184076453
0.37301749063107315
0.3730209628545009
0.3730244350779288
0.3730279073013567
0.37303137952478455
0.3730348517482124
0.3730383239716403
0.3730417961950681
0.373045268418496
0.37304874064192384
0.3730522128653517
0.3730556850887795
0.3730591573122074
0.37306262953563524
0.3730661017590631
0.3730695739824909
0.37307304620591886
0.3730765184293467
0.37307999065277453
0.37308346287620237
0.37308693509963026
0.3730904073230581
0.37309387954648593
0.37309735176991377
0.3731008239933416
0.3731042962167695
0.3731077684401974
0.3731112406636252
0.37311471288705306
0.37311818511048095
0.3731216573339088
0.3731251295573366
0.37312860178076446
0.37313207400419235
0.37313554622762024
0.3731390184510481
0.3731424906744759
0.37314596289790375
0.37314943512133164
0.37315290734475953
0.37315637956818737
0.3731598517916152
0.373163324015043
0.37316679623847093
0.37317026846189877
0.3731737406853266
0.37317721290875444
0.37318068513218233
0.37318415735561017
0.37318762957903806
0.3731911018024659
0.37319457402589373
0.37319804624932157
0.37320151847274946
0.3732049906961773
0.37320846291960513
0.373211935143033
0.3732154073664609
0.37321887958988875
0.3732223518133166
0.3732258240367445
0.3732292962601723
0.37323276848360015
0.373236240707028
0.3732397129304558
0.37324318515388366
0.3732466573773116
0.37325012960073944
0.3732536018241673
0.3732570740475951
0.373260546271023
