0.09131947615259585
0.09132294837602373
0.0913264205994516
0.0913298928228794
0.09133336504630728
0.09133683726973511
0.09134030949316299
0.09134378171659087
0.0913472539400187
0.09135072616344658
0.09135419838687438
0.09135767061030226
0.09136114283373013
0.09136461505715797
0.09136808728058586
0.09137155950401368
0.09137503172744157
0.09137850395086945
0.09138197617429723
0.09138544839772512
0.09138892062115296
0.09139239284458084
0.09139586506800867
0.09139933729143655
0.09140280951486443
0.09140628173829222
0.0914097539617201
0.09141322618514794
0.09141669840857582
0.0914201706320037
0.09142364285543153
0.09142711507885937
0.0914305873022872
0.09143405952571508
0.09143753174914297
0.0914410039725708
0.09144447619599869
0.09144794841942652
0.09145142064285436
0.09145489286628224
0.09145836508971007
0.09146183731313795
0.09146530953656579
0.09146878175999366
0.09147225398342146
0.09147572620684934
0.09147919843027721
0.09148267065370505
0.09148614287713293
0.09148961510056076
0.09149308732398864
0.09149655954741653
0.09150003177084431
0.09150350399427219
0.09150697621770003
0.09151044844112792
0.0915139206645558
0.09151739288798363
0.09152086511141151
0.09152433733483929
0.09152780955826718
0.09153128178169502
0.0915347540051229
0.09153822622855078
0.09154169845197861
0.09154517067540649
0.09154864289883428
0.09155211512226216
0.09155558734569004
0.09155905956911788
0.09156253179254575
0.09156600401597359
0.09156947623940143
0.0915729484628293
0.09157642068625714
0.09157989290968503
0.09158336513311285
0.09158683735654075
0.09159030957996862
0.09159378180339642
0.0915972540268243
0.09160072625025213
0.09160419847368001
0.09160767069710785
0.09161114292053572
0.0916146151439636
0.0916180873673914
0.09162155959081927
0.09162503181424711
0.09162850403767499
0.09163197626110287
0.0916354484845307
0.0916389207079586
0.09164239293138637
0.09164586515481425
0.09164933737824214
0.09165280960166998
0.09165628182509786
0.0916597540485257
0.09166322627195357
0.09166669849538141
0.09167017071880924
0.09167364294223712
0.09167711516566496
0.09168058738909284
0.09168405961252067
0.09168753183594855
0.09169100405937639
0.09169447628280422
0.0916979485062321
0.09170142072965994
0.09170489295308781
0.0917083651765157
0.09171183739994349
0.09171530962337136
0.0917187818467992
0.09172225407022709
0.09172572629365497
0.0917291985170828
0.09173267074051068
0.09173614296393846
0.09173961518736636
0.09174308741079419
0.09174655963422207
0.09175003185764995
0.09175350408107778
0.09175697630450566
0.09176044852793346
0.09176392075136133
0.09176739297478921
0.09177086519821705
0.09177433742164492
0.09177780964507276
0.09178128186850065
0.09178475409192853
0.09178822631535631
0.0917916985387842
0.09179517076221204
0.09179864298563992
0.0918021152090678
0.09180558743249563
0.09180905965592347
0.0918125318793513
0.09181600410277918
0.09181947632620702
0.0918229485496349
0.09182642077306277
0.09182989299649057
0.09183336521991844
0.09183683744334628
0.09184030966677416
0.09184378189020204
0.09184725411362987
0.09185072633705776
0.09185419856048554
0.09185767078391342
0.09186114300734131
0.09186461523076915
0.09186808745419703
0.09187155967762486
0.09187503190105274
0.09187850412448062
0.09188197634790841
0.09188544857133629
0.09188892079476413
0.091892393018192
0.09189586524161984
0.09189933746504772
0.09190280968847561
0.09190628191190339
0.09190975413533127
0.0919132263587591
0.09191669858218698
0.09192017080561488
0.09192364302904271
0.09192711525247059
0.09193058747589837
0.09193405969932626
0.09193753192275414
0.09194100414618198
0.09194447636960985
0.09194794859303769
0.09195142081646553
0.0919548930398934
0.09195836526332124
0.09196183748674912
0.09196530971017695
0.09196878193360483
0.09197225415703263
0.0919757263804605
0.09197919860388838
0.09198267082731622
0.0919861430507441
0.09198961527417193
0.09199308749759982
0.0919965597210277
0.09200003194445548
0.09200350416788337
0.09200697639131121
0.09201044861473909
