0.5385418536603659
0.5385453258837937
0.5385487981072216
0.5385522703306493
0.5385557425540773
0.5385592147775051
0.538562687000933
0.5385661592243608
0.5385696314477887
0.5385731036712166
0.5385765758946444
0.5385800481180723
0.5385835203415
0.538586992564928
0.5385904647883558
0.5385939370117837
0.5385974092352115
0.5386008814586394
0.5386043536820673
0.538607825905495
0.5386112981289229
0.5386147703523507
0.5386182425757787
0.5386217147992065
0.5386251870226344
0.5386286592460622
0.5386321314694901
0.538635603692918
0.5386390759163459
0.5386425481397736
0.5386460203632015
0.5386494925866294
0.5386529648100572
0.5386564370334851
0.5386599092569129
0.5386633814803408
0.5386668537037687
0.5386703259271965
0.5386737981506243
0.5386772703740522
0.5386807425974801
0.5386842148209079
0.5386876870443358
0.5386911592677636
0.5386946314911915
0.5386981037146193
0.5387015759380472
0.538705048161475
0.5387085203849029
0.5387119926083308
0.5387154648317586
0.5387189370551865
0.5387224092786143
0.5387258815020421
0.53872935372547
0.5387328259488979
0.5387362981723257
0.5387397703957536
0.5387432426191815
0.5387467148426093
0.5387501870660372
0.538753659289465
0.5387571315128928
0.5387606037363207
0.5387640759597486
0.5387675481831764
0.5387710204066043
0.5387744926300322
0.5387779648534601
0.5387814370768879
0.5387849093003158
0.5387883815237435
0.5387918537471714
0.5387953259705993
0.5387987981940271
0.538802270417455
0.5388057426408829
0.5388092148643108
0.5388126870877386
0.5388161593111664
0.5388196315345942
0.5388231037580221
0.53882657598145
0.5388300482048778
0.5388335204283057
0.5388369926517336
0.5388404648751615
0.5388439370985892
0.5388474093220171
0.5388508815454449
0.5388543537688728
0.5388578259923007
0.5388612982157285
0.5388647704391564
0.5388682426625843
0.5388717148860122
0.5388751871094399
0.5388786593328678
0.5388821315562956
0.5388856037797236
0.5388890760031514
0.5388925482265792
0.5388960204500071
0.538899492673435
0.5389029648968628
0.5389064371202906
0.5389099093437185
0.5389133815671463
0.5389168537905743
0.5389203260140021
0.53892379823743
0.5389272704608578
0.5389307426842856
0.5389342149077135
0.5389376871311413
0.5389411593545692
0.538944631577997
0.538948103801425
0.5389515760248528
0.5389550482482807
0.5389585204717084
0.5389619926951363
0.5389654649185642
0.538968937141992
0.5389724093654199
0.5389758815888477
0.5389793538122757
0.5389828260357035
0.5389862982591314
0.5389897704825591
0.538993242705987
0.5389967149294149
0.5390001871528427
0.5390036593762706
0.5390071315996984
0.5390106038231264
0.5390140760465542
0.539017548269982
0.5390210204934098
0.5390244927168378
0.5390279649402656
0.5390314371636934
0.5390349093871213
0.5390383816105491
0.5390418538339771
0.5390453260574048
0.5390487982808327
0.5390522705042605
0.5390557427276885
0.5390592149511163
0.5390626871745442
0.539066159397972
0.5390696316213999
0.5390731038448278
0.5390765760682555
0.5390800482916834
0.5390835205151112
0.5390869927385392
0.539090464961967
0.5390939371853949
0.5390974094088227
0.5391008816322506
0.5391043538556785
0.5391078260791062
0.5391112983025341
0.5391147705259619
0.5391182427493899
0.5391217149728177
0.5391251871962456
0.5391286594196734
0.5391321316431013
0.5391356038665291
0.5391390760899569
0.5391425483133848
0.5391460205368126
0.5391494927602406
0.5391529649836684
0.5391564372070963
0.539159909430524
0.539163381653952
0.5391668538773798
0.5391703261008077
0.5391737983242355
0.5391772705476633
0.5391807427710913
0.5391842149945191
0.539187687217947
0.5391911594413747
0.5391946316648026
0.5391981038882305
0.5392015761116584
0.5392050483350862
0.5392085205585141
0.539211992781942
0.5392154650053698
0.5392189372287977
0.5392224094522254
0.5392258816756533
0.5392293538990812
0.5392328261225091
