0.472569608531114
0.47257308075454196
0.4725765529779698
0.47258002520139764
0.47258349742482547
0.47258696964825336
0.4725904418716812
0.47259391409510904
0.47259738631853687
0.4726008585419647
0.47260433076539266
0.4726078029888205
0.4726112752122483
0.47261474743567616
0.47261821965910406
0.4726216918825319
0.4726251641059597
0.47262863632938756
0.4726321085528154
0.47263558077624335
0.4726390529996712
0.472642525223099
0.47264599744652686
0.4726494696699548
0.47265294189338264
0.4726564141168105
0.47265988634023826
0.4726633585636661
0.47266683078709404
0.4726703030105219
0.4726737752339497
0.47267724745737755
0.4726807196808055
0.47268419190423333
0.47268766412766117
0.472691136351089
0.47269460857451684
0.47269808079794473
0.47270155302137257
0.4727050252448004
0.47270849746822824
0.4727119696916562
0.472715441915084
0.47271891413851186
0.4727223863619397
0.47272585858536753
0.4727293308087954
0.47273280303222326
0.4727362752556511
0.47273974747907893
0.4727432197025069
0.4727466919259347
0.47275016414936255
0.4727536363727904
0.4727571085962182
0.4727605808196461
0.47276405304307395
0.4727675252665018
0.4727709974899296
0.47277446971335757
0.4727779419367854
0.47278141416021324
0.4727848863836411
0.4727883586070689
0.47279183083049686
0.4727953030539247
0.47279877527735253
0.4728022475007803
0.47280571972420826
0.4728091919476361
0.47281266417106393
0.47281613639449177
0.4728196086179196
0.47282308084134755
0.4728265530647754
0.4728300252882032
0.47283349751163106
0.47283696973505895
0.4728404419584868
0.4728439141819146
0.47284738640534246
0.4728508586287703
0.47285433085219825
0.4728578030756261
0.4728612752990539
0.47286474752248175
0.47286821974590965
0.4728716919693375
0.4728751641927653
0.47287863641619315
0.472882108639621
0.47288558086304894
0.4728890530864768
0.4728925253099046
0.47289599753333245
0.47289946975676034
0.4729029419801882
0.472906414203616
0.47290988642704385
0.4729133586504717
0.47291683087389963
0.47292030309732747
0.4729237753207553
0.47292724754418314
0.4729307197676111
0.4729341919910389
0.47293766421446676
0.4729411364378946
0.4729446086613224
0.4729480808847503
0.47295155310817816
0.472955025331606
0.47295849755503383
0.4729619697784618
0.4729654420018896
0.47296891422531745
0.4729723864487453
0.4729758586721731
0.472979330895601
0.47298280311902885
0.4729862753424567
0.4729897475658845
0.47299321978931247
0.4729966920127403
0.47300016423616814
0.473003636459596
0.4730071086830238
0.4730105809064517
0.47301405312987954
0.4730175253533074
0.4730209975767352
0.47302446980016316
0.473027942023591
0.47303141424701883
0.47303488647044667
0.4730383586938745
0.4730418309173024
0.47304530314073023
0.47304877536415807
0.4730522475875859
0.47305571981101385
0.4730591920344417
0.4730626642578695
0.47306613648129736
0.4730696087047252
0.47307308092815314
0.473076553151581
0.4730800253750088
0.4730834975984366
0.47308696982186454
0.4730904420452924
0.4730939142687202
0.47309738649214805
0.4731008587155759
0.47310433093900384
0.4731078031624317
0.4731112753858595
0.47311474760928734
0.47311821983271524
0.4731216920561431
0.4731251642795709
0.47312863650299875
0.4731321087264266
0.47313558094985453
0.47313905317328236
0.4731425253967102
0.47314599762013804
0.47314946984356593
0.47315294206699376
0.4731564142904216
0.47315988651384944
0.4731633587372773
0.4731668309607052
0.47317030318413306
0.4731737754075609
0.47317724763098873
0.4731807198544166
0.47318419207784446
0.4731876643012723
0.47319113652470013
0.47319460874812797
0.4731980809715559
0.47320155319498375
0.4732050254184116
0.4732084976418394
0.47321196986526737
0.4732154420886952
0.47321891431212304
0.4732223865355509
0.47322585875897866
0.4732293309824066
0.47323280320583444
0.4732362754292623
0.4732397476526901
0.47324321987611806
0.4732466920995459
0.47325016432297373
0.47325363654640157
0.4732571087698294
0.4732605809932573
