0.42534736991228117
0.425350842135709
0.42535431435913695
0.4253577865825648
0.4253612588059926
0.42536473102942046
0.4253682032528484
0.42537167547627625
0.425375147699704
0.42537861992313186
0.4253820921465597
0.42538556436998765
0.4253890365934155
0.4253925088168433
0.42539598104027115
0.4253994532636991
0.42540292548712694
0.4254063977105548
0.4254098699339826
0.42541334215741045
0.42541681438083834
0.4254202866042662
0.425423758827694
0.42542723105112185
0.4254307032745498
0.42543417549797763
0.42543764772140547
0.4254411199448333
0.42544459216826114
0.42544806439168903
0.42545153661511687
0.4254550088385447
0.42545848106197254
0.4254619532854005
0.4254654255088283
0.42546889773225616
0.425472369955684
0.42547584217911183
0.4254793144025397
0.42548278662596756
0.4254862588493954
0.42548973107282323
0.4254932032962512
0.425496675519679
0.42550014774310685
0.4255036199665347
0.4255070921899625
0.42551056441339047
0.4255140366368183
0.4255175088602461
0.4255209810836739
0.42552445330710187
0.4255279255305297
0.42553139775395754
0.4255348699773854
0.4255383422008132
0.42554181442424116
0.425545286647669
0.42554875887109683
0.42555223109452467
0.42555570331795256
0.4255591755413804
0.42556264776480823
0.42556611998823607
0.4255695922116639
0.42557306443509185
0.4255765366585197
0.4255800088819475
0.42558348110537536
0.42558695332880325
0.4255904255522311
0.4255938977756589
0.42559736999908676
0.4256008422225146
0.42560431444594254
0.4256077866693704
0.4256112588927982
0.42561473111622605
0.42561820333965394
0.4256216755630818
0.4256251477865096
0.42562862000993745
0.4256320922333653
0.42563556445679324
0.4256390366802211
0.4256425089036489
0.42564598112707674
0.4256494533505047
0.42565292557393253
0.42565639779736036
0.42565987002078814
0.425663342244216
0.42566681446764393
0.42567028669107176
0.4256737589144996
0.42567723113792744
0.4256807033613554
0.4256841755847832
0.42568764780821106
0.4256911200316389
0.42569459225506673
0.4256980644784946
0.42570153670192246
0.4257050089253503
0.42570848114877813
0.4257119533722061
0.4257154255956339
0.42571889781906175
0.4257223700424896
0.4257258422659174
0.4257293144893453
0.42573278671277315
0.425736258936201
0.4257397311596288
0.42574320338305677
0.4257466756064846
0.42575014782991244
0.4257536200533403
0.4257570922767681
0.425760564500196
0.42576403672362384
0.4257675089470517
0.4257709811704795
0.42577445339390746
0.4257779256173353
0.42578139784076313
0.42578487006419097
0.4257883422876188
0.42579181451104675
0.4257952867344746
0.4257987589579024
0.4258022311813302
0.42580570340475815
0.425809175628186
0.4258126478516138
0.42581612007504166
0.4258195922984695
0.42582306452189744
0.4258265367453253
0.4258300089687531
0.42583348119218095
0.42583695341560884
0.4258404256390367
0.4258438978624645
0.42584737008589235
0.4258508423093202
0.42585431453274813
0.42585778675617597
0.4258612589796038
0.42586473120303164
0.42586820342645954
0.42587167564988737
0.4258751478733152
0.42587862009674304
0.4258820923201709
0.4258855645435988
0.42588903676702666
0.4258925089904545
0.42589598121388234
0.4258994534373102
0.42590292566073806
0.4259063978841659
0.42590987010759374
0.42591334233102157
0.4259168145544495
0.42592028677787735
0.4259237590013052
0.425927231224733
0.425930703448161
0.4259341756715888
0.42593764789501665
0.4259411201184445
0.42594459234187226
0.4259480645653002
0.42595153678872805
0.4259550090121559
0.4259584812355837
0.42596195345901167
0.4259654256824395
0.42596889790586734
0.4259723701292952
0.425975842352723
0.4259793145761509
0.42598278679957874
0.4259862590230066
0.4259897312464344
0.42599320346986236
0.4259966756932902
0.42600014791671803
0.42600362014014587
0.4260070923635737
0.4260105645870016
0.42601403681042943
0.42601750903385727
0.4260209812572851
0.42602445348071305
0.4260279257041409
0.4260313979275687
0.42603487015099656
0.4260383423744244
