0.04965279501833162
0.04965626724175946
0.04965973946518729
0.04966321168861513
0.049666683912042965
0.04967015613547089
0.04967362835889873
0.04967710058232656
0.04968057280575449
0.04968404502918223
0.049687517252610156
0.04969098947603799
0.04969446169946583
0.04969793392289366
0.04970140614632159
0.04970487836974942
0.049708350593177256
0.04971182281660509
0.04971529504003293
0.049718767263460854
0.04972223948688869
0.04972571171031653
0.04972918393374445
0.04973265615717219
0.04973612838060012
0.049739600604027955
0.04974307282745579
0.04974654505088372
0.04975001727431155
0.04975348949773939
0.04975696172116722
0.049760433944595055
0.04976390616802298
0.04976737839145082
0.04977085061487865
0.04977432283830649
0.049777795061734416
0.04978126728516225
0.04978473950859009
0.04978821173201792
0.049791683955445754
0.04979515617887368
0.049798628402301516
0.04980210062572935
0.04980557284915719
0.049809045072585025
0.04981251729601295
0.04981598951944079
0.049819461742868616
0.04982293396629655
0.04982640618972429
0.049829878413152215
0.04983335063658005
0.04983682286000789
0.049840295083435814
0.04984376730686365
0.04984723953029148
0.049850711753719315
0.04985418397714715
0.04985765620057508
0.049861128424002914
0.04986460064743075
0.049868072870858586
0.04987154509428651
0.04987501731771435
0.04987848954114218
0.049881961764570014
0.04988543398799785
0.049888906211425776
0.04989237843485361
0.04989585065828145
0.049899322881709375
0.049902795105137114
0.04990626732856504
0.04990973955199288
0.04991321177542071
0.04991668399884864
0.049920156222276475
0.04992362844570431
0.04992710066913215
0.04993057289255998
0.04993404511598791
0.04993751733941574
0.049940989562843575
0.04994446178627141
0.04994793400969925
0.049951406233127174
0.04995487845655501
0.04995835067998284
0.049961822903410676
0.0499652951268386
0.04996876735026635
0.049972239573694274
0.04997571179712211
0.04997918402054995
0.04998265624397787
0.04998612846740571
0.04998960069083354
0.04999307291426147
0.04999654513768921
0.05000001736111714
0.05000348958454497
0.05000696180797281
0.050010434031400736
0.05001390625482857
0.05001737847825641
0.05002085070168424
0.05002432292511207
0.05002779514854
0.050031267371967836
0.05003473959539567
0.05003821181882351
0.05004168404225134
0.05004515626567917
0.0500486284891071
0.050052100712534936
0.05005557293596277
0.0500590451593907
0.050062517382818535
0.05006598960624637
0.05006946182967421
0.050072934053102036
0.05007640627652997
0.0500798784999578
0.050083350723385635
0.05008682294681356
0.05009029517024131
0.050093767393669233
0.05009723961709707
0.0501007118405249
0.05010418406395283
0.05010765628738066
0.0501111285108085
0.050114600734236334
0.05011807295766417
0.050121545181092006
0.05012501740451993
0.05012848962794777
0.0501319618513756
0.05013543407480353
0.05013890629823127
0.050142378521659196
0.05014585074508703
0.05014932296851487
0.050152795191942795
0.05015626741537063
0.05015973963879847
0.050163211862226297
0.05016668408565413
0.05017015630908206
0.050173628532509895
0.05017710075593773
0.05018057297936566
0.0501840452027934
0.05018751742622133
0.05019098964964916
0.050194461873076995
0.05019793409650483
0.05020140631993276
0.050204878543360594
0.05020835076678843
0.050211822990216266
0.050215295213644096
0.05021876743707203
0.05022223966049986
0.050225711883927694
0.05022918410735562
0.050232656330783367
0.05023612855421129
0.05023960077763913
0.05024307300106696
0.05024654522449489
0.05025001744792272
0.05025348967135056
0.05025696189477839
0.05026043411820623
0.050263906341634156
0.05026737856506199
0.05027085078848983
0.05027432301191766
0.05027779523534559
0.05028126745877342
0.050284739682201256
0.05028821190562909
0.05029168412905693
0.050295156352484854
0.05029862857591269
0.05030210079934053
0.050305573022768356
0.05030904524619619
0.05031251746962412
0.050315989693051955
0.05031946191647979
0.05032293413990772
0.050326406363335456
0.05032987858676339
0.05033335081019122
0.050336823033619055
0.05034029525704698
0.05034376748047482
