0.8836808623891883
0.8836843346126162
0.883687806836044
0.8836912790594719
0.8836947512828996
0.8836982235063278
0.8837016957297553
0.8837051679531834
0.8837086401766112
0.883712112400039
0.8837155846234669
0.8837190568468947
0.8837225290703226
0.8837260012937503
0.8837294735171785
0.883732945740606
0.8837364179640341
0.8837398901874619
0.8837433624108898
0.8837468346343176
0.8837503068577455
0.8837537790811733
0.883757251304601
0.8837607235280289
0.8837641957514567
0.8837676679748848
0.8837711401983126
0.8837746124217405
0.8837780846451683
0.8837815568685962
0.8837850290920239
0.8837885013154518
0.8837919735388798
0.8837954457623075
0.8837989179857355
0.8838023902091633
0.8838058624325912
0.883809334656019
0.8838128068794469
0.8838162791028746
0.8838197513263025
0.8838232235497305
0.8838266957731583
0.8838301679965862
0.883833640220014
0.8838371124434419
0.8838405846668697
0.8838440568902975
0.8838475291137253
0.8838510013371532
0.883854473560581
0.8838579457840089
0.8838614180074369
0.8838648902308647
0.8838683624542926
0.8838718346777203
0.8838753069011482
0.883878779124576
0.8838822513480039
0.8838857235714319
0.8838891957948596
0.8838926680182876
0.8838961402417153
0.8838996124651433
0.883903084688571
0.8839065569119989
0.8839100291354267
0.8839135013588546
0.8839169735822826
0.8839204458057104
0.8839239180291383
0.8839273902525661
0.883930862475994
0.8839343346994217
0.8839378069228496
0.8839412791462774
0.8839447513697053
0.8839482235931331
0.883951695816561
0.883955168039989
0.8839586402634168
0.8839621124868446
0.8839655847102724
0.8839690569337003
0.8839725291571281
0.883976001380556
0.883979473603984
0.8839829458274117
0.8839864180508397
0.8839898902742676
0.8839933624976953
0.8839968347211231
0.884000306944551
0.8840037791679788
0.8840072513914067
0.8840107236148347
0.8840141958382626
0.8840176680616904
0.8840211402851182
0.884024612508546
0.8840280847319739
0.8840315569554017
0.8840350291788296
0.8840385014022574
0.8840419736256852
0.884045445849113
0.884048918072541
0.8840523902959689
0.8840558625193967
0.8840593347428246
0.8840628069662524
0.8840662791896803
0.8840697514131081
0.8840732236365361
0.8840766958599637
0.8840801680833917
0.8840836403068196
0.8840871125302474
0.8840905847536753
0.8840940569771031
0.884097529200531
0.8841010014239588
0.8841044736473868
0.8841079458708144
0.8841114180942424
0.8841148903176703
0.8841183625410981
0.884121834764526
0.8841253069879538
0.8841287792113817
0.8841322514348094
0.8841357236582373
0.8841391958816651
0.8841426681050931
0.884146140328521
0.8841496125519488
0.8841530847753767
0.8841565569988045
0.8841600292222324
0.8841635014456601
0.8841669736690881
0.8841704458925158
0.8841739181159438
0.8841773903393717
0.8841808625627995
0.8841843347862274
0.8841878070096552
0.884191279233083
0.8841947514565108
0.8841982236799388
0.8842016959033665
0.8842051681267945
0.8842086403502224
0.8842121125736502
0.8842155847970781
0.8842190570205058
0.8842225292439337
0.8842260014673615
0.8842294736907896
0.8842329459142172
0.8842364181376452
0.8842398903610731
0.8842433625845009
0.8842468348079288
0.8842503070313565
0.8842537792547844
0.8842572514782122
0.8842607237016401
0.8842641959250679
0.884267668148496
0.8842711403719238
0.8842746125953517
0.8842780848187795
0.8842815570422072
0.8842850292656351
0.8842885014890629
0.884291973712491
0.8842954459359186
0.8842989181593467
0.8843023903827745
0.8843058626062024
0.8843093348296301
0.884312807053058
0.8843162792764858
0.8843197514999137
0.8843232237233417
0.8843266959467695
0.8843301681701974
0.8843336403936252
0.8843371126170531
0.8843405848404808
0.8843440570639087
0.8843475292873365
0.8843510015107644
0.8843544737341922
0.8843579459576201
0.8843614181810481
0.8843648904044759
0.8843683626279037
0.8843718348513315
