0.7267363634501262
0.726739835673554
0.7267433078969819
0.7267467801204097
0.7267502523438376
0.7267537245672654
0.7267571967906933
0.7267606690141212
0.7267641412375491
0.7267676134609768
0.7267710856844048
0.7267745579078326
0.7267780301312605
0.7267815023546883
0.7267849745781161
0.726788446801544
0.7267919190249718
0.7267953912483998
0.7267988634718276
0.7268023356952555
0.7268058079186833
0.7268092801421112
0.726812752365539
0.7268162245889669
0.7268196968123947
0.7268231690358226
0.7268266412592504
0.7268301134826782
0.7268335857061062
0.726837057929534
0.7268405301529619
0.7268440023763897
0.7268474745998176
0.7268509468232454
0.7268544190466733
0.7268578912701011
0.726861363493529
0.7268648357169569
0.7268683079403847
0.7268717801638126
0.7268752523872404
0.7268787246106683
0.726882196834096
0.7268856690575239
0.7268891412809518
0.7268926135043797
0.7268960857278076
0.7268995579512354
0.7269030301746633
0.7269065023980911
0.726909974621519
0.7269134468449467
0.7269169190683747
0.7269203912918025
0.7269238635152304
0.7269273357386583
0.7269308079620861
0.726934280185514
0.7269377524089418
0.7269412246323697
0.7269446968557974
0.7269481690792253
0.7269516413026532
0.7269551135260811
0.726958585749509
0.7269620579729368
0.7269655301963647
0.7269690024197925
0.7269724746432203
0.7269759468666481
0.7269794190900761
0.7269828913135039
0.7269863635369318
0.7269898357603597
0.7269933079837875
0.7269967802072154
0.7270002524306431
0.727003724654071
0.7270071968774988
0.7270106691009268
0.7270141413243546
0.7270176135477825
0.7270210857712104
0.7270245579946382
0.7270280302180661
0.7270315024414938
0.7270349746649217
0.7270384468883495
0.7270419191117774
0.7270453913352053
0.7270488635586333
0.7270523357820611
0.727055808005489
0.7270592802289167
0.7270627524523446
0.7270662246757724
0.7270696968992002
0.7270731691226282
0.727076641346056
0.7270801135694839
0.7270835857929118
0.7270870580163397
0.7270905302397674
0.7270940024631953
0.7270974746866231
0.727100946910051
0.7271044191334789
0.7271078913569067
0.7271113635803347
0.7271148358037625
0.7271183080271904
0.7271217802506181
0.727125252474046
0.7271287246974738
0.7271321969209017
0.7271356691443295
0.7271391413677574
0.7271426135911854
0.7271460858146132
0.727149558038041
0.7271530302614688
0.7271565024848967
0.7271599747083245
0.7271634469317524
0.7271669191551803
0.7271703913786081
0.727173863602036
0.7271773358254638
0.7271808080488917
0.7271842802723195
0.7271877524957474
0.7271912247191752
0.7271946969426031
0.7271981691660309
0.7272016413894589
0.7272051136128868
0.7272085858363145
0.7272120580597424
0.7272155302831702
0.7272190025065981
0.7272224747300259
0.7272259469534538
0.7272294191768817
0.7272328914003096
0.7272363636237373
0.7272398358471652
0.7272433080705931
0.7272467802940209
0.7272502525174488
0.7272537247408766
0.7272571969643045
0.7272606691877324
0.7272641414111602
0.727267613634588
0.7272710858580159
0.7272745580814438
0.7272780303048716
0.7272815025282995
0.7272849747517273
0.7272884469751552
0.7272919191985829
0.7272953914220109
0.7272988636454388
0.7273023358688667
0.7273058080922945
0.7273092803157223
0.7273127525391502
0.727316224762578
0.7273196969860058
0.7273231692094337
0.7273266414328616
0.7273301136562894
0.7273335858797174
0.7273370581031452
0.7273405303265731
0.7273440025500009
0.7273474747734288
0.7273509469968565
0.7273544192202844
0.7273578914437123
0.7273613636671402
0.7273648358905681
0.7273683081139959
0.7273717803374238
0.7273752525608516
0.7273787247842795
0.7273821970077072
0.7273856692311351
0.727389141454563
0.7273926136779909
0.7273960859014188
0.7273995581248466
0.7274030303482745
0.7274065025717023
0.7274099747951301
0.7274134470185579
0.7274169192419858
0.7274203914654137
0.7274238636888415
0.7274273359122695
