0.6239585499856076
0.6239620222090355
0.6239654944324634
0.6239689666558912
0.623972438879319
0.6239759111027469
0.6239793833261748
0.6239828555496026
0.6239863277730304
0.6239897999964583
0.6239932722198862
0.6239967444433141
0.6240002166667419
0.6240036888901698
0.6240071611135976
0.6240106333370254
0.6240141055604533
0.6240175777838811
0.6240210500073091
0.6240245222307369
0.6240279944541648
0.6240314666775926
0.6240349389010205
0.6240384111244482
0.6240418833478761
0.624045355571304
0.6240488277947318
0.6240523000181598
0.6240557722415876
0.6240592444650155
0.6240627166884433
0.6240661889118712
0.6240696611352989
0.6240731333587268
0.6240766055821547
0.6240800778055825
0.6240835500290104
0.6240870222524383
0.6240904944758662
0.624093966699294
0.6240974389227218
0.6241009111461496
0.6241043833695776
0.6241078555930054
0.6241113278164332
0.6241148000398611
0.624118272263289
0.6241217444867169
0.6241252167101446
0.6241286889335725
0.6241321611570003
0.6241356333804283
0.6241391056038561
0.624142577827284
0.6241460500507119
0.6241495222741397
0.6241529944975676
0.6241564667209953
0.6241599389444232
0.624163411167851
0.624166883391279
0.6241703556147068
0.6241738278381347
0.6241773000615626
0.6241807722849904
0.6241842445084183
0.624187716731846
0.6241911889552739
0.6241946611787017
0.6241981334021297
0.6242016056255575
0.6242050778489854
0.6242085500724133
0.624212022295841
0.6242154945192689
0.6242189667426967
0.6242224389661246
0.6242259111895524
0.6242293834129804
0.6242328556364082
0.6242363278598361
0.6242398000832639
0.6242432723066919
0.6242467445301196
0.6242502167535474
0.6242536889769753
0.6242571612004031
0.6242606334238311
0.6242641056472589
0.6242675778706868
0.6242710500941147
0.6242745223175425
0.6242779945409703
0.6242814667643982
0.624284938987826
0.6242884112112539
0.6242918834346818
0.6242953556581096
0.6242988278815375
0.6243023001049653
0.6243057723283932
0.624309244551821
0.6243127167752489
0.6243161889986767
0.6243196612221046
0.6243231334455325
0.6243266056689603
0.6243300778923881
0.624333550115816
0.6243370223392439
0.6243404945626717
0.6243439667860996
0.6243474390095274
0.6243509112329553
0.6243543834563832
0.624357855679811
0.6243613279032388
0.6243648001266666
0.6243682723500946
0.6243717445735224
0.6243752167969503
0.6243786890203781
0.624382161243806
0.6243856334672339
0.6243891056906617
0.6243925779140895
0.6243960501375174
0.6243995223609453
0.6244029945843731
0.624406466807801
0.6244099390312288
0.6244134112546567
0.6244168834780846
0.6244203557015124
0.6244238279249402
0.6244273001483681
0.624430772371796
0.6244342445952238
0.6244377168186517
0.6244411890420795
0.6244446612655074
0.6244481334889352
0.6244516057123631
0.6244550779357909
0.6244585501592188
0.6244620223826467
0.6244654946060745
0.6244689668295024
0.6244724390529302
0.624475911276358
0.6244793834997859
0.6244828557232138
0.6244863279466416
0.6244898001700695
0.6244932723934974
0.6244967446169252
0.6245002168403531
0.6245036890637808
0.6245071612872087
0.6245106335106366
0.6245141057340645
0.6245175779574923
0.6245210501809203
0.6245245224043481
0.624527994627776
0.6245314668512038
0.6245349390746315
0.6245384112980594
0.6245418835214873
0.6245453557449152
0.624548827968343
0.624552300191771
0.6245557724151988
0.6245592446386267
0.6245627168620544
0.6245661890854823
0.6245696613089101
0.624573133532338
0.6245766057557659
0.6245800779791937
0.6245835502026217
0.6245870224260495
0.6245904946494774
0.6245939668729051
0.624597439096333
0.6246009113197608
0.6246043835431887
0.6246078557666166
0.6246113279900444
0.6246148002134723
0.6246182724369002
0.624621744660328
0.6246252168837558
0.6246286891071837
0.6246321613306115
0.6246356335540394
0.6246391057774673
0.6246425780008951
0.6246460502243231
0.6246495224477508
