0.6690974545477273
0.6691009267711551
0.669104398994583
0.6691078712180109
0.6691113434414386
0.6691148156648666
0.6691182878882944
0.6691217601117223
0.6691252323351501
0.669128704558578
0.6691321767820058
0.6691356490054337
0.6691391212288615
0.6691425934522893
0.6691460656757172
0.6691495378991451
0.669153010122573
0.6691564823460008
0.6691599545694287
0.6691634267928565
0.6691668990162843
0.6691703712397122
0.66917384346314
0.669177315686568
0.6691807879099958
0.6691842601334237
0.6691877323568515
0.6691912045802794
0.6691946768037071
0.6691981490271351
0.6692016212505629
0.6692050934739908
0.6692085656974187
0.6692120379208465
0.6692155101442744
0.6692189823677022
0.6692224545911301
0.669225926814558
0.6692293990379858
0.6692328712614136
0.6692363434848415
0.6692398157082693
0.6692432879316972
0.6692467601551251
0.6692502323785529
0.6692537046019807
0.6692571768254085
0.6692606490488365
0.6692641212722643
0.6692675934956922
0.6692710657191201
0.6692745379425479
0.6692780101659758
0.6692814823894035
0.6692849546128314
0.6692884268362592
0.6692918990596872
0.669295371283115
0.6692988435065429
0.6693023157299708
0.6693057879533986
0.6693092601768265
0.6693127324002542
0.6693162046236821
0.6693196768471099
0.6693231490705379
0.6693266212939657
0.6693300935173936
0.6693335657408214
0.6693370379642494
0.6693405101876772
0.669343982411105
0.6693474546345328
0.6693509268579606
0.6693543990813886
0.6693578713048164
0.6693613435282443
0.6693648157516722
0.6693682879751001
0.6693717601985278
0.6693752324219557
0.6693787046453835
0.6693821768688114
0.6693856490922393
0.6693891213156671
0.669392593539095
0.6693960657625228
0.6693995379859508
0.6694030102093785
0.6694064824328064
0.6694099546562342
0.6694134268796621
0.66941689910309
0.6694203713265178
0.6694238435499457
0.6694273157733736
0.6694307879968014
0.6694342602202292
0.6694377324436571
0.6694412046670849
0.6694446768905128
0.6694481491139407
0.6694516213373685
0.6694550935607964
0.6694585657842242
0.6694620380076521
0.6694655102310799
0.6694689824545078
0.6694724546779356
0.6694759269013636
0.6694793991247914
0.6694828713482193
0.669486343571647
0.6694898157950749
0.6694932880185028
0.6694967602419306
0.6695002324653585
0.6695037046887863
0.6695071769122142
0.6695106491356421
0.66951412135907
0.6695175935824977
0.6695210658059256
0.6695245380293535
0.6695280102527813
0.6695314824762092
0.669534954699637
0.6695384269230649
0.6695418991464928
0.6695453713699206
0.6695488435933484
0.6695523158167763
0.6695557880402042
0.669559260263632
0.6695627324870599
0.6695662047104877
0.6695696769339156
0.6695731491573435
0.6695766213807713
0.6695800936041991
0.669583565827627
0.6695870380510549
0.6695905102744827
0.6695939824979106
0.6695974547213384
0.6696009269447663
0.6696043991681941
0.669607871391622
0.6696113436150498
0.6696148158384778
0.6696182880619056
0.6696217602853335
0.6696252325087613
0.6696287047321892
0.6696321769556169
0.6696356491790448
0.6696391214024727
0.6696425936259005
0.6696460658493284
0.6696495380727563
0.6696530102961842
0.669656482519612
0.6696599547430399
0.6696634269664676
0.6696668991898955
0.6696703714133234
0.6696738436367512
0.6696773158601792
0.669680788083607
0.6696842603070349
0.6696877325304627
0.6696912047538905
0.6696946769773183
0.6696981492007462
0.6697016214241741
0.6697050936476019
0.6697085658710299
0.6697120380944577
0.6697155103178856
0.6697189825413133
0.6697224547647412
0.6697259269881691
0.669729399211597
0.6697328714350248
0.6697363436584526
0.6697398158818805
0.6697432881053084
0.6697467603287363
0.669750232552164
0.6697537047755919
0.6697571769990197
0.6697606492224477
0.6697641214458755
0.6697675936693034
0.6697710658927313
0.6697745381161591
0.669778010339587
0.6697814825630147
0.6697849547864426
0.6697884270098704
