0.5378474089747948
0.5378508811982226
0.5378543534216506
0.5378578256450783
0.5378612978685062
0.537864770091934
0.5378682423153619
0.5378717145387898
0.5378751867622176
0.5378786589856455
0.5378821312090732
0.5378856034325012
0.537889075655929
0.5378925478793569
0.5378960201027847
0.5378994923262126
0.5379029645496405
0.5379064367730683
0.5379099089964962
0.5379133812199239
0.5379168534433519
0.5379203256667797
0.5379237978902076
0.5379272701136354
0.5379307423370634
0.5379342145604912
0.537937686783919
0.5379411590073468
0.5379446312307746
0.5379481034542026
0.5379515756776304
0.5379550479010583
0.5379585201244861
0.5379619923479141
0.5379654645713419
0.5379689367947698
0.5379724090181975
0.5379758812416254
0.5379793534650533
0.5379828256884811
0.537986297911909
0.5379897701353368
0.5379932423587648
0.5379967145821926
0.5380001868056205
0.5380036590290482
0.5380071312524761
0.538010603475904
0.5380140756993318
0.5380175479227597
0.5380210201461875
0.5380244923696155
0.5380279645930433
0.5380314368164711
0.5380349090398989
0.5380383812633268
0.5380418534867547
0.5380453257101825
0.5380487979336104
0.5380522701570382
0.5380557423804662
0.5380592146038939
0.5380626868273218
0.5380661590507496
0.5380696312741775
0.5380731034976054
0.5380765757210333
0.5380800479444611
0.5380835201678889
0.5380869923913169
0.5380904646147446
0.5380939368381725
0.5380974090616003
0.5381008812850282
0.5381043535084561
0.538107825731884
0.5381112979553118
0.5381147701787397
0.5381182424021675
0.5381217146255953
0.5381251868490232
0.538128659072451
0.5381321312958789
0.5381356035193068
0.5381390757427347
0.5381425479661625
0.5381460201895903
0.5381494924130182
0.538152964636446
0.5381564368598739
0.5381599090833017
0.5381633813067296
0.5381668535301575
0.5381703257535854
0.5381737979770131
0.538177270200441
0.5381807424238689
0.5381842146472967
0.5381876868707246
0.5381911590941524
0.5381946313175803
0.5381981035410082
0.5382015757644361
0.5382050479878638
0.5382085202112917
0.5382119924347196
0.5382154646581475
0.5382189368815753
0.5382224091050031
0.538225881328431
0.5382293535518589
0.5382328257752867
0.5382362979987145
0.5382397702221424
0.5382432424455703
0.5382467146689982
0.538250186892426
0.5382536591158539
0.5382571313392817
0.5382606035627095
0.5382640757861374
0.5382675480095652
0.5382710202329931
0.538274492456421
0.5382779646798489
0.5382814369032767
0.5382849091267046
0.5382883813501324
0.5382918535735602
0.5382953257969881
0.5382987980204159
0.5383022702438438
0.5383057424672717
0.5383092146906996
0.5383126869141274
0.5383161591375553
0.538319631360983
0.5383231035844109
0.5383265758078388
0.5383300480312666
0.5383335202546945
0.5383369924781224
0.5383404647015503
0.5383439369249781
0.538347409148406
0.5383508813718337
0.5383543535952617
0.5383578258186895
0.5383612980421174
0.5383647702655452
0.5383682424889731
0.538371714712401
0.5383751869358288
0.5383786591592566
0.5383821313826844
0.5383856036061124
0.5383890758295402
0.5383925480529681
0.5383960202763959
0.5383994924998238
0.5384029647232517
0.5384064369466794
0.5384099091701073
0.5384133813935351
0.5384168536169631
0.5384203258403909
0.5384237980638188
0.5384272702872466
0.5384307425106745
0.5384342147341024
0.5384376869575301
0.538441159180958
0.5384446314043858
0.5384481036278138
0.5384515758512416
0.5384550480746695
0.5384585202980973
0.5384619925215252
0.538465464744953
0.5384689369683808
0.5384724091918087
0.5384758814152365
0.5384793536386645
0.5384828258620923
0.5384862980855202
0.538489770308948
0.538493242532376
0.5384967147558037
0.5385001869792316
0.5385036592026594
0.5385071314260872
0.5385106036495152
0.538514075872943
0.5385175480963709
0.5385210203197986
0.5385244925432267
0.5385279647666544
0.5385314369900823
0.5385349092135101
0.538538381436938
