0.9184030966677419
0.9184065688911698
0.9184100411145976
0.9184135133380255
0.9184169855614532
0.9184204577848811
0.9184239300083091
0.9184274022317369
0.9184308744551648
0.9184343466785926
0.9184378189020205
0.9184412911254483
0.9184447633488761
0.9184482355723042
0.9184517077957318
0.9184551800191598
0.9184586522425876
0.9184621244660155
0.9184655966894433
0.9184690689128712
0.918472541136299
0.9184760133597268
0.9184794855831548
0.9184829578065826
0.9184864300300105
0.9184899022534383
0.9184933744768662
0.918496846700294
0.9185003189237219
0.9185037911471496
0.9185072633705775
0.9185107355940053
0.9185142078174332
0.9185176800408612
0.918521152264289
0.9185246244877169
0.9185280967111447
0.9185315689345726
0.9185350411580003
0.9185385133814282
0.9185419856048562
0.9185454578282839
0.9185489300517119
0.9185524022751397
0.9185558744985676
0.9185593467219954
0.9185628189454232
0.918566291168851
0.9185697633922789
0.9185732356157069
0.9185767078391347
0.9185801800625626
0.9185836522859904
0.9185871245094183
0.918590596732846
0.9185940689562739
0.9185975411797017
0.9186010134031296
0.9186044856265574
0.9186079578499853
0.9186114300734133
0.9186149022968412
0.918618374520269
0.9186218467436967
0.9186253189671246
0.9186287911905524
0.9186322634139803
0.9186357356374083
0.918639207860836
0.918642680084264
0.9186461523076919
0.9186496245311196
0.9186530967545475
0.9186565689779753
0.9186600412014032
0.918663513424831
0.918666985648259
0.9186704578716869
0.9186739300951147
0.9186774023185426
0.9186808745419703
0.9186843467653982
0.918687818988826
0.9186912912122539
0.9186947634356817
0.9186982356591096
0.9187017078825374
0.9187051801059654
0.9187086523293932
0.918712124552821
0.9187155967762489
0.9187190689996767
0.9187225412231046
0.9187260134465324
0.9187294856699604
0.918732957893388
0.918736430116816
0.9187399023402439
0.9187433745636717
0.9187468467870996
0.9187503190105274
0.9187537912339553
0.9187572634573831
0.9187607356808111
0.918764207904239
0.9187676801276667
0.9187711523510946
0.9187746245745224
0.9187780967979503
0.9187815690213781
0.918785041244806
0.9187885134682338
0.9187919856916617
0.9187954579150894
0.9187989301385174
0.9188024023619453
0.9188058745853731
0.918809346808801
0.9188128190322288
0.9188162912556567
0.9188197634790845
0.9188232357025125
0.9188267079259401
0.9188301801493681
0.918833652372796
0.9188371245962238
0.9188405968196517
0.9188440690430795
0.9188475412665074
0.9188510134899351
0.9188544857133631
0.9188579579367908
0.9188614301602188
0.9188649023836467
0.9188683746070745
0.9188718468305024
0.9188753190539302
0.918878791277358
0.9188822635007858
0.918885735724214
0.9188892079476415
0.9188926801710696
0.9188961523944974
0.9188996246179252
0.9189030968413531
0.9189065690647809
0.9189100412882087
0.9189135135116365
0.9189169857350644
0.9189204579584922
0.9189239301819203
0.9189274024053481
0.918930874628776
0.9189343468522038
0.9189378190756317
0.9189412912990594
0.9189447635224873
0.9189482357459153
0.9189517079693429
0.918955180192771
0.9189586524161988
0.9189621246396267
0.9189655968630545
0.9189690690864823
0.9189725413099101
0.918976013533338
0.918979485756766
0.9189829579801938
0.9189864302036217
0.9189899024270495
0.9189933746504774
0.9189968468739051
0.919000319097333
0.9190037913207608
0.9190072635441887
0.9190107357676165
0.9190142079910444
0.9190176802144724
0.9190211524379002
0.9190246246613281
0.9190280968847558
0.9190315691081837
0.9190350413316115
0.9190385135550394
0.9190419857784674
0.9190454580018951
0.9190489302253231
0.9190524024487509
0.9190558746721788
0.9190593468956065
0.9190628191190344
0.9190662913424622
0.9190697635658901
0.9190732357893181
0.9190767080127459
0.9190801802361738
0.9190836524596016
0.9190871246830294
0.9190905969064572
0.9190940691298851
