0.7795141595535277
0.7795176317769555
0.7795211040003833
0.7795245762238112
0.779528048447239
0.7795315206706669
0.7795349928940947
0.7795384651175226
0.7795419373409505
0.7795454095643783
0.7795488817878061
0.7795523540112341
0.7795558262346619
0.7795592984580898
0.7795627706815176
0.7795662429049454
0.7795697151283734
0.779573187351801
0.779576659575229
0.7795801317986568
0.7795836040220848
0.7795870762455126
0.7795905484689405
0.7795940206923683
0.7795974929157962
0.779600965139224
0.7796044373626518
0.7796079095860797
0.7796113818095076
0.7796148540329355
0.7796183262563633
0.7796217984797912
0.779625270703219
0.7796287429266469
0.7796322151500746
0.7796356873735025
0.7796391595969304
0.7796426318203583
0.7796461040437862
0.779649576267214
0.7796530484906419
0.7796565207140697
0.7796599929374975
0.7796634651609254
0.7796669373843532
0.7796704096077811
0.7796738818312089
0.7796773540546369
0.7796808262780647
0.7796842985014926
0.7796877707249203
0.7796912429483482
0.779694715171776
0.7796981873952039
0.7797016596186318
0.7797051318420597
0.7797086040654876
0.7797120762889154
0.7797155485123433
0.779719020735771
0.7797224929591989
0.7797259651826267
0.7797294374060547
0.7797329096294825
0.7797363818529104
0.7797398540763382
0.7797433262997661
0.779746798523194
0.7797502707466217
0.7797537429700496
0.7797572151934774
0.7797606874169054
0.7797641596403333
0.7797676318637611
0.779771104087189
0.7797745763106168
0.7797780485340446
0.7797815207574724
0.7797849929809003
0.7797884652043281
0.779791937427756
0.7797954096511839
0.7797988818746119
0.7798023540980397
0.7798058263214674
0.7798092985448953
0.7798127707683231
0.779816242991751
0.7798197152151788
0.7798231874386068
0.7798266596620346
0.7798301318854626
0.7798336041088902
0.7798370763323182
0.779840548555746
0.7798440207791739
0.7798474930026017
0.7798509652260295
0.7798544374494575
0.7798579096728854
0.7798613818963132
0.779864854119741
0.7798683263431689
0.7798717985665967
0.7798752707900246
0.7798787430134524
0.7798822152368803
0.7798856874603081
0.779889159683736
0.7798926319071638
0.7798961041305917
0.7798995763540196
0.7799030485774474
0.7799065208008753
0.7799099930243031
0.779913465247731
0.7799169374711589
0.7799204096945866
0.7799238819180146
0.7799273541414424
0.7799308263648703
0.7799342985882981
0.779937770811726
0.7799412430351538
0.7799447152585817
0.7799481874820096
0.7799516597054373
0.7799551319288652
0.7799586041522931
0.779962076375721
0.7799655485991488
0.7799690208225767
0.7799724930460045
0.7799759652694325
0.7799794374928601
0.7799829097162881
0.7799863819397159
0.7799898541631438
0.7799933263865717
0.7799967986099995
0.7800002708334274
0.7800037430568552
0.780007215280283
0.7800106875037109
0.7800141597271388
0.7800176319505667
0.7800211041739945
0.7800245763974224
0.7800280486208502
0.7800315208442781
0.7800349930677059
0.7800384652911337
0.7800419375145616
0.7800454097379895
0.7800488819614173
0.7800523541848452
0.7800558264082731
0.7800592986317009
0.7800627708551288
0.7800662430785565
0.7800697153019845
0.7800731875254122
0.7800766597488402
0.780080131972268
0.780083604195696
0.7800870764191238
0.7800905486425516
0.7800940208659795
0.7800974930894072
0.7801009653128351
0.7801044375362629
0.7801079097596909
0.7801113819831188
0.7801148542065467
0.7801183264299745
0.7801217986534024
0.7801252708768301
0.780128743100258
0.7801322153236858
0.7801356875471137
0.7801391597705416
0.7801426319939695
0.7801461042173974
0.7801495764408252
0.7801530486642531
0.7801565208876808
0.7801599931111087
0.7801634653345366
0.7801669375579644
0.7801704097813923
0.7801738820048201
0.7801773542282481
0.7801808264516759
0.7801842986751037
0.7801877708985315
0.7801912431219594
0.7801947153453872
0.7801981875688151
0.780201659792243
0.7802051320156709
