0.13715282540028656
0.13715629762371445
0.1371597698471423
0.13716324207057012
0.137166714293998
0.13717018651742582
0.13717365874085372
0.1371771309642816
0.13718060318770944
0.13718407541113728
0.1371875476345651
0.13719101985799298
0.13719449208142087
0.1371979643048487
0.13720143652827657
0.13720490875170438
0.13720838097513224
0.13721185319856008
0.13721532542198797
0.13721879764541584
0.13722226986884367
0.13722574209227156
0.13722921431569934
0.13723268653912724
0.1372361587625551
0.13723963098598294
0.13724310320941083
0.13724657543283866
0.13725004765626656
0.13725351987969442
0.13725699210312223
0.1372604643265501
0.13726393654997793
0.13726740877340582
0.13727088099683368
0.13727435322026152
0.1372778254436894
0.1372812976671172
0.13728476989054508
0.13728824211397292
0.13729171433740078
0.13729518656082867
0.1372986587842565
0.13730213100768435
0.13730560323111218
0.13730907545454005
0.13731254767796794
0.13731601990139577
0.13731949212482367
0.1373229643482515
0.13732643657167934
0.1373299087951072
0.13733338101853504
0.13733685324196293
0.13734032546539077
0.13734379768881863
0.13734726991224652
0.1373507421356743
0.1373542143591022
0.13735768658253003
0.1373611588059579
0.13736463102938573
0.13736810325281362
0.13737157547624151
0.1373750476996693
0.13737851992309716
0.137381992146525
0.1373854643699529
0.13738893659338078
0.13739240881680861
0.13739588104023648
0.1373993532636643
0.13740282548709215
0.13740629771052004
0.13740976993394788
0.13741324215737574
0.13741671438080358
0.13742018660423147
0.1374236588276593
0.13742713105108714
0.137430603274515
0.13743407549794284
0.13743754772137073
0.13744101994479857
0.1374444921682264
0.1374479643916543
0.1374514366150821
0.13745490883851
0.13745838106193783
0.13746185328536573
0.1374653255087936
0.1374687977322214
0.13747226995564926
0.1374757421790771
0.137479214402505
0.13748268662593285
0.1374861588493607
0.13748963107278858
0.13749310329621636
0.13749657551964425
0.1375000477430721
0.13750351996649995
0.13750699218992785
0.13751046441335568
0.13751393663678357
0.13751740886021135
0.13752088108363922
0.1375243533070671
0.13752782553049495
0.13753129775392284
0.13753476997735067
0.13753824220077854
0.13754171442420637
0.1375451866476342
0.1375486588710621
0.13755213109448994
0.1375556033179178
0.1375590755413457
0.13756254776477347
0.13756601998820137
0.1375694922116292
0.13757296443505707
0.1375764366584849
0.1375799088819128
0.13758338110534069
0.13758685332876847
0.13759032555219633
0.13759379777562417
0.13759726999905206
0.13760074222247995
0.13760421444590779
0.13760768666933565
0.13761115889276346
0.13761463111619132
0.1376181033396192
0.13762157556304705
0.1376250477864749
0.13762852000990275
0.13763199223333064
0.13763546445675853
0.1376389366801863
0.13764240890361418
0.137645881127042
0.1376493533504699
0.13765282557389774
0.13765629779732563
0.1376597700207535
0.13766324224418128
0.13766671446760917
0.137670186691037
0.1376736589144649
0.13767713113789276
0.1376806033613206
0.13768407558474843
0.13768754780817627
0.13769102003160416
0.13769449225503202
0.13769796447845986
0.13770143670188775
0.13770490892531553
0.13770838114874343
0.13771185337217126
0.13771532559559913
0.13771879781902702
0.13772227004245485
0.13772574226588274
0.13772921448931053
0.1377326867127384
0.13773615893616628
0.13773963115959412
0.137743103383022
0.13774657560644984
0.1377500478298777
0.1377535200533056
0.13775699227673338
0.13776046450016127
0.1377639367235891
0.13776740894701697
0.13777088117044486
0.1377743533938727
0.1377778256173006
0.13778129784072837
0.13778477006415624
0.13778824228758407
0.13779171451101196
0.13779518673443986
0.1377986589578677
0.13780213118129553
0.13780560340472334
0.13780907562815123
0.13781254785157912
0.13781602007500696
0.13781949229843482
0.13782296452186266
0.1378264367452905
0.13782990896871838
0.13783338119214622
0.13783685341557408
0.13784032563900192
0.1378437978624298
