0.6607641183208744
0.6607675905443022
0.6607710627677301
0.660774534991158
0.6607780072145858
0.6607814794380137
0.6607849516614415
0.6607884238848694
0.6607918961082972
0.6607953683317251
0.6607988405551529
0.6608023127785809
0.6608057850020087
0.6608092572254366
0.6608127294488644
0.6608162016722922
0.66081967389572
0.6608231461191479
0.6608266183425758
0.6608300905660036
0.6608335627894315
0.6608370350128594
0.6608405072362873
0.6608439794597151
0.660847451683143
0.6608509239065707
0.6608543961299986
0.6608578683534265
0.6608613405768543
0.6608648128002823
0.6608682850237101
0.660871757247138
0.6608752294705658
0.6608787016939937
0.6608821739174214
0.6608856461408493
0.6608891183642772
0.660892590587705
0.660896062811133
0.6608995350345608
0.6609030072579887
0.6609064794814165
0.6609099517048443
0.6609134239282722
0.6609168961517
0.6609203683751279
0.6609238405985557
0.6609273128219836
0.6609307850454115
0.6609342572688394
0.6609377294922671
0.660941201715695
0.6609446739391228
0.6609481461625507
0.6609516183859786
0.6609550906094065
0.6609585628328344
0.6609620350562622
0.6609655072796901
0.6609689795031178
0.6609724517265457
0.6609759239499735
0.6609793961734015
0.6609828683968293
0.6609863406202572
0.6609898128436851
0.6609932850671129
0.6609967572905407
0.6610002295139685
0.6610037017373964
0.6610071739608242
0.6610106461842522
0.66101411840768
0.6610175906311079
0.6610210628545357
0.6610245350779635
0.6610280073013914
0.6610314795248192
0.6610349517482471
0.6610384239716749
0.6610418961951029
0.6610453684185307
0.6610488406419586
0.6610523128653865
0.6610557850888142
0.6610592573122421
0.6610627295356699
0.6610662017590978
0.6610696739825256
0.6610731462059536
0.6610766184293814
0.6610800906528093
0.661083562876237
0.661087035099665
0.6610905073230928
0.6610939795465207
0.6610974517699485
0.6611009239933763
0.6611043962168043
0.6611078684402321
0.66111134066366
0.6611148128870878
0.6611182851105157
0.6611217573339435
0.6611252295573714
0.6611287017807992
0.6611321740042271
0.661135646227655
0.6611391184510828
0.6611425906745106
0.6611460628979385
0.6611495351213664
0.6611530073447942
0.6611564795682221
0.6611599517916499
0.6611634240150778
0.6611668962385057
0.6611703684619334
0.6611738406853613
0.6611773129087891
0.6611807851322171
0.6611842573556449
0.6611877295790728
0.6611912018025006
0.6611946740259285
0.6611981462493564
0.6612016184727841
0.661205090696212
0.6612085629196399
0.6612120351430678
0.6612155073664956
0.6612189795899235
0.6612224518133513
0.6612259240367792
0.661229396260207
0.6612328684836349
0.6612363407070627
0.6612398129304906
0.6612432851539185
0.6612467573773463
0.6612502296007742
0.661253701824202
0.6612571740476298
0.6612606462710577
0.6612641184944856
0.6612675907179134
0.6612710629413413
0.6612745351647692
0.661278007388197
0.6612814796116249
0.6612849518350526
0.6612884240584805
0.6612918962819084
0.6612953685053363
0.6612988407287641
0.661302312952192
0.6613057851756199
0.6613092573990477
0.6613127296224756
0.6613162018459033
0.6613196740693312
0.6613231462927591
0.661326618516187
0.6613300907396148
0.6613335629630427
0.6613370351864706
0.6613405074098984
0.6613439796333263
0.661347451856754
0.6613509240801819
0.6613543963036098
0.6613578685270377
0.6613613407504655
0.6613648129738935
0.6613682851973213
0.6613717574207492
0.6613752296441769
0.6613787018676048
0.6613821740910326
0.6613856463144605
0.6613891185378884
0.6613925907613162
0.6613960629847442
0.661399535208172
0.6614030074315999
0.6614064796550276
0.6614099518784555
0.6614134241018834
0.6614168963253112
0.6614203685487391
0.6614238407721669
0.6614273129955948
0.6614307852190227
0.6614342574424505
0.6614377296658783
0.6614412018893062
0.661444674112734
0.6614481463361619
0.6614516185595898
0.6614550907830176
