0.18715284276140376
0.18715631498483154
0.18715978720825943
0.18716325943168727
0.18716673165511513
0.18717020387854302
0.18717367610197086
0.18717714832539872
0.18718062054882653
0.1871840927722544
0.1871875649956823
0.18719103721911012
0.18719450944253802
0.18719798166596582
0.18720145388939366
0.18720492611282155
0.1872083983362494
0.18721187055967728
0.18721534278310512
0.18721881500653298
0.18722228722996087
0.18722575945338865
0.18722923167681654
0.18723270390024438
0.18723617612367224
0.18723964834710008
0.18724312057052797
0.18724659279395583
0.18725006501738364
0.1872535372408115
0.18725700946423934
0.18726048168766724
0.18726395391109513
0.18726742613452296
0.18727089835795083
0.1872743705813786
0.1872778428048065
0.1872813150282344
0.18728478725166223
0.1872882594750901
0.18729173169851793
0.18729520392194582
0.1872986761453736
0.1873021483688015
0.18730562059222935
0.1873090928156572
0.18731256503908508
0.18731603726251292
0.18731950948594078
0.18732298170936862
0.18732645393279646
0.18732992615622435
0.18733339837965218
0.18733687060308007
0.18734034282650794
0.18734381504993572
0.1873472872733636
0.18735075949679145
0.18735423172021934
0.1873577039436472
0.18736117616707504
0.18736464839050293
0.1873681206139307
0.1873715928373586
0.18737506506078644
0.1873785372842143
0.1873820095076422
0.18738548173107003
0.1873889539544979
0.1873924261779257
0.18739589840135357
0.18739937062478146
0.1874028428482093
0.1874063150716372
0.187409787295065
0.1874132595184929
0.18741673174192078
0.18742020396534856
0.18742367618877645
0.1874271484122043
0.18743062063563215
0.18743409285906004
0.18743756508248788
0.18744103730591571
0.18744450952934355
0.18744798175277141
0.18745145397619925
0.18745492619962714
0.187458398423055
0.18746187064648284
0.18746534286991068
0.18746881509333851
0.1874722873167664
0.1874757595401943
0.18747923176362213
0.18748270398705
0.18748617621047778
0.18748964843390567
0.18749312065733356
0.1874965928807614
0.18750006510418926
0.1875035373276171
0.187507009551045
0.18751048177447285
0.18751395399790066
0.18751742622132853
0.18752089844475636
0.18752437066818425
0.1875278428916121
0.18753131511503995
0.18753478733846785
0.18753825956189563
0.18754173178532352
0.18754520400875135
0.18754867623217925
0.1875521484556071
0.18755562067903495
0.18755909290246284
0.18756256512589062
0.1875660373493185
0.18756950957274637
0.1875729817961742
0.1875764540196021
0.18757992624302994
0.18758339846645777
0.1875868706898856
0.18759034291331347
0.18759381513674137
0.1875972873601692
0.18760075958359707
0.18760423180702487
0.18760770403045274
0.18761117625388063
0.18761464847730847
0.18761812070073636
0.1876215929241642
0.18762506514759206
0.18762853737101995
0.18763200959444773
0.18763548181787562
0.18763895404130346
0.18764242626473132
0.1876458984881592
0.18764937071158705
0.1876528429350149
0.18765631515844272
0.18765978738187059
0.18766325960529842
0.1876667318287263
0.1876702040521542
0.187673676275582
0.1876771484990099
0.18768062072243769
0.18768409294586558
0.18768756516929347
0.1876910373927213
0.18769450961614917
0.187697981839577
0.1877014540630049
0.18770492628643273
0.18770839850986057
0.18771187073328843
0.18771534295671627
0.18771881518014416
0.18772228740357202
0.18772575962699983
0.1877292318504277
0.18773270407385553
0.18773617629728342
0.18773964852071126
0.18774312074413912
0.18774659296756702
0.1877500651909948
0.1877535374144227
0.18775700963785052
0.18776048186127842
0.18776395408470628
0.18776742630813412
0.187770898531562
0.1877743707549898
0.18777784297841768
0.18778131520184554
0.18778478742527338
0.18778825964870127
0.1877917318721291
0.18779520409555697
0.18779867631898478
0.18780214854241264
0.18780562076584054
0.18780909298926837
0.18781256521269626
0.18781603743612407
0.18781950965955196
0.1878229818829798
0.18782645410640764
0.18782992632983553
0.18783339855326336
0.18783687077669123
0.18784034300011912
0.1878438152235469
