0.16215283408084513
0.16215630630427302
0.16215977852770086
0.16216325075112872
0.16216672297455653
0.1621701951979844
0.1621736674214123
0.16217713964484012
0.162180611868268
0.16218408409169582
0.16218755631512372
0.1621910285385516
0.1621945007619794
0.16219797298540728
0.16220144520883512
0.16220491743226298
0.16220838965569087
0.1622118618791187
0.16221533410254657
0.16221880632597438
0.16222227854940224
0.16222575077283008
0.16222922299625797
0.16223269521968584
0.16223616744311367
0.16223963966654156
0.16224311188996934
0.16224658411339724
0.16225005633682513
0.16225352856025294
0.16225700078368083
0.16226047300710866
0.1622639452305365
0.1622674174539644
0.16227088967739223
0.1622743619008201
0.16227783412424793
0.16228130634767582
0.16228477857110368
0.1622882507945315
0.16229172301795936
0.1622951952413872
0.16229866746481508
0.16230213968824292
0.16230561191167078
0.16230908413509867
0.16231255635852646
0.16231602858195435
0.16231950080538218
0.16232297302881005
0.16232644525223794
0.16232991747566577
0.16233338969909367
0.16233686192252145
0.16234033414594934
0.1623438063693772
0.16234727859280504
0.16235075081623293
0.16235422303966077
0.16235769526308863
0.16236116748651644
0.1623646397099443
0.1623681119333722
0.16237158415680003
0.1623750563802279
0.16237852860365573
0.16238200082708357
0.16238547305051146
0.1623889452739393
0.1623924174973672
0.162395889720795
0.1623993619442229
0.16240283416765078
0.16240630639107856
0.16240977861450645
0.1624132508379343
0.16241672306136215
0.16242019528479004
0.16242366750821788
0.16242713973164574
0.16243061195507355
0.16243408417850141
0.16243755640192925
0.16244102862535714
0.162444500848785
0.16244797307221284
0.16245144529564073
0.16245491751906851
0.1624583897424964
0.1624618619659243
0.1624653341893521
0.16246880641278
0.16247227863620783
0.16247575085963573
0.1624792230830636
0.1624826953064914
0.16248616752991926
0.1624896397533471
0.162493111976775
0.16249658420020285
0.1625000564236307
0.16250352864705853
0.16250700087048636
0.16251047309391425
0.1625139453173421
0.16251741754076995
0.16252088976419785
0.16252436198762563
0.16252783421105352
0.16253130643448135
0.16253477865790925
0.1625382508813371
0.16254172310476495
0.16254519532819284
0.16254866755162062
0.1625521397750485
0.16255561199847637
0.1625590842219042
0.1625625564453321
0.16256602866875994
0.1625695008921878
0.1625729731156157
0.16257644533904347
0.16257991756247137
0.1625833897858992
0.16258686200932707
0.1625903342327549
0.1625938064561828
0.16259727867961069
0.16260075090303847
0.16260422312646636
0.16260769534989417
0.16261116757332206
0.16261463979674995
0.16261811202017779
0.16262158424360562
0.16262505646703346
0.16262852869046132
0.1626320009138892
0.16263547313731705
0.1626389453607449
0.16264241758417275
0.16264588980760059
0.16264936203102842
0.1626528342544563
0.16265630647788418
0.162659778701312
0.1626632509247399
0.16266672314816769
0.16267019537159558
0.16267366759502347
0.1626771398184513
0.16268061204187917
0.162684084265307
0.1626875564887349
0.16269102871216276
0.16269450093559057
0.16269797315901843
0.16270144538244627
0.16270491760587416
0.16270838982930202
0.16271186205272986
0.16271533427615775
0.16271880649958553
0.16272227872301342
0.16272575094644126
0.16272922316986912
0.16273269539329702
0.16273616761672485
0.16273963984015274
0.16274311206358053
0.16274658428700842
0.16275005651043628
0.16275352873386412
0.162757000957292
0.16276047318071984
0.16276394540414768
0.16276741762757554
0.16277088985100338
0.16277436207443127
0.1627778342978591
0.16278130652128697
0.16278477874471486
0.16278825096814264
0.16279172319157054
0.16279519541499837
0.16279866763842624
0.16280213986185407
0.16280561208528196
0.16280908430870986
0.16281255653213764
0.16281602875556553
0.16281950097899336
0.16282297320242123
0.16282644542584912
0.16282991764927696
0.16283338987270482
0.16283686209613263
0.1628403343195605
0.16284380654298838
