0.4343751508247051
0.43437862304813296
0.4343820952715608
0.43438556749498874
0.4343890397184166
0.4343925119418444
0.43439598416527225
0.43439945638870014
0.434402928612128
0.4344064008355558
0.43440987305898365
0.4344133452824115
0.43441681750583944
0.4344202897292673
0.4344237619526951
0.43442723417612295
0.4344307063995509
0.4344341786229787
0.4344376508464065
0.43444112306983435
0.4344445952932622
0.43444806751669013
0.43445153974011796
0.4344550119635458
0.43445848418697364
0.4344619564104016
0.4344654286338294
0.43446890085725726
0.4344723730806851
0.43447584530411293
0.4344793175275408
0.43448278975096866
0.4344862619743965
0.43448973419782433
0.4344932064212523
0.4344966786446801
0.43450015086810795
0.4345036230915358
0.4345070953149636
0.4345105675383915
0.43451403976181935
0.4345175119852472
0.434520984208675
0.43452445643210297
0.4345279286555308
0.43453140087895864
0.4345348731023865
0.4345383453258143
0.4345418175492422
0.43454528977267004
0.4345487619960979
0.4345522342195257
0.43455570644295366
0.4345591786663815
0.43456265088980933
0.43456612311323717
0.434569595336665
0.43457306756009295
0.43457653978352073
0.43458001200694857
0.4345834842303764
0.43458695645380435
0.4345904286772322
0.43459390090066
0.43459737312408786
0.4346008453475157
0.43460431757094364
0.4346077897943715
0.4346112620177993
0.43461473424122715
0.43461820646465504
0.4346216786880829
0.4346251509115107
0.43462862313493855
0.4346320953583664
0.43463556758179434
0.43463903980522217
0.43464251202865
0.43464598425207784
0.43464945647550574
0.43465292869893357
0.4346564009223614
0.43465987314578924
0.4346633453692171
0.434666817592645
0.43467028981607286
0.4346737620395007
0.43467723426292854
0.4346807064863564
0.43468417870978426
0.4346876509332121
0.43469112315663994
0.43469459538006777
0.4346980676034957
0.43470153982692356
0.4347050120503514
0.4347084842737792
0.4347119564972072
0.434715428720635
0.4347189009440628
0.4347223731674906
0.43472584539091846
0.4347293176143464
0.43473278983777425
0.4347362620612021
0.4347397342846299
0.43474320650805787
0.4347466787314857
0.43475015095491354
0.4347536231783414
0.4347570954017692
0.4347605676251971
0.43476403984862494
0.4347675120720528
0.4347709842954806
0.43477445651890856
0.4347779287423364
0.43478140096576423
0.43478487318919207
0.4347883454126199
0.4347918176360478
0.43479528985947563
0.43479876208290347
0.4348022343063313
0.43480570652975925
0.4348091787531871
0.4348126509766149
0.43481612320004276
0.4348195954234706
0.4348230676468985
0.4348265398703263
0.43483001209375416
0.434833484317182
0.43483695654060994
0.4348404287640378
0.4348439009874656
0.43484737321089345
0.4348508454343213
0.43485431765774923
0.43485778988117707
0.43486126210460485
0.4348647343280327
0.43486820655146063
0.43487167877488847
0.4348751509983163
0.43487862322174414
0.434882095445172
0.4348855676685999
0.43488903989202776
0.4348925121154556
0.43489598433888343
0.4348994565623113
0.43490292878573916
0.434906401009167
0.43490987323259483
0.43491334545602267
0.4349168176794506
0.43492028990287845
0.4349237621263063
0.4349272343497341
0.434930706573162
0.43493417879658985
0.4349376510200177
0.4349411232434455
0.43494459546687336
0.4349480676903013
0.43495153991372915
0.434955012137157
0.4349584843605848
0.4349619565840127
0.43496542880744055
0.4349689010308684
0.4349723732542962
0.43497584547772405
0.434979317701152
0.43498278992457984
0.4349862621480077
0.4349897343714355
0.43499320659486346
0.4349966788182913
0.43500015104171913
0.4350036232651469
0.43500709548857475
0.4350105677120027
0.43501403993543053
0.43501751215885837
0.4350209843822862
0.43502445660571415
0.435027928829142
0.4350314010525698
0.43503487327599766
0.4350383454994255
0.4350418177228534
0.4350452899462812
0.43504876216970906
0.4350522343931369
0.43505570661656484
0.4350591788399927
0.4350626510634205
0.43506612328684835
