0.7510419274451137
0.7510453996685416
0.7510488718919693
0.7510523441153973
0.7510558163388251
0.751059288562253
0.7510627607856808
0.7510662330091087
0.7510697052325365
0.7510731774559644
0.7510766496793922
0.7510801219028201
0.7510835941262479
0.7510870663496758
0.7510905385731037
0.7510940107965315
0.7510974830199594
0.7511009552433872
0.7511044274668152
0.7511078996902428
0.7511113719136707
0.7511148441370987
0.7511183163605265
0.7511217885839544
0.7511252608073822
0.7511287330308101
0.751132205254238
0.7511356774776657
0.7511391497010936
0.7511426219245215
0.7511460941479494
0.7511495663713772
0.7511530385948051
0.7511565108182329
0.7511599830416608
0.7511634552650885
0.7511669274885165
0.7511703997119443
0.7511738719353722
0.7511773441588001
0.7511808163822279
0.7511842886056558
0.7511877608290836
0.7511912330525115
0.7511947052759392
0.7511981774993672
0.751201649722795
0.7512051219462229
0.7512085941696508
0.7512120663930786
0.7512155386165065
0.7512190108399343
0.7512224830633621
0.75122595528679
0.7512294275102178
0.7512328997336457
0.7512363719570736
0.7512398441805015
0.7512433164039294
0.7512467886273572
0.7512502608507851
0.7512537330742128
0.7512572052976406
0.7512606775210685
0.7512641497444964
0.7512676219679244
0.7512710941913522
0.7512745664147801
0.7512780386382079
0.7512815108616357
0.7512849830850635
0.7512884553084914
0.7512919275319193
0.7512953997553471
0.7512988719787751
0.7513023442022029
0.7513058164256308
0.7513092886490585
0.7513127608724864
0.7513162330959142
0.7513197053193421
0.7513231775427699
0.7513266497661978
0.7513301219896257
0.7513335942130536
0.7513370664364815
0.7513405386599092
0.7513440108833371
0.7513474831067649
0.7513509553301928
0.7513544275536206
0.7513578997770485
0.7513613720004765
0.7513648442239043
0.7513683164473322
0.7513717886707599
0.7513752608941878
0.7513787331176156
0.7513822053410435
0.7513856775644714
0.7513891497878993
0.7513926220113272
0.7513960942347548
0.7513995664581828
0.7514030386816106
0.7514065109050385
0.7514099831284663
0.7514134553518942
0.7514169275753221
0.75142039979875
0.7514238720221778
0.7514273442456056
0.7514308164690335
0.7514342886924613
0.7514377609158892
0.751441233139317
0.7514447053627449
0.7514481775861727
0.7514516498096007
0.7514551220330286
0.7514585942564563
0.7514620664798842
0.751465538703312
0.7514690109267399
0.7514724831501677
0.7514759553735956
0.7514794275970235
0.7514828998204514
0.7514863720438792
0.751489844267307
0.7514933164907349
0.7514967887141627
0.7515002609375906
0.7515037331610184
0.7515072053844463
0.7515106776078742
0.7515141498313022
0.7515176220547298
0.7515210942781578
0.7515245665015856
0.7515280387250135
0.7515315109484413
0.7515349831718692
0.7515384553952971
0.7515419276187247
0.7515453998421527
0.7515488720655805
0.7515523442890085
0.7515558165124363
0.7515592887358642
0.751562760959292
0.7515662331827199
0.7515697054061476
0.7515731776295755
0.7515766498530034
0.7515801220764313
0.7515835942998591
0.751587066523287
0.7515905387467149
0.7515940109701427
0.7515974831935706
0.7516009554169983
0.7516044276404262
0.751607899863854
0.7516113720872819
0.7516148443107099
0.7516183165341377
0.7516217887575656
0.7516252609809934
0.7516287332044213
0.7516322054278491
0.7516356776512769
0.7516391498747048
0.7516426220981326
0.7516460943215606
0.7516495665449884
0.7516530387684163
0.751656510991844
0.7516599832152719
0.7516634554386997
0.7516669276621277
0.7516703998855555
0.7516738721089834
0.7516773443324113
0.7516808165558391
0.751684288779267
0.7516877610026947
0.7516912332261226
0.7516947054495504
0.7516981776729784
0.7517016498964062
0.7517051221198341
0.751708594343262
0.7517120665666898
0.7517155387901177
0.7517190110135454
0.7517224832369733
0.7517259554604012
0.751729427683829
0.7517328999072569
