0.5934029838204805
0.5934064560439083
0.5934099282673362
0.593413400490764
0.593416872714192
0.5934203449376197
0.5934238171610476
0.5934272893844754
0.5934307616079033
0.5934342338313312
0.593437706054759
0.5934411782781869
0.5934446505016147
0.5934481227250427
0.5934515949484704
0.5934550671718983
0.5934585393953261
0.5934620116187541
0.5934654838421819
0.5934689560656098
0.5934724282890376
0.5934759005124653
0.5934793727358934
0.5934828449593211
0.593486317182749
0.5934897894061768
0.5934932616296048
0.5934967338530326
0.5935002060764605
0.5935036782998883
0.5935071505233162
0.593510622746744
0.5935140949701718
0.5935175671935997
0.5935210394170276
0.5935245116404555
0.5935279838638833
0.5935314560873112
0.593534928310739
0.5935384005341668
0.5935418727575947
0.5935453449810225
0.5935488172044504
0.5935522894278782
0.5935557616513062
0.593559233874734
0.5935627060981619
0.5935661783215896
0.5935696505450175
0.5935731227684454
0.5935765949918732
0.5935800672153011
0.5935835394387289
0.5935870116621569
0.5935904838855847
0.5935939561090126
0.5935974283324403
0.5936009005558682
0.5936043727792961
0.593607845002724
0.5936113172261518
0.5936147894495796
0.5936182616730076
0.5936217338964354
0.5936252061198632
0.593628678343291
0.5936321505667189
0.5936356227901468
0.5936390950135747
0.5936425672370025
0.5936460394604304
0.5936495116838583
0.593652983907286
0.5936564561307139
0.5936599283541417
0.5936634005775696
0.5936668728009975
0.5936703450244254
0.5936738172478532
0.5936772894712811
0.593680761694709
0.5936842339181367
0.5936877061415646
0.5936911783649924
0.5936946505884203
0.5936981228118482
0.5937015950352761
0.5937050672587039
0.5937085394821318
0.5937120117055597
0.5937154839289874
0.5937189561524153
0.5937224283758431
0.593725900599271
0.5937293728226989
0.5937328450461268
0.5937363172695546
0.5937397894929825
0.5937432617164103
0.5937467339398382
0.593750206163266
0.5937536783866939
0.5937571506101217
0.5937606228335496
0.5937640950569775
0.5937675672804053
0.5937710395038331
0.593774511727261
0.5937779839506889
0.5937814561741167
0.5937849283975446
0.5937884006209724
0.5937918728444003
0.5937953450678282
0.5937988172912559
0.5938022895146838
0.5938057617381117
0.5938092339615396
0.5938127061849674
0.5938161784083953
0.5938196506318231
0.593823122855251
0.5938265950786789
0.5938300673021066
0.5938335395255345
0.5938370117489624
0.5938404839723903
0.5938439561958181
0.593847428419246
0.5938509006426738
0.5938543728661017
0.5938578450895295
0.5938613173129573
0.5938647895363852
0.5938682617598131
0.593871733983241
0.5938752062066688
0.5938786784300967
0.5938821506535245
0.5938856228769525
0.5938890951003802
0.5938925673238081
0.5938960395472359
0.5938995117706638
0.5939029839940917
0.5939064562175195
0.5939099284409474
0.5939134006643751
0.5939168728878031
0.5939203451112309
0.5939238173346588
0.5939272895580866
0.5939307617815145
0.5939342340049424
0.5939377062283702
0.5939411784517981
0.5939446506752258
0.5939481228986538
0.5939515951220816
0.5939550673455095
0.5939585395689373
0.5939620117923652
0.5939654840157931
0.5939689562392209
0.5939724284626487
0.5939759006860765
0.5939793729095045
0.5939828451329323
0.5939863173563602
0.593989789579788
0.593993261803216
0.5939967340266438
0.5940002062500715
0.5940036784734994
0.5940071506969272
0.5940106229203552
0.594014095143783
0.5940175673672109
0.5940210395906387
0.5940245118140667
0.5940279840374945
0.5940314562609224
0.5940349284843501
0.594038400707778
0.5940418729312059
0.5940453451546337
0.5940488173780616
0.5940522896014894
0.5940557618249174
0.5940592340483452
0.594062706271773
0.5940661784952008
0.5940696507186287
0.5940731229420566
0.5940765951654844
0.5940800673889123
0.5940835396123401
0.5940870118357681
0.5940904840591958
0.5940939562826237
