0.3121528861641966
0.31215635838762446
0.3121598306110523
0.3121633028344801
0.31216677505790796
0.31217024728133586
0.3121737195047637
0.3121771917281915
0.3121806639516194
0.31218413617504726
0.31218760839847515
0.312191080621903
0.3121945528453309
0.31219802506875866
0.31220149729218655
0.3122049695156144
0.3122084417390423
0.3122119139624701
0.312215386185898
0.31221885840932584
0.3122223306327537
0.3122258028561815
0.3122292750796094
0.31223274730303724
0.3122362195264651
0.3122396917498929
0.31224316397332075
0.3122466361967487
0.31225010842017653
0.31225358064360437
0.3122570528670322
0.3122605250904601
0.312263997313888
0.31226746953731577
0.3122709417607436
0.3122744139841715
0.3122778862075994
0.3122813584310272
0.31228483065445506
0.31228830287788295
0.3122917751013108
0.3122952473247387
0.3122987195481665
0.31230219177159435
0.3123056639950222
0.3123091362184501
0.3123126084418779
0.31231608066530575
0.3123195528887336
0.3123230251121615
0.31232649733558937
0.3123299695590172
0.31233344178244504
0.31233691400587293
0.3123403862293007
0.3123438584527286
0.31234733067615644
0.3123508028995843
0.31235427512301217
0.31235774734644006
0.3123612195698679
0.31236469179329573
0.3123681640167236
0.31237163624015146
0.3123751084635793
0.31237858068700713
0.312382052910435
0.3123855251338629
0.31238899735729075
0.3123924695807186
0.3123959418041464
0.31239941402757426
0.3124028862510022
0.31240635847443005
0.3124098306978578
0.31241330292128566
0.31241677514471355
0.31242024736814145
0.3124237195915693
0.3124271918149971
0.312430664038425
0.31243413626185285
0.31243760848528074
0.3124410807087086
0.3124445529321364
0.31244802515556425
0.31245149737899214
0.31245496960242
0.31245844182584787
0.3124619140492757
0.3124653862727036
0.31246885849613143
0.31247233071955927
0.3124758029429871
0.312479275166415
0.31248274738984283
0.31248621961327067
0.3124896918366985
0.31249316406012634
0.31249663628355423
0.3125001085069821
0.31250358073040996
0.3125070529538378
0.3125105251772657
0.3125139974006935
0.31251746962412136
0.3125209418475492
0.3125244140709771
0.312527886294405
0.3125313585178328
0.31253483074126065
0.31253830296468854
0.3125417751881164
0.31254524741154427
0.3125487196349721
0.3125521918583999
0.3125556640818278
0.31255913630525567
0.3125626085286835
0.31256608075211134
0.3125695529755392
0.31257302519896707
0.31257649742239496
0.3125799696458228
0.31258344186925063
0.31258691409267847
0.3125903863161063
0.3125938585395342
0.31259733076296203
0.3126008029863899
0.31260427520981776
0.31260774743324565
0.3126112196566735
0.3126146918801013
0.3126181641035292
0.31262163632695705
0.3126251085503849
0.3126285807738127
0.3126320529972406
0.3126355252206685
0.31263899744409634
0.3126424696675242
0.312645941890952
0.31264941411437985
0.31265288633780774
0.3126563585612356
0.3126598307846634
0.31266330300809125
0.31266677523151915
0.31267024745494704
0.3126737196783749
0.3126771919018027
0.3126806641252306
0.31268413634865844
0.31268760857208633
0.31269108079551416
0.312694553018942
0.31269802524236984
0.31270149746579773
0.31270496968922556
0.31270844191265346
0.3127119141360813
0.3127153863595092
0.312718858582937
0.31272233080636486
0.3127258030297927
0.3127292752532206
0.3127327474766484
0.31273621970007626
0.3127396919235041
0.31274316414693193
0.3127466363703598
0.3127501085937877
0.31275358081721555
0.3127570530406434
0.3127605252640713
0.3127639974874991
0.31276746971092695
0.3127709419343548
0.3127744141577827
0.31277788638121057
0.3127813586046384
0.31278483082806624
0.31278830305149413
0.31279177527492197
0.3127952474983498
0.31279871972177764
0.3128021919452055
0.31280566416863337
0.31280913639206126
0.3128126086154891
0.31281608083891693
0.31281955306234477
0.31282302528577266
0.31282649750920055
0.3128299697326284
0.3128334419560562
0.31283691417948406
0.3128403864029119
0.3128438586263398
