0.11909726357543872
0.1191007357988666
0.11910420802229439
0.11910768024572227
0.11911115246915015
0.11911462469257798
0.11911809691600586
0.1191215691394337
0.11912504136286158
0.11912851358628947
0.11913198580971725
0.11913545803314514
0.11913893025657296
0.11914240248000085
0.11914587470342873
0.11914934692685657
0.1191528191502844
0.11915629137371224
0.11915976359714012
0.119163235820568
0.11916670804399583
0.11917018026742371
0.1191736524908515
0.11917712471427938
0.11918059693770722
0.1191840691611351
0.11918754138456297
0.11919101360799081
0.1191944858314187
0.11919795805484648
0.11920143027827436
0.11920490250170225
0.11920837472513007
0.11921184694855796
0.1192153191719858
0.11921879139541368
0.11922226361884156
0.11922573584226935
0.11922920806569723
0.11923268028912506
0.11923615251255294
0.11923962473598078
0.11924309695940866
0.11924656918283653
0.11925004140626433
0.1192535136296922
0.11925698585312004
0.11926045807654792
0.11926393029997581
0.11926740252340363
0.11927087474683153
0.1192743469702593
0.1192778191936872
0.11928129141711508
0.11928476364054291
0.11928823586397079
0.11929170808739863
0.11929518031082646
0.11929865253425434
0.11930212475768218
0.11930559698111005
0.11930906920453789
0.11931254142796577
0.11931601365139356
0.11931948587482144
0.11932295809824932
0.11932643032167715
0.11932990254510503
0.11933337476853287
0.11933684699196076
0.11934031921538864
0.11934379143881642
0.11934726366224431
0.11935073588567213
0.11935420810910002
0.1193576803325279
0.11936115255595574
0.11936462477938362
0.11936809700281141
0.11937156922623929
0.11937504144966717
0.119378513673095
0.11938198589652288
0.11938545811995072
0.1193889303433786
0.11939240256680639
0.11939587479023427
0.11939934701366214
0.11940281923708998
0.11940629146051787
0.1194097636839457
0.11941323590737353
0.11941670813080142
0.11942018035422926
0.11942365257765714
0.11942712480108497
0.11943059702451285
0.11943406924794073
0.11943754147136852
0.1194410136947964
0.11944448591822424
0.11944795814165211
0.11945143036507995
0.11945490258850783
0.1194583748119357
0.1194618470353635
0.11946531925879138
0.11946879148221921
0.11947226370564709
0.11947573592907498
0.11947920815250282
0.1194826803759307
0.11948615259935848
0.11948962482278637
0.11949309704621425
0.11949656926964208
0.11950004149306996
0.1195035137164978
0.11950698593992568
0.11951045816335355
0.11951393038678135
0.11951740261020923
0.11952087483363706
0.11952434705706494
0.11952781928049278
0.11953129150392065
0.11953476372734849
0.11953823595077633
0.1195417081742042
0.11954518039763204
0.11954865262105993
0.11955212484448781
0.11955559706791559
0.11955906929134348
0.1195625415147713
0.1195660137381992
0.11956948596162707
0.11957295818505491
0.11957643040848279
0.11957990263191058
0.11958337485533846
0.11958684707876634
0.11959031930219417
0.11959379152562205
0.11959726374904989
0.11960073597247776
0.11960420819590556
0.11960768041933344
0.11961115264276131
0.11961462486618915
0.11961809708961704
0.11962156931304488
0.11962504153647276
0.11962851375990063
0.11963198598332843
0.1196354582067563
0.11963893043018414
0.11964240265361202
0.1196458748770399
0.11964934710046773
0.11965281932389557
0.1196562915473234
0.11965976377075128
0.11966323599417916
0.119666708217607
0.11967018044103489
0.11967365266446271
0.11967712488789055
0.11968059711131838
0.11968406933474626
0.11968754155817415
0.11969101378160199
0.11969448600502987
0.11969795822845765
0.11970143045188554
0.11970490267531342
0.11970837489874125
0.11971184712216913
0.11971531934559697
0.11971879156902485
0.11972226379245272
0.11972573601588052
0.1197292082393084
0.11973268046273623
0.11973615268616411
0.11973962490959195
0.11974309713301982
0.11974656935644772
0.1197500415798755
0.11975351380330337
0.11975698602673121
0.1197604582501591
0.11976393047358698
0.11976740269701482
0.1197708749204427
0.11977434714387049
0.11977781936729837
0.11978129159072624
0.11978476381415408
0.11978823603758196
