0.27743065188564303
0.2774341241090708
0.27743759633249865
0.27744106855592654
0.27744454077935443
0.27744801300278227
0.2774514852262101
0.277454957449638
0.2774584296730659
0.2774619018964937
0.27746537411992156
0.2774688463433494
0.27747231856677723
0.27747579079020507
0.27747926301363296
0.27748273523706085
0.2774862074604887
0.2774896796839165
0.2774931519073444
0.2774966241307723
0.27750009635420014
0.277503568577628
0.2775070408010558
0.27751051302448365
0.2775139852479115
0.2775174574713394
0.27752092969476727
0.2775244019181951
0.27752787414162294
0.27753134636505083
0.27753481858847867
0.2775382908119065
0.27754176303533434
0.27754523525876224
0.27754870748219007
0.2775521797056179
0.2775556519290458
0.27755912415247364
0.2775625963759015
0.27756606859932936
0.2775695408227572
0.2775730130461851
0.2775764852696129
0.27757995749304076
0.2775834297164686
0.2775869019398965
0.2775903741633243
0.2775938463867522
0.27759731861018005
0.27760079083360795
0.2776042630570358
0.2776077352804636
0.27761120750389146
0.27761467972731935
0.2776181519507472
0.277621624174175
0.2776250963976029
0.27762856862103075
0.27763204084445864
0.2776355130678865
0.27763898529131437
0.2776424575147422
0.27764592973817004
0.2776494019615979
0.27765287418502577
0.2776563464084536
0.27765981863188144
0.27766329085530933
0.27766676307873717
0.27767023530216506
0.2776737075255929
0.27767717974902073
0.27768065197244857
0.2776841241958764
0.27768759641930424
0.27769106864273213
0.27769454086616
0.27769801308958786
0.2777014853130157
0.2777049575364436
0.2777084297598715
0.2777119019832993
0.27771537420672715
0.277718846430155
0.2777223186535828
0.27772579087701066
0.27772926310043855
0.27773273532386644
0.2777362075472943
0.2777396797707221
0.27774315199415
0.27774662421757784
0.2777500964410057
0.2777535686644335
0.2777570408878614
0.27776051311128924
0.2777639853347171
0.27776745755814497
0.27777092978157286
0.2777744020050007
0.27777787422842853
0.2777813464518564
0.27778481867528426
0.2777882908987121
0.27779176312213993
0.2777952353455678
0.27779870756899566
0.2778021797924235
0.2778056520158514
0.2778091242392792
0.2778125964627071
0.27781606868613495
0.2778195409095628
0.2778230131329906
0.2778264853564185
0.27782995757984635
0.2778334298032742
0.2778369020267021
0.2778403742501299
0.2778438464735578
0.27784731869698565
0.27785079092041354
0.2778542631438414
0.2778577353672692
0.27786120759069705
0.27786467981412494
0.2778681520375528
0.2778716242609806
0.2778750964844085
0.27787856870783634
0.27788204093126423
0.27788551315469207
0.2778889853781199
0.27789245760154774
0.2778959298249756
0.27789940204840347
0.27790287427183136
0.2779063464952592
0.27790981871868703
0.2779132909421149
0.27791676316554276
0.27792023538897065
0.2779237076123985
0.2779271798358263
0.27793065205925416
0.277934124282682
0.27793759650610983
0.2779410687295377
0.2779445409529656
0.27794801317639345
0.2779514853998213
0.2779549576232492
0.277958429846677
0.27796190207010485
0.2779653742935327
0.2779688465169606
0.2779723187403884
0.27797579096381625
0.27797926318724414
0.27798273541067203
0.27798620763409987
0.2779896798575277
0.2779931520809556
0.27799662430438343
0.27800009652781127
0.2780035687512391
0.278007040974667
0.27801051319809483
0.27801398542152267
0.27801745764495056
0.27802092986837845
0.2780244020918063
0.2780278743152341
0.27803134653866196
0.2780348187620898
0.2780382909855177
0.2780417632089455
0.2780452354323734
0.27804870765580125
0.2780521798792291
0.278055652102657
0.2780591243260848
0.2780625965495127
0.27806606877294054
0.2780695409963684
0.2780730132197962
0.2780764854432241
0.27807995766665194
0.2780834298900798
0.2780869021135077
0.2780903743369355
0.2780938465603634
0.27809731878379124
0.2781007910072191
0.2781042632306469
0.27810773545407474
0.27811120767750264
0.27811467990093053
0.27811815212435836
0.2781216243477862
