0.6545141161507347
0.6545175883741626
0.6545210605975904
0.6545245328210184
0.6545280050444462
0.6545314772678741
0.6545349494913019
0.6545384217147298
0.6545418939381575
0.6545453661615854
0.6545488383850133
0.6545523106084412
0.6545557828318691
0.6545592550552969
0.6545627272787248
0.6545661995021526
0.6545696717255804
0.6545731439490083
0.6545766161724361
0.654580088395864
0.6545835606192919
0.6545870328427198
0.6545905050661476
0.6545939772895755
0.6545974495130032
0.6546009217364313
0.654604393959859
0.6546078661832868
0.6546113384067147
0.6546148106301425
0.6546182828535705
0.6546217550769983
0.6546252273004262
0.6546286995238539
0.6546321717472818
0.6546356439707097
0.6546391161941376
0.6546425884175654
0.6546460606409933
0.6546495328644212
0.654653005087849
0.6546564773112769
0.6546599495347046
0.6546634217581325
0.6546668939815604
0.6546703662049883
0.6546738384284161
0.654677310651844
0.6546807828752719
0.6546842550986997
0.6546877273221275
0.6546911995455553
0.6546946717689832
0.6546981439924111
0.654701616215839
0.6547050884392668
0.6547085606626947
0.6547120328861226
0.6547155051095503
0.6547189773329782
0.654722449556406
0.6547259217798339
0.6547293940032618
0.6547328662266897
0.6547363384501175
0.6547398106735455
0.6547432828969733
0.654746755120401
0.6547502273438289
0.6547536995672567
0.6547571717906846
0.6547606440141125
0.6547641162375404
0.6547675884609682
0.6547710606843961
0.654774532907824
0.6547780051312518
0.6547814773546796
0.6547849495781075
0.6547884218015353
0.6547918940249631
0.6547953662483911
0.6547988384718189
0.6548023106952469
0.6548057829186746
0.6548092551421025
0.6548127273655303
0.6548161995889582
0.654819671812386
0.6548231440358139
0.6548266162592418
0.6548300884826695
0.6548335607060976
0.6548370329295253
0.6548405051529532
0.654843977376381
0.6548474495998089
0.6548509218232368
0.6548543940466646
0.6548578662700925
0.6548613384935202
0.6548648107169481
0.654868282940376
0.6548717551638039
0.6548752273872317
0.6548786996106596
0.6548821718340874
0.6548856440575154
0.6548891162809432
0.6548925885043709
0.6548960607277989
0.6548995329512267
0.6549030051746546
0.6549064773980824
0.6549099496215103
0.6549134218449381
0.6549168940683661
0.6549203662917938
0.6549238385152217
0.6549273107386496
0.6549307829620774
0.6549342551855053
0.6549377274089331
0.654941199632361
0.6549446718557888
0.6549481440792168
0.6549516163026445
0.6549550885260724
0.6549585607495002
0.6549620329729281
0.654965505196356
0.6549689774197838
0.6549724496432117
0.6549759218666394
0.6549793940900674
0.6549828663134952
0.6549863385369231
0.654989810760351
0.6549932829837788
0.6549967552072067
0.6550002274306345
0.6550036996540624
0.6550071718774901
0.6550106441009181
0.6550141163243459
0.6550175885477738
0.6550210607712016
0.6550245329946296
0.6550280052180574
0.6550314774414852
0.655034949664913
0.6550384218883408
0.6550418941117687
0.6550453663351966
0.6550488385586245
0.6550523107820524
0.6550557830054803
0.6550592552289081
0.655062727452336
0.6550661996757637
0.6550696718991916
0.6550731441226195
0.6550766163460473
0.6550800885694752
0.6550835607929031
0.655087033016331
0.6550905052397588
0.6550939774631866
0.6550974496866144
0.6551009219100423
0.6551043941334702
0.655107866356898
0.6551113385803259
0.6551148108037537
0.6551182830271817
0.6551217552506094
0.6551252274740373
0.6551286996974651
0.655132171920893
0.6551356441443209
0.6551391163677487
0.6551425885911766
0.6551460608146045
0.6551495330380324
0.6551530052614601
0.655156477484888
0.6551599497083158
0.6551634219317437
0.6551668941551716
0.6551703663785995
0.6551738386020273
0.6551773108254552
0.655180783048883
0.6551842552723108
0.6551877274957387
0.6551911997191665
0.6551946719425944
0.6551981441660223
0.6552016163894502
0.655205088612878
