0.6149307690731838
0.6149342412966116
0.6149377135200395
0.6149411857434672
0.6149446579668951
0.614948130190323
0.6149516024137508
0.6149550746371787
0.6149585468606066
0.6149620190840345
0.6149654913074623
0.6149689635308901
0.6149724357543179
0.6149759079777458
0.6149793802011737
0.6149828524246015
0.6149863246480294
0.6149897968714573
0.6149932690948852
0.614996741318313
0.6150002135417408
0.6150036857651686
0.6150071579885965
0.6150106302120244
0.6150141024354522
0.6150175746588801
0.6150210468823079
0.6150245191057359
0.6150279913291636
0.6150314635525915
0.6150349357760193
0.6150384079994472
0.6150418802228751
0.615045352446303
0.6150488246697308
0.6150522968931585
0.6150557691165865
0.6150592413400143
0.6150627135634422
0.61506618578687
0.6150696580102979
0.6150731302337258
0.6150766024571537
0.6150800746805815
0.6150835469040093
0.6150870191274372
0.615090491350865
0.6150939635742929
0.6150974357977207
0.6151009080211486
0.6151043802445765
0.6151078524680044
0.6151113246914321
0.61511479691486
0.6151182691382879
0.6151217413617157
0.6151252135851436
0.6151286858085714
0.6151321580319993
0.6151356302554272
0.6151391024788551
0.6151425747022828
0.6151460469257107
0.6151495191491386
0.6151529913725664
0.6151564635959943
0.6151599358194221
0.61516340804285
0.6151668802662779
0.6151703524897058
0.6151738247131335
0.6151772969365614
0.6151807691599893
0.6151842413834172
0.615187713606845
0.6151911858302729
0.6151946580537007
0.6151981302771286
0.6152016025005564
0.6152050747239842
0.6152085469474122
0.61521201917084
0.6152154913942679
0.6152189636176957
0.6152224358411236
0.6152259080645514
0.6152293802879792
0.6152328525114071
0.6152363247348349
0.6152397969582629
0.6152432691816907
0.6152467414051186
0.6152502136285464
0.6152536858519743
0.615257158075402
0.6152606302988299
0.6152641025222578
0.6152675747456856
0.6152710469691135
0.6152745191925414
0.6152779914159693
0.6152814636393971
0.615284935862825
0.6152884080862527
0.6152918803096806
0.6152953525331085
0.6152988247565363
0.6153022969799642
0.6153057692033921
0.61530924142682
0.6153127136502478
0.6153161858736756
0.6153196580971034
0.6153231303205314
0.6153266025439592
0.6153300747673871
0.615333546990815
0.6153370192142428
0.6153404914376707
0.6153439636610984
0.6153474358845263
0.6153509081079541
0.6153543803313821
0.6153578525548099
0.6153613247782378
0.6153647970016657
0.6153682692250935
0.6153717414485214
0.6153752136719491
0.615378685895377
0.6153821581188048
0.6153856303422328
0.6153891025656606
0.6153925747890885
0.6153960470125163
0.6153995192359442
0.615402991459372
0.6154064636827998
0.6154099359062277
0.6154134081296555
0.6154168803530835
0.6154203525765113
0.6154238247999392
0.615427297023367
0.6154307692467949
0.6154342414702227
0.6154377136936505
0.6154411859170784
0.6154446581405062
0.6154481303639342
0.615451602587362
0.6154550748107899
0.6154585470342178
0.6154620192576457
0.6154654914810734
0.6154689637045013
0.6154724359279291
0.6154759081513569
0.6154793803747849
0.6154828525982127
0.6154863248216406
0.6154897970450685
0.6154932692684963
0.6154967414919241
0.615500213715352
0.6155036859387798
0.6155071581622077
0.6155106303856356
0.6155141026090634
0.6155175748324913
0.615521047055919
0.615524519279347
0.6155279915027748
0.6155314637262027
0.6155349359496305
0.6155384081730584
0.6155418803964863
0.615545352619914
0.615548824843342
0.6155522970667697
0.6155557692901977
0.6155592415136255
0.6155627137370534
0.6155661859604812
0.6155696581839091
0.615573130407337
0.6155766026307647
0.6155800748541926
0.6155835470776205
0.6155870193010484
0.6155904915244762
0.6155939637479041
0.6155974359713319
0.6156009081947598
0.6156043804181877
0.6156078526416155
0.6156113248650433
0.6156147970884712
0.6156182693118991
0.6156217415353269
