0.1857639533902616
0.18576742561368945
0.1857708978371173
0.1857743700605451
0.18577784228397298
0.18578131450740087
0.1857847867308287
0.18578825895425657
0.1857917311776844
0.1857952034011123
0.18579867562454014
0.18580214784796797
0.18580562007139584
0.18580909229482367
0.18581256451825157
0.1858160367416794
0.18581950896510724
0.1858229811885351
0.18582645341196294
0.18582992563539083
0.18583339785881867
0.18583687008224656
0.18584034230567442
0.18584381452910223
0.1858472867525301
0.18585075897595793
0.18585423119938582
0.18585770342281369
0.18586117564624152
0.1858646478696694
0.1858681200930972
0.18587159231652509
0.18587506453995295
0.1858785367633808
0.18588200898680868
0.18588548121023651
0.1858889534336644
0.1858924256570922
0.18589589788052005
0.18589937010394794
0.18590284232737578
0.18590631455080367
0.1859097867742315
0.18591325899765937
0.18591673122108726
0.18592020344451504
0.18592367566794293
0.18592714789137077
0.18593062011479863
0.18593409233822653
0.18593756456165436
0.1859410367850822
0.18594450900851003
0.1859479812319379
0.18595145345536573
0.18595492567879363
0.18595839790222152
0.1859618701256493
0.18596534234907716
0.185968814572505
0.1859722867959329
0.18597575901936078
0.18597923124278862
0.18598270346621648
0.1859861756896443
0.18598964791307215
0.18599312013650005
0.18599659235992788
0.18600006458335575
0.18600353680678358
0.18600700903021147
0.18601048125363936
0.18601395347706715
0.186017425700495
0.18602089792392285
0.18602437014735074
0.18602784237077857
0.18603131459420646
0.18603478681763433
0.1860382590410621
0.18604173126449
0.18604520348791784
0.18604867571134573
0.1860521479347736
0.18605562015820143
0.18605909238162927
0.1860625646050571
0.186066036828485
0.18606950905191286
0.1860729812753407
0.18607645349876858
0.18607992572219642
0.18608339794562426
0.18608687016905212
0.18609034239247996
0.18609381461590785
0.18609728683933568
0.18610075906276358
0.18610423128619136
0.18610770350961922
0.1861111757330471
0.18611464795647495
0.18611812017990284
0.18612159240333068
0.18612506462675854
0.18612853685018643
0.1861320090736142
0.1861354812970421
0.18613895352046994
0.1861424257438978
0.1861458979673257
0.18614937019075353
0.18615284241418142
0.1861563146376092
0.18615978686103707
0.1861632590844649
0.1861667313078928
0.1861702035313207
0.18617367575474852
0.1861771479781764
0.18618062020160417
0.18618409242503206
0.18618756464845995
0.1861910368718878
0.18619450909531565
0.1861979813187435
0.18620145354217132
0.18620492576559922
0.18620839798902705
0.18621187021245492
0.18621534243588275
0.18621881465931064
0.18622228688273854
0.18622575910616632
0.18622923132959418
0.18623270355302202
0.1862361757764499
0.18623964799987774
0.18624312022330564
0.1862465924467335
0.18625006467016128
0.18625353689358917
0.186257009117017
0.1862604813404449
0.18626395356387276
0.1862674257873006
0.1862708980107285
0.18627437023415627
0.18627784245758416
0.18628131468101203
0.18628478690443986
0.18628825912786776
0.1862917313512956
0.18629520357472348
0.1862986757981513
0.18630214802157913
0.18630562024500702
0.18630909246843486
0.18631256469186275
0.18631603691529058
0.18631950913871845
0.18632298136214628
0.18632645358557412
0.186329925809002
0.18633339803242985
0.1863368702558577
0.1863403424792856
0.18634381470271338
0.18634728692614128
0.1863507591495691
0.18635423137299698
0.18635770359642487
0.1863611758198527
0.1863646480432806
0.18636812026670838
0.18637159249013624
0.18637506471356408
0.18637853693699197
0.18638200916041986
0.1863854813838477
0.18638895360727556
0.18639242583070334
0.18639589805413123
0.18639937027755912
0.18640284250098696
0.18640631472441482
0.18640978694784266
0.18641325917127055
0.18641673139469842
0.18642020361812622
0.1864236758415541
0.18642714806498192
0.18643062028840982
0.1864340925118377
0.18643756473526554
0.18644103695869335
0.1864445091821212
0.18644798140554908
0.18645145362897692
0.1864549258524048
