0.655903005521877
0.6559064777453048
0.6559099499687326
0.6559134221921604
0.6559168944155883
0.6559203666390162
0.655923838862444
0.6559273110858719
0.6559307833092998
0.6559342555327277
0.6559377277561554
0.6559411999795833
0.6559446722030111
0.655948144426439
0.6559516166498669
0.6559550888732947
0.6559585610967227
0.6559620333201505
0.6559655055435784
0.6559689777670061
0.655972449990434
0.6559759222138618
0.6559793944372897
0.6559828666607176
0.6559863388841454
0.6559898111075734
0.6559932833310012
0.655996755554429
0.6560002277778568
0.6560037000012847
0.6560071722247126
0.6560106444481405
0.6560141166715683
0.6560175888949962
0.656021061118424
0.6560245333418518
0.6560280055652797
0.6560314777887075
0.6560349500121354
0.6560384222355632
0.6560418944589911
0.656045366682419
0.6560488389058469
0.6560523111292748
0.6560557833527025
0.6560592555761304
0.6560627277995582
0.6560662000229861
0.6560696722464139
0.6560731444698419
0.6560766166932697
0.6560800889166976
0.6560835611401254
0.6560870333635532
0.6560905055869811
0.6560939778104089
0.6560974500338368
0.6561009222572647
0.6561043944806926
0.6561078667041204
0.6561113389275482
0.656114811150976
0.656118283374404
0.6561217555978318
0.6561252278212596
0.6561287000446875
0.6561321722681153
0.6561356444915433
0.656139116714971
0.6561425889383989
0.6561460611618268
0.6561495333852547
0.6561530056086825
0.6561564778321104
0.6561599500555382
0.6561634222789661
0.656166894502394
0.6561703667258217
0.6561738389492496
0.6561773111726774
0.6561807833961054
0.6561842556195332
0.6561877278429611
0.6561912000663889
0.6561946722898168
0.6561981445132447
0.6562016167366724
0.6562050889601003
0.6562085611835282
0.6562120334069561
0.6562155056303839
0.6562189778538118
0.6562224500772396
0.6562259223006675
0.6562293945240953
0.6562328667475231
0.656236338970951
0.6562398111943789
0.6562432834178068
0.6562467556412346
0.6562502278646625
0.6562537000880903
0.6562571723115183
0.656260644534946
0.6562641167583738
0.6562675889818017
0.6562710612052295
0.6562745334286575
0.6562780056520853
0.6562814778755132
0.656284950098941
0.6562884223223688
0.6562918945457966
0.6562953667692246
0.6562988389926524
0.6563023112160803
0.6563057834395082
0.656309255662936
0.6563127278863639
0.6563162001097916
0.6563196723332195
0.6563231445566474
0.6563266167800753
0.6563300890035031
0.656333561226931
0.6563370334503589
0.6563405056737867
0.6563439778972145
0.6563474501206423
0.6563509223440703
0.6563543945674981
0.656357866790926
0.6563613390143538
0.6563648112377817
0.6563682834612096
0.6563717556846373
0.6563752279080652
0.656378700131493
0.6563821723549209
0.6563856445783488
0.6563891168017767
0.6563925890252045
0.6563960612486325
0.6563995334720603
0.6564030056954882
0.6564064779189159
0.6564099501423437
0.6564134223657716
0.6564168945891995
0.6564203668126274
0.6564238390360552
0.6564273112594831
0.656430783482911
0.6564342557063388
0.6564377279297666
0.6564412001531945
0.6564446723766223
0.6564481446000502
0.6564516168234781
0.6564550890469059
0.6564585612703339
0.6564620334937616
0.6564655057171895
0.6564689779406173
0.6564724501640452
0.656475922387473
0.6564793946109009
0.6564828668343288
0.6564863390577566
0.6564898112811846
0.6564932835046123
0.6564967557280402
0.656500227951468
0.6565037001748959
0.6565071723983238
0.6565106446217516
0.6565141168451795
0.6565175890686072
0.6565210612920351
0.656524533515463
0.6565280057388909
0.6565314779623187
0.6565349501857466
0.6565384224091744
0.6565418946326023
0.6565453668560302
0.6565488390794579
0.6565523113028859
0.6565557835263137
0.6565592557497416
0.6565627279731694
0.6565662001965973
0.6565696724200251
0.6565731446434531
0.6565766168668808
0.6565800890903087
0.6565835613137366
0.6565870335371644
0.6565905057605923
0.6565939779840201
