0.89131975393047
0.891323226153898
0.8913266983773259
0.8913301706007537
0.8913336428241816
0.8913371150476094
0.8913405872710373
0.891344059494465
0.8913475317178929
0.8913510039413207
0.8913544761647486
0.8913579483881764
0.8913614206116044
0.8913648928350323
0.8913683650584601
0.891371837281888
0.8913753095053157
0.8913787817287436
0.8913822539521714
0.8913857261755995
0.8913891983990271
0.8913926706224552
0.891396142845883
0.8913996150693108
0.8914030872927386
0.8914065595161664
0.8914100317395943
0.8914135039630221
0.8914169761864502
0.8914204484098778
0.8914239206333059
0.8914273928567337
0.8914308650801616
0.8914343373035893
0.8914378095270172
0.891441281750445
0.8914447539738728
0.8914482261973007
0.8914516984207285
0.8914551706441566
0.8914586428675844
0.8914621150910123
0.89146558731444
0.8914690595378679
0.8914725317612957
0.8914760039847236
0.8914794762081516
0.8914829484315793
0.8914864206550073
0.891489892878435
0.891493365101863
0.8914968373252907
0.8915003095487186
0.8915037817721464
0.8915072539955743
0.8915107262190023
0.89151419844243
0.891517670665858
0.8915211428892857
0.8915246151127136
0.8915280873361414
0.8915315595595693
0.8915350317829971
0.891538504006425
0.891541976229853
0.8915454484532807
0.8915489206767087
0.8915523929001364
0.8915558651235643
0.8915593373469921
0.89156280957042
0.8915662817938478
0.8915697540172757
0.8915732262407035
0.8915766984641313
0.8915801706875593
0.8915836429109871
0.891587115134415
0.8915905873578428
0.8915940595812707
0.8915975318046985
0.8916010040281264
0.8916044762515544
0.891607948474982
0.89161142069841
0.8916148929218378
0.8916183651452657
0.8916218373686935
0.8916253095921214
0.8916287818155492
0.8916322540389771
0.8916357262624051
0.8916391984858328
0.8916426707092607
0.8916461429326885
0.8916496151561164
0.8916530873795442
0.8916565596029721
0.8916600318263999
0.8916635040498277
0.8916669762732555
0.8916704484966834
0.8916739207201114
0.8916773929435393
0.8916808651669671
0.8916843373903949
0.8916878096138228
0.8916912818372505
0.8916947540606784
0.8916982262841064
0.8917016985075341
0.8917051707309621
0.8917086429543898
0.8917121151778178
0.8917155874012457
0.8917190596246735
0.8917225318481014
0.8917260040715291
0.8917294762949571
0.891732948518385
0.8917364207418128
0.8917398929652407
0.8917433651886685
0.8917468374120964
0.8917503096355242
0.891753781858952
0.8917572540823798
0.8917607263058077
0.8917641985292355
0.8917676707526635
0.8917711429760914
0.8917746151995192
0.8917780874229471
0.8917815596463748
0.8917850318698027
0.8917885040932305
0.8917919763166585
0.8917954485400862
0.8917989207635142
0.8918023929869421
0.8918058652103699
0.8918093374337978
0.8918128096572255
0.8918162818806534
0.8918197541040812
0.8918232263275092
0.8918266985509371
0.8918301707743649
0.8918336429977928
0.8918371152212206
0.8918405874446484
0.8918440596680762
0.8918475318915041
0.8918510041149319
0.8918544763383598
0.8918579485617876
0.8918614207852156
0.8918648930086435
0.8918683652320712
0.8918718374554991
0.8918753096789269
0.8918787819023548
0.8918822541257826
0.8918857263492106
0.8918891985726383
0.8918926707960663
0.8918961430194942
0.8918996152429219
0.8919030874663498
0.8919065596897776
0.8919100319132055
0.8919135041366333
0.8919169763600613
0.891920448583489
0.891923920806917
0.8919273930303449
0.8919308652537726
0.8919343374772005
0.8919378097006283
0.8919412819240562
0.891944754147484
0.8919482263709119
0.8919516985943396
0.8919551708177678
0.8919586430411955
0.8919621152646234
0.8919655874880512
0.891969059711479
0.8919725319349069
0.8919760041583347
0.8919794763817628
0.8919829486051903
0.8919864208286185
0.8919898930520462
0.8919933652754741
0.8919968374989019
0.8920003097223298
0.8920037819457576
0.8920072541691855
0.8920107263926135
