0.9440975500338716
0.9441010222572993
0.9441044944807273
0.944107966704155
0.944111438927583
0.9441149111510109
0.9441183833744387
0.9441218555978665
0.9441253278212943
0.9441288000447222
0.94413227226815
0.944135744491578
0.9441392167150057
0.9441426889384337
0.9441461611618616
0.9441496333852893
0.9441531056087172
0.944156577832145
0.9441600500555729
0.9441635222790007
0.9441669945024288
0.9441704667258564
0.9441739389492845
0.944177411172712
0.94418088339614
0.9441843556195679
0.9441878278429957
0.9441913000664238
0.9441947722898514
0.9441982445132795
0.944201716736707
0.9442051889601352
0.944208661183563
0.9442121334069908
0.9442156056304186
0.9442190778538465
0.9442225500772743
0.9442260223007021
0.9442294945241302
0.9442329667475577
0.9442364389709859
0.9442399111944136
0.9442433834178415
0.9442468556412693
0.9442503278646972
0.944253800088125
0.9442572723115529
0.9442607445349809
0.9442642167584085
0.9442676889818366
0.9442711612052641
0.9442746334286922
0.94427810565212
0.9442815778755479
0.9442850500989759
0.9442885223224036
0.9442919945458316
0.9442954667692592
0.9442989389926872
0.944302411216115
0.9443058834395429
0.9443093556629707
0.9443128278863986
0.9443163001098264
0.9443197723332543
0.9443232445566823
0.9443267167801099
0.9443301890035379
0.9443336612269657
0.9443371334503936
0.9443406056738214
0.9443440778972493
0.9443475501206771
0.944351022344105
0.944354494567533
0.9443579667909606
0.9443614390143886
0.9443649112378163
0.9443683834612443
0.9443718556846721
0.9443753279081
0.944378800131528
0.9443822723549556
0.9443857445783836
0.9443892168018113
0.9443926890252393
0.9443961612486671
0.944399633472095
0.9444031056955228
0.9444065779189507
0.9444100501423784
0.9444135223658063
0.9444169945892343
0.944420466812662
0.94442393903609
0.9444274112595178
0.9444308834829457
0.9444343557063735
0.9444378279298014
0.9444413001532291
0.944444772376657
0.944448244600085
0.9444517168235127
0.9444551890469407
0.9444586612703684
0.9444621334937964
0.9444656057172242
0.944469077940652
0.94447255016408
0.9444760223875077
0.9444794946109357
0.9444829668343634
0.9444864390577914
0.9444899112812193
0.9444933835046471
0.944496855728075
0.9445003279515027
0.9445038001749307
0.9445072723983584
0.9445107446217864
0.9445142168452141
0.9445176890686421
0.94452116129207
0.9445246335154978
0.9445281057389256
0.9445315779623534
0.9445350501857813
0.9445385224092091
0.9445419946326371
0.9445454668560648
0.9445489390794928
0.9445524113029204
0.9445558835263484
0.9445593557497763
0.9445628279732041
0.944566300196632
0.9445697724200598
0.9445732446434878
0.9445767168669155
0.9445801890903435
0.9445836613137711
0.9445871335371991
0.944590605760627
0.9445940779840548
0.9445975502074828
0.9446010224309105
0.9446044946543385
0.9446079668777662
0.9446114391011942
0.944614911324622
0.9446183835480498
0.9446218557714777
0.9446253279949055
0.9446288002183334
0.9446322724417612
0.9446357446651892
0.9446392168886169
0.9446426891120449
0.9446461613354727
0.9446496335589005
0.9446531057823284
0.9446565780057562
0.9446600502291841
0.9446635224526119
0.9446669946760399
0.9446704668994675
0.9446739391228955
0.9446774113463232
0.9446808835697512
0.9446843557931791
0.9446878280166069
0.944691300240035
0.9446947724634626
0.9446982446868907
0.9447017169103182
0.9447051891337462
0.9447086613571741
0.9447121335806019
0.9447156058040298
0.9447190780274576
0.9447225502508855
0.9447260224743133
0.9447294946977414
0.9447329669211689
0.944736439144597
0.9447399113680248
0.9447433835914527
0.9447468558148805
0.9447503280383083
0.9447538002617362
0.944757272485164
0.9447607447085921
0.9447642169320196
0.9447676891554477
0.9447711613788753
0.9447746336023034
0.9447781058257312
0.9447815780491591
0.9447850502725871
0.9447885224960147
