0.7079863569397072
0.7079898291631351
0.707993301386563
0.7079967736099908
0.7080002458334187
0.7080037180568465
0.7080071902802744
0.7080106625037023
0.7080141347271302
0.7080176069505579
0.7080210791739858
0.7080245513974137
0.7080280236208415
0.7080314958442694
0.7080349680676972
0.7080384402911252
0.708041912514553
0.7080453847379808
0.7080488569614086
0.7080523291848365
0.7080558014082644
0.7080592736316922
0.7080627458551201
0.7080662180785479
0.7080696903019758
0.7080731625254036
0.7080766347488315
0.7080801069722593
0.7080835791956873
0.7080870514191151
0.708090523642543
0.7080939958659708
0.7080974680893986
0.7081009403128264
0.7081044125362543
0.7081078847596822
0.70811135698311
0.708114829206538
0.7081183014299658
0.7081217736533937
0.7081252458768215
0.7081287181002494
0.7081321903236772
0.708135662547105
0.7081391347705329
0.7081426069939607
0.7081460792173886
0.7081495514408165
0.7081530236642444
0.7081564958876722
0.7081599681111
0.7081634403345278
0.7081669125579557
0.7081703847813836
0.7081738570048114
0.7081773292282394
0.7081808014516672
0.7081842736750951
0.7081877458985228
0.7081912181219507
0.7081946903453785
0.7081981625688064
0.7082016347922343
0.7082051070156621
0.7082085792390901
0.7082120514625179
0.7082155236859458
0.7082189959093735
0.7082224681328014
0.7082259403562292
0.7082294125796572
0.708232884803085
0.7082363570265129
0.7082398292499408
0.7082433014733686
0.7082467736967965
0.7082502459202242
0.7082537181436521
0.7082571903670799
0.7082606625905079
0.7082641348139357
0.7082676070373636
0.7082710792607915
0.7082745514842193
0.7082780237076471
0.7082814959310749
0.7082849681545028
0.7082884403779307
0.7082919126013586
0.7082953848247864
0.7082988570482143
0.708302329271642
0.7083058014950699
0.7083092737184978
0.7083127459419256
0.7083162181653535
0.7083196903887813
0.7083231626122093
0.7083266348356371
0.708330107059065
0.7083335792824929
0.7083370515059206
0.7083405237293485
0.7083439959527763
0.7083474681762042
0.708350940399632
0.70835441262306
0.7083578848464878
0.7083613570699157
0.7083648292933435
0.7083683015167714
0.7083717737401992
0.7083752459636271
0.7083787181870549
0.7083821904104828
0.7083856626339107
0.7083891348573385
0.7083926070807663
0.7083960793041941
0.7083995515276221
0.7084030237510499
0.7084064959744778
0.7084099681979056
0.7084134404213335
0.7084169126447614
0.7084203848681891
0.708423857091617
0.7084273293150449
0.7084308015384728
0.7084342737619006
0.7084377459853285
0.7084412182087563
0.7084446904321842
0.7084481626556121
0.7084516348790398
0.7084551071024677
0.7084585793258956
0.7084620515493235
0.7084655237727513
0.7084689959961792
0.708472468219607
0.7084759404430349
0.7084794126664627
0.7084828848898905
0.7084863571133184
0.7084898293367463
0.7084933015601742
0.708496773783602
0.7085002460070299
0.7085037182304577
0.7085071904538855
0.7085106626773134
0.7085141349007413
0.7085176071241691
0.708521079347597
0.7085245515710249
0.7085280237944527
0.7085314960178806
0.7085349682413083
0.7085384404647364
0.7085419126881641
0.708545384911592
0.7085488571350198
0.7085523293584477
0.7085558015818756
0.7085592738053034
0.7085627460287313
0.708566218252159
0.7085696904755869
0.7085731626990148
0.7085766349224427
0.7085801071458705
0.7085835793692984
0.7085870515927263
0.7085905238161541
0.708593996039582
0.7085974682630097
0.7086009404864376
0.7086044127098655
0.7086078849332934
0.7086113571567212
0.7086148293801492
0.708618301603577
0.7086217738270048
0.7086252460504326
0.7086287182738604
0.7086321904972884
0.7086356627207162
0.7086391349441441
0.7086426071675719
0.7086460793909998
0.7086495516144277
0.7086530238378556
0.7086564960612833
0.7086599682847112
0.708663440508139
0.7086669127315669
0.7086703849549948
0.7086738571784226
0.7086773294018506
