0.8267363981723604
0.8267398703957883
0.8267433426192162
0.826746814842644
0.8267502870660719
0.8267537592894997
0.8267572315129277
0.8267607037363554
0.8267641759597834
0.8267676481832112
0.826771120406639
0.8267745926300669
0.8267780648534947
0.8267815370769226
0.8267850093003504
0.8267884815237783
0.8267919537472062
0.826795425970634
0.8267988981940619
0.8268023704174897
0.8268058426409176
0.8268093148643454
0.8268127870877733
0.8268162593112011
0.826819731534629
0.8268232037580568
0.8268266759814848
0.8268301482049125
0.8268336204283405
0.8268370926517683
0.8268405648751962
0.826844037098624
0.8268475093220518
0.8268509815454798
0.8268544537689074
0.8268579259923354
0.8268613982157632
0.8268648704391912
0.826868342662619
0.8268718148860469
0.8268752871094747
0.8268787593329026
0.8268822315563303
0.8268857037797582
0.8268891760031861
0.826892648226614
0.8268961204500419
0.8268995926734697
0.8269030648968976
0.8269065371203254
0.8269100093437532
0.826913481567181
0.8269169537906089
0.8269204260140368
0.8269238982374646
0.8269273704608926
0.8269308426843204
0.8269343149077483
0.826937787131176
0.8269412593546039
0.8269447315780318
0.8269482038014596
0.8269516760248875
0.8269551482483153
0.8269586204717433
0.8269620926951711
0.826965564918599
0.8269690371420267
0.8269725093654546
0.8269759815888824
0.8269794538123104
0.8269829260357382
0.8269863982591661
0.826989870482594
0.8269933427060218
0.8269968149294497
0.8270002871528774
0.8270037593763053
0.8270072315997331
0.8270107038231611
0.8270141760465889
0.8270176482700168
0.8270211204934447
0.8270245927168725
0.8270280649403003
0.8270315371637281
0.827035009387156
0.8270384816105839
0.8270419538340118
0.8270454260574396
0.8270488982808675
0.8270523705042954
0.8270558427277231
0.827059314951151
0.8270627871745788
0.8270662593980067
0.8270697316214345
0.8270732038448624
0.8270766760682903
0.8270801482917183
0.8270836205151461
0.8270870927385738
0.8270905649620017
0.8270940371854295
0.8270975094088574
0.8271009816322852
0.8271044538557132
0.827107926079141
0.827111398302569
0.8271148705259967
0.8271183427494246
0.8271218149728524
0.8271252871962803
0.8271287594197081
0.8271322316431359
0.8271357038665639
0.8271391760899918
0.8271426483134195
0.8271461205368474
0.8271495927602753
0.8271530649837031
0.827156537207131
0.8271600094305588
0.8271634816539867
0.8271669538774145
0.8271704261008423
0.8271738983242704
0.8271773705476981
0.827180842771126
0.8271843149945538
0.8271877872179817
0.8271912594414095
0.8271947316648374
0.8271982038882653
0.827201676111693
0.827205148335121
0.8272086205585487
0.8272120927819767
0.8272155650054045
0.8272190372288324
0.8272225094522602
0.8272259816756881
0.827229453899116
0.8272329261225438
0.8272363983459716
0.8272398705693995
0.8272433427928274
0.8272468150162552
0.8272502872396831
0.8272537594631109
0.8272572316865389
0.8272607039099665
0.8272641761333945
0.8272676483568223
0.8272711205802502
0.8272745928036781
0.8272780650271059
0.8272815372505338
0.8272850094739616
0.8272884816973894
0.8272919539208173
0.8272954261442452
0.8272988983676731
0.8273023705911009
0.8273058428145288
0.8273093150379566
0.8273127872613845
0.8273162594848122
0.8273197317082401
0.827323203931668
0.8273266761550959
0.8273301483785237
0.8273336206019516
0.8273370928253795
0.8273405650488073
0.8273440372722352
0.8273475094956629
0.8273509817190909
0.8273544539425186
0.8273579261659466
0.8273613983893744
0.8273648706128024
0.8273683428362302
0.827371815059658
0.8273752872830858
0.8273787595065136
0.8273822317299415
0.8273857039533694
0.8273891761767973
0.8273926484002252
0.8273961206236531
0.8273995928470809
0.8274030650705088
0.8274065372939365
0.8274100095173644
0.8274134817407922
0.8274169539642201
0.827420426187648
0.8274238984110758
0.8274273706345038
