0.2260417451533837
0.2260452173768116
0.22604868960023938
0.22605216182366727
0.22605563404709514
0.22605910627052297
0.22606257849395087
0.2260660507173787
0.22606952294080657
0.22607299516423446
0.22607646738766224
0.22607993961109013
0.22608341183451797
0.22608688405794583
0.22609035628137367
0.22609382850480156
0.22609730072822945
0.22610077295165723
0.22610424517508512
0.22610771739851296
0.22611118962194082
0.22611466184536871
0.22611813406879655
0.22612160629222441
0.22612507851565222
0.2261285507390801
0.22613202296250798
0.22613549518593581
0.22613896740936368
0.22614243963279151
0.22614591185621935
0.22614938407964724
0.22615285630307508
0.22615632852650294
0.22615980074993078
0.22616327297335867
0.22616674519678645
0.22617021742021434
0.22617368964364223
0.22617716186707007
0.22618063409049793
0.22618410631392577
0.22618757853735366
0.22619105076078153
0.22619452298420933
0.2261979952076372
0.22620146743106503
0.22620493965449293
0.2262084118779208
0.22621188410134863
0.22621535632477652
0.2262188285482043
0.2262223007716322
0.22622577299506008
0.2262292452184879
0.22623271744191578
0.22623618966534362
0.2262396618887715
0.2262431341121993
0.22624660633562718
0.22625007855905505
0.22625355078248288
0.22625702300591077
0.2262604952293386
0.22626396745276645
0.2262674396761943
0.22627091189962215
0.22627438412305004
0.22627785634647787
0.22628132856990574
0.22628480079333363
0.2262882730167614
0.2262917452401893
0.22629521746361714
0.226298689687045
0.22630216191047284
0.22630563413390073
0.22630910635732862
0.2263125785807564
0.2263160508041843
0.22631952302761213
0.22632299525104
0.22632646747446789
0.22632993969789572
0.22633341192132359
0.2263368841447514
0.22634035636817926
0.22634382859160715
0.22634730081503499
0.22635077303846285
0.22635424526189069
0.22635771748531858
0.2263611897087464
0.22636466193217425
0.22636813415560214
0.22637160637902995
0.22637507860245784
0.22637855082588568
0.22638202304931357
0.2263854952727414
0.22638896749616924
0.2263924397195971
0.22639591194302494
0.22639938416645283
0.2264028563898807
0.2264063286133085
0.22640980083673637
0.2264132730601642
0.2264167452835921
0.22642021750701996
0.2264236897304478
0.2264271619538757
0.22643063417730347
0.22643410640073136
0.22643757862415925
0.22644105084758706
0.22644452307101495
0.2264479952944428
0.22645146751787068
0.22645493974129846
0.22645841196472635
0.22646188418815422
0.22646535641158205
0.22646882863500994
0.22647230085843778
0.22647577308186564
0.22647924530529354
0.22648271752872132
0.2264861897521492
0.22648966197557704
0.2264931341990049
0.2264966064224328
0.22650007864586064
0.22650355086928847
0.2265070230927163
0.2265104953161442
0.22651396753957206
0.2265174397629999
0.2265209119864278
0.22652438420985563
0.22652785643328346
0.2265313286567113
0.22653480088013916
0.22653827310356706
0.2265417453269949
0.22654521755042276
0.22654868977385056
0.22655216199727843
0.22655563422070632
0.22655910644413416
0.22656257866756202
0.22656605089098986
0.22656952311441775
0.22657299533784564
0.22657646756127342
0.2265799397847013
0.22658341200812912
0.226586884231557
0.22659035645498485
0.22659382867841274
0.2265973009018406
0.2266007731252684
0.22660424534869628
0.2266077175721241
0.226611189795552
0.22661466201897987
0.2266181342424077
0.2266216064658356
0.22662507868926338
0.22662855091269127
0.22663202313611913
0.22663549535954697
0.22663896758297486
0.2266424398064027
0.22664591202983053
0.22664938425325842
0.22665285647668626
0.22665632870011412
0.22665980092354196
0.22666327314696985
0.22666674537039763
0.22667021759382552
0.2266736898172534
0.22667716204068122
0.22668063426410912
0.22668410648753695
0.22668757871096482
0.2266910509343927
0.2266945231578205
0.22669799538124838
0.22670146760467622
0.22670493982810408
0.22670841205153197
0.2267118842749598
0.2267153564983877
0.22671882872181548
0.22672230094524337
0.22672577316867124
0.22672924539209907
0.22673271761552696
