0.3371528948447552
0.337156367068183
0.33715983929161086
0.3371633115150387
0.3371667837384666
0.3371702559618944
0.33717372818532226
0.3371772004087501
0.337180672632178
0.3371841448556058
0.3371876170790337
0.33719108930246156
0.3371945615258894
0.3371980337493172
0.3372015059727451
0.33720497819617296
0.3372084504196008
0.3372119226430287
0.3372153948664566
0.3372188670898844
0.33722233931331225
0.33722581153674014
0.337229283760168
0.3372327559835958
0.33723622820702365
0.3372397004304515
0.3372431726538794
0.33724664487730727
0.3372501171007351
0.33725358932416294
0.3372570615475908
0.33726053377101867
0.3372640059944465
0.33726747821787434
0.3372709504413022
0.33727442266473007
0.3372778948881579
0.3372813671115858
0.33728483933501363
0.3372883115584415
0.33729178378186936
0.33729525600529725
0.3372987282287251
0.3373022004521529
0.33730567267558076
0.33730914489900865
0.3373126171224365
0.3373160893458643
0.3373195615692922
0.3373230337927201
0.33732650601614794
0.3373299782395758
0.3373334504630036
0.33733692268643145
0.33734039490985934
0.3373438671332872
0.337347339356715
0.33735081158014285
0.33735428380357074
0.33735775602699863
0.33736122825042647
0.3373647004738543
0.3373681726972822
0.33737164492071003
0.33737511714413787
0.3373785893675657
0.3373820615909936
0.33738553381442143
0.3373890060378493
0.33739247826127716
0.33739595048470505
0.3373994227081329
0.3374028949315607
0.33740636715498856
0.3374098393784164
0.33741331160184423
0.3374167838252722
0.3374202560487
0.33742372827212785
0.3374272004955557
0.3374306727189836
0.3374341449424114
0.3374376171658393
0.33744108938926715
0.337444561612695
0.3374480338361228
0.3374515060595507
0.33745497828297855
0.3374584505064064
0.3374619227298343
0.33746539495326217
0.33746886717669
0.33747233940011784
0.3374758116235457
0.33747928384697357
0.3374827560704014
0.33748622829382924
0.3374897005172571
0.33749317274068497
0.33749664496411286
0.3375001171875407
0.33750358941096853
0.33750706163439637
0.33751053385782426
0.3375140060812521
0.33751747830467993
0.33752095052810777
0.33752442275153566
0.3375278949749635
0.3375313671983914
0.3375348394218192
0.3375383116452471
0.33754178386867495
0.3375452560921028
0.3375487283155306
0.33755220053895846
0.33755567276238635
0.33755914498581424
0.3375626172092421
0.3375660894326699
0.3375695616560978
0.3375730338795257
0.33757650610295353
0.33757997832638137
0.3375834505498092
0.33758692277323704
0.33759039499666493
0.33759386722009277
0.3375973394435206
0.33760081166694844
0.33760428389037633
0.3376077561138042
0.33761122833723206
0.3376147005606599
0.33761817278408773
0.33762164500751557
0.33762511723094346
0.3376285894543713
0.3376320616777992
0.337635533901227
0.3376390061246549
0.33764247834808275
0.3376459505715106
0.3376494227949385
0.3376528950183663
0.33765636724179415
0.337659839465222
0.3376633116886498
0.3376667839120778
0.3376702561355056
0.33767372835893344
0.3376772005823613
0.3376806728057892
0.337684145029217
0.33768761725264484
0.3376910894760727
0.3376945616995005
0.3376980339229284
0.3377015061463563
0.33770497836978414
0.337708450593212
0.33771192281663986
0.33771539504006776
0.3377188672634956
0.33772233948692343
0.33772581171035126
0.33772928393377916
0.337732756157207
0.33773622838063483
0.33773970060406266
0.33774317282749056
0.33774664505091845
0.3377501172743463
0.3377535894977741
0.33775706172120196
0.3377605339446298
0.3377640061680577
0.3377674783914855
0.33777095061491336
0.33777442283834125
0.3377778950617691
0.337781367285197
0.3377848395086248
0.3377883117320527
0.33779178395548054
0.3377952561789084
0.3377987284023362
0.33780220062576405
0.33780567284919194
0.33780914507261983
0.33781261729604767
0.3378160895194755
0.3378195617429034
0.3378230339663313
0.3378265061897591
0.3378299784131869
0.33783345063661474
0.3378369228600426
0.3378403950834705
0.33784386730689836
