0.1274305998022916
0.12743407202571944
0.1274375442491473
0.1274410164725752
0.12744448869600297
0.12744796091943086
0.1274514331428587
0.12745490536628656
0.12745837758971446
0.1274618498131423
0.12746532203657013
0.12746879425999796
0.12747226648342583
0.12747573870685372
0.12747921093028156
0.12748268315370945
0.12748615537713728
0.1274896276005651
0.12749309982399293
0.12749657204742082
0.1275000442708487
0.12750351649427655
0.1275069887177044
0.12751046094113222
0.12751393316456008
0.12751740538798798
0.1275208776114158
0.12752434983484368
0.1275278220582715
0.1275312942816994
0.1275347665051273
0.12753823872855508
0.12754171095198294
0.12754518317541078
0.12754865539883867
0.1275521276222665
0.1275555998456944
0.12755907206912226
0.12756254429255004
0.12756601651597793
0.12756948873940577
0.12757296096283366
0.12757643318626152
0.12757990540968936
0.12758337763311725
0.12758684985654503
0.12759032207997292
0.1275937943034008
0.12759726652682862
0.12760073875025651
0.12760421097368435
0.1276076831971122
0.12761115542054005
0.1276146276439679
0.12761809986739578
0.12762157209082362
0.1276250443142515
0.1276285165376793
0.12763198876110715
0.12763546098453504
0.12763893320796288
0.12764240543139077
0.1276458776548186
0.12764934987824647
0.12765282210167436
0.12765629432510214
0.12765976654853003
0.12766323877195787
0.12766671099538573
0.12767018321881363
0.12767365544224146
0.12767712766566935
0.12768059988909713
0.127684072112525
0.1276875443359529
0.12769101655938073
0.12769448878280862
0.12769796100623645
0.12770143322966432
0.1277049054530921
0.12770837767652
0.12771184989994788
0.12771532212337572
0.12771879434680358
0.12772226657023142
0.1277257387936593
0.12772921101708715
0.12773268324051498
0.12773615546394285
0.12773962768737068
0.12774309991079857
0.12774657213422647
0.12775004435765425
0.1277535165810821
0.12775698880450995
0.12776046102793784
0.12776393325136567
0.12776740547479357
0.12777087769822143
0.1277743499216492
0.1277778221450771
0.12778129436850494
0.12778476659193283
0.1277882388153607
0.12779171103878853
0.12779518326221642
0.1277986554856442
0.1278021277090721
0.12780559993249996
0.1278090721559278
0.12781254437935569
0.12781601660278352
0.1278194888262114
0.12782296104963928
0.12782643327306706
0.12782990549649495
0.12783337771992279
0.12783684994335068
0.12784032216677851
0.12784379439020638
0.12784726661363421
0.12785073883706205
0.12785421106048994
0.12785768328391778
0.12786115550734564
0.12786462773077353
0.12786809995420131
0.1278715721776292
0.12787504440105704
0.1278785166244849
0.1278819888479128
0.12788546107134063
0.12788893329476853
0.1278924055181963
0.12789587774162417
0.12789934996505206
0.1279028221884799
0.1279062944119078
0.12790976663533563
0.1279132388587635
0.12791671108219127
0.12792018330561916
0.12792365552904705
0.1279271277524749
0.12793059997590275
0.1279340721993306
0.12793754442275848
0.12794101664618635
0.12794448886961415
0.12794796109304202
0.12795143331646985
0.12795490553989775
0.12795837776332564
0.12796184998675347
0.12796532221018128
0.12796879443360912
0.127972266657037
0.12797573888046485
0.12797921110389274
0.1279826833273206
0.12798615555074844
0.12798962777417627
0.1279930999976041
0.127996572221032
0.12800004444445987
0.1280035166678877
0.1280069888913156
0.12801046111474337
0.12801393333817127
0.12801740556159913
0.12802087778502697
0.12802435000845486
0.1280278222318827
0.12803129445531058
0.12803476667873845
0.12803823890216623
0.12804171112559412
0.12804518334902196
0.12804865557244985
0.12805212779587768
0.12805560001930555
0.12805907224273344
0.12806254446616122
0.1280660166895891
0.12806948891301695
0.1280729611364448
0.1280764333598727
0.12807990558330054
0.1280833778067284
0.1280868500301562
0.12809032225358408
0.12809379447701197
0.1280972667004398
0.1281007389238677
0.12810421114729553
0.12810768337072334
0.12811115559415123
0.12811462781757907
0.12811810004100696
0.1281215722644348
