0.3184028883343362
0.31840636055776406
0.3184098327811919
0.31841330500461973
0.3184167772280476
0.3184202494514755
0.31842372167490335
0.3184271938983312
0.3184306661217591
0.3184341383451869
0.31843761056861475
0.3184410827920426
0.3184445550154705
0.31844802723889837
0.3184514994623262
0.31845497168575404
0.3184584439091819
0.31846191613260977
0.31846538835603766
0.3184688605794655
0.31847233280289333
0.31847580502632117
0.318479277249749
0.3184827494731769
0.31848622169660473
0.31848969392003257
0.31849316614346046
0.3184966383668883
0.3185001105903162
0.318503582813744
0.31850705503717186
0.3185105272605997
0.3185139994840276
0.3185174717074554
0.31852094393088326
0.31852441615431115
0.31852788837773904
0.3185313606011669
0.3185348328245947
0.31853830504802255
0.31854177727145044
0.3185452494948783
0.3185487217183061
0.31855219394173395
0.3185556661651618
0.31855913838858974
0.31856261061201757
0.3185660828354454
0.31856955505887324
0.31857302728230114
0.31857649950572897
0.3185799717291568
0.31858344395258464
0.31858691617601254
0.3185903883994404
0.31859386062286826
0.3185973328462961
0.318600805069724
0.3186042772931518
0.3186077495165797
0.31861122174000756
0.3186146939634354
0.3186181661868632
0.3186216384102911
0.31862511063371896
0.3186285828571468
0.3186320550805746
0.3186355273040026
0.3186389995274304
0.31864247175085825
0.3186459439742861
0.3186494161977139
0.31865288842114176
0.31865636064456965
0.3186598328679975
0.3186633050914253
0.3186667773148532
0.3186702495382811
0.31867372176170894
0.3186771939851368
0.31868066620856467
0.3186841384319925
0.31868761065542034
0.3186910828788482
0.31869455510227607
0.31869802732570396
0.3187014995491318
0.31870497177255963
0.31870844399598747
0.31871191621941536
0.31871538844284325
0.31871886066627103
0.31872233288969887
0.3187258051131267
0.3187292773365546
0.3187327495599825
0.3187362217834103
0.31873969400683816
0.31874316623026605
0.3187466384536939
0.3187501106771218
0.3187535829005496
0.31875705512397745
0.3187605273474053
0.3187639995708332
0.318767471794261
0.31877094401768885
0.31877441624111674
0.31877788846454463
0.31878136068797247
0.3187848329114003
0.31878830513482814
0.31879177735825603
0.31879524958168387
0.3187987218051117
0.31880219402853954
0.3188056662519674
0.3188091384753953
0.31881261069882316
0.318816082922251
0.31881955514567883
0.3188230273691067
0.31882649959253456
0.3188299718159624
0.31883344403939023
0.3188369162628181
0.318840388486246
0.31884386070967385
0.3188473329331017
0.3188508051565296
0.3188542773799574
0.3188577496033853
0.3188612218268131
0.3188646940502409
0.3188681662736688
0.3188716384970967
0.31887511072052455
0.3188785829439524
0.3188820551673802
0.31888552739080817
0.318888999614236
0.31889247183766384
0.3188959440610917
0.3188994162845195
0.31890288850794735
0.31890636073137524
0.3189098329548031
0.3189133051782309
0.3189167774016588
0.3189202496250867
0.31892372184851453
0.31892719407194237
0.3189306662953702
0.3189341385187981
0.31893761074222593
0.31894108296565377
0.31894455518908166
0.31894802741250955
0.3189514996359374
0.3189549718593652
0.31895844408279306
0.3189619163062209
0.3189653885296488
0.3189688607530766
0.31897233297650446
0.3189758051999323
0.3189792774233602
0.3189827496467881
0.3189862218702159
0.31898969409364375
0.31899316631707164
0.3189966385404995
0.31900011076392737
0.31900358298735515
0.31900705521078304
0.3190105274342109
0.31901399965763877
0.3190174718810666
0.31902094410449444
0.31902441632792233
0.3190278885513502
0.31903136077477806
0.3190348329982059
0.31903830522163373
0.3190417774450616
0.31904524966848946
0.3190487218919173
0.31905219411534513
0.31905566633877297
0.3190591385622009
0.31906261078562875
0.3190660830090566
0.3190695552324844
0.31907302745591226
0.31907649967934015
0.319079971902768
0.3190834441261958
0.3190869163496237
0.3190903885730516
0.31909386079647944
