0.38645846752030116
0.38646193974372905
0.38646541196715695
0.3864688841905848
0.3864723564140126
0.38647582863744046
0.3864793008608684
0.38648277308429624
0.3864862453077241
0.38648971753115186
0.38649318975457975
0.38649666197800764
0.3865001342014355
0.3865036064248633
0.3865070786482912
0.38651055087171904
0.38651402309514693
0.38651749531857477
0.3865209675420026
0.38652443976543044
0.38652791198885833
0.38653138421228617
0.386534856435714
0.3865383286591419
0.38654180088256973
0.3865452731059976
0.38654874532942546
0.3865522175528533
0.3865556897762812
0.386559161999709
0.38656263422313686
0.3865661064465647
0.38656957866999253
0.3865730508934204
0.3865765231168483
0.38657999534027615
0.386583467563704
0.3865869397871319
0.3865904120105597
0.38659388423398755
0.3865973564574154
0.3866008286808432
0.38660430090427117
0.386607773127699
0.38661124535112684
0.3866147175745547
0.38661818979798257
0.38662166202141046
0.3866251342448383
0.38662860646826613
0.38663207869169397
0.3866355509151218
0.3866390231385497
0.38664249536197753
0.38664596758540537
0.38664943980883326
0.38665291203226115
0.386656384255689
0.3866598564791168
0.38666332870254466
0.3866668009259725
0.3866702731494004
0.3866737453728282
0.38667721759625606
0.38668068981968395
0.38668416204311185
0.3866876342665397
0.3866911064899675
0.38669457871339535
0.38669805093682325
0.3867015231602511
0.3867049953836789
0.38670846760710675
0.38671193983053465
0.38671541205396254
0.3867188842773904
0.3867223565008182
0.38672582872424605
0.38672930094767394
0.3867327731711018
0.3867362453945296
0.38673971761795745
0.38674318984138534
0.38674666206481323
0.38675013428824107
0.3867536065116689
0.3867570787350968
0.38676055095852463
0.3867640231819525
0.38676749540538036
0.38677096762880814
0.38677443985223603
0.3867779120756639
0.38678138429909176
0.3867848565225196
0.3867883287459475
0.3867918009693753
0.3867952731928032
0.38679874541623105
0.3868022176396589
0.3868056898630867
0.3868091620865146
0.38681263430994245
0.3868161065333703
0.3868195787567982
0.386823050980226
0.3868265232036539
0.38682999542708174
0.3868334676505096
0.38683693987393747
0.3868404120973653
0.38684388432079314
0.386847356544221
0.3868508287676488
0.38685430099107676
0.3868577732145046
0.38686124543793243
0.38686471766136027
0.38686818988478816
0.386871662108216
0.38687513433164383
0.38687860655507167
0.38688207877849956
0.3868855510019274
0.3868890232253553
0.3868924954487831
0.38689596767221096
0.38689943989563885
0.38690291211906674
0.3869063843424946
0.3869098565659224
0.38691332878935025
0.3869168010127781
0.386920273236206
0.3869237454596338
0.38692721768306165
0.38693068990648954
0.38693416212991744
0.38693763435334527
0.3869411065767731
0.38694457880020094
0.3869480510236288
0.3869515232470567
0.3869549954704845
0.38695846769391234
0.38696193991734024
0.38696541214076813
0.38696888436419596
0.3869723565876238
0.38697582881105164
0.38697930103447953
0.38698277325790736
0.3869862454813352
0.38698971770476304
0.38699318992819093
0.3869966621516188
0.38700013437504666
0.3870036065984745
0.3870070788219024
0.3870105510453302
0.38701402326875806
0.3870174954921859
0.38702096771561373
0.3870244399390416
0.3870279121624695
0.38703138438589735
0.3870348566093252
0.3870383288327531
0.3870418010561809
0.3870452732796088
0.38704874550303664
0.3870522177264645
0.3870556899498923
0.3870591621733202
0.38706263439674804
0.3870661066201759
0.38706957884360377
0.3870730510670316
0.3870765232904595
0.38707999551388733
0.38708346773731517
0.387086939960743
0.3870904121841709
0.38709388440759873
0.38709735663102657
0.3871008288544544
0.38710430107788235
0.3871077733013102
0.387111245524738
0.38711471774816586
0.38711818997159375
0.3871216621950216
0.3871251344184494
0.38712860664187726
0.38713207886530515
0.387135551088733
0.3871390233121609
0.3871424955355887
0.38714596775901655
0.38714943998244444
