0.5906252050781962
0.590628677301624
0.5906321495250518
0.5906356217484798
0.5906390939719076
0.5906425661953355
0.5906460384187633
0.5906495106421912
0.5906529828656191
0.5906564550890469
0.5906599273124747
0.5906633995359025
0.5906668717593305
0.5906703439827583
0.5906738162061862
0.590677288429614
0.5906807606530419
0.5906842328764698
0.5906877050998975
0.5906911773233254
0.5906946495467532
0.5906981217701812
0.590701593993609
0.5907050662170369
0.5907085384404647
0.5907120106638927
0.5907154828873205
0.5907189551107483
0.5907224273341761
0.5907258995576039
0.5907293717810319
0.5907328440044597
0.5907363162278876
0.5907397884513154
0.5907432606747434
0.5907467328981711
0.590750205121599
0.5907536773450268
0.5907571495684547
0.5907606217918826
0.5907640940153104
0.5907675662387383
0.590771038462166
0.5907745106855941
0.5907779829090218
0.5907814551324497
0.5907849273558775
0.5907883995793054
0.5907918718027333
0.5907953440261611
0.590798816249589
0.5908022884730167
0.5908057606964447
0.5908092329198725
0.5908127051433004
0.5908161773667282
0.5908196495901561
0.590823121813584
0.5908265940370118
0.5908300662604397
0.5908335384838674
0.5908370107072954
0.5908404829307232
0.5908439551541511
0.5908474273775789
0.5908508996010068
0.5908543718244347
0.5908578440478626
0.5908613162712903
0.5908647884947181
0.5908682607181461
0.5908717329415739
0.5908752051650018
0.5908786773884296
0.5908821496118575
0.5908856218352854
0.5908890940587133
0.590892566282141
0.5908960385055689
0.5908995107289968
0.5909029829524246
0.5909064551758525
0.5909099273992803
0.5909133996227082
0.5909168718461361
0.590920344069564
0.5909238162929917
0.5909272885164196
0.5909307607398475
0.5909342329632753
0.5909377051867032
0.590941177410131
0.5909446496335589
0.5909481218569868
0.5909515940804146
0.5909550663038424
0.5909585385272703
0.5909620107506982
0.590965482974126
0.5909689551975539
0.5909724274209817
0.5909758996444096
0.5909793718678374
0.5909828440912653
0.5909863163146931
0.590989788538121
0.5909932607615489
0.5909967329849768
0.5910002052084046
0.5910036774318325
0.5910071496552602
0.5910106218786881
0.591014094102116
0.5910175663255438
0.5910210385489717
0.5910245107723996
0.5910279829958275
0.5910314552192553
0.5910349274426832
0.5910383996661109
0.5910418718895388
0.5910453441129667
0.5910488163363945
0.5910522885598224
0.5910557607832503
0.5910592330066782
0.591062705230106
0.5910661774535338
0.5910696496769616
0.5910731219003895
0.5910765941238174
0.5910800663472452
0.5910835385706731
0.591087010794101
0.5910904830175289
0.5910939552409566
0.5910974274643845
0.5911008996878123
0.5911043719112402
0.5911078441346681
0.5911113163580959
0.5911147885815238
0.5911182608049517
0.5911217330283796
0.5911252052518073
0.5911286774752352
0.591132149698663
0.591135621922091
0.5911390941455188
0.5911425663689467
0.5911460385923745
0.5911495108158024
0.5911529830392303
0.591156455262658
0.5911599274860859
0.5911633997095137
0.5911668719329417
0.5911703441563695
0.5911738163797974
0.5911772886032252
0.591180760826653
0.5911842330500809
0.5911877052735087
0.5911911774969366
0.5911946497203644
0.5911981219437924
0.5912015941672202
0.5912050663906481
0.5912085386140759
0.5912120108375037
0.5912154830609316
0.5912189552843594
0.5912224275077873
0.5912258997312151
0.5912293719546431
0.5912328441780709
0.5912363164014988
0.5912397886249265
0.5912432608483544
0.5912467330717823
0.5912502052952101
0.591253677518638
0.5912571497420658
0.5912606219654938
0.5912640941889216
0.5912675664123495
0.5912710386357772
0.5912745108592052
0.591277983082633
0.5912814553060609
0.5912849275294887
0.5912883997529166
0.5912918719763445
0.5912953441997723
0.5912988164232001
0.5913022886466279
0.5913057608700559
0.5913092330934837
0.5913127053169116
0.5913161775403394
