0.3920140250048698
0.39201749722829765
0.3920209694517255
0.3920244416751533
0.3920279138985812
0.39203138612200905
0.3920348583454369
0.3920383305688648
0.39204180279229267
0.3920452750157205
0.39204874723914834
0.3920522194625762
0.39205569168600407
0.3920591639094319
0.39206263613285974
0.3920661083562876
0.39206958057971547
0.3920730528031433
0.3920765250265712
0.39207999724999903
0.39208346947342687
0.39208694169685476
0.3920904139202826
0.39209388614371044
0.39209735836713827
0.39210083059056616
0.392104302813994
0.3921077750374219
0.3921112472608497
0.39211471948427756
0.39211819170770545
0.39212166393113335
0.3921251361545612
0.392128608377989
0.3921320806014168
0.39213555282484475
0.3921390250482726
0.3921424972717004
0.39214596949512825
0.39214944171855615
0.39215291394198404
0.3921563861654119
0.3921598583888397
0.39216333061226755
0.39216680283569544
0.3921702750591233
0.3921737472825511
0.39217721950597895
0.39218069172940684
0.39218416395283473
0.39218763617626257
0.3921911083996904
0.3921945806231183
0.39219805284654613
0.39220152506997397
0.3922049972934018
0.39220846951682964
0.39221194174025753
0.3922154139636854
0.39221888618711326
0.3922223584105411
0.392225830633969
0.3922293028573968
0.39223277508082466
0.3922362473042525
0.39223971952768033
0.3922431917511082
0.3922466639745361
0.39225013619796395
0.3922536084213918
0.3922570806448196
0.39226055286824757
0.3922640250916754
0.39226749731510324
0.3922709695385311
0.3922744417619589
0.3922779139853868
0.39228138620881464
0.3922848584322425
0.3922883306556703
0.39229180287909826
0.3922952751025261
0.39229874732595393
0.39230221954938177
0.3923056917728096
0.3923091639962375
0.39231263621966533
0.39231610844309317
0.39231958066652106
0.3923230528899489
0.3923265251133768
0.3923299973368046
0.39233346956023246
0.39233694178366035
0.3923404140070882
0.392343886230516
0.39234735845394386
0.39235083067737175
0.3923543029007996
0.3923577751242275
0.3923612473476553
0.39236471957108315
0.39236819179451105
0.3923716640179389
0.3923751362413667
0.39237860846479455
0.3923820806882224
0.39238555291165034
0.3923890251350782
0.392392497358506
0.39239596958193385
0.39239944180536174
0.39240291402878963
0.39240638625221747
0.3924098584756453
0.39241333069907314
0.39241680292250103
0.39242027514592887
0.3924237473693567
0.39242721959278454
0.39243069181621243
0.3924341640396403
0.39243763626306816
0.392441108486496
0.39244458070992383
0.39244805293335167
0.39245152515677956
0.3924549973802074
0.39245846960363523
0.3924619418270631
0.392465414050491
0.39246888627391885
0.3924723584973467
0.3924758307207746
0.3924793029442024
0.39248277516763025
0.3924862473910581
0.3924897196144859
0.3924931918379138
0.3924966640613417
0.39250013628476954
0.3925036085081974
0.3925070807316252
0.3925105529550531
0.39251402517848094
0.3925174974019088
0.3925209696253366
0.3925244418487645
0.3925279140721924
0.39253138629562023
0.39253485851904807
0.3925383307424759
0.39254180296590385
0.3925452751893317
0.3925487474127595
0.39255221963618736
0.3925556918596152
0.3925591640830431
0.3925626363064709
0.39256610852989876
0.39256958075332665
0.3925730529767545
0.3925765252001824
0.3925799974236102
0.39258346964703805
0.3925869418704659
0.3925904140938938
0.3925938863173216
0.39259735854074945
0.39260083076417734
0.3926043029876052
0.39260777521103307
0.3926112474344609
0.39261471965788874
0.39261819188131664
0.39262166410474447
0.3926251363281723
0.39262860855160014
0.392632080775028
0.39263555299845593
0.39263902522188376
0.3926424974453116
0.39264596966873944
0.39264944189216733
0.39265291411559516
0.392656386339023
0.39265985856245084
0.3926633307858787
0.3926668030093066
0.39267027523273446
0.3926737474561623
0.39267721967959013
0.392680691903018
0.3926841641264459
0.39268763634987375
0.3926911085733016
0.3926945807967294
0.39269805302015726
0.39270152524358515
0.392704997467013
