0.6697918992332984
0.6697953714567262
0.6697988436801541
0.669802315903582
0.6698057881270097
0.6698092603504376
0.6698127325738654
0.6698162047972933
0.6698196770207211
0.6698231492441491
0.6698266214675769
0.6698300936910048
0.6698335659144325
0.6698370381378604
0.6698405103612883
0.6698439825847161
0.669847454808144
0.6698509270315718
0.6698543992549998
0.6698578714784276
0.6698613437018555
0.6698648159252834
0.6698682881487112
0.669871760372139
0.6698752325955668
0.6698787048189947
0.6698821770424225
0.6698856492658505
0.6698891214892783
0.6698925937127062
0.6698960659361339
0.6698995381595619
0.6699030103829897
0.6699064826064176
0.6699099548298454
0.6699134270532733
0.6699168992767012
0.669920371500129
0.6699238437235568
0.6699273159469847
0.6699307881704126
0.6699342603938404
0.6699377326172683
0.6699412048406961
0.669944677064124
0.6699481492875519
0.6699516215109796
0.6699550937344075
0.6699585659578354
0.6699620381812633
0.6699655104046911
0.669968982628119
0.6699724548515468
0.6699759270749747
0.6699793992984026
0.6699828715218303
0.6699863437452582
0.669989815968686
0.669993288192114
0.6699967604155418
0.6700002326389697
0.6700037048623975
0.6700071770858254
0.6700106493092532
0.6700141215326811
0.6700175937561089
0.6700210659795368
0.6700245382029647
0.6700280104263925
0.6700314826498204
0.6700349548732482
0.670038427096676
0.6700418993201039
0.6700453715435318
0.6700488437669596
0.6700523159903875
0.6700557882138154
0.6700592604372432
0.6700627326606711
0.6700662048840988
0.6700696771075267
0.6700731493309546
0.6700766215543825
0.6700800937778103
0.6700835660012382
0.6700870382246661
0.6700905104480939
0.6700939826715218
0.6700974548949495
0.6701009271183774
0.6701043993418053
0.6701078715652332
0.670111343788661
0.6701148160120889
0.6701182882355168
0.6701217604589446
0.6701252326823725
0.6701287049058002
0.6701321771292281
0.670135649352656
0.6701391215760839
0.6701425937995117
0.6701460660229396
0.6701495382463675
0.6701530104697954
0.6701564826932231
0.6701599549166509
0.6701634271400788
0.6701668993635067
0.6701703715869346
0.6701738438103624
0.6701773160337904
0.6701807882572182
0.670184260480646
0.6701877327040738
0.6701912049275017
0.6701946771509295
0.6701981493743574
0.6702016215977853
0.6702050938212131
0.6702085660446411
0.6702120382680689
0.6702155104914967
0.6702189827149245
0.6702224549383524
0.6702259271617803
0.6702293993852081
0.670232871608636
0.6702363438320638
0.6702398160554917
0.6702432882789195
0.6702467605023474
0.6702502327257752
0.6702537049492031
0.6702571771726309
0.6702606493960588
0.6702641216194867
0.6702675938429145
0.6702710660663425
0.6702745382897702
0.6702780105131981
0.6702814827366259
0.6702849549600538
0.6702884271834816
0.6702918994069096
0.6702953716303374
0.6702988438537653
0.6703023160771931
0.6703057883006209
0.6703092605240488
0.6703127327474766
0.6703162049709045
0.6703196771943323
0.6703231494177603
0.6703266216411881
0.670330093864616
0.6703335660880437
0.6703370383114716
0.6703405105348995
0.6703439827583273
0.6703474549817552
0.670350927205183
0.670354399428611
0.6703578716520388
0.6703613438754666
0.6703648160988945
0.6703682883223223
0.6703717605457502
0.670375232769178
0.6703787049926059
0.6703821772160337
0.6703856494394617
0.6703891216628894
0.6703925938863173
0.6703960661097451
0.670399538333173
0.6704030105566009
0.6704064827800287
0.6704099550034566
0.6704134272268844
0.6704168994503124
0.6704203716737401
0.670423843897168
0.6704273161205959
0.6704307883440238
0.6704342605674516
0.6704377327908795
0.6704412050143073
0.670444677237735
0.670448149461163
0.6704516216845908
0.6704550939080187
0.6704585661314466
0.6704620383548745
0.6704655105783023
0.6704689828017302
0.670472455025158
0.6704759272485858
0.6704793994720137
0.6704828716954415
