0.9045142029563203
0.9045176751797483
0.9045211474031762
0.904524619626604
0.9045280918500319
0.9045315640734597
0.9045350362968876
0.9045385085203154
0.9045419807437434
0.9045454529671713
0.904548925190599
0.9045523974140269
0.9045558696374547
0.9045593418608826
0.9045628140843104
0.9045662863077383
0.9045697585311661
0.904573230754594
0.9045767029780217
0.9045801752014497
0.9045836474248776
0.9045871196483054
0.9045905918717333
0.9045940640951611
0.904597536318589
0.9046010085420167
0.9046044807654449
0.9046079529888724
0.9046114252123005
0.9046148974357283
0.9046183696591562
0.904621841882584
0.9046253141060118
0.9046287863294397
0.9046322585528674
0.9046357307762956
0.9046392029997231
0.9046426752231512
0.904646147446579
0.9046496196700069
0.9046530918934347
0.9046565641168626
0.9046600363402904
0.9046635085637182
0.9046669807871462
0.9046704530105738
0.9046739252340019
0.9046773974574297
0.9046808696808576
0.9046843419042854
0.9046878141277133
0.904691286351141
0.9046947585745689
0.9046982307979969
0.9047017030214246
0.9047051752448526
0.9047086474682804
0.9047121196917083
0.9047155919151361
0.904719064138564
0.9047225363619917
0.9047260085854196
0.9047294808088476
0.9047329530322753
0.9047364252557033
0.9047398974791311
0.904743369702559
0.9047468419259868
0.9047503141494146
0.9047537863728424
0.9047572585962703
0.9047607308196983
0.9047642030431261
0.904767675266554
0.9047711474899818
0.9047746197134097
0.9047780919368374
0.9047815641602653
0.9047850363836931
0.904788508607121
0.9047919808305488
0.9047954530539767
0.9047989252774047
0.9048023975008325
0.9048058697242604
0.9048093419476881
0.904812814171116
0.9048162863945438
0.9048197586179717
0.9048232308413997
0.9048267030648274
0.9048301752882554
0.9048336475116832
0.904837119735111
0.9048405919585388
0.9048440641819667
0.9048475364053945
0.9048510086288224
0.9048544808522504
0.9048579530756783
0.9048614252991061
0.9048648975225339
0.9048683697459617
0.9048718419693895
0.9048753141928174
0.9048787864162452
0.9048822586396731
0.9048857308631009
0.9048892030865288
0.9048926753099568
0.9048961475333847
0.9048996197568124
0.9049030919802403
0.9049065642036681
0.9049100364270959
0.9049135086505238
0.9049169808739518
0.9049204530973795
0.9049239253208075
0.9049273975442353
0.9049308697676631
0.904934341991091
0.9049378142145188
0.9049412864379467
0.9049447586613745
0.9049482308848025
0.9049517031082304
0.9049551753316581
0.904958647555086
0.9049621197785138
0.9049655920019417
0.9049690642253695
0.9049725364487974
0.9049760086722252
0.904979480895653
0.9049829531190808
0.9049864253425088
0.9049898975659367
0.9049933697893645
0.9049968420127924
0.9050003142362202
0.9050037864596481
0.9050072586830759
0.9050107309065039
0.9050142031299315
0.9050176753533595
0.9050211475767874
0.9050246198002152
0.9050280920236431
0.9050315642470709
0.9050350364704988
0.9050385086939265
0.9050419809173545
0.9050454531407824
0.9050489253642102
0.9050523975876381
0.9050558698110659
0.9050593420344938
0.9050628142579216
0.9050662864813495
0.9050697587047772
0.9050732309282051
0.9050767031516329
0.9050801753750609
0.9050836475984888
0.9050871198219166
0.9050905920453445
0.9050940642687723
0.9050975364922001
0.9051010087156279
0.9051044809390559
0.9051079531624836
0.9051114253859116
0.9051148976093395
0.9051183698327673
0.9051218420561952
0.905125314279623
0.9051287865030508
0.9051322587264786
0.9051357309499067
0.9051392031733343
0.9051426753967624
0.9051461476201902
0.905149619843618
0.9051530920670459
0.9051565642904736
0.9051600365139015
0.9051635087373293
0.9051669809607574
0.905170453184185
0.9051739254076131
0.9051773976310409
0.9051808698544688
0.9051843420778966
0.9051878143013244
0.9051912865247522
0.90519475874818
0.9051982309716081
0.9052017031950357
0.9052051754184638
