0.29270843496820653
0.29271190719163437
0.29271537941506226
0.29271885163849015
0.292722323861918
0.2927257960853458
0.2927292683087737
0.29273274053220155
0.2927362127556294
0.2927396849790572
0.2927431572024851
0.292746629425913
0.29275010164934084
0.2927535738727687
0.29275704609619657
0.2927605183196244
0.2927639905430523
0.29276746276648014
0.29277093498990797
0.2927744072133358
0.2927778794367637
0.29278135166019154
0.29278482388361937
0.2927882961070472
0.2927917683304751
0.292795240553903
0.2927987127773308
0.29280218500075866
0.2928056572241865
0.29280912944761434
0.2928126016710422
0.29281607389447006
0.2928195461178979
0.2928230183413258
0.2928264905647537
0.2928299627881815
0.29283343501160936
0.29283690723503725
0.2928403794584651
0.2928438516818929
0.29284732390532076
0.29285079612874865
0.29285426835217654
0.2928577405756044
0.2928612127990322
0.29286468502246005
0.2928681572458879
0.2928716294693158
0.2928751016927436
0.29287857391617145
0.2928820461395993
0.2928855183630272
0.29288899058645507
0.2928924628098829
0.29289593503331074
0.29289940725673863
0.29290287948016647
0.29290635170359436
0.2929098239270222
0.29291329615045003
0.29291676837387787
0.29292024059730576
0.2929237128207336
0.29292718504416143
0.2929306572675893
0.2929341294910172
0.29293760171444505
0.2929410739378729
0.2929445461613007
0.2929480183847286
0.29295149060815645
0.2929549628315843
0.2929584350550121
0.29296190727843996
0.29296537950186785
0.29296885172529574
0.2929723239487236
0.2929757961721514
0.2929792683955793
0.29298274061900714
0.292986212842435
0.2929896850658628
0.2929931572892907
0.2929966295127186
0.29300010173614643
0.29300357395957427
0.29300704618300216
0.29301051840643
0.29301399062985783
0.29301746285328567
0.2930209350767135
0.2930244073001414
0.2930278795235693
0.2930313517469971
0.29303482397042496
0.2930382961938528
0.2930417684172807
0.2930452406407086
0.2930487128641364
0.29305218508756425
0.2930556573109921
0.2930591295344199
0.2930626017578478
0.29306607398127565
0.29306954620470355
0.2930730184281314
0.2930764906515593
0.2930799628749871
0.29308343509841495
0.2930869073218428
0.2930903795452707
0.2930938517686985
0.29309732399212635
0.2931007962155542
0.29310426843898213
0.29310774066240997
0.2931112128858378
0.29311468510926564
0.2931181573326935
0.29312162955612137
0.2931251017795492
0.29312857400297704
0.2931320462264049
0.29313551844983277
0.29313899067326066
0.2931424628966885
0.29314593512011633
0.2931494073435442
0.29315287956697206
0.2931563517903999
0.29315982401382773
0.2931632962372556
0.29316676846068346
0.29317024068411135
0.2931737129075392
0.293177185130967
0.2931806573543949
0.2931841295778228
0.29318760180125064
0.2931910740246785
0.2931945462481063
0.2931980184715342
0.29320149069496204
0.2932049629183899
0.2932084351418177
0.29321190736524555
0.29321537958867344
0.29321885181210133
0.29322232403552917
0.293225796258957
0.29322926848238484
0.29323274070581273
0.29323621292924057
0.2932396851526684
0.2932431573760963
0.2932466295995242
0.293250101822952
0.29325357404637986
0.29325704626980775
0.2932605184932356
0.2932639907166634
0.29326746294009126
0.2932709351635191
0.293274407386947
0.2932778796103749
0.2932813518338027
0.29328482405723055
0.2932882962806584
0.2932917685040863
0.2932952407275142
0.29329871295094195
0.2933021851743698
0.2933056573977977
0.2933091296212255
0.2933126018446534
0.29331607406808125
0.29331954629150914
0.293323018514937
0.29332649073836486
0.2933299629617927
0.29333343518522054
0.2933369074086484
0.29334037963207626
0.2933438518555041
0.29334732407893194
0.2933507963023598
0.2933542685257877
0.29335774074921556
0.2933612129726434
0.29336468519607123
0.29336815741949906
0.29337162964292696
0.2933751018663548
0.29337857408978263
0.29338204631321047
0.29338551853663836
0.29338899076006625
0.2933924629834941
0.2933959352069219
0.2933994074303498
