0.18368061933354832
0.1836840915569762
0.18368756378040407
0.1836910360038319
0.1836945082272598
0.18369798045068758
0.18370145267411547
0.18370492489754336
0.1837083971209712
0.18371186934439906
0.1837153415678269
0.1837188137912548
0.18372228601468266
0.18372575823811046
0.18372923046153833
0.18373270268496616
0.18373617490839406
0.18373964713182192
0.18374311935524976
0.18374659157867765
0.18375006380210543
0.18375353602553332
0.18375700824896116
0.18376048047238902
0.1837639526958169
0.18376742491924475
0.18377089714267264
0.18377436936610042
0.1837778415895283
0.18378131381295618
0.183784786036384
0.1837882582598119
0.18379173048323974
0.1837952027066676
0.18379867493009544
0.18380214715352328
0.18380561937695117
0.183809091600379
0.18381256382380687
0.18381603604723476
0.18381950827066254
0.18382298049409043
0.18382645271751827
0.18382992494094613
0.18383339716437397
0.18383686938780186
0.18384034161122975
0.18384381383465753
0.18384728605808542
0.18385075828151326
0.18385423050494112
0.18385770272836902
0.18386117495179685
0.18386464717522472
0.18386811939865252
0.1838715916220804
0.18387506384550828
0.18387853606893612
0.18388200829236398
0.18388548051579182
0.1838889527392197
0.1838924249626475
0.18389589718607538
0.18389936940950327
0.18390284163293108
0.18390631385635897
0.1839097860797868
0.1839132583032147
0.18391673052664254
0.18392020275007037
0.18392367497349824
0.18392714719692607
0.18393061942035396
0.18393409164378183
0.18393756386720964
0.1839410360906375
0.18394450831406534
0.18394798053749323
0.1839514527609211
0.18395492498434893
0.18395839720777682
0.1839618694312046
0.1839653416546325
0.18396881387806033
0.1839722861014882
0.18397575832491608
0.18397923054834392
0.1839827027717718
0.1839861749951996
0.18398964721862748
0.18399311944205535
0.18399659166548318
0.18400006388891108
0.1840035361123389
0.18400700833576678
0.18401048055919467
0.18401395278262245
0.18401742500605034
0.18402089722947818
0.18402436945290604
0.18402784167633393
0.18403131389976177
0.1840347861231896
0.18403825834661744
0.18404173057004533
0.18404520279347314
0.18404867501690103
0.18405214724032892
0.18405561946375676
0.1840590916871846
0.18406256391061243
0.1840660361340403
0.1840695083574682
0.18407298058089602
0.1840764528043239
0.1840799250277517
0.18408339725117956
0.18408686947460745
0.1840903416980353
0.18409381392146315
0.184097286144891
0.18410075836831888
0.18410423059174666
0.18410770281517455
0.18411117503860244
0.18411464726203025
0.18411811948545814
0.18412159170888598
0.18412506393231387
0.18412853615574173
0.18413200837916954
0.1841354806025974
0.18413895282602524
0.18414242504945313
0.184145897272881
0.18414936949630883
0.18415284171973673
0.1841563139431645
0.1841597861665924
0.18416325839002026
0.1841667306134481
0.184170202836876
0.18417367506030383
0.18417714728373166
0.1841806195071595
0.1841840917305874
0.18418756395401525
0.1841910361774431
0.18419450840087098
0.18419798062429882
0.18420145284772665
0.18420492507115452
0.18420839729458235
0.18421186951801025
0.18421534174143808
0.18421881396486595
0.18422228618829384
0.18422575841172162
0.1842292306351495
0.18423270285857735
0.1842361750820052
0.1842396473054331
0.18424311952886094
0.18424659175228883
0.1842500639757166
0.1842535361991445
0.1842570084225723
0.1842604806460002
0.1842639528694281
0.18426742509285593
0.1842708973162838
0.1842743695397116
0.18427784176313947
0.18428131398656736
0.1842847862099952
0.18428825843342306
0.1842917306568509
0.18429520288027879
0.18429867510370662
0.18430214732713446
0.18430561955056232
0.18430909177399016
0.18431256399741805
0.18431603622084589
0.18431950844427372
0.1843229806677016
0.18432645289112945
0.1843299251145573
0.18433339733798515
0.18433686956141304
0.1843403417848409
0.1843438140082687
0.18434728623169658
0.1843507584551244
0.1843542306785523
0.18435770290198017
0.184361175125408
0.1843646473488359
0.18436811957226368
0.18437159179569157
