0.627430773413463
0.6274342456368909
0.6274377178603187
0.6274411900837465
0.6274446623071743
0.6274481345306022
0.6274516067540301
0.627455078977458
0.6274585512008859
0.6274620234243137
0.6274654956477416
0.6274689678711693
0.6274724400945972
0.627475912318025
0.627479384541453
0.6274828567648808
0.6274863289883087
0.6274898012117366
0.6274932734351644
0.6274967456585923
0.62750021788202
0.6275036901054479
0.6275071623288758
0.6275106345523037
0.6275141067757315
0.6275175789991594
0.6275210512225872
0.6275245234460151
0.627527995669443
0.6275314678928707
0.6275349401162986
0.6275384123397264
0.6275418845631544
0.6275453567865822
0.6275488290100101
0.627552301233438
0.6275557734568659
0.6275592456802936
0.6275627179037215
0.6275661901271493
0.6275696623505771
0.6275731345740051
0.6275766067974329
0.6275800790208608
0.6275835512442886
0.6275870234677166
0.6275904956911443
0.6275939679145722
0.627597440138
0.6276009123614279
0.6276043845848558
0.6276078568082836
0.6276113290317115
0.6276148012551392
0.6276182734785672
0.627621745701995
0.6276252179254229
0.6276286901488507
0.6276321623722786
0.6276356345957065
0.6276391068191343
0.6276425790425622
0.62764605126599
0.6276495234894179
0.6276529957128457
0.6276564679362736
0.6276599401597014
0.6276634123831293
0.6276668846065572
0.627670356829985
0.6276738290534128
0.6276773012768406
0.6276807735002686
0.6276842457236964
0.6276877179471243
0.6276911901705521
0.62769466239398
0.6276981346174078
0.6277016068408358
0.6277050790642635
0.6277085512876914
0.6277120235111193
0.6277154957345471
0.627718967957975
0.6277224401814028
0.6277259124048307
0.6277293846282586
0.6277328568516864
0.6277363290751142
0.6277398012985421
0.62774327352197
0.6277467457453978
0.6277502179688257
0.6277536901922535
0.6277571624156814
0.6277606346391092
0.6277641068625371
0.6277675790859649
0.6277710513093928
0.6277745235328207
0.6277779957562485
0.6277814679796764
0.6277849402031042
0.627788412426532
0.6277918846499599
0.6277953568733878
0.6277988290968156
0.6278023013202436
0.6278057735436714
0.6278092457670992
0.6278127179905271
0.6278161902139549
0.6278196624373827
0.6278231346608106
0.6278266068842385
0.6278300791076663
0.6278335513310942
0.6278370235545221
0.62784049577795
0.6278439680013778
0.6278474402248057
0.6278509124482334
0.6278543846716613
0.6278578568950892
0.627861329118517
0.6278648013419449
0.6278682735653728
0.6278717457888007
0.6278752180122285
0.6278786902356563
0.6278821624590841
0.627885634682512
0.6278891069059399
0.6278925791293677
0.6278960513527957
0.6278995235762235
0.6279029957996514
0.6279064680230791
0.627909940246507
0.6279134124699349
0.6279168846933627
0.6279203569167906
0.6279238291402184
0.6279273013636463
0.6279307735870742
0.6279342458105021
0.6279377180339298
0.6279411902573577
0.6279446624807855
0.6279481347042134
0.6279516069276413
0.6279550791510691
0.6279585513744971
0.6279620235979249
0.6279654958213527
0.6279689680447805
0.6279724402682084
0.6279759124916362
0.6279793847150642
0.627982856938492
0.6279863291619199
0.6279898013853478
0.6279932736087755
0.6279967458322034
0.6280002180556312
0.6280036902790591
0.6280071625024869
0.6280106347259149
0.6280141069493427
0.6280175791727706
0.6280210513961983
0.6280245236196262
0.6280279958430541
0.6280314680664819
0.6280349402899098
0.6280384125133376
0.6280418847367656
0.6280453569601934
0.6280488291836213
0.6280523014070492
0.6280557736304769
0.6280592458539048
0.6280627180773326
0.6280661903007605
0.6280696625241883
0.6280731347476163
0.6280766069710441
0.628080079194472
0.6280835514178997
0.6280870236413277
0.6280904958647555
0.6280939680881833
0.6280974403116112
0.628100912535039
0.628104384758467
0.6281078569818948
0.6281113292053226
0.6281148014287505
0.6281182736521784
0.6281217458756062
