0.33229178204575766
0.3322952542691855
0.3322987264926133
0.33230219871604116
0.33230567093946906
0.33230914316289695
0.3323126153863248
0.3323160876097526
0.3323195598331805
0.33232303205660835
0.33232650428003624
0.332329976503464
0.33233344872689186
0.33233692095031975
0.33234039317374764
0.3323438653971755
0.3323473376206033
0.33235080984403115
0.33235428206745904
0.33235775429088693
0.33236122651431477
0.3323646987377426
0.33236817096117044
0.3323716431845983
0.33237511540802617
0.332378587631454
0.3323820598548819
0.33238553207830973
0.3323890043017376
0.33239247652516546
0.3323959487485933
0.33239942097202113
0.332402893195449
0.33240636541887686
0.3324098376423047
0.3324133098657326
0.3324167820891605
0.3324202543125883
0.33242372653601615
0.332427198759444
0.3324306709828718
0.3324341432062997
0.33243761542972755
0.3324410876531554
0.3324445598765832
0.3324480321000111
0.332451504323439
0.33245497654686684
0.3324584487702947
0.33246192099372257
0.3324653932171504
0.3324688654405783
0.3324723376640061
0.33247580988743397
0.3324792821108618
0.3324827543342897
0.33248622655771753
0.3324896987811454
0.33249317100457326
0.33249664322800115
0.332500115451429
0.3325035876748568
0.33250705989828466
0.33251053212171255
0.3325140043451404
0.3325174765685682
0.33252094879199606
0.3325244210154239
0.33252789323885185
0.3325313654622797
0.3325348376857075
0.33253830990913535
0.3325417821325632
0.3325452543559911
0.3325487265794189
0.33255219880284675
0.33255567102627465
0.33255914324970254
0.3325626154731304
0.3325660876965582
0.3325695599199861
0.33257303214341394
0.3325765043668418
0.3325799765902696
0.33258344881369745
0.33258692103712534
0.33259039326055323
0.33259386548398107
0.3325973377074089
0.33260080993083674
0.33260428215426463
0.3326077543776925
0.33261122660112036
0.33261469882454814
0.33261817104797603
0.33262164327140387
0.33262511549483176
0.3326285877182596
0.3326320599416875
0.3326355321651153
0.3326390043885432
0.33264247661197105
0.3326459488353989
0.3326494210588267
0.3326528932822546
0.33265636550568245
0.3326598377291103
0.3326633099525382
0.33266678217596607
0.3326702543993939
0.33267372662282174
0.3326771988462496
0.3326806710696774
0.3326841432931053
0.33268761551653314
0.332691087739961
0.3326945599633888
0.3326980321868167
0.3327015044102446
0.33270497663367243
0.33270844885710027
0.33271192108052816
0.332715393303956
0.33271886552738383
0.33272233775081167
0.33272580997423956
0.3327292821976674
0.3327327544210953
0.3327362266445231
0.332739698867951
0.33274317109137885
0.33274664331480674
0.3327501155382346
0.3327535877616624
0.3327570599850902
0.33276053220851814
0.332764004431946
0.3327674766553738
0.33277094887880165
0.3327744211022295
0.33277789332565744
0.3327813655490853
0.3327848377725131
0.33278830999594095
0.3327917822193688
0.3327952544427967
0.3327987266662245
0.33280219888965235
0.33280567111308024
0.33280914333650813
0.33281261555993596
0.3328160877833638
0.3328195600067917
0.33282303223021953
0.33282650445364736
0.3328299766770752
0.33283344890050304
0.33283692112393093
0.3328403933473588
0.33284386557078666
0.3328473377942145
0.33285081001764233
0.3328542822410702
0.33285775446449806
0.3328612266879259
0.33286469891135373
0.3328681711347816
0.33287164335820946
0.33287511558163735
0.3328785878050652
0.3328820600284931
0.3328855322519209
0.3328890044753488
0.33289247669877664
0.3328959489222045
0.3328994211456323
0.3329028933690602
0.33290636559248804
0.3329098378159159
0.33291331003934377
0.33291678226277166
0.3329202544861995
0.33292372670962733
0.33292719893305517
0.332930671156483
0.3329341433799109
0.33293761560333873
0.33294108782676657
0.3329445600501944
0.3329480322736223
0.3329515044970502
0.332954976720478
0.33295844894390586
0.33296192116733375
0.3329653933907616
0.3329688656141894
0.33297233783761726
0.33297581006104515
0.332979282284473
0.3329827545079009
