0.811458615089797
0.8114620873132248
0.8114655595366527
0.8114690317600805
0.8114725039835083
0.8114759762069361
0.811479448430364
0.8114829206537919
0.8114863928772198
0.8114898651006477
0.8114933373240755
0.8114968095475034
0.8115002817709311
0.811503753994359
0.8115072262177868
0.8115106984412147
0.8115141706646427
0.8115176428880704
0.8115211151114984
0.8115245873349262
0.811528059558354
0.8115315317817818
0.8115350040052097
0.8115384762286375
0.8115419484520654
0.8115454206754933
0.8115488928989212
0.8115523651223491
0.8115558373457769
0.8115593095692047
0.8115627817926325
0.8115662540160604
0.8115697262394882
0.8115731984629162
0.811576670686344
0.8115801429097719
0.8115836151331997
0.8115870873566275
0.8115905595800554
0.8115940318034832
0.8115975040269111
0.8116009762503389
0.8116044484737669
0.8116079206971948
0.8116113929206226
0.8116148651440505
0.8116183373674782
0.8116218095909061
0.8116252818143339
0.8116287540377618
0.8116322262611897
0.8116356984846175
0.8116391707080454
0.8116426429314733
0.8116461151549011
0.8116495873783289
0.8116530596017568
0.8116565318251846
0.8116600040486125
0.8116634762720403
0.8116669484954683
0.8116704207188961
0.811673892942324
0.8116773651657518
0.8116808373891796
0.8116843096126075
0.8116877818360353
0.8116912540594632
0.811694726282891
0.811698198506319
0.8117016707297469
0.8117051429531746
0.8117086151766025
0.8117120874000304
0.8117155596234582
0.8117190318468861
0.8117225040703139
0.8117259762937418
0.8117294485171695
0.8117329207405974
0.8117363929640253
0.8117398651874532
0.8117433374108811
0.8117468096343089
0.8117502818577368
0.8117537540811646
0.8117572263045925
0.8117606985280204
0.8117641707514481
0.8117676429748761
0.8117711151983039
0.8117745874217318
0.8117780596451596
0.8117815318685875
0.8117850040920153
0.8117884763154432
0.811791948538871
0.8117954207622988
0.8117988929857267
0.8118023652091546
0.8118058374325825
0.8118093096560103
0.8118127818794382
0.811816254102866
0.8118197263262938
0.8118231985497216
0.8118266707731495
0.8118301429965774
0.8118336152200053
0.8118370874434332
0.811840559666861
0.8118440318902889
0.8118475041137166
0.8118509763371445
0.8118544485605723
0.8118579207840003
0.8118613930074282
0.811864865230856
0.8118683374542839
0.8118718096777117
0.8118752819011396
0.8118787541245673
0.8118822263479952
0.8118856985714231
0.811889170794851
0.8118926430182789
0.8118961152417067
0.8118995874651346
0.8119030596885624
0.8119065319119902
0.811910004135418
0.811913476358846
0.8119169485822738
0.8119204208057017
0.8119238930291295
0.8119273652525574
0.8119308374759853
0.811934309699413
0.8119377819228409
0.8119412541462687
0.8119447263696966
0.8119481985931244
0.8119516708165524
0.8119551430399803
0.8119586152634081
0.811962087486836
0.8119655597102637
0.8119690319336916
0.8119725041571194
0.8119759763805473
0.8119794486039752
0.8119829208274031
0.811986393050831
0.8119898652742589
0.8119933374976867
0.8119968097211145
0.8120002819445423
0.8120037541679701
0.812007226391398
0.8120106986148259
0.8120141708382539
0.8120176430616816
0.8120211152851096
0.8120245875085373
0.8120280597319652
0.812031531955393
0.8120350041788209
0.8120384764022487
0.8120419486256766
0.8120454208491045
0.8120488930725324
0.8120523652959603
0.812055837519388
0.8120593097428159
0.8120627819662437
0.8120662541896716
0.8120697264130994
0.8120731986365273
0.8120766708599552
0.812080143083383
0.8120836153068108
0.8120870875302387
0.8120905597536666
0.8120940319770944
0.8120975042005223
0.8121009764239501
0.812104448647378
0.812107920870806
0.8121113930942336
0.8121148653176616
0.8121183375410894
0.8121218097645173
0.8121252819879451
0.812128754211373
0.8121322264348009
0.8121356986582287
0.8121391708816565
0.8121426431050844
0.8121461153285123
0.8121495875519401
