0.8579864090230588
0.8579898812464866
0.8579933534699145
0.8579968256933422
0.8580002979167701
0.8580037701401979
0.8580072423636258
0.8580107145870536
0.8580141868104815
0.8580176590339095
0.8580211312573373
0.8580246034807651
0.8580280757041929
0.8580315479276208
0.8580350201510486
0.8580384923744765
0.8580419645979045
0.8580454368213322
0.8580489090447602
0.858052381268188
0.8580558534916158
0.8580593257150436
0.8580627979384715
0.8580662701618993
0.8580697423853272
0.8580732146087552
0.858076686832183
0.8580801590556109
0.8580836312790386
0.8580871035024665
0.8580905757258943
0.8580940479493222
0.85809752017275
0.8581009923961779
0.8581044646196057
0.8581079368430335
0.8581114090664616
0.8581148812898893
0.8581183535133172
0.858121825736745
0.8581252979601729
0.8581287701836007
0.8581322424070286
0.8581357146304566
0.8581391868538842
0.8581426590773122
0.8581461313007401
0.8581496035241679
0.8581530757475957
0.8581565479710236
0.8581600201944514
0.8581634924178793
0.8581669646413073
0.8581704368647352
0.8581739090881629
0.8581773813115908
0.8581808535350186
0.8581843257584465
0.8581877979818743
0.8581912702053022
0.85819474242873
0.8581982146521577
0.8582016868755856
0.8582051590990136
0.8582086313224415
0.8582121035458693
0.8582155757692972
0.858219047992725
0.8582225202161529
0.8582259924395806
0.8582294646630086
0.8582329368864363
0.8582364091098643
0.8582398813332922
0.85824335355672
0.8582468257801479
0.8582502980035757
0.8582537702270036
0.8582572424504313
0.8582607146738593
0.858264186897287
0.858267659120715
0.8582711313441429
0.8582746035675707
0.8582780757909986
0.8582815480144264
0.8582850202378542
0.858288492461282
0.85829196468471
0.8582954369081377
0.8582989091315657
0.8583023813549936
0.8583058535784214
0.8583093258018493
0.858312798025277
0.8583162702487049
0.8583197424721327
0.8583232146955606
0.8583266869189884
0.8583301591424164
0.8583336313658443
0.8583371035892721
0.8583405758127
0.8583440480361277
0.8583475202595556
0.8583509924829834
0.8583544647064114
0.8583579369298391
0.8583614091532671
0.858364881376695
0.8583683536001228
0.8583718258235506
0.8583752980469784
0.8583787702704063
0.8583822424938341
0.8583857147172622
0.85838918694069
0.8583926591641178
0.8583961313875457
0.8583996036109734
0.8584030758344013
0.8584065480578291
0.858410020281257
0.8584134925046848
0.8584169647281127
0.8584204369515405
0.8584239091749686
0.8584273813983964
0.8584308536218243
0.858434325845252
0.8584377980686798
0.8584412702921077
0.8584447425155355
0.8584482147389636
0.8584516869623912
0.8584551591858193
0.8584586314092468
0.8584621036326749
0.8584655758561027
0.8584690480795306
0.8584725203029584
0.8584759925263863
0.8584794647498143
0.8584829369732421
0.85848640919667
0.8584898814200977
0.8584933536435256
0.8584968258669534
0.8585002980903813
0.8585037703138091
0.858507242537237
0.8585107147606648
0.8585141869840927
0.8585176592075207
0.8585211314309484
0.8585246036543763
0.8585280758778041
0.858531548101232
0.8585350203246598
0.8585384925480877
0.8585419647715157
0.8585454369949433
0.8585489092183713
0.8585523814417991
0.858555853665227
0.8585593258886548
0.8585627981120827
0.8585662703355105
0.8585697425589384
0.8585732147823664
0.8585766870057941
0.858580159229222
0.8585836314526498
0.8585871036760777
0.8585905758995055
0.8585940481229334
0.8585975203463612
0.8586009925697891
0.8586044647932168
0.8586079370166447
0.8586114092400727
0.8586148814635005
0.8586183536869284
0.8586218259103562
0.8586252981337841
0.8586287703572119
0.8586322425806397
0.8586357148040678
0.8586391870274954
0.8586426592509234
0.8586461314743512
0.8586496036977791
0.8586530759212069
0.8586565481446348
0.8586600203680625
0.8586634925914904
0.8586669648149184
0.8586704370383461
0.8586739092617741
0.8586773814852019
