0.8093752810330836
0.8093787532565115
0.8093822254799393
0.8093856977033673
0.8093891699267951
0.809392642150223
0.8093961143736509
0.8093995865970787
0.8094030588205066
0.8094065310439343
0.8094100032673622
0.8094134754907901
0.8094169477142179
0.8094204199376458
0.8094238921610737
0.8094273643845016
0.8094308366079294
0.8094343088313573
0.809437781054785
0.8094412532782129
0.8094447255016407
0.8094481977250686
0.8094516699484965
0.8094551421719244
0.8094586143953523
0.80946208661878
0.8094655588422079
0.8094690310656357
0.8094725032890636
0.8094759755124914
0.8094794477359194
0.8094829199593472
0.8094863921827752
0.809489864406203
0.8094933366296307
0.8094968088530586
0.8095002810764864
0.8095037532999143
0.8095072255233421
0.8095106977467701
0.8095141699701979
0.8095176421936258
0.8095211144170537
0.8095245866404815
0.8095280588639093
0.8095315310873372
0.809535003310765
0.8095384755341928
0.8095419477576207
0.8095454199810486
0.8095488922044766
0.8095523644279043
0.8095558366513322
0.80955930887476
0.8095627810981879
0.8095662533216157
0.8095697255450436
0.8095731977684715
0.8095766699918993
0.8095801422153273
0.8095836144387549
0.8095870866621829
0.8095905588856107
0.8095940311090386
0.8095975033324664
0.8096009755558943
0.8096044477793222
0.8096079200027501
0.8096113922261778
0.8096148644496057
0.8096183366730336
0.8096218088964614
0.8096252811198893
0.8096287533433171
0.8096322255667451
0.8096356977901727
0.8096391700136006
0.8096426422370286
0.8096461144604564
0.8096495866838843
0.8096530589073121
0.80965653113074
0.8096600033541678
0.8096634755775957
0.8096669478010236
0.8096704200244514
0.8096738922478793
0.8096773644713071
0.809680836694735
0.8096843089181628
0.8096877811415907
0.8096912533650185
0.8096947255884464
0.8096981978118742
0.8097016700353021
0.8097051422587299
0.8097086144821578
0.8097120867055857
0.8097155589290135
0.8097190311524414
0.8097225033758692
0.8097259755992972
0.8097294478227248
0.8097329200461528
0.8097363922695806
0.8097398644930085
0.8097433367164364
0.8097468089398642
0.8097502811632921
0.8097537533867198
0.8097572256101477
0.8097606978335756
0.8097641700570035
0.8097676422804314
0.8097711145038593
0.8097745867272871
0.8097780589507149
0.8097815311741428
0.8097850033975705
0.8097884756209984
0.8097919478444263
0.8097954200678542
0.809798892291282
0.80980236451471
0.8098058367381378
0.8098093089615657
0.8098127811849934
0.8098162534084213
0.8098197256318492
0.8098231978552769
0.8098266700787049
0.8098301423021327
0.8098336145255607
0.8098370867489885
0.8098405589724164
0.8098440311958441
0.809847503419272
0.8098509756426998
0.8098544478661277
0.8098579200895556
0.8098613923129835
0.8098648645364114
0.8098683367598392
0.809871808983267
0.8098752812066948
0.8098787534301227
0.8098822256535505
0.8098856978769784
0.8098891701004063
0.8098926423238342
0.8098961145472621
0.8098995867706898
0.8099030589941177
0.8099065312175455
0.8099100034409734
0.8099134756644013
0.8099169478878291
0.809920420111257
0.8099238923346848
0.8099273645581128
0.8099308367815405
0.8099343090049684
0.8099377812283962
0.8099412534518241
0.8099447256752519
0.8099481978986798
0.8099516701221077
0.8099551423455356
0.8099586145689635
0.8099620867923912
0.8099655590158191
0.8099690312392469
0.8099725034626748
0.8099759756861026
0.8099794479095306
0.8099829201329584
0.8099863923563863
0.8099898645798141
0.8099933368032419
0.8099968090266698
0.8100002812500976
0.8100037534735255
0.8100072256969533
0.8100106979203813
0.810014170143809
0.810017642367237
0.8100211145906648
0.8100245868140926
0.8100280590375205
0.8100315312609483
0.8100350034843762
0.810038475707804
0.8100419479312319
0.8100454201546597
0.8100488923780877
0.8100523646015155
0.8100558368249434
0.8100593090483712
0.810062781271799
0.8100662534952269
