0.05173612907504481
0.05173960129847264
0.051743073521900475
0.0517465457453284
0.05175001796875624
0.05175349019218407
0.05175696241561191
0.05176043463903974
0.05176390686246767
0.0517673790858955
0.05177085130932334
0.051774323532751174
0.0517777957561791
0.051781267979606936
0.05178474020303477
0.05178821242646261
0.05179168464989044
0.05179515687331837
0.0517986290967462
0.051802101320174036
0.05180557354360187
0.05180904576702971
0.051812517990457635
0.05181599021388547
0.05181946243731331
0.051822934660741234
0.05182640688416897
0.0518298791075969
0.051833351331024735
0.05183682355445257
0.0518402957778805
0.051843768001308334
0.05184724022473617
0.051850712448164
0.051854184671591835
0.05185765689501976
0.0518611291184476
0.051864601341875434
0.05186807356530327
0.051871545788731196
0.05187501801215903
0.05187849023558687
0.0518819624590147
0.051885434682442534
0.05188890690587046
0.0518923791292983
0.05189585135272613
0.05189932357615406
0.0519027957995818
0.05190626802300973
0.05190974024643756
0.0519132124698654
0.05191668469329332
0.05192015691672116
0.051923629140148995
0.05192710136357683
0.05193057358700467
0.051934045810432594
0.05193751803386043
0.05194099025728826
0.051944462480716096
0.05194793470414393
0.05195140692757186
0.051954879150999694
0.05195835137442753
0.05196182359785536
0.05196529582128329
0.05196876804471103
0.05197224026813896
0.051975712491566795
0.05197918471499463
0.05198265693842256
0.05198612916185039
0.05198960138527823
0.051993073608706156
0.051996545832133895
0.05200001805556182
0.05200349027898966
0.05200696250241749
0.05201043472584542
0.052013906949273256
0.05201737917270109
0.05202085139612893
0.05202432361955676
0.05202779584298469
0.05203126806641252
0.052034740289840356
0.05203821251326819
0.05204168473669612
0.05204515696012386
0.05204862918355179
0.05205210140697962
0.052055573630407456
0.05205904585383538
0.05206251807726322
0.052065990300691055
0.05206946252411889
0.05207293474754673
0.052076406970974654
0.05207987919440249
0.05208335141783032
0.05208682364125825
0.05209029586468599
0.05209376808811392
0.052097240311541754
0.05210071253496959
0.05210418475839742
0.05210765698182535
0.05211112920525318
0.05211460142868102
0.052118073652108854
0.05212154587553669
0.052125018098964616
0.05212849032239245
0.05213196254582029
0.052135434769248215
0.052138906992675954
0.05214237921610388
0.05214585143953172
0.05214932366295955
0.05215279588638748
0.052156268109815315
0.05215974033324315
0.05216321255667099
0.05216668478009882
0.05217015700352675
0.05217362922695458
0.052177101450382415
0.05218057367381025
0.05218404589723818
0.052187518120666014
0.05219099034409385
0.05219446256752168
0.052197934790949516
0.05220140701437744
0.05220487923780528
0.052208351461233114
0.05221182368466095
0.05221529590808879
0.05221876813151671
0.05222224035494455
0.05222571257837238
0.05222918480180031
0.05223265702522805
0.05223612924865598
0.05223960147208381
0.05224307369551165
0.052246545918939576
0.05225001814236741
0.05225349036579524
0.05225696258922308
0.05226043481265091
0.05226390703607884
0.052267379259506676
0.05227085148293451
0.05227432370636235
0.052277795929790274
0.05228126815321811
0.05228474037664594
0.052288212600073776
0.05229168482350161
0.05229515704692954
0.052298629270357375
0.05230210149378521
0.05230557371721304
0.052309045940640876
0.0523125181640688
0.05231599038749664
0.052319462610924475
0.0523229348343524
0.05232640705778024
0.052329879281208073
0.05233335150463591
0.05233682372806374
0.05234029595149167
0.0523437681749195
0.05234724039834734
0.052350712621775174
0.05235418484520301
0.052357657068630936
0.05236112929205877
0.05236460151548661
0.05236807373891444
0.05237154596234237
0.0523750181857702
0.052378490409198036
0.05238196263262587
0.05238543485605371
0.052388907079481635
0.05239237930290947
0.0523958515263373
0.052399323749765234
0.05240279597319297
0.0524062681966209
0.052409740420048735
0.05241321264347657
0.0524166848669045
0.052420157090332334
0.05242362931376017
0.052427101537188
