0.3204862223910494
0.32048969461447724
0.32049316683790513
0.32049663906133297
0.32050011128476086
0.3205035835081887
0.3205070557316166
0.3205105279550444
0.3205140001784723
0.32051747240190015
0.320520944625328
0.3205244168487558
0.3205278890721837
0.32053136129561155
0.3205348335190394
0.3205383057424672
0.32054177796589517
0.320545250189323
0.32054872241275084
0.3205521946361787
0.3205556668596065
0.3205591390830344
0.32056261130646224
0.3205660835298901
0.3205695557533179
0.3205730279767458
0.3205765002001737
0.32057997242360153
0.32058344464702937
0.32058691687045726
0.3205903890938851
0.32059386131731293
0.32059733354074077
0.32060080576416866
0.3206042779875965
0.3206077502110244
0.3206112224344522
0.32061469465788006
0.32061816688130795
0.3206216391047358
0.3206251113281636
0.32062858355159146
0.3206320557750193
0.3206355279984472
0.3206390002218751
0.3206424724453029
0.32064594466873075
0.32064941689215865
0.3206528891155865
0.3206563613390144
0.3206598335624422
0.32066330578587005
0.3206667780092979
0.3206702502327258
0.3206737224561536
0.32067719467958145
0.32068066690300934
0.32068413912643723
0.32068761134986506
0.3206910835732929
0.32069455579672074
0.32069802802014863
0.32070150024357647
0.3207049724670043
0.32070844469043214
0.32071191691386
0.3207153891372879
0.32071886136071576
0.3207223335841436
0.32072580580757143
0.3207292780309993
0.32073275025442716
0.320736222477855
0.32073969470128283
0.3207431669247107
0.32074663914813856
0.32075011137156645
0.3207535835949943
0.3207570558184222
0.32076052804185
0.32076400026527785
0.3207674724887057
0.3207709447121336
0.3207744169355614
0.3207778891589893
0.32078136138241714
0.320784833605845
0.3207883058292728
0.32079177805270076
0.3207952502761286
0.32079872249955643
0.32080219472298427
0.32080566694641205
0.32080913916983994
0.32081261139326783
0.32081608361669567
0.3208195558401235
0.3208230280635514
0.3208265002869793
0.3208299725104071
0.32083344473383496
0.3208369169572628
0.3208403891806907
0.3208438614041185
0.32084733362754636
0.32085080585097425
0.3208542780744021
0.32085775029783
0.3208612225212578
0.32086469474468565
0.32086816696811354
0.3208716391915414
0.3208751114149692
0.32087858363839705
0.3208820558618249
0.3208855280852528
0.32088900030868067
0.3208924725321085
0.32089594475553634
0.32089941697896424
0.32090288920239207
0.3209063614258199
0.32090983364924774
0.32091330587267564
0.32091677809610347
0.32092025031953136
0.3209237225429592
0.32092719476638704
0.32093066698981493
0.3209341392132428
0.32093761143667066
0.3209410836600985
0.32094455588352633
0.3209480281069542
0.32095150033038206
0.3209549725538099
0.32095844477723773
0.32096191700066556
0.3209653892240935
0.32096886144752135
0.3209723336709492
0.320975805894377
0.32097927811780486
0.32098275034123275
0.3209862225646606
0.3209896947880884
0.3209931670115163
0.32099663923494415
0.32100011145837204
0.3210035836817999
0.32100705590522777
0.3210105281286556
0.32101400035208344
0.3210174725755113
0.32102094479893917
0.321024417022367
0.3210278892457949
0.32103136146922273
0.32103483369265057
0.3210383059160784
0.3210417781395063
0.32104525036293413
0.32104872258636197
0.3210521948097898
0.32105566703321764
0.32105913925664553
0.3210626114800734
0.32106608370350126
0.3210695559269291
0.321073028150357
0.3210765003737849
0.3210799725972127
0.32108344482064055
0.3210869170440684
0.3210903892674963
0.3210938614909241
0.32109733371435195
0.32110080593777984
0.3211042781612077
0.32110775038463557
0.3211112226080634
0.32111469483149124
0.3211181670549191
0.32112163927834697
0.3211251115017748
0.32112858372520264
0.3211320559486305
0.32113552817205837
0.32113900039548626
0.3211424726189141
0.32114594484234193
0.3211494170657698
0.32115288928919766
0.3211563615126255
0.32115983373605334
0.3211633059594812
0.32116677818290906
0.32117025040633695
0.3211737226297648
0.3211771948531926
