0.1378472700858577
0.13785074230928548
0.13785421453271335
0.13785768675614118
0.13786115897956908
0.1378646312029969
0.1378681034264248
0.13787157564985267
0.13787504787328045
0.13787852009670834
0.13788199232013618
0.13788546454356407
0.13788893676699193
0.13789240899041977
0.13789588121384766
0.13789935343727544
0.13790282566070333
0.1379062978841312
0.13790977010755903
0.13791324233098692
0.13791671455441476
0.13792018677784265
0.13792365900127043
0.1379271312246983
0.1379306034481262
0.13793407567155402
0.13793754789498192
0.13794102011840975
0.1379444923418376
0.13794796456526545
0.1379514367886933
0.13795490901212118
0.13795838123554902
0.13796185345897688
0.13796532568240477
0.13796879790583255
0.13797227012926044
0.13797574235268828
0.13797921457611614
0.13798268679954404
0.13798615902297187
0.13798963124639976
0.13799310346982754
0.1379965756932554
0.13800004791668324
0.13800352014011114
0.13800699236353903
0.13801046458696686
0.13801393681039473
0.1380174090338225
0.1380208812572504
0.1380243534806783
0.13802782570410613
0.138031297927534
0.13803477015096183
0.13803824237438972
0.13804171459781756
0.1380451868212454
0.13804865904467326
0.1380521312681011
0.13805560349152898
0.13805907571495687
0.1380625479383847
0.13806602016181252
0.13806949238524036
0.13807296460866825
0.13807643683209608
0.13807990905552397
0.13808338127895184
0.13808685350237965
0.1380903257258075
0.13809379794923535
0.13809727017266324
0.1381007423960911
0.13810421461951894
0.13810768684294683
0.1381111590663746
0.1381146312898025
0.13811810351323037
0.1381215757366582
0.1381250479600861
0.13812852018351393
0.13813199240694182
0.1381354646303696
0.13813893685379747
0.13814240907722536
0.1381458813006532
0.1381493535240811
0.13815282574750892
0.1381562979709368
0.13815977019436468
0.13816324241779246
0.13816671464122035
0.1381701868646482
0.13817365908807605
0.13817713131150394
0.13818060353493178
0.13818407575835961
0.13818754798178745
0.13819102020521531
0.1381944924286432
0.13819796465207104
0.13820143687549893
0.13820490909892671
0.13820838132235458
0.13821185354578241
0.1382153257692103
0.1382187979926382
0.13822227021606603
0.1382257424394939
0.1382292146629217
0.13823268688634957
0.13823615910977746
0.1382396313332053
0.13824310355663316
0.138246575780061
0.1382500480034889
0.13825352022691678
0.13825699245034456
0.13826046467377243
0.13826393689720026
0.13826740912062815
0.13827088134405605
0.13827435356748388
0.13827782579091175
0.13828129801433953
0.13828477023776742
0.13828824246119525
0.13829171468462315
0.138295186908051
0.13829865913147885
0.13830213135490668
0.13830560357833452
0.1383090758017624
0.13831254802519027
0.1383160202486181
0.138319492472046
0.13832296469547384
0.13832643691890167
0.13832990914232954
0.13833338136575737
0.13833685358918527
0.1383403258126131
0.138343798036041
0.13834727025946886
0.13835074248289664
0.13835421470632453
0.13835768692975237
0.13836115915318026
0.1383646313766081
0.13836810360003596
0.13837157582346385
0.13837504804689163
0.13837852027031952
0.13838199249374736
0.13838546471717522
0.1383889369406031
0.13839240916403095
0.13839588138745884
0.13839935361088662
0.13840282583431449
0.13840629805774238
0.1384097702811702
0.1384132425045981
0.13841671472802594
0.1384201869514538
0.13842365917488159
0.13842713139830948
0.13843060362173737
0.1384340758451652
0.13843754806859307
0.1384410202920209
0.13844449251544874
0.13844796473887663
0.13845143696230447
0.13845490918573233
0.13845838140916017
0.13846185363258806
0.13846532585601595
0.13846879807944373
0.1384722703028716
0.13847574252629943
0.13847921474972733
0.13848268697315522
0.13848615919658305
0.13848963142001092
0.1384931036434387
0.1384965758668666
0.13850004809029443
0.13850352031372232
0.13850699253715018
0.13851046476057802
0.1385139369840059
0.1385174092074337
0.13852088143086158
0.13852435365428944
0.13852782587771728
0.13853129810114517
0.138534770324573
0.1385382425480009
