0.2822917646846405
0.28229523690806835
0.2822987091314962
0.282302181354924
0.2823056535783519
0.2823091258017798
0.28231259802520764
0.2823160702486355
0.28231954247206337
0.2823230146954912
0.2823264869189191
0.28232995914234693
0.28233343136577477
0.2823369035892026
0.28234037581263044
0.2823438480360583
0.28234732025948617
0.28235079248291406
0.2823542647063419
0.28235773692976973
0.2823612091531976
0.2823646813766255
0.2823681536000533
0.28237162582348113
0.282375098046909
0.28237857027033686
0.2823820424937647
0.2823855147171926
0.2823889869406205
0.2823924591640483
0.28239593138747615
0.28239940361090404
0.2824028758343319
0.2824063480577597
0.28240982028118755
0.28241329250461544
0.2824167647280433
0.2824202369514711
0.282423709174899
0.2824271813983269
0.28243065362175473
0.28243412584518257
0.2824375980686104
0.2824410702920383
0.28244454251546613
0.28244801473889397
0.28245148696232186
0.2824549591857497
0.28245843140917753
0.2824619036326054
0.28246537585603326
0.28246884807946115
0.282472320302889
0.2824757925263168
0.28247926474974466
0.28248273697317255
0.2824862091966004
0.2824896814200282
0.2824931536434561
0.28249662586688395
0.28250009809031185
0.2825035703137397
0.2825070425371676
0.28251051476059535
0.2825139869840232
0.2825174592074511
0.282520931430879
0.2825244036543068
0.28252787587773465
0.28253134810116254
0.2825348203245904
0.28253829254801827
0.2825417647714461
0.28254523699487394
0.2825487092183018
0.2825521814417296
0.2825556536651575
0.2825591258885854
0.28256259811201323
0.28256607033544107
0.28256954255886896
0.2825730147822968
0.2825764870057247
0.28257995922915247
0.2825834314525803
0.2825869036760082
0.28259037589943603
0.2825938481228639
0.28259732034629176
0.28260079256971965
0.2826042647931475
0.2826077370165753
0.2826112092400032
0.28261468146343105
0.2826181536868589
0.2826216259102867
0.2826250981337146
0.28262857035714245
0.2826320425805703
0.2826355148039982
0.28263898702742607
0.2826424592508539
0.28264593147428174
0.28264940369770963
0.28265287592113747
0.2826563481445653
0.28265982036799314
0.28266329259142103
0.28266676481484887
0.2826702370382767
0.2826737092617046
0.2826771814851325
0.2826806537085603
0.28268412593198816
0.282687598155416
0.2826910703788439
0.2826945426022717
0.28269801482569956
0.28270148704912745
0.2827049592725553
0.2827084314959831
0.282711903719411
0.28271537594283885
0.28271884816626675
0.2827223203896945
0.28272579261312236
0.28272926483655025
0.28273273705997815
0.282736209283406
0.2827396815068338
0.2827431537302617
0.28274662595368955
0.28275009817711744
0.2827535704005453
0.2827570426239731
0.28276051484740095
0.2827639870708288
0.2827674592942567
0.28277093151768457
0.2827744037411124
0.28277787596454024
0.28278134818796813
0.28278482041139597
0.28278829263482386
0.2827917648582517
0.28279523708167953
0.28279870930510737
0.2828021815285352
0.2828056537519631
0.282809125975391
0.2828125981988188
0.28281607042224666
0.28281954264567455
0.2828230148691024
0.2828264870925302
0.28282995931595806
0.2828334315393859
0.2828369037628138
0.2828403759862416
0.2828438482096695
0.28284732043309735
0.28285079265652524
0.2828542648799531
0.2828577371033809
0.2828612093268088
0.28286468155023664
0.2828681537736645
0.2828716259970923
0.2828750982205202
0.28287857044394804
0.2828820426673759
0.28288551489080377
0.28288898711423166
0.2828924593376595
0.28289593156108733
0.28289940378451517
0.28290287600794306
0.2829063482313709
0.28290982045479873
0.2829132926782266
0.28291676490165446
0.2829202371250823
0.2829237093485102
0.2829271815719381
0.2829306537953659
0.28293412601879375
0.2829375982422216
0.2829410704656495
0.2829445426890773
0.28294801491250515
0.28295148713593304
0.2829549593593609
0.2829584315827887
0.2829619038062166
0.28296537602964444
0.2829688482530723
0.2829723204765001
0.28297579269992795
0.28297926492335584
0.28298273714678374
