0.8475697387394926
0.8475732109629206
0.8475766831863483
0.8475801554097763
0.847583627633204
0.8475870998566319
0.8475905720800597
0.8475940443034876
0.8475975165269154
0.8476009887503433
0.8476044609737711
0.847607933197199
0.847611405420627
0.8476148776440547
0.8476183498674826
0.8476218220909104
0.8476252943143383
0.8476287665377661
0.847632238761194
0.847635710984622
0.8476391832080497
0.8476426554314777
0.8476461276549054
0.8476495998783333
0.8476530721017611
0.847656544325189
0.8476600165486168
0.8476634887720447
0.8476669609954727
0.8476704332189005
0.8476739054423283
0.8476773776657561
0.847680849889184
0.8476843221126118
0.8476877943360397
0.8476912665594675
0.8476947387828954
0.8476982110063231
0.847701683229751
0.847705155453179
0.8477086276766069
0.8477120999000347
0.8477155721234625
0.8477190443468904
0.8477225165703182
0.847725988793746
0.8477294610171741
0.8477329332406017
0.8477364054640297
0.8477398776874574
0.8477433499108854
0.8477468221343133
0.8477502943577411
0.847753766581169
0.8477572388045967
0.8477607110280247
0.8477641832514526
0.8477676554748804
0.8477711276983083
0.8477745999217361
0.847778072145164
0.8477815443685918
0.8477850165920197
0.8477884888154474
0.8477919610388753
0.8477954332623031
0.8477989054857311
0.847802377709159
0.8478058499325868
0.8478093221560147
0.8478127943794425
0.8478162666028703
0.8478197388262981
0.8478232110497261
0.8478266832731538
0.8478301554965818
0.8478336277200097
0.8478370999434375
0.8478405721668654
0.8478440443902932
0.847847516613721
0.8478509888371488
0.8478544610605768
0.8478579332840047
0.8478614055074325
0.8478648777308604
0.8478683499542882
0.8478718221777161
0.8478752944011438
0.8478787666245717
0.8478822388479995
0.8478857110714274
0.8478891832948552
0.8478926555182832
0.8478961277417111
0.8478995999651389
0.8479030721885668
0.8479065444119945
0.8479100166354224
0.8479134888588502
0.8479169610822782
0.8479204333057059
0.8479239055291339
0.8479273777525618
0.8479308499759896
0.8479343221994174
0.8479377944228452
0.8479412666462731
0.8479447388697009
0.847948211093129
0.8479516833165566
0.8479551555399846
0.8479586277634125
0.8479620999868402
0.8479655722102681
0.8479690444336959
0.8479725166571238
0.8479759888805516
0.8479794611039795
0.8479829333274073
0.8479864055508354
0.8479898777742632
0.847993349997691
0.8479968222211188
0.8480002944445466
0.8480037666679745
0.8480072388914023
0.8480107111148304
0.848014183338258
0.8480176555616861
0.8480211277851138
0.8480246000085417
0.8480280722319695
0.8480315444553974
0.8480350166788252
0.8480384889022531
0.8480419611256811
0.8480454333491086
0.8480489055725368
0.8480523777959645
0.8480558500193924
0.8480593222428202
0.8480627944662481
0.8480662666896759
0.8480697389131038
0.8480732111365318
0.8480766833599594
0.8480801555833875
0.8480836278068152
0.8480871000302431
0.8480905722536709
0.8480940444770988
0.8480975167005266
0.8481009889239545
0.8481044611473822
0.8481079333708101
0.8481114055942381
0.8481148778176659
0.8481183500410938
0.8481218222645216
0.8481252944879495
0.8481287667113773
0.8481322389348052
0.8481357111582332
0.8481391833816608
0.8481426556050888
0.8481461278285166
0.8481496000519445
0.8481530722753723
0.8481565444988002
0.848160016722228
0.8481634889456559
0.8481669611690839
0.8481704333925116
0.8481739056159395
0.8481773778393673
0.8481808500627952
0.848184322286223
0.8481877945096509
0.8481912667330787
0.8481947389565065
0.8481982111799343
0.8482016834033622
0.8482051556267902
0.848208627850218
0.8482121000736459
0.8482155722970737
0.8482190445205016
0.8482225167439293
0.8482259889673572
0.8482294611907852
0.8482329334142129
0.8482364056376409
0.8482398778610686
0.8482433500844966
0.8482468223079244
0.8482502945313523
0.84825376675478
0.8482572389782079
0.8482607112016359
