0.24131952823594727
0.24132300045937513
0.24132647268280297
0.24132994490623086
0.24133341712965872
0.24133688935308656
0.24134036157651445
0.24134383379994223
0.24134730602337012
0.24135077824679801
0.24135425047022585
0.24135772269365371
0.24136119491708155
0.24136466714050944
0.24136813936393722
0.24137161158736511
0.24137508381079298
0.24137855603422081
0.2413820282576487
0.24138550048107654
0.24138897270450438
0.24139244492793224
0.24139591715136008
0.24139938937478797
0.2414028615982158
0.24140633382164367
0.24140980604507156
0.24141327826849934
0.24141675049192723
0.24142022271535507
0.24142369493878296
0.24142716716221083
0.24143063938563866
0.24143411160906655
0.24143758383249433
0.24144105605592223
0.24144452827935006
0.24144800050277793
0.24145147272620582
0.24145494494963365
0.24145841717306152
0.24146188939648933
0.2414653616199172
0.24146883384334508
0.24147230606677292
0.24147577829020078
0.24147925051362862
0.2414827227370565
0.24148619496048435
0.24148966718391218
0.24149313940734007
0.2414966116307679
0.24150008385419577
0.24150355607762367
0.2415070283010515
0.24151050052447934
0.24151397274790717
0.24151744497133504
0.24152091719476287
0.24152438941819077
0.24152786164161863
0.24153133386504644
0.2415348060884743
0.24153827831190214
0.24154175053533003
0.24154522275875792
0.24154869498218573
0.24155216720561362
0.2415556394290414
0.2415591116524693
0.24156258387589719
0.24156605609932502
0.24156952832275289
0.24157300054618072
0.2415764727696086
0.2415799449930364
0.24158341721646429
0.24158688943989215
0.24159036166331999
0.24159383388674788
0.2415973061101757
0.24160077833360358
0.24160425055703147
0.24160772278045925
0.24161119500388714
0.24161466722731498
0.24161813945074284
0.24162161167417073
0.24162508389759857
0.2416285561210264
0.24163202834445424
0.24163550056788213
0.24163897279131
0.24164244501473783
0.24164591723816572
0.2416493894615935
0.2416528616850214
0.24165633390844923
0.2416598061318771
0.241663278355305
0.24166675057873283
0.2416702228021607
0.2416736950255885
0.24167716724901636
0.24168063947244425
0.2416841116958721
0.24168758391929995
0.2416910561427278
0.24169452836615568
0.24169800058958357
0.24170147281301135
0.24170494503643924
0.24170841725986708
0.24171188948329494
0.24171536170672284
0.24171883393015067
0.24172230615357854
0.24172577837700635
0.2417292506004342
0.24173272282386205
0.24173619504728994
0.2417396672707178
0.24174313949414564
0.24174661171757353
0.2417500839410013
0.2417535561644292
0.2417570283878571
0.2417605006112849
0.2417639728347128
0.24176744505814063
0.24177091728156846
0.24177438950499636
0.2417778617284242
0.24178133395185206
0.2417848061752799
0.24178827839870778
0.24179175062213557
0.24179522284556346
0.24179869506899132
0.24180216729241916
0.24180563951584705
0.24180911173927488
0.24181258396270275
0.24181605618613064
0.24181952840955842
0.2418230006329863
0.24182647285641415
0.241829945079842
0.2418334173032699
0.24183688952669774
0.24184036175012563
0.2418438339735534
0.2418473061969813
0.24185077842040917
0.241854250643837
0.2418577228672649
0.24186119509069273
0.2418646673141206
0.2418681395375484
0.24187161176097627
0.24187508398440416
0.241878556207832
0.24188202843125986
0.2418855006546877
0.24188897287811553
0.24189244510154342
0.24189591732497126
0.24189938954839915
0.24190286177182696
0.24190633399525485
0.24190980621868274
0.24191327844211052
0.24191675066553842
0.24192022288896625
0.24192369511239412
0.241927167335822
0.24193063955924984
0.2419341117826777
0.24193758400610552
0.24194105622953338
0.24194452845296122
0.2419480006763891
0.24195147289981697
0.2419549451232448
0.2419584173466727
0.24196188957010048
0.24196536179352837
0.24196883401695626
0.24197230624038407
0.24197577846381196
0.2419792506872398
0.2419827229106677
0.24198619513409553
0.24198966735752336
0.24199313958095123
0.24199661180437906
0.24200008402780696
0.2420035562512348
0.24200702847466266
0.2420105006980905
