0.9371531031781608
0.9371565754015887
0.9371600476250167
0.9371635198484444
0.9371669920718724
0.9371704642953
0.937173936518728
0.9371774087421557
0.9371808809655837
0.9371843531890115
0.9371878254124394
0.9371912976358674
0.9371947698592951
0.9371982420827231
0.9372017143061507
0.9372051865295787
0.9372086587530065
0.9372121309764344
0.9372156031998622
0.9372190754232901
0.9372225476467179
0.9372260198701458
0.9372294920935738
0.9372329643170014
0.9372364365404294
0.9372399087638571
0.9372433809872851
0.9372468532107129
0.9372503254341408
0.9372537976575686
0.9372572698809964
0.9372607421044244
0.9372642143278521
0.9372676865512801
0.9372711587747078
0.9372746309981358
0.9372781032215636
0.9372815754449915
0.9372850476684195
0.9372885198918471
0.9372919921152751
0.9372954643387028
0.9372989365621308
0.9373024087855586
0.9373058810089865
0.9373093532324143
0.9373128254558422
0.9373162976792699
0.9373197699026978
0.9373232421261258
0.9373267143495535
0.9373301865729815
0.9373336587964094
0.9373371310198372
0.9373406032432651
0.9373440754666928
0.9373475476901206
0.9373510199135485
0.9373544921369765
0.9373579643604042
0.9373614365838322
0.9373649088072599
0.9373683810306879
0.9373718532541158
0.9373753254775435
0.9373787977009715
0.9373822699243992
0.9373857421478272
0.9373892143712549
0.9373926865946829
0.9373961588181108
0.9373996310415386
0.9374031032649665
0.9374065754883942
0.9374100477118221
0.9374135199352499
0.9374169921586779
0.9374204643821056
0.9374239366055336
0.9374274088289615
0.9374308810523893
0.9374343532758171
0.9374378254992449
0.9374412977226728
0.9374447699461006
0.9374482421695286
0.9374517143929563
0.9374551866163843
0.9374586588398119
0.93746213106324
0.9374656032866678
0.9374690755100956
0.9374725477335236
0.9374760199569513
0.9374794921803793
0.937482964403807
0.937486436627235
0.9374899088506629
0.9374933810740906
0.9374968532975185
0.9375003255209463
0.9375037977443742
0.937507269967802
0.93751074219123
0.9375142144146577
0.9375176866380857
0.9375211588615135
0.9375246310849413
0.9375281033083692
0.937531575531797
0.9375350477552249
0.9375385199786527
0.9375419922020807
0.9375454644255083
0.9375489366489363
0.937552408872364
0.937555881095792
0.9375593533192199
0.9375628255426477
0.9375662977660758
0.9375697699895034
0.9375732422129315
0.937576714436359
0.9375801866597872
0.9375836588832149
0.9375871311066427
0.9375906033300706
0.9375940755534984
0.9375975477769265
0.9376010200003541
0.9376044922237822
0.9376079644472097
0.9376114366706378
0.9376149088940656
0.9376183811174935
0.9376218533409213
0.9376253255643492
0.937628797787777
0.9376322700112047
0.9376357422346329
0.9376392144580604
0.9376426866814885
0.9376461589049161
0.9376496311283442
0.937653103351772
0.9376565755751999
0.9376600477986279
0.9376635200220556
0.9376669922454836
0.9376704644689112
0.9376739366923392
0.9376774089157668
0.9376808811391949
0.9376843533626227
0.9376878255860506
0.9376912978094786
0.9376947700329062
0.9376982422563342
0.9377017144797619
0.9377051867031899
0.9377086589266177
0.9377121311500456
0.9377156033734734
0.9377190755969013
0.937722547820329
0.9377260200437569
0.9377294922671849
0.9377329644906126
0.9377364367140406
0.9377399089374683
0.9377433811608963
0.9377468533843241
0.937750325607752
0.9377537978311797
0.9377572700546076
0.9377607422780356
0.9377642145014633
0.9377676867248913
0.937771158948319
0.937774631171747
0.9377781033951748
0.9377815756186026
0.9377850478420307
0.9377885200654583
0.9377919922888863
0.937795464512314
0.937798936735742
0.9378024089591698
0.9378058811825977
0.9378093534060254
0.9378128256294533
0.9378162978528811
0.937819770076309
0.937823242299737
0.9378267145231647
0.9378301867465927
0.9378336589700205
0.9378371311934484
0.9378406034168761
0.937844075640304
