0.18090284059126407
0.18090631281469194
0.18090978503811977
0.1809132572615476
0.1809167294849755
0.18092020170840334
0.1809236739318312
0.18092714615525904
0.18093061837868693
0.18093409060211482
0.1809375628255426
0.18094103504897047
0.1809445072723983
0.1809479794958262
0.18095145171925409
0.18095492394268192
0.1809583961661098
0.18096186838953757
0.18096534061296546
0.18096881283639335
0.1809722850598212
0.18097575728324905
0.1809792295066769
0.18098270173010478
0.18098617395353256
0.18098964617696045
0.18099311840038831
0.18099659062381615
0.18100006284724404
0.18100353507067188
0.18100700729409977
0.18101047951752758
0.18101395174095541
0.1810174239643833
0.18102089618781114
0.18102436841123903
0.1810278406346669
0.18103131285809473
0.18103478508152257
0.1810382573049504
0.1810417295283783
0.18104520175180616
0.181048673975234
0.1810521461986619
0.18105561842208967
0.18105909064551756
0.1810625628689454
0.18106603509237326
0.18106950731580115
0.181072979539229
0.18107645176265688
0.18107992398608466
0.18108339620951253
0.18108686843294042
0.18109034065636825
0.18109381287979615
0.18109728510322398
0.18110075732665185
0.18110422955007974
0.18110770177350752
0.1811111739969354
0.18111464622036325
0.1811181184437911
0.18112159066721895
0.18112506289064684
0.1811285351140747
0.1811320073375025
0.18113547956093037
0.1811389517843582
0.1811424240077861
0.181145896231214
0.18114936845464183
0.18115284067806964
0.18115631290149747
0.18115978512492537
0.18116325734835326
0.1811667295717811
0.18117020179520896
0.18117367401863674
0.18117714624206463
0.18118061846549252
0.18118409068892036
0.18118756291234822
0.18119103513577606
0.18119450735920395
0.18119797958263173
0.18120145180605962
0.18120492402948749
0.18120839625291532
0.1812118684763432
0.18121534069977105
0.18121881292319894
0.1812222851466268
0.18122575737005459
0.18122922959348248
0.1812327018169103
0.1812361740403382
0.18123964626376607
0.1812431184871939
0.1812465907106218
0.18125006293404958
0.18125353515747747
0.18125700738090533
0.18126047960433317
0.18126395182776106
0.1812674240511889
0.18127089627461673
0.18127436849804457
0.18127784072147243
0.18128131294490032
0.18128478516832816
0.18128825739175605
0.1812917296151839
0.1812952018386117
0.1812986740620396
0.18130214628546742
0.18130561850889532
0.18130909073232315
0.18131256295575102
0.1813160351791789
0.1813195074026067
0.18132297962603458
0.18132645184946242
0.18132992407289028
0.18133339629631812
0.181336868519746
0.18134034074317387
0.18134381296660168
0.18134728519002954
0.18135075741345738
0.18135422963688527
0.18135770186031316
0.181361174083741
0.18136464630716886
0.18136811853059664
0.18137159075402454
0.18137506297745243
0.18137853520088026
0.18138200742430813
0.18138547964773596
0.18138895187116386
0.1813924240945917
0.18139589631801953
0.1813993685414474
0.18140284076487523
0.18140631298830312
0.18140978521173096
0.1814132574351588
0.18141672965858666
0.1814202018820145
0.18142367410544238
0.18142714632887022
0.1814306185522981
0.18143409077572598
0.18143756299915376
0.18144103522258165
0.18144450744600948
0.18144797966943738
0.18145145189286524
0.18145492411629308
0.18145839633972097
0.18146186856314875
0.18146534078657664
0.1814688130100045
0.18147228523343234
0.18147575745686023
0.18147922968028807
0.18148270190371593
0.18148617412714374
0.1814896463505716
0.1814931185739995
0.18149659079742733
0.18150006302085522
0.18150353524428306
0.18150700746771092
0.18151047969113876
0.1815139519145666
0.1815174241379945
0.18152089636142232
0.1815243685848502
0.18152784080827808
0.18153131303170592
0.18153478525513375
0.1815382574785616
0.18154172970198945
0.1815452019254173
0.18154867414884518
0.18155214637227307
0.18155561859570085
0.18155909081912872
0.18156256304255655
0.18156603526598444
0.18156950748941234
0.18157297971284017
0.18157645193626804
0.18157992415969582
0.1815833963831237
0.1815868686065516
0.18159034082997944
0.1815938130534073
