0.009375003255209463
0.009378475478637299
0.009381947702065133
0.009385419925492968
0.009388892148920896
0.00939236437234873
0.009395836595776565
0.009399308819204399
0.009402781042632327
0.009406253266060068
0.009409725489487996
0.00941319771291583
0.009416669936343665
0.009420142159771593
0.009423614383199427
0.009427086606627263
0.00943055883005519
0.009434031053482932
0.00943750327691086
0.009440975500338695
0.00944444772376653
0.009447919947194457
0.009451392170622292
0.009454864394050126
0.00945833661747796
0.009461808840905795
0.009465281064333723
0.009468753287761558
0.009472225511189392
0.009475697734617228
0.009479169958045063
0.009482642181472897
0.009486114404900825
0.00948958662832866
0.009493058851756494
0.009496531075184422
0.009500003298612163
0.00950347552204009
0.009506947745467925
0.00951041996889576
0.009513892192323688
0.009517364415751522
0.009520836639179357
0.009524308862607285
0.009527781086035027
0.009531253309462955
0.00953472553289079
0.009538197756318624
0.009541669979746552
0.009545142203174387
0.009548614426602221
0.009552086650030055
0.00955555887345789
0.009559031096885724
0.009562503320313652
0.009565975543741487
0.009569447767169321
0.00957291999059725
0.009576392214024992
0.00957986443745292
0.009583336660880754
0.009586808884308589
0.009590281107736517
0.009593753331164351
0.009597225554592186
0.00960069777802002
0.009604170001447854
0.009607642224875782
0.009611114448303617
0.009614586671731451
0.009618058895159287
0.009621531118587122
0.009625003342015048
0.009628475565442884
0.009631947788870719
0.009635420012298553
0.009638892235726481
0.009642364459154316
0.00964583668258215
0.009649308906009985
0.009652781129437819
0.009656253352865747
0.009659725576293582
0.009663197799721416
0.009666670023149344
0.009670142246577087
0.009673614470005015
0.009677086693432849
0.009680558916860683
0.009684031140288612
0.009687503363716446
0.00969097558714428
0.009694447810572115
0.00969792003399995
0.009701392257427877
0.009704864480855712
0.009708336704283546
0.00971180892771138
0.009715281151139309
0.009718753374567143
0.00972222559799498
0.009725697821422814
0.009729170044850648
0.009732642268278576
0.00973611449170641
0.009739586715134245
0.00974305893856208
0.009746531161989914
0.009750003385417842
0.009753475608845676
0.00975694783227351
0.009760420055701439
0.009763892279129181
0.009767364502557108
0.009770836725984944
0.009774308949412778
0.009777781172840706
0.00978125339626854
0.009784725619696375
0.00978819784312421
0.009791670066552044
0.009795142289979972
0.009798614513407806
0.009802086736835641
0.009805558960263475
0.009809031183691403
0.009812503407119238
0.009815975630547072
0.009819447853974908
0.009822920077402743
0.009826392300830671
0.009829864524258505
0.00983333674768634
0.009836808971114174
0.009840281194542009
0.009843753417969937
0.009847225641397771
0.009850697864825605
0.009854170088253534
0.009857642311681368
0.009861114535109202
0.009864586758537037
0.009868058981964873
0.0098715312053928
0.009875003428820636
0.00987847565224847
0.009881947875676304
0.009885420099104139
0.009888892322532067
0.009892364545959901
0.009895836769387736
0.00989930899281557
0.009902781216243498
0.00990625343967124
0.009909725663099167
0.009913197886527003
0.009916670109954838
0.009920142333382764
0.0099236145568106
0.009927086780238435
0.009930559003666363
0.009934031227094103
0.009937503450522031
0.009940975673949866
0.0099444478973777
0.009947920120805628
0.009951392344233463
0.009954864567661297
0.009958336791089132
0.009961809014516968
0.009965281237944894
0.00996875346137273
0.009972225684800565
0.009975697908228399
0.009979170131656234
0.009982642355084068
0.009986114578511996
0.00998958680193983
0.009993059025367665
0.009996531248795593
0.010000003472223334
0.010003475695651262
0.010006947919079096
0.010010420142506932
0.010013892365934859
0.010017364589362695
0.01002083681279053
0.010024309036218457
0.010027781259646198
0.010031253483074126
0.01003472570650196
0.010038197929929795
0.01004167015335763
0.010045142376785558
0.010048614600213392
0.010052086823641226
0.01005555904706906
0.010059031270496897
0.010062503493924823
0.01006597571735266
