0.3274306692467601
0.327434141470188
0.32743761369361585
0.3274410859170437
0.3274445581404715
0.32744803036389947
0.3274515025873273
0.32745497481075514
0.327458447034183
0.32746191925761087
0.3274653914810387
0.32746886370446654
0.3274723359278944
0.3274758081513222
0.3274792803747501
0.327482752598178
0.32748622482160583
0.32748969704503367
0.32749316926846156
0.3274966414918894
0.32750011371531723
0.32750358593874507
0.32750705816217296
0.32751053038560085
0.3275140026090287
0.3275174748324565
0.32752094705588436
0.3275244192793122
0.32752789150274014
0.327531363726168
0.3275348359495958
0.3275383081730236
0.3275417803964515
0.3275452526198794
0.3275487248433072
0.32755219706673505
0.32755566929016294
0.3275591415135908
0.32756261373701867
0.3275660859604465
0.32756955818387434
0.3275730304073022
0.32757650263073007
0.3275799748541579
0.3275834470775858
0.32758691930101363
0.3275903915244415
0.32759386374786936
0.3275973359712972
0.32760080819472503
0.3276042804181529
0.32760775264158076
0.3276112248650086
0.32761469708843644
0.32761816931186427
0.3276216415352922
0.32762511375872005
0.3276285859821479
0.3276320582055757
0.3276355304290036
0.32763900265243145
0.3276424748758593
0.3276459470992871
0.327649419322715
0.3276528915461429
0.32765636376957075
0.3276598359929986
0.3276633082164265
0.3276667804398543
0.3276702526632822
0.32767372488671004
0.3276771971101379
0.3276806693335657
0.3276841415569936
0.32768761378042144
0.3276910860038493
0.3276945582272771
0.32769803045070506
0.3277015026741329
0.32770497489756073
0.32770844712098857
0.3277119193444164
0.32771539156784424
0.32771886379127213
0.32772233601469997
0.3277258082381278
0.3277292804615557
0.3277327526849836
0.3277362249084114
0.32773969713183926
0.32774316935526715
0.327746641578695
0.3277501138021228
0.32775358602555066
0.32775705824897855
0.32776053047240644
0.3277640026958343
0.3277674749192621
0.32777094714268995
0.3277744193661178
0.3277778915895457
0.3277813638129735
0.32778483603640135
0.3277883082598292
0.3277917804832571
0.32779525270668497
0.3277987249301128
0.32780219715354064
0.32780566937696853
0.32780914160039637
0.32781261382382426
0.3278160860472521
0.32781955827067993
0.32782303049410777
0.32782650271753566
0.3278299749409635
0.3278334471643914
0.3278369193878192
0.3278403916112471
0.32784386383467495
0.3278473360581028
0.3278508082815306
0.3278542805049585
0.32785775272838635
0.3278612249518142
0.327864697175242
0.32786816939866986
0.3278716416220978
0.32787511384552565
0.3278785860689535
0.3278820582923813
0.3278855305158092
0.32788900273923705
0.3278924749626649
0.3278959471860927
0.3278994194095206
0.3279028916329485
0.32790636385637634
0.3279098360798042
0.32791330830323207
0.3279167805266599
0.32792025275008774
0.3279237249735156
0.3279271971969434
0.3279306694203713
0.3279341416437992
0.32793761386722703
0.32794108609065487
0.3279445583140827
0.32794803053751065
0.3279515027609385
0.3279549749843663
0.32795844720779416
0.327961919431222
0.32796539165464983
0.3279688638780777
0.32797233610150556
0.3279758083249334
0.3279792805483613
0.3279827527717892
0.327986224995217
0.32798969721864485
0.3279931694420727
0.3279966416655006
0.3280001138889284
0.32800358611235625
0.32800705833578414
0.32801053055921203
0.32801400278263987
0.3280174750060677
0.32802094722949554
0.3280244194529234
0.32802789167635127
0.3280313638997791
0.32803483612320694
0.3280383083466348
0.32804178057006267
0.32804525279349056
0.3280487250169184
0.32805219724034623
0.3280556694637741
0.32805914168720196
0.3280626139106298
0.32806608613405763
0.3280695583574855
0.32807303058091336
0.32807650280434125
0.3280799750277691
0.328083447251197
0.3280869194746248
0.3280903916980527
0.32809386392148054
0.3280973361449084
0.3281008083683362
0.3281042805917641
0.32810775281519194
0.3281112250386198
0.3281146972620476
0.32811816948547545
0.3281216417089034
