0.36701401632431124
0.3670174885477391
0.3670209607711669
0.36702443299459475
0.3670279052180226
0.3670313774414505
0.3670348496648783
0.36703832188830615
0.36704179411173404
0.36704526633516193
0.36704873855858977
0.3670522107820176
0.3670556830054455
0.36705915522887334
0.36706262745230117
0.367066099675729
0.3670695718991569
0.3670730441225848
0.3670765163460126
0.36707998856944046
0.3670834607928683
0.3670869330162962
0.367090405239724
0.36709387746315186
0.3670973496865797
0.36710082191000754
0.3671042941334354
0.3671077663568633
0.36711123858029115
0.367114710803719
0.3671181830271469
0.3671216552505747
0.3671251274740026
0.36712859969743045
0.3671320719208583
0.3671355441442861
0.367139016367714
0.36714248859114185
0.36714596081456974
0.3671494330379976
0.36715290526142547
0.3671563774848533
0.36715984970828114
0.367163321931709
0.36716679415513687
0.3671702663785647
0.36717373860199254
0.3671772108254204
0.3671806830488482
0.36718415527227616
0.367187627495704
0.36719109971913183
0.36719457194255967
0.36719804416598756
0.3672015163894154
0.36720498861284323
0.36720846083627107
0.36721193305969896
0.36721540528312685
0.3672188775065547
0.3672223497299825
0.3672258219534104
0.36722929417683825
0.3672327664002661
0.3672362386236939
0.36723971084712176
0.36724318307054965
0.36724665529397754
0.3672501275174054
0.3672535997408332
0.36725707196426105
0.367260544187689
0.36726401641111683
0.36726748863454467
0.3672709608579725
0.36727443308140034
0.3672779053048282
0.36728137752825607
0.3672848497516839
0.3672883219751118
0.36729179419853963
0.3672952664219675
0.36729873864539536
0.3673022108688232
0.36730568309225103
0.3673091553156789
0.36731262753910676
0.3673160997625346
0.3673195719859625
0.3673230442093904
0.3673265164328182
0.36732998865624605
0.3673334608796739
0.3673369331031018
0.3673404053265296
0.36734387754995745
0.3673473497733853
0.3673508219968131
0.367354294220241
0.3673577664436689
0.36736123866709675
0.3673647108905246
0.3673681831139525
0.3673716553373803
0.36737512756080815
0.367378599784236
0.3673820720076639
0.3673855442310917
0.3673890164545196
0.36739248867794744
0.36739596090137533
0.36739943312480317
0.36740290534823106
0.3674063775716589
0.36740984979508673
0.36741332201851457
0.36741679424194246
0.3674202664653703
0.36742373868879813
0.36742721091222597
0.3674306831356538
0.36743415535908175
0.3674376275825096
0.3674410998059374
0.36744457202936526
0.3674480442527931
0.367451516476221
0.3674549886996488
0.36745846092307666
0.36746193314650455
0.36746540536993244
0.3674688775933603
0.3674723498167881
0.367475822040216
0.36747929426364384
0.3674827664870717
0.3674862387104995
0.36748971093392735
0.36749318315735524
0.36749665538078313
0.36750012760421097
0.3675035998276388
0.36750707205106664
0.3675105442744946
0.3675140164979224
0.3675174887213502
0.36752096094477804
0.36752443316820593
0.36752790539163377
0.36753137761506166
0.3675348498384895
0.3675383220619174
0.3675417942853452
0.3675452665087731
0.36754873873220095
0.3675522109556288
0.3675556831790566
0.3675591554024845
0.36756262762591235
0.3675660998493402
0.3675695720727681
0.36757304429619597
0.3675765165196238
0.36757998874305164
0.3675834609664795
0.36758693318990737
0.3675904054133352
0.36759387763676304
0.3675973498601909
0.3676008220836187
0.3676042943070466
0.3676077665304745
0.36761123875390234
0.3676147109773302
0.36761818320075806
0.3676216554241859
0.36762512764761374
0.3676285998710416
0.36763207209446946
0.3676355443178973
0.3676390165413252
0.36764248876475303
0.3676459609881809
0.36764943321160876
0.36765290543503665
0.3676563776584645
0.36765984988189226
0.3676633221053201
0.36766679432874805
0.3676702665521759
0.3676737387756037
0.36767721099903156
0.3676806832224594
0.36768415544588734
0.3676876276693152
0.367691099892743
0.36769457211617085
0.3676980443395987
0.3677015165630266
0.3677049887864544
