0.6982641313417123
0.6982676035651401
0.6982710757885681
0.6982745480119958
0.6982780202354237
0.6982814924588515
0.6982849646822794
0.6982884369057072
0.6982919091291351
0.698295381352563
0.6982988535759908
0.6983023257994188
0.6983057980228465
0.6983092702462744
0.6983127424697022
0.6983162146931301
0.698319686916558
0.6983231591399859
0.6983266313634137
0.6983301035868414
0.6983335758102693
0.6983370480336972
0.6983405202571251
0.6983439924805529
0.6983474647039808
0.6983509369274086
0.6983544091508366
0.6983578813742644
0.6983613535976922
0.6983648258211201
0.6983682980445479
0.6983717702679758
0.6983752424914036
0.6983787147148315
0.6983821869382593
0.6983856591616873
0.698389131385115
0.6983926036085429
0.6983960758319708
0.6983995480553986
0.6984030202788265
0.6984064925022543
0.6984099647256822
0.69841343694911
0.698416909172538
0.6984203813959657
0.6984238536193936
0.6984273258428215
0.6984307980662493
0.6984342702896772
0.698437742513105
0.6984412147365329
0.6984446869599606
0.6984481591833887
0.6984516314068164
0.6984551036302443
0.6984585758536722
0.6984620480771001
0.6984655203005279
0.6984689925239558
0.6984724647473836
0.6984759369708115
0.6984794091942393
0.6984828814176671
0.698486353641095
0.6984898258645228
0.6984932980879508
0.6984967703113786
0.6985002425348065
0.6985037147582343
0.6985071869816621
0.69851065920509
0.6985141314285178
0.6985176036519457
0.6985210758753736
0.6985245480988015
0.6985280203222293
0.6985314925456572
0.6985349647690849
0.6985384369925128
0.6985419092159407
0.6985453814393685
0.6985488536627964
0.6985523258862243
0.6985557981096522
0.69855927033308
0.6985627425565079
0.6985662147799356
0.6985696870033635
0.6985731592267914
0.6985766314502192
0.6985801036736471
0.6985835758970749
0.6985870481205029
0.6985905203439307
0.6985939925673585
0.6985974647907863
0.6986009370142142
0.6986044092376421
0.69860788146107
0.6986113536844978
0.6986148259079257
0.6986182981313536
0.6986217703547813
0.6986252425782092
0.698628714801637
0.6986321870250649
0.6986356592484928
0.6986391314719207
0.6986426036953485
0.6986460759187764
0.6986495481422043
0.698653020365632
0.6986564925890599
0.6986599648124877
0.6986634370359156
0.6986669092593435
0.6986703814827714
0.6986738537061992
0.6986773259296271
0.698680798153055
0.6986842703764827
0.6986877425999106
0.6986912148233384
0.6986946870467663
0.6986981592701942
0.6987016314936221
0.6987051037170499
0.6987085759404777
0.6987120481639056
0.6987155203873334
0.6987189926107613
0.6987224648341891
0.6987259370576171
0.6987294092810449
0.6987328815044728
0.6987363537279005
0.6987398259513284
0.6987432981747563
0.6987467703981842
0.698750242621612
0.6987537148450398
0.6987571870684677
0.6987606592918956
0.6987641315153235
0.6987676037387512
0.6987710759621792
0.698774548185607
0.6987780204090349
0.6987814926324627
0.6987849648558906
0.6987884370793184
0.6987919093027463
0.6987953815261742
0.6987988537496019
0.6988023259730299
0.6988057981964577
0.6988092704198856
0.6988127426433134
0.6988162148667413
0.6988196870901692
0.698823159313597
0.6988266315370248
0.6988301037604526
0.6988335759838805
0.6988370482073084
0.6988405204307363
0.6988439926541641
0.698847464877592
0.6988509371010198
0.6988544093244476
0.6988578815478755
0.6988613537713033
0.6988648259947313
0.6988682982181591
0.698871770441587
0.6988752426650148
0.6988787148884427
0.6988821871118704
0.6988856593352984
0.6988891315587262
0.6988926037821541
0.698896076005582
0.6988995482290098
0.6989030204524377
0.6989064926758655
0.6989099648992934
0.6989134371227211
0.6989169093461491
0.6989203815695769
0.6989238537930048
0.6989273260164327
0.6989307982398605
0.6989342704632884
0.6989377426867162
0.698941214910144
0.6989446871335718
0.6989481593569998
0.6989516315804276
0.6989551038038555
