0.8038197235485152
0.8038231957719429
0.8038266679953708
0.8038301402187986
0.8038336124422266
0.8038370846656544
0.8038405568890823
0.8038440291125101
0.803847501335938
0.8038509735593657
0.8038544457827936
0.8038579180062215
0.8038613902296494
0.8038648624530773
0.8038683346765051
0.803871806899933
0.8038752791233608
0.8038787513467887
0.8038822235702164
0.8038856957936444
0.8038891680170723
0.8038926402405001
0.803896112463928
0.8038995846873558
0.8039030569107837
0.8039065291342115
0.8039100013576393
0.8039134735810672
0.803916945804495
0.8039204180279229
0.8039238902513508
0.8039273624747787
0.8039308346982065
0.8039343069216344
0.8039377791450621
0.80394125136849
0.8039447235919178
0.8039481958153458
0.8039516680387736
0.8039551402622015
0.8039586124856294
0.8039620847090572
0.8039655569324851
0.8039690291559128
0.8039725013793407
0.8039759736027685
0.8039794458261965
0.8039829180496243
0.8039863902730522
0.8039898624964801
0.8039933347199079
0.8039968069433358
0.8040002791667635
0.8040037513901914
0.8040072236136193
0.8040106958370471
0.804014168060475
0.8040176402839029
0.8040211125073308
0.8040245847307587
0.8040280569541864
0.8040315291776143
0.8040350014010421
0.8040384736244699
0.8040419458478978
0.8040454180713257
0.8040488902947537
0.8040523625181815
0.8040558347416094
0.8040593069650371
0.804062779188465
0.8040662514118928
0.8040697236353207
0.8040731958587486
0.8040766680821764
0.8040801403056044
0.8040836125290322
0.80408708475246
0.8040905569758878
0.8040940291993157
0.8040975014227435
0.8041009736461714
0.8041044458695993
0.8041079180930271
0.804111390316455
0.8041148625398828
0.8041183347633107
0.8041218069867385
0.8041252792101664
0.8041287514335942
0.8041322236570221
0.8041356958804499
0.8041391681038778
0.8041426403273058
0.8041461125507335
0.8041495847741614
0.8041530569975892
0.8041565292210171
0.8041600014444449
0.8041634736678728
0.8041669458913007
0.8041704181147286
0.8041738903381564
0.8041773625615842
0.8041808347850121
0.8041843070084399
0.8041877792318678
0.8041912514552956
0.8041947236787235
0.8041981959021514
0.8042016681255792
0.804205140349007
0.8042086125724349
0.8042120847958628
0.8042155570192906
0.8042190292427185
0.8042225014661463
0.8042259736895742
0.8042294459130019
0.8042329181364299
0.8042363903598578
0.8042398625832856
0.8042433348067135
0.8042468070301413
0.8042502792535692
0.804253751476997
0.8042572237004249
0.8042606959238527
0.8042641681472806
0.8042676403707085
0.8042711125941363
0.8042745848175642
0.804278057040992
0.8042815292644199
0.8042850014878477
0.8042884737112755
0.8042919459347034
0.8042954181581314
0.8042988903815591
0.8043023626049871
0.8043058348284149
0.8043093070518428
0.8043127792752706
0.8043162514986985
0.8043197237221263
0.804323195945554
0.804326668168982
0.8043301403924098
0.8043336126158378
0.8043370848392656
0.8043405570626935
0.8043440292861213
0.8043475015095491
0.8043509737329769
0.8043544459564048
0.8043579181798327
0.8043613904032606
0.8043648626266885
0.8043683348501163
0.8043718070735442
0.804375279296972
0.8043787515203998
0.8043822237438276
0.8043856959672555
0.8043891681906835
0.8043926404141112
0.8043961126375392
0.804399584860967
0.8044030570843949
0.8044065293078226
0.8044100015312505
0.8044134737546784
0.8044169459781062
0.8044204182015341
0.8044238904249619
0.8044273626483899
0.8044308348718177
0.8044343070952455
0.8044377793186733
0.8044412515421012
0.804444723765529
0.804448195988957
0.8044516682123848
0.8044551404358127
0.8044586126592406
0.8044620848826683
0.8044655571060962
0.804469029329524
0.8044725015529519
0.8044759737763797
0.8044794459998077
0.8044829182232355
0.8044863904466634
0.8044898626700913
0.804493334893519
0.8044968071169469
0.8045002793403747
0.8045037515638026
0.8045072237872305
0.8045106960106583
