0.06076390998746876
0.06076738221089659
0.06077085443432442
0.06077432665775226
0.060777798881180185
0.06078127110460793
0.06078474332803586
0.060788215551463694
0.06079168777489152
0.060795159998319456
0.060798632221747285
0.06080210444517512
0.06080557666860305
0.060809048892030794
0.06081252111545872
0.060815993338886556
0.060819465562314386
0.06082293778574232
0.06082641000917015
0.060829882232597984
0.06083335445602582
0.06083682667945366
0.06084029890288149
0.06084377112630942
0.060847243349737255
0.060850715573165085
0.06085418779659302
0.06085766002002076
0.06086113224344868
0.06086460446687652
0.060868076690304355
0.06087154891373228
0.06087502113716012
0.06087849336058795
0.06088196558401578
0.06088543780744362
0.060888910030871546
0.06089238225429938
0.06089585447772722
0.060899326701155145
0.060902798924582884
0.06090627114801082
0.060909743371438646
0.06091321559486648
0.06091668781829432
0.060920160041722245
0.06092363226515008
0.06092710448857792
0.06093057671200575
0.06093404893543358
0.060937521158861516
0.060940993382289345
0.06094446560571718
0.06094793782914511
0.06095141005257285
0.06095488227600078
0.060958354499428616
0.060961826722856445
0.06096529894628438
0.06096877116971221
0.060972243393140044
0.06097571561656797
0.060979187839995716
0.06098266006342364
0.06098613228685148
0.060989604510279315
0.060993076733707144
0.06099654895713508
0.061000021180562906
0.06100349340399074
0.06100696562741858
0.061010437850846415
0.06101391007427434
0.06101738229770218
0.06102085452113001
0.06102432674455784
0.06102779896798568
0.061031271191413605
0.06103474341484144
0.06103821563826928
0.061041687861697204
0.06104516008512494
0.061048632308552876
0.061052104531980705
0.06105557675540854
0.06105904897883647
0.061062521202264304
0.06106599342569214
0.061069465649119976
0.061072937872547806
0.06107641009597574
0.06107988231940357
0.061083354542831404
0.06108682676625924
0.06109029898968717
0.061093771213115
0.06109724343654284
0.061100715659970675
0.061104187883398504
0.06110766010682644
0.06111113233025427
0.0611146045536821
0.06111807677711003
0.061121549000537775
0.0611250212239657
0.06112849344739354
0.061131965670821374
0.0611354378942493
0.06113891011767714
0.061142382341104966
0.0611458545645328
0.06114932678796064
0.061152799011388564
0.0611562712348164
0.06115974345824424
0.061163215681672066
0.0611666879050999
0.06117016012852783
0.061173632351955665
0.0611771045753835
0.06118057679881134
0.06118404902223926
0.0611875212456671
0.061190993469094936
0.061194465692522765
0.0611979379159506
0.06120141013937853
0.06120488236280636
0.0612083545862342
0.061211826809662126
0.061215299033089865
0.0612187712565178
0.06122224347994563
0.061225715703373464
0.06122918792680139
0.061232660150229226
0.06123613237365706
0.0612396045970849
0.061243076820512735
0.06124654904394066
0.0612500212673685
0.061253493490796326
0.06125696571422416
0.061260437937652
0.061263910161079925
0.06126738238450776
0.0612708546079356
0.06127432683136343
0.06127779905479136
0.061281271278219196
0.061284743501647025
0.06128821572507486
0.0612916879485027
0.061295160171930624
0.06129863239535846
0.061302104618786296
0.06130557684221422
0.06130904906564196
0.06131252128906989
0.061315993512497724
0.06131946573592556
0.061322937959353487
0.06132641018278132
0.06132988240620916
0.061333354629636995
0.061336826853064824
0.06134029907649266
0.06134377129992059
0.06134724352334842
0.06135071574677626
0.061354187970204185
0.061357660193631924
0.06136113241705986
0.06136460464048769
0.06136807686391552
0.06137154908734345
0.061375021310771286
0.06137849353419912
0.06138196575762696
0.061385437981054794
0.06138891020448272
0.061392382427910556
0.061395854651338386
0.06139932687476632
0.06140279909819406
0.061406271321621984
0.06140974354504982
0.06141321576847766
0.06141668799190549
0.06142016021533342
0.06142363243876125
0.061427104662189085
0.06143057688561692
0.06143404910904476
0.06143752133247268
0.06144099355590052
0.061444465779328356
0.06144793800275628
0.06145141022618402
0.06145488244961195
