0.5628474176553533
0.5628508898787812
0.5628543621022091
0.562857834325637
0.5628613065490647
0.5628647787724926
0.5628682509959205
0.5628717232193483
0.5628751954427762
0.562878667666204
0.5628821398896319
0.5628856121130598
0.5628890843364877
0.5628925565599154
0.5628960287833433
0.5628995010067712
0.562902973230199
0.5629064454536269
0.5629099176770547
0.5629133899004826
0.5629168621239105
0.5629203343473383
0.5629238065707661
0.562927278794194
0.5629307510176219
0.5629342232410497
0.5629376954644776
0.5629411676879054
0.5629446399113333
0.5629481121347611
0.562951584358189
0.5629550565816168
0.5629585288050447
0.5629620010284726
0.5629654732519005
0.5629689454753283
0.5629724176987562
0.562975889922184
0.5629793621456118
0.5629828343690397
0.5629863065924675
0.5629897788158954
0.5629932510393233
0.5629967232627512
0.563000195486179
0.5630036677096069
0.5630071399330346
0.5630106121564625
0.5630140843798904
0.5630175566033182
0.5630210288267461
0.563024501050174
0.5630279732736019
0.5630314454970297
0.5630349177204576
0.5630383899438853
0.5630418621673132
0.5630453343907411
0.5630488066141689
0.5630522788375968
0.5630557510610247
0.5630592232844526
0.5630626955078804
0.5630661677313082
0.563069639954736
0.5630731121781639
0.5630765844015918
0.5630800566250196
0.5630835288484475
0.5630870010718754
0.5630904732953033
0.563093945518731
0.5630974177421589
0.5631008899655867
0.5631043621890147
0.5631078344124425
0.5631113066358704
0.5631147788592982
0.5631182510827261
0.563121723306154
0.5631251955295817
0.5631286677530096
0.5631321399764374
0.5631356121998654
0.5631390844232932
0.5631425566467211
0.5631460288701489
0.5631495010935768
0.5631529733170046
0.5631564455404324
0.5631599177638603
0.5631633899872881
0.5631668622107161
0.5631703344341439
0.5631738066575718
0.5631772788809996
0.5631807511044274
0.5631842233278553
0.5631876955512831
0.563191167774711
0.5631946399981388
0.5631981122215668
0.5632015844449946
0.5632050566684225
0.5632085288918502
0.5632120011152782
0.563215473338706
0.5632189455621338
0.5632224177855617
0.5632258900089895
0.5632293622324175
0.5632328344558453
0.5632363066792732
0.5632397789027009
0.5632432511261289
0.5632467233495567
0.5632501955729846
0.5632536677964124
0.5632571400198403
0.5632606122432682
0.563264084466696
0.5632675566901238
0.5632710289135516
0.5632745011369796
0.5632779733604074
0.5632814455838353
0.5632849178072631
0.563288390030691
0.5632918622541189
0.5632953344775466
0.5632988067009745
0.5633022789244023
0.5633057511478303
0.5633092233712581
0.563312695594686
0.5633161678181138
0.5633196400415417
0.5633231122649696
0.5633265844883973
0.5633300567118252
0.563333528935253
0.563337001158681
0.5633404733821088
0.5633439456055367
0.5633474178289645
0.5633508900523924
0.5633543622758203
0.563357834499248
0.5633613067226759
0.5633647789461037
0.5633682511695317
0.5633717233929595
0.5633751956163874
0.5633786678398152
0.563382140063243
0.563385612286671
0.5633890845100988
0.5633925567335266
0.5633960289569545
0.5633995011803824
0.5634029734038102
0.5634064456272381
0.5634099178506659
0.5634133900740937
0.5634168622975216
0.5634203345209495
0.5634238067443773
0.5634272789678052
0.5634307511912331
0.5634342234146609
0.5634376956380888
0.5634411678615165
0.5634446400849444
0.5634481123083723
0.5634515845318002
0.563455056755228
0.5634585289786559
0.5634620012020838
0.5634654734255116
0.5634689456489395
0.5634724178723672
0.5634758900957951
0.563479362319223
0.5634828345426509
0.5634863067660787
0.5634897789895066
0.5634932512129345
0.5634967234363624
0.5635001956597901
0.5635036678832179
0.5635071401066458
0.5635106123300737
0.5635140845535016
0.5635175567769294
0.5635210290003573
0.5635245012237852
0.5635279734472131
0.5635314456706408
0.5635349178940687
0.5635383901174965
