0.23437508138023658
0.2343785536036644
0.2343820258270923
0.23438549805052017
0.23438897027394798
0.23439244249737584
0.23439591472080368
0.23439938694423157
0.2344028591676594
0.2344063313910873
0.23440980361451516
0.23441327583794294
0.23441674806137083
0.23442022028479867
0.23442369250822656
0.23442716473165442
0.23443063695508226
0.23443410917851015
0.23443758140193793
0.23444105362536583
0.2344445258487937
0.23444799807222153
0.23445147029564942
0.23445494251907725
0.2344584147425051
0.23446188696593295
0.2344653591893608
0.23446883141278868
0.23447230363621652
0.2344757758596444
0.2344792480830722
0.23448272030650005
0.23448619252992794
0.23448966475335578
0.23449313697678367
0.2344966092002115
0.23450008142363937
0.23450355364706726
0.23450702587049504
0.23451049809392294
0.23451397031735077
0.23451744254077864
0.23452091476420653
0.23452438698763436
0.23452785921106223
0.23453133143449004
0.2345348036579179
0.2345382758813458
0.23454174810477363
0.23454522032820152
0.23454869255162936
0.23455216477505722
0.234555636998485
0.2345591092219129
0.23456258144534078
0.23456605366876862
0.23456952589219648
0.23457299811562432
0.2345764703390522
0.23457994256248005
0.23458341478590788
0.23458688700933575
0.23459035923276358
0.23459383145619148
0.23459730367961937
0.23460077590304715
0.234604248126475
0.23460772034990285
0.23461119257333074
0.23461466479675858
0.23461813702018647
0.23462160924361433
0.2346250814670421
0.23462855369047
0.23463202591389784
0.23463549813732573
0.2346389703607536
0.23464244258418143
0.23464591480760932
0.2346493870310371
0.234652859254465
0.23465633147789286
0.2346598037013207
0.2346632759247486
0.23466674814817642
0.2346702203716043
0.23467369259503218
0.23467716481845996
0.23468063704188785
0.2346841092653157
0.23468758148874358
0.23469105371217142
0.23469452593559928
0.23469799815902712
0.23470147038245495
0.23470494260588284
0.23470841482931068
0.23471188705273854
0.23471535927616644
0.23471883149959422
0.2347223037230221
0.23472577594644994
0.2347292481698778
0.2347327203933057
0.23473619261673354
0.23473966484016143
0.2347431370635892
0.23474660928701707
0.23475008151044496
0.2347535537338728
0.2347570259573007
0.23476049818072853
0.2347639704041564
0.23476744262758417
0.23477091485101206
0.23477438707443996
0.2347778592978678
0.23478133152129566
0.2347848037447235
0.23478827596815138
0.23479174819157925
0.23479522041500706
0.23479869263843492
0.23480216486186276
0.23480563708529065
0.23480910930871854
0.23481258153214635
0.23481605375557418
0.23481952597900202
0.2348229982024299
0.23482647042585775
0.23482994264928564
0.2348334148727135
0.23483688709614134
0.23484035931956918
0.234843831542997
0.2348473037664249
0.23485077598985277
0.2348542482132806
0.2348577204367085
0.23486119266013628
0.23486466488356417
0.23486813710699203
0.23487160933041987
0.23487508155384776
0.2348785537772756
0.2348820260007035
0.23488549822413135
0.23488897044755913
0.23489244267098702
0.23489591489441486
0.23489938711784275
0.2349028593412706
0.23490633156469845
0.23490980378812634
0.23491327601155412
0.23491674823498201
0.23492022045840985
0.23492369268183771
0.2349271649052656
0.23493063712869344
0.2349341093521213
0.23493758157554911
0.23494105379897698
0.23494452602240487
0.2349479982458327
0.2349514704692606
0.2349549426926884
0.23495841491611624
0.23496188713954413
0.23496535936297197
0.23496883158639986
0.2349723038098277
0.23497577603325556
0.2349792482566834
0.23498272048011123
0.23498619270353913
0.23498966492696696
0.23499313715039483
0.23499660937382266
0.23500008159725055
0.23500355382067842
0.23500702604410623
0.2350104982675341
0.23501397049096193
0.23501744271438982
0.2350209149378177
0.23502438716124552
0.2350278593846734
0.2350313316081012
0.23503480383152908
0.23503827605495697
0.2350417482783848
0.23504522050181267
0.2350486927252405
0.2350521649486684
0.23505563717209618
0.23505910939552407
0.23506258161895194
0.23506605384237977
