0.6246529946711787
0.6246564668946065
0.6246599391180344
0.6246634113414622
0.6246668835648902
0.624670355788318
0.6246738280117459
0.6246773002351738
0.6246807724586015
0.6246842446820294
0.6246877169054572
0.6246911891288851
0.6246946613523129
0.6246981335757409
0.6247016057991687
0.6247050780225966
0.6247085502460245
0.6247120224694522
0.6247154946928801
0.6247189669163079
0.6247224391397358
0.6247259113631636
0.6247293835865916
0.6247328558100194
0.6247363280334473
0.624739800256875
0.6247432724803029
0.6247467447037308
0.6247502169271586
0.6247536891505865
0.6247571613740143
0.6247606335974423
0.62476410582087
0.6247675780442979
0.6247710502677258
0.6247745224911536
0.6247779947145815
0.6247814669380093
0.6247849391614372
0.624788411384865
0.624791883608293
0.6247953558317207
0.6247988280551486
0.6248023002785765
0.6248057725020044
0.6248092447254322
0.6248127169488601
0.6248161891722879
0.6248196613957157
0.6248231336191437
0.6248266058425714
0.6248300780659993
0.6248335502894272
0.6248370225128551
0.6248404947362829
0.6248439669597108
0.6248474391831386
0.6248509114065665
0.6248543836299943
0.6248578558534221
0.62486132807685
0.6248648003002778
0.6248682725237058
0.6248717447471336
0.6248752169705615
0.6248786891939893
0.6248821614174171
0.624885633640845
0.6248891058642728
0.6248925780877007
0.6248960503111286
0.6248995225345565
0.6249029947579843
0.6249064669814122
0.62490993920484
0.6249134114282678
0.6249168836516957
0.6249203558751235
0.6249238280985514
0.6249273003219793
0.6249307725454072
0.624934244768835
0.6249377169922629
0.6249411892156906
0.6249446614391185
0.6249481336625464
0.6249516058859743
0.6249550781094021
0.62495855033283
0.6249620225562579
0.6249654947796857
0.6249689670031136
0.6249724392265413
0.6249759114499692
0.6249793836733971
0.624982855896825
0.6249863281202528
0.6249898003436807
0.6249932725671086
0.6249967447905364
0.6250002170139642
0.625003689237392
0.62500716146082
0.6250106336842478
0.6250141059076757
0.6250175781311035
0.6250210503545314
0.6250245225779593
0.625027994801387
0.6250314670248149
0.6250349392482427
0.6250384114716706
0.6250418836950984
0.6250453559185264
0.6250488281419542
0.6250523003653822
0.62505577258881
0.6250592448122377
0.6250627170356656
0.6250661892590934
0.6250696614825213
0.6250731337059492
0.6250766059293771
0.6250800781528049
0.6250835503762329
0.6250870225996606
0.6250904948230885
0.6250939670465163
0.6250974392699442
0.625100911493372
0.6251043837167999
0.6251078559402278
0.6251113281636556
0.6251148003870834
0.6251182726105113
0.6251217448339392
0.625125217057367
0.6251286892807949
0.6251321615042227
0.6251356337276506
0.6251391059510785
0.6251425781745062
0.6251460503979342
0.625149522621362
0.6251529948447899
0.6251564670682177
0.6251599392916456
0.6251634115150734
0.6251668837385013
0.6251703559619292
0.6251738281853569
0.6251773004087848
0.6251807726322127
0.6251842448556406
0.6251877170790684
0.6251911893024963
0.6251946615259241
0.6251981337493521
0.6252016059727799
0.6252050781962076
0.6252085504196356
0.6252120226430634
0.6252154948664913
0.6252189670899191
0.625222439313347
0.6252259115367748
0.6252293837602028
0.6252328559836305
0.6252363282070584
0.6252398004304863
0.6252432726539141
0.625246744877342
0.6252502171007698
0.6252536893241977
0.6252571615476256
0.6252606337710535
0.6252641059944812
0.6252675782179091
0.6252710504413369
0.6252745226647648
0.6252779948881927
0.6252814671116205
0.6252849393350484
0.6252884115584761
0.625291883781904
0.6252953560053319
0.6252988282287598
0.6253023004521877
0.6253057726756155
0.6253092448990434
0.6253127171224712
0.625316189345899
0.6253196615693268
0.6253231337927548
0.6253266060161826
0.6253300782396105
0.6253335504630384
0.6253370226864663
0.6253404949098941
0.6253439671333219
