0.9475697734617269
0.9475732456851549
0.9475767179085826
0.9475801901320106
0.9475836623554382
0.9475871345788662
0.947590606802294
0.9475940790257219
0.9475975512491499
0.9476010234725776
0.9476044956960056
0.9476079679194332
0.9476114401428612
0.947614912366289
0.9476183845897169
0.9476218568131447
0.9476253290365726
0.9476288012600004
0.9476322734834283
0.9476357457068563
0.9476392179302839
0.9476426901537119
0.9476461623771397
0.9476496346005676
0.9476531068239954
0.9476565790474233
0.9476600512708511
0.947663523494279
0.947666995717707
0.9476704679411346
0.9476739401645626
0.9476774123879903
0.9476808846114183
0.9476843568348461
0.947687829058274
0.947691301281702
0.9476947735051297
0.9476982457285577
0.9477017179519853
0.9477051901754133
0.9477086623988411
0.947712134622269
0.9477156068456968
0.9477190790691247
0.9477225512925525
0.9477260235159803
0.9477294957394083
0.947732967962836
0.947736440186264
0.9477399124096918
0.9477433846331197
0.9477468568565475
0.9477503290799754
0.9477538013034031
0.947757273526831
0.947760745750259
0.9477642179736867
0.9477676901971147
0.9477711624205424
0.9477746346439704
0.9477781068673983
0.947781579090826
0.9477850513142541
0.9477885235376817
0.9477919957611097
0.9477954679845374
0.9477989402079654
0.9478024124313933
0.9478058846548211
0.947809356878249
0.9478128291016767
0.9478163013251046
0.9478197735485324
0.9478232457719604
0.9478267179953881
0.9478301902188161
0.947833662442244
0.9478371346656718
0.9478406068890997
0.9478440791125274
0.9478475513359553
0.9478510235593831
0.9478544957828111
0.9478579680062388
0.9478614402296668
0.9478649124530945
0.9478683846765225
0.9478718568999503
0.9478753291233781
0.9478788013468061
0.9478822735702338
0.9478857457936618
0.9478892180170895
0.9478926902405175
0.9478961624639454
0.9478996346873731
0.947903106910801
0.9479065791342288
0.9479100513576568
0.9479135235810845
0.9479169958045125
0.9479204680279402
0.9479239402513682
0.9479274124747961
0.9479308846982238
0.9479343569216517
0.9479378291450795
0.9479413013685074
0.9479447735919352
0.9479482458153632
0.9479517180387909
0.9479551902622189
0.9479586624856465
0.9479621347090745
0.9479656069325024
0.9479690791559302
0.9479725513793581
0.9479760236027859
0.9479794958262139
0.9479829680496416
0.9479864402730696
0.9479899124964972
0.9479933847199252
0.9479968569433531
0.9480003291667809
0.948003801390209
0.9480072736136366
0.9480107458370647
0.9480142180604922
0.9480176902839204
0.9480211625073481
0.9480246347307759
0.9480281069542038
0.9480315791776316
0.9480350514010595
0.9480385236244873
0.9480419958479154
0.9480454680713429
0.948048940294771
0.9480524125181988
0.9480558847416267
0.9480593569650545
0.9480628291884824
0.9480663014119102
0.948069773635338
0.9480732458587661
0.9480767180821936
0.9480801903056217
0.9480836625290493
0.9480871347524774
0.9480906069759052
0.9480940791993331
0.9480975514227611
0.9481010236461888
0.9481044958696168
0.9481079680930444
0.9481114403164724
0.9481149125399002
0.9481183847633281
0.9481218569867559
0.9481253292101838
0.9481288014336116
0.9481322736570394
0.9481357458804675
0.9481392181038951
0.9481426903273231
0.9481461625507509
0.9481496347741788
0.9481531069976066
0.9481565792210345
0.9481600514444622
0.9481635236678901
0.9481669958913181
0.9481704681147458
0.9481739403381738
0.9481774125616015
0.9481808847850295
0.9481843570084573
0.9481878292318852
0.9481913014553132
0.9481947736787408
0.9481982459021688
0.9482017181255965
0.9482051903490245
0.9482086625724523
0.9482121347958802
0.948215607019308
0.9482190792427359
0.9482225514661636
0.9482260236895915
0.9482294959130195
0.9482329681364472
0.9482364403598752
0.948239912583303
0.9482433848067309
0.9482468570301587
0.9482503292535865
0.9482538014770143
0.9482572737004422
0.9482607459238702
