0.5670140857687798
0.5670175579922077
0.5670210302156354
0.5670245024390633
0.5670279746624912
0.567031446885919
0.5670349191093469
0.5670383913327747
0.5670418635562027
0.5670453357796305
0.5670488080030583
0.5670522802264861
0.5670557524499141
0.5670592246733419
0.5670626968967697
0.5670661691201976
0.5670696413436254
0.5670731135670534
0.5670765857904811
0.567080058013909
0.5670835302373368
0.5670870024607648
0.5670904746841926
0.5670939469076205
0.5670974191310483
0.5671008913544762
0.5671043635779041
0.5671078358013318
0.5671113080247597
0.5671147802481875
0.5671182524716155
0.5671217246950433
0.5671251969184712
0.567128669141899
0.5671321413653269
0.5671356135887548
0.5671390858121825
0.5671425580356104
0.5671460302590382
0.5671495024824662
0.567152974705894
0.5671564469293219
0.5671599191527497
0.5671633913761776
0.5671668635996054
0.5671703358230332
0.5671738080464611
0.5671772802698889
0.5671807524933169
0.5671842247167447
0.5671876969401726
0.5671911691636004
0.5671946413870282
0.5671981136104561
0.5672015858338839
0.5672050580573118
0.5672085302807396
0.5672120025041676
0.5672154747275954
0.5672189469510233
0.567222419174451
0.5672258913978789
0.5672293636213068
0.5672328358447347
0.5672363080681625
0.5672397802915904
0.5672432525150183
0.5672467247384461
0.567250196961874
0.5672536691853017
0.5672571414087296
0.5672606136321575
0.5672640858555854
0.5672675580790132
0.5672710303024411
0.567274502525869
0.5672779747492968
0.5672814469727246
0.5672849191961524
0.5672883914195803
0.5672918636430082
0.5672953358664361
0.5672988080898639
0.5673022803132918
0.5673057525367197
0.5673092247601474
0.5673126969835753
0.5673161692070031
0.567319641430431
0.5673231136538589
0.5673265858772868
0.5673300581007146
0.5673335303241425
0.5673370025475704
0.5673404747709982
0.567343946994426
0.5673474192178538
0.5673508914412817
0.5673543636647096
0.5673578358881375
0.5673613081115653
0.5673647803349932
0.567368252558421
0.5673717247818489
0.5673751970052767
0.5673786692287046
0.5673821414521324
0.5673856136755603
0.5673890858989882
0.567392558122416
0.5673960303458438
0.5673995025692717
0.5674029747926996
0.5674064470161274
0.5674099192395553
0.5674133914629831
0.567416863686411
0.5674203359098389
0.5674238081332666
0.5674272803566945
0.5674307525801224
0.5674342248035503
0.5674376970269781
0.567441169250406
0.5674446414738338
0.5674481136972617
0.5674515859206896
0.5674550581441173
0.5674585303675452
0.5674620025909731
0.567465474814401
0.5674689470378288
0.5674724192612567
0.5674758914846845
0.5674793637081125
0.5674828359315403
0.567486308154968
0.5674897803783959
0.5674932526018238
0.5674967248252517
0.5675001970486795
0.5675036692721074
0.5675071414955352
0.5675106137189632
0.567514085942391
0.5675175581658188
0.5675210303892466
0.5675245026126745
0.5675279748361024
0.5675314470595302
0.5675349192829581
0.5675383915063859
0.5675418637298139
0.5675453359532416
0.5675488081766695
0.5675522804000973
0.5675557526235252
0.5675592248469531
0.5675626970703809
0.5675661692938088
0.5675696415172365
0.5675731137406645
0.5675765859640923
0.5675800581875202
0.567583530410948
0.5675870026343759
0.5675904748578038
0.5675939470812316
0.5675974193046595
0.5676008915280872
0.5676043637515152
0.567607835974943
0.5676113081983709
0.5676147804217987
0.5676182526452267
0.5676217248686545
0.5676251970920823
0.5676286693155101
0.5676321415389379
0.5676356137623659
0.5676390859857937
0.5676425582092216
0.5676460304326494
0.5676495026560774
0.5676529748795052
0.5676564471029331
0.5676599193263608
0.5676633915497887
0.5676668637732166
0.5676703359966444
0.5676738082200723
0.5676772804435001
0.5676807526669281
0.5676842248903559
0.5676876971137838
0.5676911693372115
0.5676946415606394
0.5676981137840673
0.5677015860074951
0.567705058230923
