0.7559030402441111
0.755906512467539
0.7559099846909668
0.7559134569143947
0.7559169291378226
0.7559204013612506
0.7559238735846783
0.7559273458081063
0.7559308180315341
0.755934290254962
0.7559377624783897
0.7559412347018176
0.7559447069252455
0.7559481791486732
0.7559516513721012
0.755955123595529
0.755958595818957
0.7559620680423847
0.7559655402658126
0.7559690124892404
0.7559724847126683
0.7559759569360961
0.755979429159524
0.7559829013829519
0.7559863736063798
0.7559898458298077
0.7559933180532354
0.7559967902766633
0.7560002625000911
0.756003734723519
0.7560072069469468
0.7560106791703747
0.7560141513938025
0.7560176236172303
0.7560210958406584
0.7560245680640861
0.756028040287514
0.7560315125109418
0.7560349847343697
0.7560384569577976
0.7560419291812254
0.7560454014046533
0.756048873628081
0.756052345851509
0.7560558180749368
0.7560592902983647
0.7560627625217925
0.7560662347452204
0.7560697069686482
0.7560731791920762
0.756076651415504
0.7560801236389318
0.7560835958623597
0.7560870680857875
0.7560905403092154
0.7560940125326432
0.7560974847560711
0.7561009569794989
0.7561044292029269
0.7561079014263546
0.7561113736497825
0.7561148458732104
0.7561183180966382
0.7561217903200661
0.7561252625434939
0.7561287347669218
0.7561322069903497
0.7561356792137774
0.7561391514372053
0.7561426236606332
0.7561460958840611
0.7561495681074889
0.7561530403309168
0.7561565125543446
0.7561599847777725
0.7561634570012002
0.7561669292246281
0.756170401448056
0.756173873671484
0.7561773458949118
0.7561808181183397
0.7561842903417675
0.7561877625651953
0.7561912347886232
0.7561947070120509
0.7561981792354789
0.7562016514589067
0.7562051236823347
0.7562085959057625
0.7562120681291904
0.7562155403526182
0.7562190125760461
0.7562224847994738
0.7562259570229017
0.7562294292463296
0.7562329014697574
0.7562363736931853
0.7562398459166132
0.7562433181400411
0.7562467903634689
0.7562502625868968
0.7562537348103245
0.7562572070337524
0.7562606792571802
0.7562641514806081
0.7562676237040361
0.7562710959274639
0.7562745681508918
0.7562780403743196
0.7562815125977475
0.7562849848211752
0.7562884570446031
0.756291929268031
0.7562954014914588
0.7562988737148868
0.7563023459383145
0.7563058181617425
0.7563092903851703
0.7563127626085981
0.7563162348320259
0.7563197070554538
0.7563231792788817
0.7563266515023096
0.7563301237257374
0.7563335959491653
0.7563370681725932
0.7563405403960209
0.7563440126194488
0.7563474848428766
0.7563509570663045
0.7563544292897323
0.7563579015131603
0.7563613737365882
0.756364845960016
0.7563683181834439
0.7563717904068716
0.7563752626302995
0.7563787348537273
0.7563822070771552
0.7563856793005831
0.756389151524011
0.7563926237474389
0.7563960959708667
0.7563995681942945
0.7564030404177223
0.7564065126411502
0.756409984864578
0.7564134570880059
0.7564169293114338
0.7564204015348618
0.7564238737582895
0.7564273459817173
0.7564308182051452
0.756434290428573
0.7564377626520009
0.7564412348754287
0.7564447070988567
0.7564481793222844
0.7564516515457124
0.7564551237691401
0.7564585959925682
0.7564620682159959
0.7564655404394238
0.7564690126628516
0.7564724848862794
0.7564759571097073
0.7564794293331352
0.7564829015565631
0.756486373779991
0.7564898460034188
0.7564933182268466
0.7564967904502745
0.7565002626737023
0.7565037348971302
0.756507207120558
0.7565106793439859
0.7565141515674136
0.7565176237908415
0.7565210960142695
0.7565245682376973
0.7565280404611252
0.756531512684553
0.7565349849079809
0.7565384571314088
0.7565419293548366
0.7565454015782644
0.7565488738016922
0.7565523460251202
0.756555818248548
0.7565592904719759
0.7565627626954037
0.7565662349188316
0.7565697071422594
0.7565731793656872
0.7565766515891151
0.756580123812543
0.7565835960359709
0.7565870682593987
0.7565905404828266
0.7565940127062544
