0.8607641877653429
0.8607676599887709
0.8607711322121987
0.8607746044356266
0.8607780766590544
0.8607815488824823
0.86078502110591
0.8607884933293379
0.8607919655527659
0.8607954377761936
0.8607989099996216
0.8608023822230494
0.8608058544464773
0.8608093266699051
0.860812798893333
0.8608162711167607
0.8608197433401886
0.8608232155636164
0.8608266877870443
0.8608301600104723
0.8608336322339001
0.860837104457328
0.8608405766807558
0.8608440489041836
0.8608475211276114
0.8608509933510393
0.8608544655744673
0.860857937797895
0.860861410021323
0.8608648822447508
0.8608683544681787
0.8608718266916064
0.8608752989150343
0.8608787711384621
0.86088224336189
0.860885715585318
0.8608891878087459
0.8608926600321737
0.8608961322556016
0.8608996044790294
0.8609030767024571
0.860906548925885
0.8609100211493128
0.8609134933727407
0.8609169655961685
0.8609204378195964
0.8609239100430244
0.8609273822664523
0.86093085448988
0.8609343267133079
0.8609377989367357
0.8609412711601636
0.8609447433835914
0.8609482156070194
0.8609516878304471
0.8609551600538751
0.8609586322773027
0.8609621045007307
0.8609655767241586
0.8609690489475864
0.8609725211710143
0.8609759933944421
0.8609794656178701
0.860982937841298
0.8609864100647258
0.8609898822881537
0.8609933545115814
0.8609968267350093
0.8610002989584371
0.861003771181865
0.8610072434052928
0.8610107156287207
0.8610141878521484
0.8610176600755765
0.8610211322990043
0.8610246045224321
0.86102807674586
0.8610315489692878
0.8610350211927157
0.8610384934161435
0.8610419656395715
0.8610454378629991
0.8610489100864271
0.861052382309855
0.8610558545332828
0.8610593267567107
0.8610627989801385
0.8610662712035664
0.8610697434269942
0.8610732156504222
0.86107668787385
0.8610801600972778
0.8610836323207057
0.8610871045441335
0.8610905767675614
0.8610940489909892
0.8610975212144171
0.8611009934378449
0.8611044656612727
0.8611079378847005
0.8611114101081285
0.8611148823315564
0.8611183545549842
0.8611218267784121
0.8611252990018399
0.8611287712252678
0.8611322434486955
0.8611357156721237
0.8611391878955512
0.8611426601189792
0.8611461323424071
0.8611496045658349
0.8611530767892628
0.8611565490126906
0.8611600212361185
0.8611634934595462
0.8611669656829744
0.8611704379064019
0.86117391012983
0.8611773823532578
0.8611808545766857
0.8611843268001135
0.8611877990235413
0.8611912712469691
0.8611947434703969
0.8611982156938248
0.8612016879172526
0.8612051601406807
0.8612086323641085
0.8612121045875364
0.8612155768109642
0.8612190490343921
0.8612225212578198
0.8612259934812477
0.8612294657046755
0.8612329379281033
0.8612364101515314
0.8612398823749592
0.8612433545983871
0.8612468268218149
0.8612502990452428
0.8612537712686705
0.8612572434920984
0.8612607157155264
0.8612641879389541
0.8612676601623821
0.8612711323858099
0.8612746046092378
0.8612780768326656
0.8612815490560934
0.8612850212795212
0.8612884935029491
0.8612919657263771
0.8612954379498049
0.8612989101732328
0.8613023823966606
0.8613058546200885
0.8613093268435162
0.8613127990669441
0.8613162712903719
0.8613197435137998
0.8613232157372276
0.8613266879606555
0.8613301601840835
0.8613336324075113
0.8613371046309392
0.8613405768543669
0.8613440490777948
0.8613475213012226
0.8613509935246505
0.8613544657480785
0.8613579379715062
0.8613614101949342
0.861364882418362
0.8613683546417898
0.8613718268652176
0.8613752990886455
0.8613787713120733
0.8613822435355012
0.8613857157589292
0.861389187982357
0.8613926602057849
0.8613961324292126
0.8613996046526405
0.8614030768760683
0.8614065490994962
0.861410021322924
0.8614134935463519
0.8614169657697797
0.8614204379932076
0.8614239102166356
0.8614273824400633
0.8614308546634912
0.861434326886919
0.8614377991103469
0.8614412713337747
0.8614447435572026
0.8614482157806306
0.8614516880040582
0.8614551602274862
