0.4392362636237026
0.43923973584713044
0.4392432080705584
0.4392466802939862
0.43925015251741406
0.4392536247408419
0.43925709696426973
0.4392605691876977
0.4392640414111255
0.43926751363455335
0.43927098585798113
0.4392744580814091
0.4392779303048369
0.43928140252826475
0.4392848747516926
0.4392883469751204
0.43929181919854837
0.4392952914219762
0.43929876364540404
0.4393022358688319
0.4393057080922598
0.4393091803156876
0.43931265253911544
0.4393161247625433
0.4393195969859711
0.43932306920939906
0.4393265414328269
0.43933001365625474
0.4393334858796826
0.43933695810311046
0.4393404303265383
0.43934390254996614
0.439347374773394
0.4393508469968218
0.43935431922024976
0.4393577914436776
0.43936126366710543
0.43936473589053326
0.43936820811396116
0.439371680337389
0.43937515256081683
0.43937862478424466
0.4393820970076725
0.43938556923110045
0.4393890414545283
0.4393925136779561
0.43939598590138396
0.4393994581248119
0.43940293034823974
0.4394064025716676
0.4394098747950954
0.4394133470185232
0.43941681924195114
0.439420291465379
0.4394237636888068
0.43942723591223465
0.4394307081356626
0.43943418035909043
0.43943765258251827
0.4394411248059461
0.43944459702937394
0.43944806925280183
0.43945154147622967
0.4394550136996575
0.43945848592308534
0.4394619581465133
0.4394654303699411
0.43946890259336896
0.4394723748167968
0.43947584704022463
0.4394793192636525
0.43948279148708036
0.4394862637105082
0.43948973593393603
0.439493208157364
0.4394966803807918
0.43950015260421965
0.4395036248276475
0.4395070970510753
0.4395105692745032
0.43951404149793105
0.4395175137213589
0.4395209859447867
0.43952445816821467
0.4395279303916425
0.43953140261507034
0.4395348748384982
0.439538347061926
0.43954181928535396
0.4395452915087818
0.43954876373220964
0.43955223595563747
0.43955570817906536
0.4395591804024932
0.43956265262592104
0.43956612484934887
0.4395695970727767
0.43957306929620465
0.4395765415196325
0.4395800137430603
0.43958348596648816
0.43958695818991605
0.4395904304133439
0.4395939026367717
0.43959737486019956
0.4396008470836274
0.43960431930705535
0.4396077915304832
0.439611263753911
0.43961473597733886
0.43961820820076675
0.4396216804241946
0.4396251526476224
0.43962862487105026
0.4396320970944781
0.43963556931790604
0.4396390415413339
0.4396425137647617
0.43964598598818955
0.4396494582116175
0.4396529304350453
0.4396564026584731
0.43965987488190095
0.4396633471053288
0.43966681932875673
0.43967029155218457
0.4396737637756124
0.43967723599904024
0.4396807082224682
0.439684180445896
0.43968765266932386
0.4396911248927517
0.43969459711617953
0.4396980693396074
0.43970154156303526
0.4397050137864631
0.43970848600989093
0.4397119582333189
0.4397154304567467
0.43971890268017455
0.4397223749036024
0.4397258471270302
0.4397293193504581
0.43973279157388595
0.4397362637973138
0.4397397360207416
0.43974320824416957
0.4397466804675974
0.43975015269102524
0.4397536249144531
0.4397570971378809
0.4397605693613088
0.43976404158473664
0.4397675138081645
0.4397709860315923
0.43977445825502026
0.4397779304784481
0.43978140270187593
0.43978487492530377
0.4397883471487316
0.43979181937215955
0.43979529159558733
0.43979876381901517
0.439802236042443
0.43980570826587095
0.4398091804892988
0.4398126527127266
0.43981612493615446
0.4398195971595823
0.43982306938301025
0.4398265416064381
0.4398300138298659
0.43983348605329375
0.43983695827672165
0.4398404305001495
0.4398439027235773
0.43984737494700515
0.439850847170433
0.43985431939386094
0.4398577916172888
0.4398612638407166
0.43986473606414445
0.43986820828757234
0.4398716805110002
0.439875152734428
0.43987862495785585
0.4398820971812837
0.43988556940471163
0.43988904162813947
0.4398925138515673
0.43989598607499514
0.43989945829842303
0.43990293052185087
0.4399064027452787
0.43990987496870654
0.4399133471921344
0.4399168194155623
0.43992029163899016
0.439923763862418
0.43992723608584583
