0.48854183629924874
0.4885453085226766
0.4885487807461044
0.48855225296953225
0.48855572519296014
0.488559197416388
0.4885626696398158
0.48856614186324365
0.4885696140866715
0.48857308631009944
0.48857655853352727
0.4885800307569551
0.48858350298038294
0.4885869752038109
0.4885904474272387
0.4885939196506665
0.48859739187409434
0.4886008640975222
0.48860433632095013
0.48860780854437796
0.4886112807678058
0.48861475299123364
0.4886182252146616
0.4886216974380894
0.48862516966151726
0.4886286418849451
0.48863211410837293
0.4886355863318008
0.48863905855522866
0.4886425307786565
0.48864600300208433
0.4886494752255123
0.4886529474489401
0.48865641967236795
0.4886598918957958
0.4886633641192236
0.4886668363426515
0.48867030856607935
0.4886737807895072
0.488677253012935
0.48868072523636297
0.4886841974597908
0.48868766968321864
0.4886911419066465
0.4886946141300743
0.4886980863535022
0.48870155857693004
0.4887050308003579
0.4887085030237857
0.48871197524721366
0.4887154474706415
0.48871891969406933
0.48872239191749717
0.488725864140925
0.48872933636435295
0.4887328085877808
0.48873628081120857
0.4887397530346364
0.48874322525806435
0.4887466974814922
0.48875016970492
0.48875364192834786
0.4887571141517757
0.48876058637520364
0.4887640585986315
0.4887675308220593
0.48877100304548715
0.48877447526891504
0.4887779474923429
0.4887814197157707
0.48878489193919855
0.4887883641626264
0.48879183638605433
0.48879530860948217
0.48879878083291
0.48880225305633784
0.48880572527976573
0.48880919750319357
0.4888126697266214
0.48881614195004924
0.4888196141734771
0.488823086396905
0.48882655862033286
0.4888300308437607
0.48883350306718854
0.4888369752906164
0.48884044751404426
0.4888439197374721
0.48884739196089994
0.48885086418432777
0.4888543364077557
0.48885780863118355
0.4888612808546114
0.4888647530780392
0.4888682253014672
0.488871697524895
0.48887516974832285
0.4888786419717506
0.48888211419517846
0.4888855864186064
0.48888905864203425
0.4888925308654621
0.4888960030888899
0.48889947531231787
0.4889029475357457
0.48890641975917354
0.4889098919826014
0.4889133642060292
0.4889168364294571
0.48892030865288494
0.4889237808763128
0.4889272530997406
0.48893072532316856
0.4889341975465964
0.48893766977002423
0.48894114199345207
0.4889446142168799
0.4889480864403078
0.48895155866373563
0.48895503088716347
0.4889585031105913
0.48896197533401925
0.4889654475574471
0.4889689197808749
0.48897239200430276
0.4889758642277306
0.4889793364511585
0.4889828086745863
0.48898628089801416
0.488989753121442
0.48899322534486994
0.4889966975682978
0.4890001697917256
0.48900364201515345
0.4890071142385813
0.48901058646200923
0.48901405868543707
0.4890175309088649
0.4890210031322927
0.48902447535572063
0.48902794757914847
0.4890314198025763
0.48903489202600414
0.489038364249432
0.4890418364728599
0.48904530869628776
0.4890487809197156
0.48905225314314343
0.4890557253665713
0.48905919758999916
0.489062669813427
0.48906614203685483
0.48906961426028267
0.4890730864837106
0.48907655870713845
0.4890800309305663
0.4890835031539941
0.489086975377422
0.48909044760084985
0.4890939198242777
0.4890973920477055
0.48910086427113336
0.4891043364945613
0.48910780871798915
0.489111280941417
0.4891147531648448
0.4891182253882727
0.48912169761170055
0.4891251698351284
0.4891286420585562
0.48913211428198405
0.489135586505412
0.48913905872883984
0.4891425309522677
0.4891460031756955
0.48914947539912346
0.4891529476225513
0.48915641984597913
0.48915989206940697
0.48916336429283475
0.4891668365162627
0.48917030873969053
0.48917378096311837
0.4891772531865462
0.48918072540997415
0.489184197633402
0.4891876698568298
0.48919114208025766
0.4891946143036855
0.4891980865271134
0.4892015587505412
0.48920503097396906
0.4892085031973969
0.48921197542082484
0.4892154476442527
0.4892189198676805
0.48922239209110835
0.4892258643145362
0.4892293365379641
0.4892328087613919
