0.384375133463588
0.3843786056870158
0.3843820779104437
0.38438555013387155
0.38438902235729944
0.3843924945807273
0.3843959668041551
0.384399439027583
0.38440291125101084
0.3844063834744387
0.3844098556978665
0.3844133279212944
0.38441680014472224
0.38442027236815013
0.38442374459157796
0.3844272168150058
0.3844306890384337
0.3844341612618616
0.3844376334852894
0.38444110570871726
0.3844445779321451
0.384448050155573
0.3844515223790008
0.38445499460242866
0.3844584668258565
0.3844619390492844
0.3844654112727123
0.3844688834961401
0.38447235571956795
0.3844758279429958
0.3844793001664237
0.3844827723898515
0.38448624461327935
0.3844897168367072
0.3844931890601351
0.38449666128356297
0.3845001335069908
0.38450360573041864
0.38450707795384653
0.38451055017727437
0.3845140224007022
0.38451749462413004
0.3845209668475579
0.38452443907098577
0.38452791129441366
0.3845313835178415
0.38453485574126933
0.3845383279646972
0.38454180018812506
0.3845452724115529
0.38454874463498073
0.38455221685840857
0.38455568908183646
0.38455916130526435
0.3845626335286922
0.38456610575212
0.38456957797554786
0.3845730501989758
0.38457652242240364
0.3845799946458315
0.3845834668692593
0.38458693909268715
0.38459041131611504
0.3845938835395429
0.3845973557629707
0.38460082798639855
0.3846043002098265
0.38460777243325434
0.38461124465668217
0.38461471688011
0.38461818910353784
0.38462166132696574
0.38462513355039357
0.3846286057738214
0.3846320779972493
0.38463555022067714
0.384639022444105
0.38464249466753286
0.3846459668909607
0.3846494391143886
0.3846529113378164
0.38465638356124426
0.3846598557846721
0.3846633280081
0.38466680023152783
0.3846702724549557
0.38467374467838356
0.3846772169018114
0.3846806891252393
0.3846841613486672
0.38468763357209496
0.3846911057955228
0.38469457801895063
0.3846980502423786
0.3847015224658064
0.38470499468923425
0.3847084669126621
0.38471193913609
0.38471541135951787
0.3847188835829457
0.38472235580637354
0.3847258280298014
0.38472930025322927
0.3847327724766571
0.38473624470008494
0.3847397169235128
0.38474318914694067
0.38474666137036856
0.3847501335937964
0.38475360581722423
0.38475707804065207
0.3847605502640799
0.3847640224875078
0.38476749471093563
0.38477096693436347
0.38477443915779136
0.38477791138121925
0.3847813836046471
0.3847848558280749
0.3847883280515028
0.38479180027493065
0.3847952724983585
0.3847987447217863
0.38480221694521416
0.38480568916864205
0.38480916139206994
0.3848126336154978
0.3848161058389256
0.38481957806235345
0.3848230502857814
0.38482652250920923
0.384829994732637
0.38483346695606485
0.38483693917949274
0.38484041140292063
0.38484388362634847
0.3848473558497763
0.38485082807320414
0.3848543002966321
0.3848577725200599
0.38486124474348776
0.3848647169669156
0.38486818919034343
0.3848716614137713
0.38487513363719916
0.384878605860627
0.3848820780840549
0.3848855503074827
0.3848890225309106
0.38489249475433845
0.3848959669777663
0.3848994392011941
0.384902911424622
0.38490638364804985
0.3849098558714777
0.3849133280949056
0.3849168003183334
0.3849202725417613
0.38492374476518915
0.384927216988617
0.3849306892120449
0.3849341614354727
0.38493763365890055
0.3849411058823284
0.3849445781057562
0.38494805032918417
0.384951522552612
0.38495499477603984
0.3849584669994677
0.38496193922289557
0.38496541144632346
0.3849688836697513
0.3849723558931791
0.3849758281166069
0.38497930034003486
0.3849827725634627
0.38498624478689053
0.38498971701031837
0.38499318923374626
0.38499666145717415
0.385000133680602
0.3850036059040298
0.38500707812745766
0.3850105503508855
0.3850140225743134
0.3850174947977412
0.38502096702116906
0.38502443924459695
0.38502791146802484
0.3850313836914527
0.3850348559148805
0.3850383281383084
0.3850418003617362
0.3850452725851641
0.3850487448085919
0.38505221703201975
0.38505568925544764
0.38505916147887553
0.38506263370230337
0.3850661059257312
