0.47604183195896943
0.47604530418239727
0.4760487764058251
0.47605224862925294
0.4760557208526809
0.4760591930761087
0.47606266529953656
0.4760661375229644
0.47606960974639223
0.4760730819698201
0.47607655419324796
0.4760800264166758
0.47608349864010363
0.4760869708635316
0.4760904430869594
0.47609391531038725
0.4760973875338151
0.4761008597572429
0.47610433198067087
0.4761078042040987
0.47611127642752654
0.4761147486509544
0.47611822087438227
0.4761216930978101
0.47612516532123794
0.4761286375446658
0.4761321097680936
0.47613558199152156
0.4761390542149494
0.47614252643837723
0.47614599866180507
0.47614947088523296
0.4761529431086608
0.47615641533208863
0.47615988755551647
0.4761633597789443
0.47616683200237225
0.4761703042258001
0.4761737764492279
0.47617724867265576
0.47618072089608365
0.4761841931195115
0.4761876653429393
0.47619113756636716
0.476194609789795
0.47619808201322295
0.4762015542366508
0.4762050264600786
0.47620849868350645
0.4762119709069344
0.4762154431303622
0.47621891535379
0.47622238757721785
0.4762258598006457
0.47622933202407364
0.4762328042475015
0.4762362764709293
0.47623974869435715
0.4762432209177851
0.47624669314121293
0.47625016536464077
0.4762536375880686
0.47625710981149644
0.47626058203492433
0.47626405425835217
0.47626752648178
0.47627099870520784
0.4762744709286358
0.4762779431520636
0.47628141537549146
0.4762848875989193
0.47628835982234713
0.476291832045775
0.47629530426920286
0.4762987764926307
0.47630224871605853
0.4763057209394865
0.4763091931629143
0.47631266538634215
0.47631613760977
0.4763196098331978
0.4763230820566257
0.47632655428005355
0.4763300265034814
0.4763334987269092
0.47633697095033717
0.476340443173765
0.47634391539719284
0.4763473876206207
0.4763508598440485
0.47635433206747646
0.47635780429090424
0.4763612765143321
0.4763647487377599
0.47636822096118786
0.4763716931846157
0.47637516540804353
0.47637863763147137
0.4763821098548992
0.47638558207832715
0.476389054301755
0.4763925265251828
0.47639599874861066
0.47639947097203855
0.4764029431954664
0.4764064154188942
0.47640988764232206
0.4764133598657499
0.47641683208917784
0.4764203043126057
0.4764237765360335
0.47642724875946135
0.47643072098288924
0.4764341932063171
0.4764376654297449
0.47644113765317275
0.4764446098766006
0.47644808210002854
0.47645155432345637
0.4764550265468842
0.47645849877031204
0.47646197099373994
0.4764654432171678
0.4764689154405956
0.47647238766402344
0.4764758598874513
0.47647933211087923
0.47648280433430706
0.4764862765577349
0.47648974878116274
0.4764932210045907
0.4764966932280185
0.4765001654514463
0.47650363767487414
0.476507109898302
0.4765105821217299
0.47651405434515776
0.4765175265685856
0.47652099879201343
0.4765244710154414
0.4765279432388692
0.47653141546229705
0.4765348876857249
0.4765383599091527
0.4765418321325806
0.47654530435600845
0.4765487765794363
0.4765522488028641
0.47655572102629207
0.4765591932497199
0.47656266547314774
0.4765661376965756
0.4765696099200034
0.4765730821434313
0.47657655436685914
0.476580026590287
0.4765834988137148
0.47658697103714276
0.4765904432605706
0.47659391548399843
0.47659738770742627
0.4766008599308541
0.476604332154282
0.47660780437770983
0.47661127660113767
0.4766147488245655
0.47661822104799345
0.4766216932714213
0.4766251654948491
0.47662863771827696
0.4766321099417048
0.47663558216513274
0.4766390543885606
0.47664252661198836
0.4766459988354162
0.47664947105884414
0.476652943282272
0.4766564155056998
0.47665988772912765
0.4766633599525555
0.47666683217598343
0.47667030439941127
0.4766737766228391
0.47667724884626694
0.47668072106969483
0.47668419329312267
0.4766876655165505
0.47669113773997834
0.4766946099634062
0.4766980821868341
0.47670155441026196
0.4767050266336898
0.47670849885711764
0.4767119710805455
0.47671544330397336
0.4767189155274012
0.47672238775082904
0.47672585997425687
0.4767293321976848
0.47673280442111265
