0.4788196107012537
0.47882308292468156
0.4788265551481094
0.47883002737153724
0.4788334995949651
0.478836971818393
0.47884044404182086
0.4788439162652487
0.47884738848867653
0.47885086071210436
0.4788543329355323
0.47885780515896015
0.478861277382388
0.4788647496058158
0.4788682218292437
0.47887169405267155
0.4788751662760994
0.4788786384995272
0.47888211072295506
0.478885582946383
0.47888905516981084
0.4788925273932387
0.4788959996166665
0.4788994718400944
0.47890294406352224
0.4789064162869501
0.4789098885103779
0.47891336073380575
0.4789168329572337
0.47892030518066153
0.47892377740408937
0.4789272496275172
0.4789307218509451
0.47893419407437293
0.47893766629780077
0.4789411385212286
0.47894461074465644
0.4789480829680844
0.4789515551915122
0.47895502741494006
0.4789584996383679
0.47896197186179584
0.4789654440852236
0.47896891630865146
0.4789723885320793
0.47897586075550713
0.4789793329789351
0.4789828052023629
0.47898627742579075
0.4789897496492186
0.47899322187264654
0.47899669409607437
0.4790001663195022
0.47900363854293004
0.4790071107663579
0.47901058298978577
0.4790140552132136
0.47901752743664144
0.4790209996600693
0.4790244718834972
0.47902794410692506
0.4790314163303529
0.47903488855378074
0.47903836077720857
0.47904183300063646
0.4790453052240643
0.47904877744749214
0.47905224967091997
0.4790557218943479
0.47905919411777576
0.4790626663412036
0.4790661385646314
0.47906961078805926
0.47907308301148716
0.479076555234915
0.4790800274583428
0.47908349968177066
0.4790869719051986
0.47909044412862645
0.4790939163520543
0.4790973885754821
0.47910086079890996
0.4791043330223379
0.4791078052457657
0.4791112774691935
0.47911474969262136
0.4791182219160493
0.47912169413947714
0.479125166362905
0.4791286385863328
0.47913211080976065
0.4791355830331886
0.47913905525661643
0.47914252748004427
0.4791459997034721
0.4791494719269
0.47915294415032783
0.47915641637375567
0.4791598885971835
0.47916336082061134
0.4791668330440393
0.4791703052674671
0.47917377749089496
0.4791772497143228
0.4791807219377507
0.4791841941611785
0.47918766638460636
0.4791911386080342
0.47919461083146203
0.47919808305489
0.4792015552783178
0.47920502750174565
0.4792084997251735
0.4792119719486014
0.4792154441720292
0.47921891639545705
0.4792223886188849
0.4792258608423127
0.47922933306574067
0.4792328052891685
0.47923627751259634
0.4792397497360242
0.4792432219594521
0.47924669418287996
0.47925016640630774
0.4792536386297356
0.4792571108531634
0.47926058307659136
0.4792640553000192
0.47926752752344703
0.47927099974687487
0.4792744719703028
0.47927794419373065
0.4792814164171585
0.4792848886405863
0.47928836086401416
0.47929183308744205
0.4792953053108699
0.4792987775342977
0.47930224975772556
0.4793057219811535
0.47930919420458135
0.4793126664280092
0.479316138651437
0.47931961087486485
0.47932308309829275
0.4793265553217206
0.4793300275451484
0.47933349976857625
0.4793369719920042
0.47934044421543204
0.4793439164388599
0.4793473886622877
0.47935086088571555
0.47935433310914344
0.4793578053325713
0.4793612775559991
0.47936474977942695
0.4793682220028549
0.47937169422628273
0.47937516644971057
0.4793786386731384
0.47938211089656624
0.4793855831199942
0.479389055343422
0.4793925275668498
0.47939599979027764
0.4793994720137056
0.4794029442371334
0.47940641646056126
0.4794098886839891
0.47941336090741693
0.4794168331308449
0.4794203053542727
0.47942377757770055
0.4794272498011284
0.4794307220245563
0.4794341942479841
0.47943766647141195
0.4794411386948398
0.4794446109182676
0.47944808314169557
0.4794515553651234
0.47945502758855124
0.4794584998119791
0.47946197203540697
0.4794654442588348
0.47946891648226264
0.4794723887056905
0.4794758609291183
0.47947933315254626
0.4794828053759741
0.47948627759940193
0.47948974982282977
0.47949322204625766
0.4794966942696855
0.47950016649311333
0.47950363871654117
0.479507110939969
0.47951058316339695
