0.2885417668547801
0.288545239078208
0.28854871130163584
0.2885521835250637
0.28855565574849157
0.2885591279719194
0.2885626001953473
0.28856607241877513
0.288569544642203
0.28857301686563086
0.2885764890890587
0.28857996131248653
0.2885834335359144
0.28858690575934226
0.2885903779827701
0.288593850206198
0.2885973224296258
0.2886007946530537
0.28860426687648155
0.2886077390999094
0.2886112113233372
0.28861468354676506
0.28861815577019295
0.28862162799362084
0.2886251002170487
0.2886285724404765
0.2886320446639044
0.28863551688733224
0.28863898911076014
0.28864246133418797
0.2886459335576158
0.28864940578104364
0.2886528780044715
0.28865635022789937
0.2886598224513272
0.2886632946747551
0.28866676689818294
0.28867023912161077
0.28867371134503866
0.2886771835684665
0.28868065579189434
0.2886841280153222
0.28868760023875006
0.2886910724621779
0.2886945446856058
0.28869801690903363
0.2887014891324615
0.28870496135588936
0.2887084335793172
0.2887119058027451
0.2887153780261729
0.28871885024960076
0.2887223224730286
0.2887257946964565
0.2887292669198843
0.28873273914331216
0.28873621136674005
0.28873968359016794
0.2887431558135958
0.2887466280370236
0.28875010026045145
0.2887535724838793
0.2887570447073072
0.288760516930735
0.28876398915416285
0.28876746137759074
0.2887709336010186
0.28877440582444647
0.2887778780478743
0.2887813502713022
0.28878482249473003
0.28878829471815787
0.2887917669415857
0.2887952391650136
0.28879871138844143
0.28880218361186927
0.28880565583529716
0.288809128058725
0.2888126002821529
0.2888160725055807
0.28881954472900856
0.2888230169524364
0.28882648917586423
0.2888299613992921
0.28883343362272
0.28883690584614785
0.2888403780695757
0.2888438502930036
0.2888473225164314
0.2888507947398593
0.28885426696328714
0.288857739186715
0.2888612114101428
0.28886468363357065
0.28886815585699854
0.28887162808042643
0.28887510030385427
0.2888785725272821
0.28888204475071
0.28888551697413783
0.28888898919756567
0.2888924614209935
0.28889593364442134
0.28889940586784923
0.28890287809127707
0.28890635031470496
0.2889098225381328
0.2889132947615607
0.2889167669849885
0.28892023920841636
0.28892371143184425
0.2889271836552721
0.2889306558786999
0.28893412810212776
0.28893760032555565
0.2889410725489835
0.2889445447724114
0.2889480169958392
0.2889514892192671
0.28895496144269495
0.2889584336661228
0.2889619058895506
0.2889653781129785
0.28896885033640635
0.2889723225598342
0.2889757947832621
0.2889792670066899
0.28898273923011775
0.28898621145354564
0.28898968367697353
0.28899315590040137
0.2889966281238292
0.28900010034725704
0.2890035725706849
0.28900704479411277
0.2890105170175406
0.28901398924096844
0.28901746146439633
0.28902093368782417
0.28902440591125206
0.2890278781346799
0.28903135035810773
0.28903482258153557
0.2890382948049634
0.2890417670283913
0.2890452392518192
0.289048711475247
0.28905218369867486
0.28905565592210275
0.2890591281455306
0.2890626003689585
0.2890660725923863
0.28906954481581415
0.289073017039242
0.2890764892626698
0.2890799614860977
0.2890834337095256
0.28908690593295344
0.2890903781563813
0.28909385037980917
0.289097322603237
0.28910079482666484
0.2891042670500927
0.28910773927352057
0.2891112114969484
0.28911468372037624
0.28911815594380413
0.289121628167232
0.28912510039065986
0.2891285726140877
0.2891320448375156
0.2891355170609434
0.28913898928437126
0.2891424615077991
0.28914593373122693
0.2891494059546548
0.28915287817808266
0.28915635040151055
0.2891598226249384
0.2891632948483663
0.2891667670717941
0.28917023929522195
0.2891737115186498
0.2891771837420777
0.2891806559655055
0.28918412818893335
0.28918760041236125
0.2891910726357891
0.2891945448592169
0.2891980170826448
0.2892014893060727
0.28920496152950054
0.2892084337529284
0.2892119059763562
0.2892153781997841
0.28921885042321194
0.2892223226466398
0.28922579487006767
0.2892292670934955
0.28923273931692334
