0.9677086693432878
0.9677121415667158
0.9677156137901437
0.9677190860135715
0.9677225582369995
0.9677260304604272
0.9677295026838552
0.9677329749072828
0.9677364471307108
0.9677399193541387
0.9677433915775665
0.9677468638009944
0.9677503360244222
0.9677538082478501
0.9677572804712778
0.9677607526947059
0.9677642249181335
0.9677676971415615
0.9677711693649894
0.9677746415884172
0.9677781138118451
0.9677815860352729
0.9677850582587008
0.9677885304821285
0.9677920027055567
0.9677954749289842
0.9677989471524122
0.9678024193758399
0.9678058915992679
0.9678093638226958
0.9678128360461236
0.9678163082695517
0.9678197804929792
0.9678232527164073
0.9678267249398349
0.967830197163263
0.9678336693866908
0.9678371416101187
0.9678406138335465
0.9678440860569743
0.9678475582804021
0.9678510305038299
0.967854502727258
0.9678579749506856
0.9678614471741137
0.9678649193975415
0.9678683916209694
0.9678718638443972
0.967875336067825
0.9678788082912528
0.9678822805146807
0.9678857527381087
0.9678892249615363
0.9678926971849644
0.967896169408392
0.9678996416318201
0.9679031138552479
0.9679065860786757
0.9679100583021037
0.9679135305255314
0.9679170027489594
0.9679204749723871
0.9679239471958151
0.9679274194192429
0.9679308916426708
0.9679343638660985
0.9679378360895264
0.9679413083129544
0.9679447805363821
0.9679482527598101
0.9679517249832378
0.9679551972066658
0.9679586694300936
0.9679621416535215
0.9679656138769492
0.9679690861003771
0.9679725583238049
0.9679760305472328
0.9679795027706608
0.9679829749940885
0.9679864472175165
0.9679899194409441
0.9679933916643721
0.9679968638877999
0.9680003361112278
0.9680038083346558
0.9680072805580835
0.9680107527815115
0.9680142250049392
0.9680176972283672
0.9680211694517948
0.9680246416752228
0.9680281138986506
0.9680315861220785
0.9680350583455065
0.9680385305689342
0.9680420027923622
0.9680454750157899
0.9680489472392179
0.9680524194626456
0.9680558916860735
0.9680593639095013
0.9680628361329292
0.968066308356357
0.9680697805797849
0.9680732528032129
0.9680767250266405
0.9680801972500686
0.9680836694734963
0.9680871416969242
0.968090613920352
0.9680940861437799
0.9680975583672077
0.9681010305906356
0.9681045028140636
0.9681079750374912
0.9681114472609192
0.9681149194843469
0.9681183917077749
0.9681218639312028
0.9681253361546306
0.9681288083780586
0.9681322806014863
0.9681357528249143
0.9681392250483419
0.9681426972717699
0.9681461694951978
0.9681496417186256
0.9681531139420535
0.9681565861654813
0.9681600583889092
0.968163530612337
0.968167002835765
0.9681704750591926
0.9681739472826206
0.9681774195060485
0.9681808917294763
0.9681843639529042
0.968187836176332
0.9681913083997599
0.9681947806231876
0.9681982528466156
0.9682017250700433
0.9682051972934713
0.968208669516899
0.968212141740327
0.9682156139637549
0.9682190861871827
0.9682225584106107
0.9682260306340383
0.9682295028574663
0.968232975080894
0.968236447304322
0.9682399195277499
0.9682433917511777
0.9682468639746056
0.9682503361980334
0.9682538084214612
0.968257280644889
0.968260752868317
0.9682642250917447
0.9682676973151727
0.9682711695386006
0.9682746417620284
0.9682781139854563
0.968281586208884
0.9682850584323119
0.9682885306557397
0.9682920028791677
0.9682954751025954
0.9682989473260234
0.9683024195494511
0.9683058917728791
0.968309363996307
0.9683128362197347
0.9683163084431629
0.9683197806665904
0.9683232528900184
0.9683267251134461
0.9683301973368741
0.968333669560302
0.9683371417837298
0.9683406140071577
0.9683440862305854
0.9683475584540133
0.9683510306774411
0.9683545029008692
0.9683579751242968
0.9683614473477249
0.9683649195711527
0.9683683917945805
0.9683718640180083
0.9683753362414361
0.968378808464864
0.9683822806882918
0.9683857529117199
0.9683892251351475
0.9683926973585756
0.9683961695820031
0.9683996418054313
