0.5468751898872187
0.5468786621106465
0.5468821343340744
0.5468856065575023
0.5468890787809302
0.546892551004358
0.5468960232277859
0.5468994954512137
0.5469029676746415
0.5469064398980694
0.5469099121214972
0.5469133843449251
0.546916856568353
0.5469203287917809
0.5469238010152087
0.5469272732386365
0.5469307454620644
0.5469342176854922
0.5469376899089201
0.5469411621323479
0.5469446343557758
0.5469481065792037
0.5469515788026316
0.5469550510260593
0.5469585232494872
0.5469619954729151
0.5469654676963429
0.5469689399197708
0.5469724121431986
0.5469758843666265
0.5469793565900544
0.5469828288134823
0.54698630103691
0.5469897732603379
0.5469932454837658
0.5469967177071936
0.5470001899306215
0.5470036621540493
0.5470071343774772
0.5470106066009051
0.547014078824333
0.5470175510477607
0.5470210232711886
0.5470244954946165
0.5470279677180444
0.5470314399414722
0.5470349121649001
0.5470383843883279
0.5470418566117558
0.5470453288351836
0.5470488010586114
0.5470522732820393
0.5470557455054672
0.5470592177288951
0.5470626899523229
0.5470661621757508
0.5470696343991786
0.5470731066226064
0.5470765788460343
0.5470800510694621
0.54708352329289
0.5470869955163179
0.5470904677397458
0.5470939399631736
0.5470974121866015
0.5471008844100292
0.5471043566334571
0.547107828856885
0.5471113010803128
0.5471147733037407
0.5471182455271686
0.5471217177505965
0.5471251899740243
0.5471286621974522
0.5471321344208799
0.5471356066443079
0.5471390788677357
0.5471425510911635
0.5471460233145914
0.5471494955380193
0.5471529677614472
0.547156439984875
0.5471599122083028
0.5471633844317306
0.5471668566551586
0.5471703288785864
0.5471738011020143
0.5471772733254421
0.54718074554887
0.5471842177722979
0.5471876899957256
0.5471911622191535
0.5471946344425813
0.5471981066660093
0.5472015788894371
0.547205051112865
0.5472085233362928
0.5472119955597207
0.5472154677831486
0.5472189400065763
0.5472224122300042
0.547225884453432
0.54722935667686
0.5472328289002878
0.5472363011237157
0.5472397733471435
0.5472432455705714
0.5472467177939992
0.547250190017427
0.5472536622408549
0.5472571344642827
0.5472606066877107
0.5472640789111385
0.5472675511345664
0.5472710233579942
0.5472744955814222
0.5472779678048499
0.5472814400282777
0.5472849122517056
0.5472883844751334
0.5472918566985614
0.5472953289219892
0.5472988011454171
0.5473022733688448
0.5473057455922729
0.5473092178157006
0.5473126900391285
0.5473161622625563
0.5473196344859842
0.5473231067094121
0.5473265789328399
0.5473300511562678
0.5473335233796955
0.5473369956031235
0.5473404678265513
0.5473439400499792
0.547347412273407
0.5473508844968349
0.5473543567202628
0.5473578289436906
0.5473613011671185
0.5473647733905462
0.5473682456139742
0.547371717837402
0.5473751900608299
0.5473786622842577
0.5473821345076856
0.5473856067311135
0.5473890789545413
0.5473925511779691
0.5473960234013969
0.5473994956248249
0.5474029678482527
0.5474064400716806
0.5474099122951084
0.5474133845185363
0.5474168567419642
0.5474203289653921
0.5474238011888198
0.5474272734122476
0.5474307456356756
0.5474342178591034
0.5474376900825313
0.5474411623059591
0.547444634529387
0.5474481067528149
0.5474515789762427
0.5474550511996705
0.5474585234230984
0.5474619956465263
0.5474654678699541
0.547468940093382
0.5474724123168098
0.5474758845402377
0.5474793567636655
0.5474828289870934
0.5474863012105212
0.5474897734339491
0.547493245657377
0.5474967178808048
0.5475001901042327
0.5475036623276605
0.5475071345510883
0.5475106067745162
0.5475140789979441
0.5475175512213719
0.5475210234447998
0.5475244956682277
0.5475279678916555
0.5475314401150834
0.5475349123385111
0.547538384561939
0.5475418567853669
0.5475453290087948
0.5475488012322226
0.5475522734556505
0.5475557456790784
0.5475592179025063
0.5475626901259341
0.5475661623493618
