0.13437504665800226
0.13437851888143015
0.134381991104858
0.13438546332828585
0.13438893555171375
0.13439240777514158
0.13439587999856942
0.13439935222199725
0.13440282444542512
0.134406296668853
0.13440976889228085
0.1344132411157087
0.13441671333913655
0.13442018556256438
0.13442365778599227
0.1344271300094201
0.134430602232848
0.13443407445627584
0.1344375466797037
0.13444101890313148
0.13444449112655937
0.13444796334998727
0.1344514355734151
0.13445490779684297
0.1344583800202708
0.1344618522436987
0.13446532446712656
0.13446879669055437
0.13447226891398223
0.13447574113741007
0.13447921336083796
0.13448268558426585
0.13448615780769366
0.13448963003112155
0.13449310225454933
0.13449657447797722
0.1345000467014051
0.13450351892483295
0.1345069911482608
0.13451046337168865
0.13451393559511654
0.13451740781854432
0.1345208800419722
0.13452435226540008
0.1345278244888279
0.1345312967122558
0.13453476893568364
0.13453824115911148
0.13454171338253934
0.13454518560596718
0.13454865782939507
0.1345521300528229
0.13455560227625077
0.13455907449967866
0.13456254672310644
0.13456601894653433
0.13456949116996217
0.13457296339339006
0.13457643561681792
0.13457990784024576
0.13458338006367365
0.13458685228710143
0.13459032451052932
0.13459379673395716
0.13459726895738502
0.13460074118081292
0.13460421340424075
0.13460768562766862
0.13461115785109642
0.1346146300745243
0.13461810229795218
0.13462157452138002
0.1346250467448079
0.13462851896823572
0.1346319911916636
0.13463546341509144
0.13463893563851928
0.13464240786194717
0.134645880085375
0.13464935230880287
0.13465282453223076
0.1346562967556586
0.13465976897908644
0.13466324120251427
0.13466671342594214
0.13467018564936997
0.13467365787279786
0.13467713009622573
0.13468060231965354
0.1346840745430814
0.13468754676650924
0.13469101898993713
0.13469449121336502
0.13469796343679283
0.13470143566022072
0.1347049078836485
0.1347083801070764
0.13471185233050428
0.13471532455393212
0.13471879677735998
0.13472226900078782
0.1347257412242157
0.1347292134476435
0.13473268567107138
0.13473615789449925
0.13473963011792708
0.13474310234135498
0.1347465745647828
0.13475004678821068
0.13475351901163857
0.13475699123506635
0.13476046345849424
0.13476393568192208
0.13476740790534997
0.13477088012877783
0.13477435235220567
0.1347778245756335
0.13478129679906134
0.13478476902248923
0.1347882412459171
0.13479171346934493
0.13479518569277282
0.1347986579162006
0.1348021301396285
0.13480560236305633
0.1348090745864842
0.1348125468099121
0.13481601903333992
0.1348194912567678
0.1348229634801956
0.13482643570362346
0.13482990792705135
0.1348333801504792
0.13483685237390708
0.1348403245973349
0.13484379682076278
0.13484726904419067
0.13485074126761845
0.13485421349104634
0.13485768571447418
0.13486115793790204
0.13486463016132993
0.13486810238475777
0.13487157460818563
0.13487504683161344
0.1348785190550413
0.13488199127846914
0.13488546350189703
0.1348889357253249
0.13489240794875273
0.13489588017218063
0.1348993523956084
0.1349028246190363
0.1349062968424642
0.13490976906589203
0.1349132412893199
0.13491671351274773
0.13492018573617556
0.13492365795960345
0.1349271301830313
0.13493060240645915
0.134934074629887
0.13493754685331488
0.13494101907674266
0.13494449130017055
0.13494796352359842
0.13495143574702625
0.13495490797045415
0.13495838019388198
0.13496185241730985
0.13496532464073774
0.13496879686416552
0.1349722690875934
0.13497574131102125
0.13497921353444914
0.134982685757877
0.13498615798130484
0.13498963020473273
0.1349931024281605
0.1349965746515884
0.13500004687501627
0.1350035190984441
0.135006991321872
0.13501046354529983
0.1350139357687277
0.1350174079921555
0.13502088021558337
0.13502435243901126
0.1350278246624391
0.13503129688586696
0.1350347691092948
0.13503824133272263
0.13504171355615052
0.13504518577957836
0.13504865800300625
0.1350521302264341
0.13505560244986195
0.13505907467328984
0.13506254689671762
0.13506601912014551
