0.0850694739824562
0.08507294620588408
0.08507641842931192
0.0850798906527398
0.08508336287616763
0.08508683509959551
0.08509030732302339
0.08509377954645118
0.08509725176987906
0.0851007239933069
0.08510419621673478
0.08510766844016267
0.08511114066359049
0.08511461288701838
0.08511808511044616
0.08512155733387404
0.08512502955730193
0.08512850178072977
0.08513197400415765
0.08513544622758548
0.08513891845101332
0.08514239067444115
0.08514586289786903
0.08514933512129691
0.08515280734472475
0.08515627956815262
0.08515975179158046
0.0851632240150083
0.08516669623843617
0.08517016846186401
0.08517364068529189
0.08517711290871972
0.0851805851321476
0.0851840573555755
0.08518752957900327
0.08519100180243117
0.08519447402585899
0.08519794624928688
0.08520141847271476
0.0852048906961426
0.08520836291957047
0.08521183514299827
0.08521530736642614
0.08521877958985398
0.08522225181328186
0.08522572403670974
0.08522919626013757
0.08523266848356545
0.08523614070699324
0.08523961293042112
0.085243085153849
0.08524655737727684
0.08525002960070473
0.08525350182413255
0.08525697404756044
0.08526044627098828
0.0852639184944161
0.08526739071784399
0.08527086294127183
0.0852743351646997
0.08527780738812754
0.08528127961155538
0.08528475183498326
0.08528822405841109
0.08529169628183897
0.0852951685052668
0.08529864072869468
0.08530211295212256
0.08530558517555036
0.08530905739897823
0.08531252962240607
0.08531600184583395
0.08531947406926184
0.08532294629268966
0.08532641851611755
0.08532989073954533
0.08533336296297322
0.0853368351864011
0.08534030740982894
0.08534377963325682
0.08534725185668465
0.08535072408011253
0.08535419630354033
0.0853576685269682
0.08536114075039608
0.08536461297382392
0.0853680851972518
0.08537155742067963
0.08537502964410751
0.08537850186753534
0.08538197409096318
0.08538544631439106
0.0853889185378189
0.08539239076124679
0.08539586298467466
0.08539933520810244
0.08540280743153034
0.08540627965495816
0.08540975187838605
0.08541322410181393
0.08541669632524176
0.08542016854866964
0.08542364077209744
0.08542711299552531
0.08543058521895315
0.08543405744238103
0.0854375296658089
0.08544100188923674
0.08544447411266462
0.08544794633609241
0.08545141855952029
0.08545489078294817
0.085458363006376
0.0854618352298039
0.08546530745323172
0.08546877967665961
0.08547225190008749
0.08547572412351528
0.08547919634694316
0.085482668570371
0.08548614079379888
0.08548961301722675
0.08549308524065459
0.08549655746408247
0.08550002968751026
0.08550350191093814
0.08550697413436598
0.08551044635779385
0.08551391858122173
0.08551739080464957
0.0855208630280774
0.08552433525150524
0.08552780747493312
0.08553127969836101
0.08553475192178885
0.08553822414521672
0.0855416963686445
0.0855451685920724
0.08554864081550027
0.08555211303892811
0.08555558526235599
0.08555905748578382
0.0855625297092117
0.0855660019326395
0.08556947415606737
0.08557294637949525
0.08557641860292309
0.08557989082635097
0.0855833630497788
0.08558683527320668
0.08559030749663457
0.08559377972006235
0.08559725194349023
0.08560072416691807
0.08560419639034596
0.08560766861377384
0.08561114083720167
0.08561461306062955
0.08561808528405734
0.08562155750748522
0.0856250297309131
0.08562850195434094
0.08563197417776881
0.08563544640119665
0.08563891862462449
0.08564239084805232
0.0856458630714802
0.08564933529490808
0.08565280751833591
0.08565627974176379
0.08565975196519163
0.08566322418861946
0.08566669641204734
0.08567016863547518
0.08567364085890307
0.0856771130823309
0.08568058530575878
0.08568405752918666
0.08568752975261446
0.08569100197604233
0.08569447419947017
0.08569794642289805
0.08570141864632592
0.08570489086975376
0.08570836309318164
0.08571183531660943
0.08571530754003731
0.08571877976346515
0.08572225198689302
0.08572572421032092
0.08572919643374874
0.08573266865717663
0.08573614088060441
0.08573961310403229
0.08574308532746018
0.08574655755088802
0.0857500297743159
0.08575350199774373
0.08575697422117161
0.08576044644459944
