0.23368063669466552
0.23368410891809335
0.23368758114152122
0.23369105336494905
0.23369452558837694
0.23369799781180478
0.23370147003523262
0.23370494225866048
0.23370841448208832
0.2337118867055162
0.2337153589289441
0.23371883115237188
0.23372230337579974
0.23372577559922758
0.23372924782265547
0.23373272004608336
0.2337361922695112
0.23373966449293906
0.23374313671636684
0.23374660893979474
0.23375008116322263
0.23375355338665046
0.23375702561007833
0.23376049783350616
0.23376397005693406
0.23376744228036184
0.23377091450378973
0.2337743867272176
0.23377785895064543
0.23378133117407332
0.23378480339750116
0.23378827562092905
0.2337917478443569
0.2337952200677847
0.23379869229121258
0.23380216451464042
0.2338056367380683
0.23380910896149618
0.233812581184924
0.23381605340835185
0.23381952563177968
0.23382299785520758
0.23382647007863544
0.23382994230206328
0.23383341452549117
0.23383688674891895
0.23384035897234684
0.23384383119577468
0.23384730341920254
0.23385077564263043
0.23385424786605827
0.23385772008948616
0.23386119231291394
0.2338646645363418
0.2338681367597697
0.23387160898319753
0.23387508120662542
0.23387855343005326
0.23388202565348112
0.23388549787690902
0.2338889701003368
0.2338924423237647
0.23389591454719252
0.2338993867706204
0.23390285899404828
0.23390633121747612
0.233909803440904
0.2339132756643318
0.23391674788775965
0.2339202201111875
0.23392369233461538
0.23392716455804327
0.2339306367814711
0.23393410900489897
0.23393758122832675
0.23394105345175464
0.23394452567518254
0.23394799789861037
0.23395147012203824
0.23395494234546607
0.2339584145688939
0.2339618867923218
0.23396535901574964
0.2339688312391775
0.23397230346260534
0.23397577568603323
0.233979247909461
0.2339827201328889
0.23398619235631676
0.2339896645797446
0.2339931368031725
0.23399660902660033
0.23400008125002822
0.23400355347345608
0.23400702569688386
0.23401049792031176
0.2340139701437396
0.23401744236716748
0.23402091459059535
0.23402438681402318
0.23402785903745107
0.23403133126087886
0.23403480348430675
0.2340382757077346
0.23404174793116245
0.23404522015459034
0.23404869237801817
0.23405216460144607
0.23405563682487385
0.2340591090483017
0.2340625812717296
0.23406605349515744
0.23406952571858533
0.23407299794201317
0.23407647016544098
0.23407994238886887
0.2340834146122967
0.2340868868357246
0.23409035905915243
0.2340938312825803
0.2340973035060082
0.23410077572943597
0.23410424795286386
0.2341077201762917
0.23411119239971956
0.23411466462314745
0.2341181368465753
0.23412160907000318
0.23412508129343096
0.23412855351685882
0.23413202574028666
0.23413549796371455
0.23413897018714244
0.23414244241057028
0.23414591463399814
0.23414938685742592
0.23415285908085381
0.2341563313042817
0.23415980352770954
0.2341632757511374
0.23416674797456524
0.23417022019799313
0.23417369242142097
0.2341771646448488
0.23418063686827667
0.2341841090917045
0.2341875813151324
0.23419105353856023
0.23419452576198813
0.23419799798541593
0.23420147020884377
0.23420494243227166
0.2342084146556995
0.2342118868791274
0.23421535910255525
0.23421883132598303
0.23422230354941093
0.23422577577283876
0.23422924799626665
0.23423272021969452
0.23423619244312235
0.23423966466655025
0.23424313688997803
0.23424660911340592
0.23425008133683378
0.23425355356026162
0.2342570257836895
0.23426049800711735
0.23426397023054524
0.23426744245397302
0.23427091467740088
0.23427438690082877
0.2342778591242566
0.2342813313476845
0.23428480357111234
0.2342882757945402
0.2342917480179681
0.23429522024139587
0.23429869246482377
0.2343021646882516
0.23430563691167947
0.23430910913510736
0.2343125813585352
0.23431605358196303
0.23431952580539087
0.23432299802881873
0.23432647025224662
0.23432994247567446
0.23433341469910235
0.23433688692253016
0.234340359145958
0.23434383136938583
0.23434730359281372
0.2343507758162416
0.23435424803966945
0.2343577202630973
0.2343611924865251
0.23436466470995299
0.23436813693338088
0.2343716091568087
