0.8510419621673481
0.8510454343907757
0.8510489066142037
0.8510523788376316
0.8510558510610594
0.8510593232844873
0.8510627955079151
0.851066267731343
0.8510697399547708
0.8510732121781988
0.8510766844016266
0.8510801566250544
0.8510836288484823
0.8510871010719101
0.851090573295338
0.8510940455187658
0.8510975177421937
0.8511009899656214
0.8511044621890493
0.8511079344124771
0.8511114066359051
0.851114878859333
0.8511183510827608
0.8511218233061887
0.8511252955296165
0.8511287677530444
0.8511322399764721
0.8511357121999001
0.8511391844233278
0.8511426566467558
0.8511461288701835
0.8511496010936115
0.8511530733170394
0.8511565455404672
0.851160017763895
0.8511634899873228
0.8511669622107508
0.8511704344341787
0.8511739066576065
0.8511773788810344
0.8511808511044622
0.8511843233278901
0.8511877955513178
0.8511912677747457
0.8511947399981735
0.8511982122216014
0.8512016844450292
0.8512051566684572
0.8512086288918851
0.8512121011153129
0.8512155733387408
0.8512190455621685
0.8512225177855964
0.8512259900090242
0.8512294622324522
0.8512329344558799
0.8512364066793079
0.8512398789027358
0.8512433511261636
0.8512468233495915
0.8512502955730192
0.8512537677964471
0.8512572400198749
0.851260712243303
0.8512641844667308
0.8512676566901587
0.8512711289135865
0.8512746011370143
0.8512780733604421
0.8512815455838699
0.8512850178072978
0.8512884900307256
0.8512919622541535
0.8512954344775813
0.8512989067010094
0.8513023789244372
0.8513058511478651
0.8513093233712928
0.8513127955947207
0.8513162678181485
0.8513197400415763
0.8513232122650044
0.851326684488432
0.8513301567118601
0.8513336289352879
0.8513371011587157
0.8513405733821435
0.8513440456055714
0.8513475178289992
0.8513509900524271
0.8513544622758551
0.8513579344992828
0.8513614067227108
0.8513648789461385
0.8513683511695664
0.8513718233929942
0.8513752956164221
0.8513787678398499
0.8513822400632778
0.8513857122867056
0.8513891845101335
0.8513926567335615
0.8513961289569892
0.8513996011804171
0.8514030734038449
0.8514065456272728
0.8514100178507006
0.8514134900741285
0.8514169622975565
0.8514204345209841
0.8514239067444122
0.8514273789678399
0.8514308511912678
0.8514343234146956
0.8514377956381235
0.8514412678615513
0.8514447400849792
0.8514482123084072
0.8514516845318348
0.8514551567552628
0.8514586289786906
0.8514621012021185
0.8514655734255463
0.8514690456489742
0.851472517872402
0.8514759900958299
0.8514794623192579
0.8514829345426855
0.8514864067661135
0.8514898789895413
0.8514933512129692
0.851496823436397
0.8515002956598249
0.8515037678832527
0.8515072401066806
0.8515107123301083
0.8515141845535362
0.8515176567769642
0.851521129000392
0.8515246012238199
0.8515280734472477
0.8515315456706756
0.8515350178941034
0.8515384901175312
0.8515419623409592
0.8515454345643869
0.8515489067878149
0.8515523790112428
0.8515558512346706
0.8515593234580984
0.8515627956815263
0.851566267904954
0.8515697401283819
0.8515732123518099
0.8515766845752378
0.8515801567986656
0.8515836290220935
0.8515871012455213
0.8515905734689492
0.851594045692377
0.8515975179158048
0.8516009901392326
0.8516044623626604
0.8516079345860883
0.8516114068095163
0.8516148790329442
0.851618351256372
0.8516218234797999
0.8516252957032276
0.8516287679266555
0.8516322401500833
0.8516357123735113
0.851639184596939
0.851642656820367
0.8516461290437947
0.8516496012672227
0.8516530734906506
0.8516565457140783
0.8516600179375062
0.851663490160934
0.851666962384362
0.8516704346077899
0.8516739068312177
0.8516773790546456
0.8516808512780734
0.8516843235015013
0.851687795724929
0.8516912679483569
0.8516947401717847
0.8516982123952126
0.8517016846186404
0.8517051568420684
0.8517086290654963
0.851712101288924
0.8517155735123519
0.8517190457357797
0.8517225179592076
0.8517259901826354
0.8517294624060634
0.8517329346294911
