0.8482641834250638
0.8482676556484916
0.8482711278719195
0.8482746000953473
0.8482780723187752
0.848281544542203
0.8482850167656307
0.8482884889890586
0.8482919612124864
0.8482954334359143
0.8482989056593423
0.8483023778827702
0.848305850106198
0.8483093223296259
0.8483127945530536
0.8483162667764815
0.8483197389999093
0.8483232112233373
0.848326683446765
0.848330155670193
0.8483336278936209
0.8483371001170487
0.8483405723404766
0.8483440445639043
0.8483475167873322
0.84835098901076
0.848354461234188
0.8483579334576159
0.8483614056810437
0.8483648779044716
0.8483683501278994
0.8483718223513272
0.848375294574755
0.8483787667981829
0.8483822390216107
0.8483857112450386
0.8483891834684664
0.8483926556918944
0.8483961279153223
0.84839960013875
0.8484030723621779
0.8484065445856057
0.8484100168090336
0.8484134890324614
0.8484169612558894
0.8484204334793171
0.8484239057027451
0.848427377926173
0.8484308501496007
0.8484343223730286
0.8484377945964564
0.8484412668198843
0.8484447390433121
0.8484482112667401
0.8484516834901678
0.8484551557135958
0.8484586279370236
0.8484621001604514
0.8484655723838793
0.8484690446073071
0.848472516830735
0.8484759890541628
0.8484794612775907
0.8484829335010184
0.8484864057244464
0.8484898779478743
0.8484933501713021
0.84849682239473
0.8485002946181578
0.8485037668415857
0.8485072390650135
0.8485107112884414
0.8485141835118691
0.8485176557352972
0.848521127958725
0.8485246001821528
0.8485280724055807
0.8485315446290085
0.8485350168524364
0.8485384890758642
0.8485419612992923
0.8485454335227198
0.8485489057461479
0.8485523779695757
0.8485558501930036
0.8485593224164314
0.8485627946398593
0.8485662668632871
0.8485697390867148
0.848573211310143
0.8485766835335705
0.8485801557569986
0.8485836279804264
0.8485871002038543
0.8485905724272821
0.84859404465071
0.8485975168741378
0.8486009890975656
0.8486044613209934
0.8486079335444213
0.8486114057678493
0.8486148779912771
0.848618350214705
0.8486218224381328
0.8486252946615607
0.8486287668849885
0.8486322391084163
0.8486357113318443
0.848639183555272
0.8486426557787
0.8486461280021278
0.8486496002255557
0.8486530724489835
0.8486565446724114
0.8486600168958391
0.848663489119267
0.848666961342695
0.8486704335661228
0.8486739057895507
0.8486773780129785
0.8486808502364064
0.8486843224598342
0.848687794683262
0.8486912669066898
0.8486947391301177
0.8486982113535455
0.8487016835769734
0.8487051558004014
0.8487086280238292
0.8487121002472571
0.8487155724706849
0.8487190446941127
0.8487225169175405
0.8487259891409684
0.8487294613643964
0.8487329335878241
0.8487364058112521
0.8487398780346798
0.8487433502581078
0.8487468224815355
0.8487502947049634
0.8487537669283912
0.8487572391518191
0.8487607113752471
0.8487641835986749
0.8487676558221028
0.8487711280455306
0.8487746002689585
0.8487780724923862
0.8487815447158141
0.8487850169392419
0.8487884891626698
0.8487919613860976
0.8487954336095255
0.8487989058329535
0.8488023780563814
0.8488058502798091
0.8488093225032369
0.8488127947266648
0.8488162669500926
0.8488197391735205
0.8488232113969485
0.8488266836203762
0.8488301558438042
0.8488336280672321
0.8488371002906598
0.8488405725140877
0.8488440447375155
0.8488475169609434
0.8488509891843712
0.8488544614077992
0.8488579336312271
0.8488614058546549
0.8488648780780828
0.8488683503015105
0.8488718225249384
0.8488752947483662
0.8488787669717941
0.8488822391952219
0.8488857114186498
0.8488891836420775
0.8488926558655056
0.8488961280889334
0.8488996003123612
0.8489030725357891
0.8489065447592169
0.8489100169826448
0.8489134892060726
0.8489169614295006
0.8489204336529282
0.8489239058763562
0.8489273780997841
0.8489308503232119
0.8489343225466398
0.8489377947700676
0.8489412669934955
0.8489447392169233
0.8489482114403513
0.8489516836637789
0.8489551558872069
