0.24479175166380265
0.24479522388723046
0.24479869611065835
0.2448021683340862
0.24480564055751408
0.24480911278094192
0.24481258500436978
0.24481605722779767
0.24481952945122545
0.24482300167465335
0.24482647389808118
0.24482994612150905
0.24483341834493694
0.24483689056836477
0.24484036279179267
0.24484383501522045
0.2448473072386483
0.24485077946207615
0.24485425168550404
0.24485772390893193
0.24486119613235977
0.24486466835578763
0.2448681405792154
0.2448716128026433
0.2448750850260712
0.24487855724949903
0.2448820294729269
0.24488550169635473
0.24488897391978262
0.24489244614321046
0.2448959183666383
0.24489939059006616
0.244902862813494
0.24490633503692188
0.24490980726034978
0.24491327948377759
0.24491675170720542
0.24492022393063326
0.24492369615406115
0.24492716837748899
0.24493064060091688
0.24493411282434474
0.24493758504777252
0.2449410572712004
0.24494452949462825
0.24494800171805614
0.244951473941484
0.24495494616491184
0.24495841838833973
0.2449618906117675
0.2449653628351954
0.24496883505862327
0.2449723072820511
0.244975779505479
0.24497925172890683
0.24498272395233472
0.2449861961757625
0.24498966839919037
0.24499314062261826
0.2449966128460461
0.245000085069474
0.24500355729290182
0.2450070295163297
0.24501050173975758
0.24501397396318536
0.24501744618661325
0.2450209184100411
0.24502439063346895
0.24502786285689684
0.24503133508032468
0.24503480730375252
0.24503827952718035
0.24504175175060822
0.2450452239740361
0.24504869619746394
0.24505216842089184
0.24505564064431962
0.24505911286774748
0.24506258509117532
0.2450660573146032
0.2450695295380311
0.24507300176145894
0.2450764739848868
0.24507994620831458
0.24508341843174247
0.24508689065517036
0.2450903628785982
0.24509383510202606
0.2450973073254539
0.2451007795488818
0.24510425177230966
0.24510772399573746
0.24511119621916533
0.24511466844259316
0.24511814066602106
0.24512161288944895
0.24512508511287678
0.24512855733630465
0.24513202955973243
0.24513550178316032
0.24513897400658816
0.24514244623001605
0.2451459184534439
0.24514939067687175
0.24515286290029958
0.24515633512372742
0.2451598073471553
0.24516327957058318
0.245166751794011
0.2451702240174389
0.24517369624086674
0.24517716846429458
0.24518064068772244
0.24518411291115028
0.24518758513457817
0.245191057358006
0.2451945295814339
0.24519800180486176
0.24520147402828954
0.24520494625171743
0.24520841847514527
0.24521189069857316
0.245215362922001
0.24521883514542886
0.24522230736885675
0.24522577959228453
0.24522925181571242
0.24523272403914026
0.24523619626256812
0.24523966848599602
0.24524314070942385
0.24524661293285172
0.24525008515627952
0.2452535573797074
0.24525702960313528
0.24526050182656312
0.245263974049991
0.24526744627341884
0.2452709184968467
0.2452743907202745
0.24527786294370238
0.24528133516713027
0.2452848073905581
0.24528827961398597
0.2452917518374138
0.24529522406084164
0.24529869628426954
0.24530216850769737
0.24530564073112524
0.24530911295455307
0.24531258517798096
0.24531605740140883
0.24531952962483664
0.2453230018482645
0.24532647407169234
0.24532994629512023
0.24533341851854812
0.24533689074197595
0.24534036296540382
0.2453438351888316
0.2453473074122595
0.24535077963568733
0.24535425185911522
0.24535772408254308
0.24536119630597092
0.2453646685293988
0.2453681407528266
0.24537161297625448
0.24537508519968235
0.24537855742311018
0.24538202964653807
0.2453855018699659
0.24538897409339377
0.2453924463168216
0.24539591854024945
0.24539939076367734
0.24540286298710517
0.24540633521053307
0.24540980743396093
0.24541327965738877
0.2454167518808166
0.24542022410424444
0.24542369632767233
0.24542716855110017
0.24543064077452803
0.24543411299795592
0.2454375852213837
0.2454410574448116
0.24544452966823943
0.2454480018916673
0.2454514741150952
0.24545494633852302
0.2454584185619509
0.2454618907853787
0.24546536300880656
0.24546883523223445
0.2454723074556623
0.24547577967909018
0.24547925190251801
0.24548272412594588
