0.25243064320508446
0.2524341154285123
0.25243758765194013
0.25244105987536797
0.25244453209879586
0.2524480043222237
0.2524514765456516
0.2524549487690794
0.25245842099250726
0.25246189321593515
0.252465365439363
0.2524688376627908
0.25247230988621866
0.2524757821096465
0.2524792543330744
0.2524827265565023
0.2524861987799301
0.25248967100335795
0.25249314322678584
0.2524966154502137
0.2525000876736415
0.2525035598970694
0.25250703212049724
0.2525105043439251
0.2525139765673529
0.2525174487907808
0.2525209210142087
0.25252439323763654
0.25252786546106437
0.25253133768449226
0.2525348099079201
0.25253828213134794
0.25254175435477577
0.25254522657820366
0.2525486988016315
0.25255217102505934
0.2525556432484872
0.2525591154719151
0.25256258769534295
0.2525660599187708
0.2525695321421987
0.2525730043656265
0.25257647658905436
0.2525799488124822
0.2525834210359101
0.2525868932593379
0.25259036548276576
0.25259383770619365
0.2525973099296215
0.2526007821530494
0.2526042543764772
0.25260772659990505
0.2526111988233329
0.2526146710467607
0.2526181432701886
0.25262161549361645
0.25262508771704434
0.2526285599404722
0.2526320321639
0.2526355043873279
0.2526389766107558
0.25264244883418363
0.25264592105761147
0.2526493932810393
0.25265286550446714
0.25265633772789503
0.25265980995132287
0.25266328217475076
0.2526667543981786
0.25267022662160643
0.2526736988450343
0.2526771710684622
0.25268064329189
0.25268411551531783
0.2526875877387457
0.25269105996217356
0.25269453218560145
0.2526980044090293
0.2527014766324572
0.252704948855885
0.25270842107931285
0.25271189330274074
0.2527153655261686
0.2527188377495964
0.25272230997302425
0.25272578219645214
0.25272925441988
0.25273272664330787
0.2527361988667357
0.25273967109016354
0.25274314331359143
0.25274661553701927
0.2527500877604471
0.25275355998387494
0.25275703220730283
0.25276050443073067
0.2527639766541585
0.2527674488775864
0.2527709211010143
0.2527743933244421
0.25277786554786996
0.25278133777129785
0.2527848099947257
0.2527882822181535
0.25279175444158136
0.25279522666500925
0.2527986988884371
0.2528021711118649
0.2528056433352928
0.2528091155587207
0.25281258778214855
0.2528160600055764
0.2528195322290043
0.25282300445243205
0.2528264766758599
0.2528299488992878
0.2528334211227157
0.2528368933461435
0.25284036556957135
0.25284383779299924
0.2528473100164271
0.25285078223985497
0.2528542544632828
0.25285772668671064
0.2528611989101385
0.2528646711335663
0.2528681433569942
0.25287161558042204
0.25287508780384993
0.25287856002727777
0.2528820322507056
0.2528855044741335
0.2528889766975614
0.25289244892098917
0.252895921144417
0.2528993933678449
0.25290286559127273
0.2529063378147006
0.25290981003812846
0.25291328226155635
0.2529167544849842
0.252920226708412
0.2529236989318399
0.25292717115526775
0.2529306433786956
0.2529341156021234
0.2529375878255513
0.25294106004897915
0.25294453227240704
0.2529480044958349
0.25295147671926277
0.2529549489426906
0.25295842116611844
0.25296189338954633
0.2529653656129741
0.252968837836402
0.25297231005982984
0.25297578228325773
0.25297925450668557
0.25298272673011346
0.2529861989535413
0.25298967117696913
0.252993143400397
0.25299661562382486
0.2530000878472527
0.25300356007068053
0.2530070322941084
0.25301050451753626
0.2530139767409641
0.253017448964392
0.2530209211878199
0.2530243934112477
0.25302786563467555
0.25303133785810344
0.2530348100815312
0.25303828230495906
0.25304175452838695
0.25304522675181484
0.2530486989752427
0.2530521711986705
0.2530556434220984
0.2530591156455263
0.25306258786895414
0.253066060092382
0.2530695323158098
0.25307300453923764
0.2530764767626655
0.2530799489860934
0.25308342120952126
0.2530868934329491
0.25309036565637694
0.25309383787980483
0.25309731010323266
0.25310078232666056
0.2531042545500884
0.2531077267735162
0.25311119899694406
0.2531146712203719
0.2531181434437998
0.25312161566722763
