0.8336808450280712
0.833684317251499
0.8336877894749268
0.8336912616983547
0.8336947339217825
0.8336982061452105
0.8337016783686383
0.8337051505920663
0.8337086228154941
0.833712095038922
0.8337155672623497
0.8337190394857776
0.8337225117092054
0.8337259839326332
0.8337294561560612
0.833732928379489
0.8337364006029169
0.8337398728263448
0.8337433450497727
0.8337468172732004
0.8337502894966283
0.8337537617200561
0.833757233943484
0.8337607061669118
0.8337641783903397
0.8337676506137676
0.8337711228371955
0.8337745950606233
0.8337780672840511
0.833781539507479
0.8337850117309068
0.8337884839543347
0.8337919561777626
0.8337954284011904
0.8337989006246184
0.8338023728480461
0.833805845071474
0.8338093172949018
0.8338127895183297
0.8338162617417575
0.8338197339651854
0.8338232061886133
0.8338266784120411
0.8338301506354691
0.8338336228588968
0.8338370950823247
0.8338405673057525
0.8338440395291804
0.8338475117526082
0.8338509839760362
0.8338544561994639
0.8338579284228919
0.8338614006463196
0.8338648728697475
0.8338683450931754
0.8338718173166032
0.8338752895400311
0.8338787617634589
0.8338822339868868
0.8338857062103145
0.8338891784337426
0.8338926506571704
0.8338961228805982
0.8338995951040261
0.8339030673274539
0.8339065395508818
0.8339100117743096
0.8339134839977375
0.8339169562211654
0.8339204284445932
0.8339239006680211
0.8339273728914489
0.8339308451148768
0.8339343173383046
0.8339377895617325
0.8339412617851603
0.8339447340085883
0.833948206232016
0.833951678455444
0.8339551506788717
0.8339586229022997
0.8339620951257275
0.8339655673491553
0.8339690395725832
0.833972511796011
0.8339759840194388
0.8339794562428666
0.8339829284662946
0.8339864006897225
0.8339898729131504
0.8339933451365782
0.8339968173600061
0.8340002895834339
0.8340037618068618
0.8340072340302895
0.8340107062537174
0.8340141784771453
0.8340176507005732
0.834021122924001
0.8340245951474289
0.8340280673708568
0.8340315395942846
0.8340350118177124
0.8340384840411402
0.8340419562645681
0.8340454284879961
0.8340489007114238
0.8340523729348518
0.8340558451582796
0.8340593173817075
0.8340627896051352
0.8340662618285631
0.834069734051991
0.8340732062754188
0.8340766784988467
0.8340801507222746
0.8340836229457025
0.8340870951691303
0.8340905673925582
0.8340940396159859
0.8340975118394138
0.8341009840628416
0.8341044562862695
0.8341079285096974
0.8341114007331253
0.8341148729565532
0.834118345179981
0.8341218174034088
0.8341252896268366
0.8341287618502645
0.8341322340736923
0.8341357062971203
0.8341391785205482
0.834142650743976
0.8341461229674039
0.8341495951908316
0.8341530674142595
0.8341565396376873
0.8341600118611152
0.8341634840845431
0.8341669563079709
0.8341704285313988
0.8341739007548267
0.8341773729782546
0.8341808452016823
0.8341843174251102
0.834187789648538
0.8341912618719659
0.8341947340953937
0.8341982063188217
0.8342016785422495
0.8342051507656774
0.8342086229891053
0.834212095212533
0.8342155674359609
0.8342190396593887
0.8342225118828166
0.8342259841062444
0.8342294563296724
0.8342329285531002
0.834236400776528
0.834239872999956
0.8342433452233838
0.8342468174468116
0.8342502896702394
0.8342537618936673
0.8342572341170952
0.834260706340523
0.8342641785639509
0.8342676507873787
0.8342711230108066
0.8342745952342345
0.8342780674576623
0.8342815396810902
0.834285011904518
0.8342884841279459
0.8342919563513738
0.8342954285748015
0.8342989007982295
0.8343023730216573
0.8343058452450852
0.834309317468513
0.8343127896919409
0.8343162619153687
0.8343197341387966
0.8343232063622245
0.8343266785856522
0.8343301508090802
0.834333623032508
0.8343370952559359
0.8343405674793637
0.8343440397027916
0.8343475119262194
0.8343509841496473
0.8343544563730751
0.8343579285965029
0.8343614008199308
0.8343648730433587
0.8343683452667866
0.8343718174902144
