0.5871529816503409
0.5871564538737687
0.5871599260971966
0.5871633983206244
0.5871668705440523
0.5871703427674801
0.5871738149909079
0.5871772872143358
0.5871807594377637
0.5871842316611916
0.5871877038846194
0.5871911761080473
0.587194648331475
0.587198120554903
0.5872015927783308
0.5872050650017586
0.5872085372251865
0.5872120094486144
0.5872154816720423
0.5872189538954701
0.587222426118898
0.5872258983423257
0.5872293705657536
0.5872328427891815
0.5872363150126093
0.5872397872360372
0.5872432594594651
0.587246731682893
0.5872502039063208
0.5872536761297487
0.5872571483531764
0.5872606205766043
0.5872640928000322
0.58726756502346
0.5872710372468879
0.5872745094703158
0.5872779816937437
0.5872814539171715
0.5872849261405994
0.5872883983640271
0.5872918705874551
0.5872953428108829
0.5872988150343108
0.5873022872577386
0.5873057594811665
0.5873092317045944
0.5873127039280222
0.58731617615145
0.5873196483748778
0.5873231205983058
0.5873265928217336
0.5873300650451615
0.5873335372685893
0.5873370094920172
0.5873404817154451
0.5873439539388728
0.5873474261623007
0.5873508983857285
0.5873543706091565
0.5873578428325843
0.5873613150560122
0.58736478727944
0.5873682595028679
0.5873717317262958
0.5873752039497235
0.5873786761731514
0.5873821483965792
0.5873856206200072
0.587389092843435
0.5873925650668629
0.5873960372902907
0.5873995095137187
0.5874029817371464
0.5874064539605742
0.5874099261840021
0.5874133984074299
0.5874168706308579
0.5874203428542857
0.5874238150777136
0.5874272873011414
0.5874307595245694
0.5874342317479971
0.587437703971425
0.5874411761948528
0.5874446484182807
0.5874481206417086
0.5874515928651364
0.5874550650885643
0.587458537311992
0.58746200953542
0.5874654817588478
0.5874689539822757
0.5874724262057035
0.5874758984291314
0.5874793706525593
0.5874828428759871
0.587486315099415
0.5874897873228427
0.5874932595462707
0.5874967317696985
0.5875002039931264
0.5875036762165542
0.5875071484399821
0.58751062066341
0.5875140928868378
0.5875175651102656
0.5875210373336934
0.5875245095571214
0.5875279817805492
0.5875314540039771
0.5875349262274049
0.5875383984508328
0.5875418706742607
0.5875453428976884
0.5875488151211163
0.5875522873445441
0.5875557595679721
0.5875592317913999
0.5875627040148278
0.5875661762382556
0.5875696484616835
0.5875731206851114
0.5875765929085393
0.587580065131967
0.5875835373553949
0.5875870095788228
0.5875904818022506
0.5875939540256785
0.5875974262491063
0.5876008984725342
0.587604370695962
0.5876078429193899
0.5876113151428177
0.5876147873662456
0.5876182595896735
0.5876217318131013
0.5876252040365292
0.587628676259957
0.5876321484833849
0.5876356207068127
0.5876390929302406
0.5876425651536684
0.5876460373770963
0.5876495096005242
0.587652981823952
0.5876564540473799
0.5876599262708077
0.5876633984942355
0.5876668707176634
0.5876703429410913
0.5876738151645191
0.587677287387947
0.5876807596113749
0.5876842318348028
0.5876877040582306
0.5876911762816583
0.5876946485050862
0.5876981207285141
0.587701592951942
0.5877050651753698
0.5877085373987977
0.5877120096222256
0.5877154818456535
0.5877189540690813
0.5877224262925091
0.5877258985159369
0.5877293707393648
0.5877328429627927
0.5877363151862205
0.5877397874096484
0.5877432596330763
0.5877467318565042
0.587750204079932
0.5877536763033598
0.5877571485267876
0.5877606207502155
0.5877640929736434
0.5877675651970712
0.5877710374204991
0.587774509643927
0.5877779818673549
0.5877814540907826
0.5877849263142105
0.5877883985376383
0.5877918707610662
0.5877953429844941
0.5877988152079219
0.5878022874313498
0.5878057596547777
0.5878092318782056
0.5878127041016333
0.5878161763250612
0.587819648548489
0.587823120771917
0.5878265929953448
0.5878300652187726
0.5878335374422005
0.5878370096656284
0.5878404818890562
0.587843954112484
