0.7274308081356973
0.7274342803591252
0.7274377525825529
0.7274412248059808
0.7274446970294086
0.7274481692528365
0.7274516414762644
0.7274551136996923
0.7274585859231202
0.727462058146548
0.7274655303699759
0.7274690025934036
0.7274724748168315
0.7274759470402593
0.7274794192636873
0.7274828914871151
0.727486363710543
0.7274898359339709
0.7274933081573987
0.7274967803808265
0.7275002526042543
0.7275037248276822
0.72750719705111
0.727510669274538
0.7275141414979658
0.7275176137213937
0.7275210859448216
0.7275245581682493
0.7275280303916772
0.727531502615105
0.7275349748385329
0.7275384470619607
0.7275419192853886
0.7275453915088165
0.7275488637322444
0.7275523359556723
0.7275558081791
0.7275592804025279
0.7275627526259557
0.7275662248493836
0.7275696970728114
0.7275731692962394
0.7275766415196672
0.7275801137430951
0.727583585966523
0.7275870581899508
0.7275905304133786
0.7275940026368064
0.7275974748602343
0.7276009470836621
0.7276044193070901
0.7276078915305179
0.7276113637539459
0.7276148359773736
0.7276183082008015
0.7276217804242293
0.7276252526476572
0.727628724871085
0.7276321970945129
0.7276356693179407
0.7276391415413686
0.7276426137647966
0.7276460859882243
0.7276495582116522
0.72765303043508
0.7276565026585079
0.7276599748819357
0.7276634471053636
0.7276669193287915
0.7276703915522192
0.7276738637756471
0.727677335999075
0.7276808082225029
0.7276842804459307
0.7276877526693586
0.7276912248927864
0.7276946971162143
0.727698169339642
0.7277016415630699
0.7277051137864979
0.7277085860099257
0.7277120582333536
0.7277155304567814
0.7277190026802093
0.7277224749036371
0.727725947127065
0.7277294193504928
0.7277328915739206
0.7277363637973485
0.7277398360207764
0.7277433082442043
0.7277467804676321
0.72775025269106
0.7277537249144878
0.7277571971379156
0.7277606693613435
0.7277641415847714
0.7277676138081992
0.7277710860316271
0.727774558255055
0.7277780304784828
0.7277815027019107
0.7277849749253384
0.7277884471487663
0.7277919193721941
0.7277953915956221
0.72779886381905
0.7278023360424778
0.7278058082659057
0.7278092804893335
0.7278127527127614
0.7278162249361891
0.727819697159617
0.7278231693830449
0.7278266416064728
0.7278301138299006
0.7278335860533285
0.7278370582767564
0.7278405305001842
0.727844002723612
0.7278474749470398
0.7278509471704677
0.7278544193938956
0.7278578916173235
0.7278613638407514
0.7278648360641793
0.7278683082876071
0.727871780511035
0.7278752527344627
0.7278787249578905
0.7278821971813184
0.7278856694047462
0.7278891416281742
0.7278926138516021
0.72789608607503
0.7278995582984578
0.7279030305218857
0.7279065027453134
0.7279099749687413
0.7279134471921691
0.727916919415597
0.7279203916390249
0.7279238638624527
0.7279273360858807
0.7279308083093085
0.7279342805327363
0.7279377527561641
0.727941224979592
0.7279446972030198
0.7279481694264477
0.7279516416498756
0.7279551138733035
0.7279585860967314
0.7279620583201591
0.727965530543587
0.7279690027670148
0.7279724749904427
0.7279759472138705
0.7279794194372984
0.7279828916607263
0.727986363884154
0.7279898361075821
0.7279933083310098
0.7279967805544377
0.7280002527778655
0.7280037250012934
0.7280071972247212
0.7280106694481492
0.728014141671577
0.7280176138950047
0.7280210861184327
0.7280245583418605
0.7280280305652884
0.7280315027887162
0.7280349750121441
0.7280384472355719
0.7280419194589998
0.7280453916824277
0.7280488639058555
0.7280523361292834
0.7280558083527112
0.7280592805761391
0.7280627527995669
0.7280662250229948
0.7280696972464226
0.7280731694698506
0.7280766416932783
0.7280801139167062
0.7280835861401341
0.7280870583635619
0.7280905305869898
0.7280940028104176
0.7280974750338455
0.7281009472572733
0.7281044194807013
0.728107891704129
0.7281113639275569
0.7281148361509848
0.7281183083744126
0.7281217805978405
