0.7579863743008245
0.7579898465242523
0.7579933187476802
0.757996790971108
0.7580002631945358
0.7580037354179636
0.7580072076413915
0.7580106798648194
0.7580141520882473
0.7580176243116751
0.758021096535103
0.7580245687585309
0.7580280409819586
0.7580315132053865
0.7580349854288143
0.7580384576522423
0.75804192987567
0.758045402099098
0.7580488743225258
0.7580523465459537
0.7580558187693816
0.7580592909928093
0.7580627632162372
0.758066235439665
0.7580697076630929
0.7580731798865207
0.7580766521099487
0.7580801243333766
0.7580835965568044
0.7580870687802322
0.75809054100366
0.7580940132270879
0.7580974854505157
0.7581009576739436
0.7581044298973715
0.7581079021207994
0.7581113743442273
0.7581148465676552
0.7581183187910829
0.7581217910145108
0.7581252632379386
0.7581287354613665
0.7581322076847944
0.7581356799082221
0.7581391521316501
0.7581426243550778
0.7581460965785058
0.7581495688019336
0.7581530410253615
0.7581565132487893
0.7581599854722172
0.758163457695645
0.7581669299190729
0.7581704021425008
0.7581738743659286
0.7581773465893565
0.7581808188127843
0.7581842910362122
0.75818776325964
0.7581912354830679
0.7581947077064957
0.7581981799299236
0.7582016521533514
0.7582051243767793
0.7582085966002072
0.758212068823635
0.7582155410470629
0.7582190132704907
0.7582224854939186
0.7582259577173464
0.7582294299407742
0.7582329021642021
0.7582363743876299
0.7582398466110579
0.7582433188344857
0.7582467910579136
0.7582502632813414
0.7582537355047693
0.758257207728197
0.7582606799516249
0.7582641521750528
0.7582676243984807
0.7582710966219086
0.7582745688453364
0.7582780410687643
0.7582815132921921
0.75828498551562
0.7582884577390477
0.7582919299624757
0.7582954021859035
0.7582988744093314
0.7583023466327592
0.7583058188561871
0.758309291079615
0.7583127633030428
0.7583162355264707
0.7583197077498984
0.7583231799733264
0.7583266521967543
0.7583301244201821
0.75833359664361
0.7583370688670378
0.7583405410904657
0.7583440133138935
0.7583474855373213
0.7583509577607492
0.758354429984177
0.7583579022076049
0.7583613744310328
0.7583648466544607
0.7583683188778885
0.7583717911013164
0.7583752633247441
0.758378735548172
0.7583822077715998
0.7583856799950278
0.7583891522184556
0.7583926244418836
0.7583960966653113
0.7583995688887393
0.758403041112167
0.758406513335595
0.7584099855590227
0.7584134577824505
0.7584169300058785
0.7584204022293064
0.7584238744527342
0.7584273466761621
0.75843081889959
0.7584342911230177
0.7584377633464456
0.7584412355698734
0.7584447077933013
0.7584481800167291
0.758451652240157
0.7584551244635849
0.7584585966870128
0.7584620689104407
0.7584655411338684
0.7584690133572963
0.7584724855807241
0.758475957804152
0.7584794300275799
0.7584829022510077
0.7584863744744357
0.7584898466978635
0.7584933189212913
0.7584967911447191
0.758500263368147
0.7585037355915748
0.7585072078150027
0.7585106800384306
0.7585141522618584
0.7585176244852863
0.7585210967087141
0.758524568932142
0.7585280411555698
0.7585315133789977
0.7585349856024255
0.7585384578258535
0.7585419300492812
0.7585454022727092
0.758548874496137
0.7585523467195648
0.7585558189429927
0.7585592911664205
0.7585627633898484
0.7585662356132762
0.7585697078367041
0.7585731800601319
0.7585766522835599
0.7585801245069878
0.7585835967304155
0.7585870689538434
0.7585905411772712
0.7585940134006991
0.7585974856241269
0.7586009578475548
0.7586044300709827
0.7586079022944106
0.7586113745178384
0.7586148467412662
0.7586183189646941
0.7586217911881219
0.7586252634115498
0.7586287356349776
0.7586322078584056
0.7586356800818332
0.7586391523052612
0.758642624528689
0.758646096752117
0.7586495689755448
0.7586530411989726
0.7586565134224005
0.7586599856458283
0.7586634578692562
0.7586669300926839
0.7586704023161119
0.7586738745395398
0.7586773467629677
