0.07048613558546374
0.07048960780889157
0.0704930800323194
0.07049655225574733
0.07050002447917517
0.070503496702603
0.07050696892603084
0.07051044114945867
0.0705139133728866
0.07051738559631443
0.07052085781974227
0.0705243300431702
0.07052780226659794
0.07053127449002586
0.0705347467134537
0.07053821893688153
0.07054169116030946
0.0705451633837373
0.07054863560716514
0.07055210783059296
0.0705555800540208
0.07055905227744873
0.07056252450087656
0.0705659967243044
0.07056946894773224
0.07057294117116016
0.0705764133945879
0.07057988561801583
0.07058335784144366
0.0705868300648715
0.07059030228829942
0.07059377451172726
0.07059724673515509
0.07060071895858293
0.07060419118201076
0.0706076634054387
0.07061113562886652
0.07061460785229436
0.07061808007572229
0.07062155229915003
0.07062502452257796
0.0706284967460058
0.07063196896943363
0.07063544119286155
0.07063891341628939
0.07064238563971723
0.07064585786314506
0.0706493300865729
0.07065280231000073
0.07065627453342865
0.07065974675685649
0.07066321898028433
0.07066669120371226
0.07067016342714
0.07067363565056792
0.07067710787399575
0.07068058009742359
0.07068405232085152
0.07068752454427936
0.0706909967677072
0.07069446899113502
0.07069794121456285
0.07070141343799079
0.07070488566141862
0.07070835788484646
0.07071183010827438
0.07071530233170222
0.07071877455513005
0.07072224677855789
0.07072571900198572
0.07072919122541356
0.07073266344884148
0.07073613567226932
0.07073960789569715
0.07074308011912499
0.07074655234255282
0.07075002456598076
0.07075349678940858
0.07075696901283642
0.07076044123626435
0.07076391345969209
0.07076738568312002
0.07077085790654786
0.0707743301299757
0.07077780235340361
0.07078127457683145
0.07078474680025929
0.07078821902368712
0.07079169124711496
0.07079516347054288
0.07079863569397071
0.07080210791739855
0.07080558014082639
0.07080905236425432
0.07081252458768214
0.07081599681110998
0.07081946903453781
0.07082294125796565
0.07082641348139358
0.07082988570482142
0.07083335792824925
0.07083683015167708
0.07084030237510491
0.07084377459853285
0.07084724682196068
0.07085071904538852
0.07085419126881644
0.07085766349224418
0.07086113571567211
0.07086460793909995
0.07086808016252778
0.0708715523859557
0.07087502460938354
0.07087849683281137
0.07088196905623921
0.07088544127966705
0.07088891350309498
0.07089238572652282
0.07089585794995064
0.07089933017337847
0.07090280239680641
0.07090627462023424
0.07090974684366208
0.07091321906708992
0.07091669129051774
0.07092016351394567
0.07092363573737351
0.07092710796080134
0.07093058018422926
0.07093405240765702
0.07093752463108494
0.07094099685451277
0.07094446907794061
0.07094794130136854
0.07095141352479638
0.0709548857482242
0.07095835797165204
0.07096183019507987
0.0709653024185078
0.07096877464193564
0.07097224686536348
0.07097571908879131
0.07097919131221914
0.07098266353564707
0.0709861357590749
0.07098960798250274
0.07099308020593058
0.0709965524293585
0.07100002465278624
0.07100349687621417
0.071006969099642
0.07101044132306984
0.07101391354649776
0.0710173857699256
0.07102085799335343
0.07102433021678137
0.0710278024402091
0.07103127466363704
0.07103474688706488
0.0710382191104927
0.07104169133392063
0.07104516355734847
0.0710486357807763
0.07105210800420414
0.07105558022763198
0.0710590524510599
0.07106252467448773
0.07106599689791557
0.0710694691213434
0.07107294134477132
0.07107641356819908
0.071079885791627
0.07108335801505483
0.07108683023848267
0.0710903024619106
0.07109377468533844
0.07109724690876626
0.0711007191321941
0.07110419135562193
0.07110766357904987
0.0711111358024777
0.07111460802590554
0.07111808024933346
0.0711215524727612
0.07112502469618913
0.07112849691961697
0.0711319691430448
0.07113544136647272
0.07113891358990056
0.0711423858133284
0.07114585803675623
0.07114933026018407
0.0711528024836119
0.07115627470703982
0.07115974693046766
0.0711632191538955
0.07116669137732343
0.07117016360075117
0.0711736358241791
0.07117710804760694
