0.7288196975068394
0.7288231697302673
0.7288266419536951
0.728830114177123
0.7288335864005508
0.7288370586239787
0.7288405308474065
0.7288440030708344
0.7288474752942622
0.7288509475176901
0.7288544197411179
0.7288578919645459
0.7288613641879738
0.7288648364114015
0.7288683086348294
0.7288717808582572
0.7288752530816851
0.7288787253051129
0.7288821975285408
0.7288856697519687
0.7288891419753966
0.7288926141988243
0.7288960864222522
0.7288995586456801
0.7289030308691079
0.7289065030925358
0.7289099753159636
0.7289134475393915
0.7289169197628194
0.7289203919862473
0.728923864209675
0.7289273364331029
0.7289308086565308
0.7289342808799586
0.7289377531033865
0.7289412253268143
0.7289446975502422
0.7289481697736699
0.7289516419970979
0.7289551142205258
0.7289585864439537
0.7289620586673815
0.7289655308908093
0.7289690031142372
0.728972475337665
0.7289759475610929
0.7289794197845207
0.7289828920079486
0.7289863642313764
0.7289898364548044
0.7289933086782322
0.7289967809016601
0.7290002531250879
0.7290037253485158
0.7290071975719435
0.7290106697953714
0.7290141420187993
0.7290176142422271
0.7290210864656551
0.7290245586890829
0.7290280309125108
0.7290315031359386
0.7290349753593665
0.7290384475827942
0.7290419198062221
0.72904539202965
0.7290488642530779
0.7290523364765058
0.7290558086999336
0.7290592809233615
0.7290627531467893
0.7290662253702171
0.7290696975936449
0.7290731698170728
0.7290766420405007
0.7290801142639285
0.7290835864873565
0.7290870587107843
0.7290905309342122
0.72909400315764
0.7290974753810678
0.7291009476044956
0.7291044198279235
0.7291078920513514
0.7291113642747793
0.7291148364982072
0.729118308721635
0.7291217809450629
0.7291252531684906
0.7291287253919185
0.7291321976153463
0.7291356698387743
0.7291391420622021
0.72914261428563
0.7291460865090579
0.7291495587324857
0.7291530309559136
0.7291565031793413
0.7291599754027692
0.729163447626197
0.729166919849625
0.7291703920730528
0.7291738642964807
0.7291773365199086
0.7291808087433364
0.7291842809667642
0.729187753190192
0.7291912254136199
0.7291946976370477
0.7291981698604756
0.7292016420839035
0.7292051143073314
0.7292085865307593
0.729212058754187
0.7292155309776149
0.7292190032010427
0.7292224754244706
0.7292259476478984
0.7292294198713264
0.7292328920947542
0.7292363643181821
0.72923983654161
0.7292433087650378
0.7292467809884656
0.7292502532118934
0.7292537254353213
0.7292571976587491
0.7292606698821771
0.7292641421056049
0.7292676143290328
0.7292710865524606
0.7292745587758885
0.7292780309993163
0.7292815032227442
0.729284975446172
0.7292884476695999
0.7292919198930277
0.7292953921164556
0.7292988643398836
0.7293023365633113
0.7293058087867392
0.729309281010167
0.7293127532335949
0.7293162254570227
0.7293196976804506
0.7293231699038785
0.7293266421273062
0.7293301143507341
0.729333586574162
0.7293370587975899
0.7293405310210177
0.7293440032444456
0.7293474754678734
0.7293509476913013
0.729354419914729
0.7293578921381569
0.7293613643615849
0.7293648365850127
0.7293683088084406
0.7293717810318684
0.7293752532552963
0.7293787254787241
0.729382197702152
0.7293856699255798
0.7293891421490077
0.7293926143724355
0.7293960865958634
0.7293995588192913
0.7294030310427191
0.729406503266147
0.7294099754895748
0.7294134477130026
0.7294169199364305
0.7294203921598584
0.7294238643832862
0.7294273366067141
0.729430808830142
0.7294342810535698
0.7294377532769977
0.7294412255004254
0.7294446977238533
0.7294481699472811
0.7294516421707091
0.729455114394137
0.7294585866175648
0.7294620588409927
0.7294655310644205
0.7294690032878484
0.7294724755112761
0.729475947734704
0.7294794199581319
0.7294828921815598
0.7294863644049876
0.7294898366284155
0.7294933088518434
0.7294967810752712
0.729500253298699
0.7295037255221268
0.7295071977455547
0.7295106699689826
