0.6170141031298969
0.6170175753533248
0.6170210475767527
0.6170245198001805
0.6170279920236084
0.6170314642470361
0.617034936470464
0.6170384086938918
0.6170418809173198
0.6170453531407476
0.6170488253641755
0.6170522975876033
0.6170557698110312
0.617059242034459
0.6170627142578868
0.6170661864813147
0.6170696587047425
0.6170731309281705
0.6170766031515983
0.6170800753750262
0.6170835475984541
0.617087019821882
0.6170904920453097
0.6170939642687375
0.6170974364921654
0.6171009087155932
0.6171043809390212
0.617107853162449
0.6171113253858769
0.6171147976093048
0.6171182698327327
0.6171217420561604
0.6171252142795883
0.6171286865030161
0.617132158726444
0.6171356309498719
0.6171391031732997
0.6171425753967276
0.6171460476201555
0.6171495198435833
0.6171529920670111
0.617156464290439
0.6171599365138668
0.6171634087372947
0.6171668809607226
0.6171703531841504
0.6171738254075783
0.617177297631006
0.617180769854434
0.6171842420778618
0.6171877143012897
0.6171911865247175
0.6171946587481454
0.6171981309715733
0.6172016031950011
0.617205075418429
0.6172085476418568
0.6172120198652847
0.6172154920887125
0.6172189643121404
0.6172224365355682
0.6172259087589961
0.617229380982424
0.6172328532058518
0.6172363254292796
0.6172397976527075
0.6172432698761354
0.6172467420995632
0.6172502143229911
0.6172536865464189
0.6172571587698468
0.6172606309932747
0.6172641032167026
0.6172675754401303
0.6172710476635582
0.6172745198869861
0.6172779921104139
0.6172814643338418
0.6172849365572696
0.6172884087806975
0.6172918810041254
0.6172953532275532
0.617298825450981
0.6173022976744089
0.6173057698978368
0.6173092421212646
0.6173127143446925
0.6173161865681203
0.6173196587915482
0.617323131014976
0.6173266032384039
0.6173300754618317
0.6173335476852596
0.6173370199086875
0.6173404921321153
0.6173439643555432
0.617347436578971
0.6173509088023988
0.6173543810258267
0.6173578532492546
0.6173613254726824
0.6173647976961104
0.6173682699195382
0.6173717421429661
0.6173752143663939
0.6173786865898216
0.6173821588132495
0.6173856310366774
0.6173891032601053
0.6173925754835331
0.6173960477069611
0.6173995199303889
0.6174029921538168
0.6174064643772446
0.6174099366006724
0.6174134088241002
0.6174168810475281
0.617420353270956
0.6174238254943838
0.6174272977178117
0.6174307699412396
0.6174342421646675
0.6174377143880952
0.6174411866115231
0.6174446588349509
0.6174481310583788
0.6174516032818067
0.6174550755052345
0.6174585477286625
0.6174620199520903
0.6174654921755182
0.6174689643989459
0.6174724366223738
0.6174759088458016
0.6174793810692295
0.6174828532926574
0.6174863255160852
0.6174897977395132
0.617493269962941
0.6174967421863689
0.6175002144097966
0.6175036866332245
0.6175071588566523
0.6175106310800803
0.6175141033035081
0.6175175755269359
0.6175210477503639
0.6175245199737917
0.6175279921972195
0.6175314644206473
0.6175349366440752
0.617538408867503
0.617541881090931
0.6175453533143588
0.6175488255377867
0.6175522977612145
0.6175557699846423
0.6175592422080702
0.617562714431498
0.6175661866549259
0.6175696588783537
0.6175731311017817
0.6175766033252095
0.6175800755486374
0.6175835477720653
0.617587019995493
0.6175904922189209
0.6175939644423487
0.6175974366657766
0.6176009088892044
0.6176043811126324
0.6176078533360602
0.6176113255594881
0.617614797782916
0.6176182700063437
0.6176217422297716
0.6176252144531994
0.6176286866766273
0.6176321589000551
0.6176356311234831
0.6176391033469109
0.6176425755703387
0.6176460477937666
0.6176495200171945
0.6176529922406223
0.6176564644640502
0.617659936687478
0.6176634089109058
0.6176668811343338
0.6176703533577615
0.6176738255811894
0.6176772978046172
0.6176807700280452
0.617684242251473
0.6176877144749009
0.6176911866983287
0.6176946589217566
0.6176981311451845
0.6177016033686122
0.6177050755920401
