0.7704863786411038
0.7704898508645316
0.7704933230879595
0.7704967953113873
0.7705002675348152
0.7705037397582429
0.7705072119816707
0.7705106842050987
0.7705141564285265
0.7705176286519545
0.7705211008753822
0.7705245730988102
0.770528045322238
0.7705315175456658
0.7705349897690936
0.7705384619925215
0.7705419342159494
0.7705454064393773
0.7705488786628051
0.770552350886233
0.7705558231096609
0.7705592953330886
0.7705627675565165
0.7705662397799443
0.7705697120033722
0.7705731842268
0.7705766564502279
0.7705801286736558
0.7705836008970837
0.7705870731205116
0.7705905453439393
0.7705940175673672
0.770597489790795
0.7706009620142229
0.7706044342376508
0.7706079064610786
0.7706113786845066
0.7706148509079342
0.7706183231313622
0.77062179535479
0.7706252675782179
0.7706287398016457
0.7706322120250736
0.7706356842485015
0.7706391564719294
0.7706426286953572
0.770646100918785
0.7706495731422129
0.7706530453656407
0.7706565175890686
0.7706599898124964
0.7706634620359244
0.7706669342593521
0.7706704064827801
0.7706738787062078
0.7706773509296357
0.7706808231530636
0.7706842953764914
0.7706877675999193
0.7706912398233471
0.770694712046775
0.7706981842702029
0.7707016564936308
0.7707051287170587
0.7707086009404864
0.7707120731639143
0.7707155453873421
0.77071901761077
0.7707224898341978
0.7707259620576257
0.7707294342810536
0.7707329065044815
0.7707363787279092
0.7707398509513372
0.770743323174765
0.7707467953981928
0.7707502676216207
0.7707537398450485
0.7707572120684765
0.7707606842919041
0.7707641565153321
0.7707676287387599
0.7707711009621879
0.7707745731856157
0.7707780454090436
0.7707815176324714
0.7707849898558993
0.770788462079327
0.7707919343027548
0.7707954065261828
0.7707988787496107
0.7708023509730386
0.7708058231964664
0.7708092954198943
0.7708127676433221
0.77081623986675
0.7708197120901777
0.7708231843136056
0.7708266565370335
0.7708301287604614
0.7708336009838893
0.7708370732073171
0.770840545430745
0.7708440176541728
0.7708474898776007
0.7708509621010285
0.7708544343244563
0.7708579065478842
0.770861378771312
0.77086485099474
0.7708683232181678
0.7708717954415957
0.7708752676650235
0.7708787398884513
0.7708822121118791
0.770885684335307
0.7708891565587349
0.7708926287821628
0.7708961010055907
0.7708995732290185
0.7709030454524464
0.7709065176758741
0.770909989899302
0.7709134621227298
0.7709169343461578
0.7709204065695856
0.7709238787930135
0.7709273510164414
0.7709308232398692
0.7709342954632971
0.7709377676867248
0.7709412399101527
0.7709447121335805
0.7709481843570085
0.7709516565804363
0.7709551288038642
0.7709586010272921
0.7709620732507199
0.7709655454741478
0.7709690176975755
0.7709724899210034
0.7709759621444312
0.7709794343678591
0.770982906591287
0.7709863788147149
0.7709898510381428
0.7709933232615706
0.7709967954849984
0.7710002677084262
0.7710037399318541
0.7710072121552819
0.7710106843787099
0.7710141566021377
0.7710176288255657
0.7710211010489934
0.7710245732724214
0.7710280454958491
0.7710315177192769
0.7710349899427048
0.7710384621661326
0.7710419343895606
0.7710454066129885
0.7710488788364163
0.7710523510598442
0.771055823283272
0.7710592955066998
0.7710627677301277
0.7710662399535555
0.7710697121769834
0.7710731844004112
0.7710766566238391
0.771080128847267
0.7710836010706948
0.7710870732941227
0.7710905455175505
0.7710940177409784
0.7710974899644062
0.7711009621878341
0.771104434411262
0.7711079066346898
0.7711113788581178
0.7711148510815454
0.7711183233049734
0.7711217955284012
0.7711252677518291
0.7711287399752569
0.7711322121986848
0.7711356844221127
0.7711391566455406
0.7711426288689683
0.7711461010923962
0.7711495733158241
0.7711530455392519
0.7711565177626798
0.7711599899861076
0.7711634622095356
0.7711669344329632
0.7711704066563912
0.771173878879819
0.7711773511032469
