0.9017364242140362
0.9017398964374641
0.9017433686608919
0.9017468408843198
0.9017503131077476
0.9017537853311755
0.9017572575546032
0.9017607297780312
0.9017642020014589
0.9017676742248869
0.9017711464483148
0.9017746186717426
0.9017780908951705
0.9017815631185983
0.9017850353420261
0.9017885075654539
0.9017919797888819
0.9017954520123096
0.9017989242357376
0.9018023964591655
0.9018058686825933
0.9018093409060212
0.9018128131294489
0.9018162853528768
0.9018197575763046
0.9018232297997327
0.9018267020231603
0.9018301742465883
0.9018336464700162
0.901837118693444
0.9018405909168719
0.9018440631402996
0.9018475353637275
0.9018510075871553
0.9018544798105834
0.9018579520340112
0.9018614242574391
0.9018648964808669
0.9018683687042948
0.9018718409277225
0.9018753131511503
0.9018787853745782
0.901882257598006
0.9018857298214339
0.9018892020448617
0.9018926742682898
0.9018961464917176
0.9018996187151455
0.9019030909385732
0.9019065631620011
0.9019100353854289
0.9019135076088568
0.9019169798322848
0.9019204520557124
0.9019239242791405
0.9019273965025683
0.9019308687259961
0.9019343409494239
0.9019378131728518
0.9019412853962796
0.9019447576197075
0.9019482298431355
0.9019517020665633
0.9019551742899912
0.901958646513419
0.9019621187368468
0.9019655909602746
0.9019690631837025
0.9019725354071303
0.9019760076305582
0.901979479853986
0.9019829520774139
0.9019864243008419
0.9019898965242696
0.9019933687476975
0.9019968409711253
0.9020003131945532
0.902003785417981
0.9020072576414089
0.9020107298648369
0.9020142020882645
0.9020176743116926
0.9020211465351203
0.9020246187585482
0.902028090981976
0.9020315632054039
0.9020350354288317
0.9020385076522596
0.9020419798756876
0.9020454520991154
0.9020489243225432
0.902052396545971
0.9020558687693989
0.9020593409928267
0.9020628132162546
0.9020662854396824
0.9020697576631103
0.902073229886538
0.9020767021099659
0.9020801743333939
0.9020836465568217
0.9020871187802496
0.9020905910036774
0.9020940632271053
0.9020975354505331
0.902101007673961
0.902104479897389
0.9021079521208166
0.9021114243442446
0.9021148965676724
0.9021183687911003
0.9021218410145281
0.902125313237956
0.9021287854613838
0.9021322576848116
0.9021357299082396
0.9021392021316675
0.9021426743550953
0.9021461465785232
0.902149618801951
0.9021530910253789
0.9021565632488067
0.9021600354722344
0.9021635076956623
0.9021669799190901
0.902170452142518
0.902173924365946
0.9021773965893739
0.9021808688128017
0.9021843410362296
0.9021878132596574
0.9021912854830852
0.902194757706513
0.902198229929941
0.9022017021533687
0.9022051743767967
0.9022086466002246
0.9022121188236524
0.9022155910470803
0.902219063270508
0.9022225354939359
0.9022260077173637
0.9022294799407917
0.9022329521642194
0.9022364243876474
0.9022398966110753
0.9022433688345031
0.902246841057931
0.9022503132813587
0.9022537855047866
0.9022572577282144
0.9022607299516424
0.9022642021750701
0.9022676743984981
0.902271146621926
0.9022746188453538
0.9022780910687817
0.9022815632922094
0.9022850355156373
0.9022885077390651
0.902291979962493
0.9022954521859208
0.9022989244093488
0.9023023966327767
0.9023058688562045
0.9023093410796323
0.9023128133030601
0.902316285526488
0.9023197577499158
0.9023232299733438
0.9023267021967715
0.9023301744201995
0.9023336466436274
0.9023371188670551
0.902340591090483
0.9023440633139108
0.9023475355373387
0.9023510077607665
0.9023544799841945
0.9023579522076224
0.9023614244310502
0.902364896654478
0.9023683688779058
0.9023718411013337
0.9023753133247615
0.9023787855481894
0.9023822577716172
0.9023857299950451
0.9023892022184729
0.902392674441901
0.9023961466653287
0.9023996188887565
0.9024030911121844
0.9024065633356122
0.9024100355590401
0.9024135077824679
0.902416980005896
0.9024204522293235
0.9024239244527517
0.9024273966761794
