0.16423616813755837
0.16423964036098626
0.16424311258441404
0.1642465848078419
0.1642500570312698
0.16425352925469763
0.16425700147812552
0.16426047370155336
0.16426394592498123
0.16426741814840906
0.1642708903718369
0.1642743625952648
0.16427783481869263
0.1642813070421205
0.16428477926554833
0.16428825148897616
0.16429172371240405
0.1642951959358319
0.16429866815925975
0.1643021403826876
0.16430561260611548
0.16430908482954337
0.16431255705297115
0.16431602927639902
0.16431950149982685
0.16432297372325474
0.16432644594668264
0.16432991817011047
0.16433339039353834
0.16433686261696615
0.164340334840394
0.1643438070638219
0.16434727928724974
0.1643507515106776
0.16435422373410544
0.16435769595753333
0.1643611681809611
0.164364640404389
0.16436811262781686
0.1643715848512447
0.1643750570746726
0.16437852929810043
0.16438200152152832
0.16438547374495613
0.16438894596838396
0.16439241819181186
0.1643958904152397
0.16439936263866758
0.16440283486209545
0.16440630708552326
0.16440977930895112
0.16441325153237896
0.16441672375580685
0.1644201959792347
0.16442366820266255
0.16442714042609044
0.16443061264951822
0.1644340848729461
0.16443755709637395
0.1644410293198018
0.1644445015432297
0.16444797376665754
0.16445144599008543
0.1644549182135132
0.16445839043694108
0.16446186266036897
0.1644653348837968
0.1644688071072247
0.16447227933065253
0.1644757515540804
0.1644792237775083
0.16448269600093607
0.16448616822436396
0.1644896404477918
0.16449311267121966
0.1644965848946475
0.1645000571180754
0.16450352934150322
0.16450700156493106
0.16451047378835892
0.16451394601178676
0.16451741823521465
0.16452089045864254
0.16452436268207038
0.1645278349054982
0.16453130712892602
0.16453477935235392
0.1645382515757818
0.16454172379920964
0.1645451960226375
0.16454866824606532
0.16455214046949318
0.16455561269292107
0.1645590849163489
0.16456255713977677
0.1645660293632046
0.1645695015866325
0.16457297381006028
0.16457644603348817
0.16457991825691604
0.16458339048034387
0.16458686270377176
0.1645903349271996
0.1645938071506275
0.16459727937405536
0.16460075159748314
0.16460422382091103
0.16460769604433886
0.16461116826776676
0.16461464049119462
0.16461811271462246
0.16462158493805035
0.16462505716147813
0.16462852938490602
0.16463200160833388
0.16463547383176172
0.1646389460551896
0.16464241827861745
0.16464589050204528
0.16464936272547312
0.16465283494890098
0.16465630717232888
0.1646597793957567
0.1646632516191846
0.16466672384261244
0.16467019606604025
0.16467366828946814
0.16467714051289598
0.16468061273632387
0.1646840849597517
0.16468755718317957
0.16469102940660746
0.16469450163003524
0.16469797385346313
0.16470144607689097
0.16470491830031883
0.16470839052374667
0.16471186274717456
0.16471533497060245
0.16471880719403023
0.1647222794174581
0.16472575164088593
0.16472922386431382
0.16473269608774171
0.16473616831116955
0.16473964053459741
0.1647431127580252
0.1647465849814531
0.16475005720488098
0.16475352942830881
0.16475700165173668
0.16476047387516451
0.1647639460985924
0.16476741832202024
0.16477089054544808
0.16477436276887594
0.16477783499230378
0.16478130721573167
0.1647847794391595
0.16478825166258734
0.1647917238860152
0.16479519610944304
0.16479866833287093
0.16480214055629877
0.16480561277972666
0.16480908500315453
0.1648125572265823
0.1648160294500102
0.16481950167343803
0.16482297389686593
0.1648264461202938
0.16482991834372163
0.16483339056714952
0.1648368627905773
0.1648403350140052
0.16484380723743305
0.1648472794608609
0.16485075168428878
0.16485422390771662
0.1648576961311445
0.1648611683545723
0.16486464057800015
0.16486811280142805
0.16487158502485588
0.16487505724828377
0.1648785294717116
0.16488200169513947
0.1648854739185673
0.16488894614199515
0.16489241836542304
0.16489589058885087
0.16489936281227874
0.16490283503570663
0.1649063072591344
0.1649097794825623
0.16491325170599014
0.164916723929418
0.16492019615284584
0.16492366837627373
0.16492714059970162
