0.7218752506511287
0.7218787228745566
0.7218821950979843
0.7218856673214122
0.7218891395448401
0.721892611768268
0.7218960839916959
0.7218995562151237
0.7219030284385516
0.7219065006619794
0.7219099728854073
0.721913445108835
0.7219169173322629
0.7219203895556908
0.7219238617791186
0.7219273340025466
0.7219308062259744
0.7219342784494023
0.7219377506728301
0.721941222896258
0.7219446951196857
0.7219481673431136
0.7219516395665415
0.7219551117899693
0.7219585840133973
0.7219620562368251
0.721965528460253
0.7219690006836808
0.7219724729071086
0.7219759451305364
0.7219794173539643
0.7219828895773922
0.7219863618008201
0.721989834024248
0.7219933062476758
0.7219967784711037
0.7220002506945314
0.7220037229179593
0.7220071951413871
0.7220106673648151
0.7220141395882429
0.7220176118116708
0.7220210840350987
0.7220245562585265
0.7220280284819544
0.7220315007053821
0.72203497292881
0.7220384451522378
0.7220419173756657
0.7220453895990936
0.7220488618225215
0.7220523340459494
0.7220558062693772
0.722059278492805
0.7220627507162328
0.7220662229396607
0.7220696951630885
0.7220731673865165
0.7220766396099443
0.7220801118333722
0.7220835840568001
0.722087056280228
0.7220905285036557
0.7220940007270835
0.7220974729505114
0.7221009451739392
0.7221044173973672
0.722107889620795
0.7221113618442229
0.7221148340676508
0.7221183062910786
0.7221217785145064
0.7221252507379343
0.7221287229613621
0.72213219518479
0.7221356674082178
0.7221391396316457
0.7221426118550737
0.7221460840785014
0.7221495563019293
0.7221530285253571
0.722156500748785
0.7221599729722128
0.7221634451956407
0.7221669174190686
0.7221703896424964
0.7221738618659242
0.7221773340893521
0.72218080631278
0.7221842785362078
0.7221877507596357
0.7221912229830635
0.7221946952064914
0.7221981674299193
0.722201639653347
0.7222051118767749
0.7222085841002028
0.7222120563236307
0.7222155285470585
0.7222190007704864
0.7222224729939142
0.7222259452173421
0.7222294174407698
0.7222328896641977
0.7222363618876257
0.7222398341110535
0.7222433063344814
0.7222467785579092
0.7222502507813371
0.7222537230047649
0.7222571952281928
0.7222606674516207
0.7222641396750485
0.7222676118984763
0.7222710841219042
0.7222745563453321
0.7222780285687599
0.7222815007921878
0.7222849730156156
0.7222884452390435
0.7222919174624712
0.7222953896858992
0.7222988619093271
0.7223023341327549
0.7223058063561828
0.7223092785796106
0.7223127508030385
0.7223162230264663
0.7223196952498941
0.722323167473322
0.7223266396967499
0.7223301119201777
0.7223335841436056
0.7223370563670335
0.7223405285904613
0.7223440008138892
0.722347473037317
0.7223509452607448
0.7223544174841727
0.7223578897076006
0.7223613619310284
0.7223648341544564
0.7223683063778842
0.722371778601312
0.7223752508247399
0.7223787230481676
0.7223821952715955
0.7223856674950233
0.7223891397184513
0.7223926119418792
0.7223960841653071
0.7223995563887349
0.7224030286121628
0.7224065008355905
0.7224099730590184
0.7224134452824462
0.7224169175058741
0.722420389729302
0.7224238619527298
0.7224273341761578
0.7224308063995856
0.7224342786230135
0.7224377508464412
0.7224412230698691
0.7224446952932969
0.7224481675167248
0.7224516397401527
0.7224551119635805
0.7224585841870085
0.7224620564104363
0.7224655286338642
0.7224690008572919
0.7224724730807198
0.7224759453041476
0.7224794175275755
0.7224828897510034
0.7224863619744313
0.7224898341978592
0.722493306421287
0.7224967786447148
0.7225002508681426
0.7225037230915705
0.7225071953149983
0.7225106675384263
0.7225141397618541
0.7225176119852819
0.7225210842087099
0.7225245564321376
0.7225280286555655
0.7225315008789933
0.7225349731024212
0.722538445325849
0.7225419175492769
0.7225453897727048
0.7225488619961327
0.7225523342195606
0.7225558064429883
0.7225592786664162
0.722562750889844
0.7225662231132719
