0.10451392517844621
0.10451739740187409
0.10452086962530197
0.1045243418487298
0.10452781407215764
0.10453128629558547
0.10453475851901335
0.10453823074244119
0.10454170296586907
0.10454517518929694
0.10454864741272478
0.10455211963615262
0.10455559185958045
0.10455906408300833
0.10456253630643622
0.10456600852986404
0.10456948075329194
0.10457295297671972
0.10457642520014761
0.10457989742357549
0.10458336964700332
0.1045868418704312
0.10459031409385904
0.10459378631728691
0.10459725854071479
0.10460073076414259
0.10460420298757046
0.1046076752109983
0.10461114743442618
0.10461461965785401
0.10461809188128189
0.10462156410470978
0.10462503632813756
0.10462850855156544
0.10463198077499328
0.10463545299842117
0.10463892522184905
0.10464239744527688
0.10464586966870476
0.10464934189213254
0.10465281411556043
0.10465628633898831
0.10465975856241615
0.10466323078584402
0.10466670300927186
0.1046701752326997
0.10467364745612753
0.10467711967955541
0.10468059190298329
0.10468406412641112
0.104687536349839
0.10469100857326684
0.10469448079669467
0.10469795302012255
0.10470142524355039
0.10470489746697828
0.1047083696904061
0.104711841913834
0.10471531413726187
0.10471878636068965
0.10472225858411754
0.10472573080754538
0.10472920303097326
0.10473267525440114
0.10473614747782897
0.10473961970125685
0.10474309192468464
0.10474656414811252
0.10475003637154036
0.10475350859496824
0.10475698081839611
0.10476045304182395
0.10476392526525184
0.10476739748867962
0.1047708697121075
0.10477434193553539
0.10477781415896323
0.1047812863823911
0.10478475860581894
0.10478823082924682
0.10479170305267466
0.10479517527610249
0.10479864749953037
0.1048021197229582
0.10480559194638608
0.10480906416981396
0.10481253639324176
0.10481600861666963
0.10481948084009747
0.10482295306352535
0.10482642528695318
0.10482989751038106
0.10483336973380895
0.10483684195723673
0.10484031418066461
0.10484378640409245
0.10484725862752034
0.10485073085094822
0.10485420307437605
0.10485767529780393
0.10486114752123171
0.1048646197446596
0.10486809196808748
0.10487156419151532
0.1048750364149432
0.10487850863837103
0.10488198086179891
0.1048854530852268
0.10488892530865458
0.10489239753208246
0.1048958697555103
0.10489934197893817
0.10490281420236601
0.1049062864257939
0.10490975864922172
0.10491323087264956
0.10491670309607745
0.10492017531950529
0.10492364754293317
0.10492711976636104
0.10493059198978884
0.10493406421321672
0.10493753643664455
0.10494100866007243
0.10494448088350031
0.10494795310692814
0.10495142533035602
0.10495489755378382
0.1049583697772117
0.10496184200063953
0.10496531422406741
0.10496878644749529
0.10497225867092312
0.10497573089435101
0.1049792031177788
0.10498267534120667
0.10498614756463456
0.1049896197880624
0.10499309201149028
0.10499656423491811
0.10500003645834599
0.10500350868177387
0.10500698090520166
0.10501045312862954
0.10501392535205738
0.10501739757548526
0.10502086979891313
0.10502434202234097
0.10502781424576886
0.10503128646919664
0.10503475869262452
0.10503823091605236
0.10504170313948023
0.10504517536290812
0.10504864758633596
0.10505211980976378
0.10505559203319162
0.10505906425661951
0.10506253648004739
0.10506600870347522
0.1050694809269031
0.1050729531503309
0.10507642537375878
0.10507989759718665
0.10508336982061449
0.10508684204404237
0.1050903142674702
0.10509378649089808
0.10509725871432597
0.10510073093775375
0.10510420316118163
0.10510767538460947
0.10511114760803734
0.10511461983146518
0.10511809205489307
0.10512156427832095
0.10512503650174873
0.10512850872517662
0.10513198094860446
0.10513545317203234
0.10513892539546021
0.10514239761888805
0.10514586984231593
0.10514934206574372
0.1051528142891716
0.10515628651259948
0.10515975873602731
0.10516323095945519
0.10516670318288303
0.10517017540631086
0.1051736476297387
0.10517711985316658
0.10518059207659447
0.10518406430002229
0.10518753652345018
0.10519100874687802
0.10519448097030584
0.10519795319373373
0.10520142541716157
0.10520489764058945
