0.219097298297673
0.21910077052110083
0.21910424274452872
0.21910771496795658
0.21911118719138442
0.2191146594148123
0.2191181316382401
0.21912160386166799
0.21912507608509585
0.21912854830852369
0.21913202053195158
0.2191354927553794
0.21913896497880728
0.21914243720223509
0.21914590942566295
0.21914938164909084
0.21915285387251868
0.21915632609594657
0.2191597983193744
0.21916327054280227
0.21916674276623016
0.21917021498965794
0.21917368721308583
0.21917715943651367
0.21918063165994153
0.21918410388336942
0.21918757610679726
0.2191910483302251
0.21919452055365293
0.2191979927770808
0.21920146500050863
0.21920493722393652
0.21920840944736442
0.21921188167079222
0.21921535389422006
0.2192188261176479
0.2192222983410758
0.21922577056450368
0.21922924278793152
0.21923271501135938
0.21923618723478716
0.21923965945821505
0.21924313168164294
0.21924660390507078
0.21925007612849864
0.21925354835192648
0.21925702057535437
0.21926049279878224
0.21926396502221004
0.2192674372456379
0.21927090946906574
0.21927438169249364
0.21927785391592147
0.21928132613934934
0.21928479836277723
0.219288270586205
0.2192917428096329
0.21929521503306074
0.21929868725648863
0.2193021594799165
0.21930563170334433
0.21930910392677222
0.2193125761502
0.2193160483736279
0.21931952059705576
0.2193229928204836
0.21932646504391148
0.21932993726733932
0.21933340949076716
0.21933688171419502
0.21934035393762286
0.21934382616105075
0.21934729838447858
0.21935077060790645
0.21935424283133428
0.21935771505476212
0.21936118727819
0.21936465950161785
0.21936813172504574
0.21937160394847358
0.21937507617190144
0.21937854839532933
0.2193820206187571
0.219385492842185
0.21938896506561284
0.2193924372890407
0.2193959095124686
0.21939938173589643
0.2194028539593243
0.2194063261827521
0.21940979840617997
0.2194132706296078
0.2194167428530357
0.2194202150764636
0.2194236872998914
0.2194271595233193
0.21943063174674707
0.21943410397017496
0.21943757619360285
0.2194410484170307
0.21944452064045855
0.2194479928638864
0.21945146508731428
0.21945493731074212
0.21945840953416995
0.21946188175759782
0.21946535398102565
0.21946882620445354
0.2194722984278814
0.21947577065130922
0.21947924287473708
0.21948271509816492
0.2194861873215928
0.21948965954502064
0.2194931317684485
0.2194966039918764
0.21950007621530418
0.21950354843873207
0.2195070206621599
0.2195104928855878
0.21951396510901566
0.2195174373324435
0.2195209095558714
0.21952438177929917
0.21952785400272706
0.21953132622615493
0.21953479844958276
0.21953827067301065
0.2195417428964385
0.21954521511986635
0.21954868734329425
0.21955215956672203
0.21955563179014992
0.21955910401357775
0.21956257623700565
0.21956604846043346
0.21956952068386135
0.21957299290728918
0.21957646513071702
0.2195799373541449
0.21958340957757275
0.2195868818010006
0.2195903540244285
0.21959382624785628
0.21959729847128417
0.219600770694712
0.21960424291813987
0.21960771514156777
0.2196111873649956
0.21961465958842347
0.21961813181185127
0.21962160403527914
0.21962507625870697
0.21962854848213487
0.21963202070556276
0.21963549292899057
0.21963896515241846
0.21964243737584624
0.21964590959927413
0.21964938182270202
0.21965285404612986
0.21965632626955772
0.21965979849298556
0.21966327071641345
0.21966674293984131
0.21967021516326912
0.219673687386697
0.21967715961012482
0.21968063183355271
0.21968410405698058
0.21968757628040841
0.2196910485038363
0.2196945207272641
0.21969799295069198
0.21970146517411981
0.2197049373975477
0.21970840962097557
0.2197118818444034
0.21971535406783124
0.21971882629125908
0.21972229851468697
0.21972577073811483
0.21972924296154267
0.21973271518497056
0.21973618740839834
0.21973965963182623
0.2197431318552541
0.21974660407868193
0.21975007630210983
0.21975354852553766
0.21975702074896553
0.21976049297239342
0.2197639651958212
0.2197674374192491
0.21977090964267693
0.21977438186610482
0.21977785408953263
0.21978132631296052
0.2197847985363884
0.2197882707598162
