0.2552084219473687
0.2552118941707966
0.2552153663942245
0.25521883861765227
0.2552223108410801
0.255225783064508
0.25522925528793583
0.2552327275113637
0.25523619973479156
0.2552396719582194
0.2552431441816473
0.2552466164050751
0.255250088628503
0.25525356085193085
0.2552570330753587
0.2552605052987865
0.25526397752221436
0.25526744974564225
0.2552709219690701
0.255274394192498
0.2552778664159258
0.2552813386393537
0.25528481086278154
0.2552882830862094
0.2552917553096372
0.2552952275330651
0.25529869975649294
0.2553021719799208
0.25530564420334867
0.2553091164267765
0.2553125886502044
0.25531606087363223
0.2553195330970601
0.25532300532048796
0.2553264775439158
0.25532994976734363
0.2553334219907715
0.25533689421419936
0.2553403664376272
0.2553438386610551
0.2553473108844829
0.2553507831079108
0.25535425533133865
0.25535772755476654
0.2553611997781943
0.25536467200162216
0.25536814422505005
0.2553716164484779
0.2553750886719058
0.2553785608953336
0.25538203311876145
0.25538550534218935
0.25538897756561724
0.2553924497890451
0.2553959220124729
0.25539939423590075
0.2554028664593286
0.2554063386827565
0.2554098109061843
0.2554132831296122
0.25541675535304004
0.2554202275764679
0.25542369979989576
0.25542717202332366
0.25543064424675144
0.2554341164701793
0.25543758869360716
0.255441060917035
0.2554445331404629
0.25544800536389073
0.2554514775873186
0.25545494981074646
0.2554584220341743
0.2554618942576022
0.25546536648103
0.25546883870445786
0.2554723109278857
0.2554757831513136
0.2554792553747414
0.25548272759816926
0.25548619982159715
0.255489672045025
0.2554931442684529
0.2554966164918807
0.25550008871530855
0.2555035609387364
0.2555070331621643
0.2555105053855921
0.25551397760901995
0.25551744983244784
0.2555209220558757
0.25552439427930357
0.2555278665027314
0.2555313387261593
0.25553481094958713
0.25553828317301497
0.2555417553964428
0.2555452276198707
0.25554869984329853
0.25555217206672637
0.25555564429015426
0.2555591165135821
0.25556258873701
0.2555660609604378
0.2555695331838657
0.2555730054072935
0.25557647763072133
0.2555799498541492
0.2555834220775771
0.25558689430100495
0.2555903665244328
0.2555938387478607
0.2555973109712885
0.2556007831947164
0.25560425541814424
0.2556077276415721
0.2556111998649999
0.25561467208842775
0.25561814431185564
0.2556216165352835
0.25562508875871137
0.2556285609821392
0.25563203320556704
0.25563550542899494
0.2556389776524228
0.2556424498758506
0.25564592209927844
0.25564939432270634
0.25565286654613417
0.25565633876956206
0.2556598109929899
0.2556632832164178
0.2556667554398456
0.25567022766327346
0.25567369988670136
0.2556771721101292
0.25568064433355703
0.25568411655698486
0.25568758878041276
0.2556910610038406
0.2556945332272685
0.2556980054506963
0.2557014776741242
0.25570494989755205
0.2557084221209799
0.2557118943444078
0.2557153665678356
0.25571883879126345
0.2557223110146913
0.2557257832381192
0.255729255461547
0.25573272768497485
0.25573619990840274
0.25573967213183063
0.25574314435525847
0.2557466165786863
0.25575008880211414
0.255753561025542
0.25575703324896987
0.2557605054723977
0.25576397769582554
0.25576744991925343
0.25577092214268127
0.25577439436610916
0.255777866589537
0.2557813388129649
0.25578481103639267
0.2557882832598205
0.2557917554832484
0.2557952277066763
0.2557986999301041
0.25580217215353196
0.25580564437695985
0.2558091166003877
0.2558125888238156
0.2558160610472434
0.25581953327067125
0.2558230054940991
0.2558264777175269
0.2558299499409548
0.2558334221643827
0.25583689438781054
0.2558403666112384
0.25584383883466627
0.2558473110580941
0.255850783281522
0.25585425550494983
0.25585772772837767
0.2558611999518055
0.25586467217523334
0.25586814439866123
0.25587161662208907
0.25587508884551696
0.2558785610689448
0.25588203329237263
0.2558855055158005
0.25588897773922836
0.2558924499626562
0.25589592218608403
0.2558993944095119
