0.07881947181231656
0.0788229440357444
0.07882641625917232
0.07882988848260016
0.07883336070602799
0.07883683292945592
0.07884030515288366
0.07884377737631158
0.07884724959973942
0.07885072182316726
0.07885419404659519
0.07885766627002302
0.07886113849345085
0.07886461071687868
0.07886808294030652
0.07887155516373445
0.07887502738716229
0.07887849961059012
0.07888197183401796
0.07888544405744588
0.07888891628087362
0.07889238850430155
0.07889586072772939
0.07889933295115723
0.07890280517458514
0.07890627739801298
0.07890974962144082
0.07891322184486865
0.07891669406829649
0.07892016629172442
0.07892363851515224
0.07892711073858008
0.07893058296200801
0.07893405518543575
0.07893752740886369
0.07894099963229152
0.07894447185571934
0.07894794407914728
0.07895141630257511
0.07895488852600295
0.07895836074943079
0.07896183297285862
0.07896530519628646
0.07896877741971438
0.07897224964314221
0.07897572186657005
0.07897919408999798
0.07898266631342572
0.07898613853685364
0.07898961076028148
0.07899308298370931
0.07899655520713725
0.07900002743056508
0.0790034996539929
0.07900697187742074
0.07901044410084858
0.07901391632427651
0.07901738854770435
0.07902086077113218
0.0790243329945601
0.07902780521798794
0.07903127744141578
0.07903474966484361
0.07903822188827145
0.07904169411169928
0.0790451663351272
0.07904863855855504
0.07905211078198288
0.07905558300541071
0.07905905522883855
0.07906252745226648
0.0790659996756943
0.07906947189912214
0.07907294412255007
0.07907641634597781
0.07907988856940575
0.07908336079283358
0.0790868330162614
0.07909030523968934
0.07909377746311717
0.07909724968654501
0.07910072190997285
0.07910419413340068
0.0791076663568286
0.07911113858025644
0.07911461080368427
0.07911808302711211
0.07912155525054004
0.07912502747396787
0.0791284996973957
0.07913197192082354
0.07913544414425137
0.07913891636767931
0.07914238859110714
0.07914586081453497
0.0791493330379628
0.07915280526139064
0.07915627748481857
0.07915974970824641
0.07916322193167424
0.07916669415510216
0.0791701663785299
0.07917363860195784
0.07917711082538567
0.07918058304881351
0.07918405527224143
0.07918752749566926
0.0791909997190971
0.07919447194252494
0.07919794416595277
0.0792014163893807
0.07920488861280853
0.07920836083623636
0.0792118330596642
0.07921530528309213
0.07921877750651997
0.0792222497299478
0.07922572195337564
0.07922919417680346
0.0792326664002314
0.07923613862365923
0.07923961084708707
0.07924308307051499
0.07924655529394274
0.07925002751737066
0.0792534997407985
0.07925697196422633
0.07926044418765427
0.0792639164110821
0.07926738863450992
0.07927086085793776
0.0792743330813656
0.07927780530479353
0.07928127752822137
0.0792847497516492
0.07928822197507703
0.07929169419850486
0.0792951664219328
0.07929863864536063
0.07930211086878847
0.0793055830922163
0.07930905531564422
0.07931252753907196
0.0793159997624999
0.07931947198592773
0.07932294420935557
0.07932641643278349
0.07932988865621132
0.07933336087963916
0.07933683310306709
0.07934030532649483
0.07934377754992276
0.07934724977335059
0.07935072199677842
0.07935419422020636
0.07935766644363419
0.07936113866706203
0.07936461089048986
0.0793680831139177
0.07937155533734562
0.07937502756077346
0.07937849978420129
0.07938197200762913
0.07938544423105705
0.0793889164544848
0.07939238867791272
0.07939586090134056
0.07939933312476839
0.07940280534819633
0.07940627757162416
0.07940974979505198
0.07941322201847982
0.07941669424190766
0.07942016646533559
0.07942363868876343
0.07942711091219126
0.07943058313561918
0.07943405535904692
0.07943752758247485
0.07944099980590269
0.07944447202933053
0.07944794425275845
0.07945141647618628
0.07945488869961412
0.07945836092304195
0.07946183314646979
0.07946530536989763
0.07946877759332555
0.07947224981675338
0.07947572204018122
0.07947919426360915
0.07948266648703689
0.07948613871046482
0.07948961093389265
0.07949308315732048
0.07949655538074842
0.07950002760417625
0.07950349982760409
0.07950697205103192
0.07951044427445976
