0.7565974849296823
0.75660095715311
0.756604429376538
0.7566079015999658
0.7566113738233937
0.7566148460468216
0.7566183182702494
0.7566217904936773
0.7566252627171051
0.756628734940533
0.7566322071639608
0.7566356793873886
0.7566391516108165
0.7566426238342444
0.7566460960576723
0.7566495682811001
0.756653040504528
0.7566565127279558
0.7566599849513836
0.7566634571748114
0.7566669293982393
0.7566704016216672
0.7566738738450951
0.756677346068523
0.7566808182919508
0.7566842905153787
0.7566877627388064
0.7566912349622343
0.7566947071856621
0.7566981794090901
0.7567016516325179
0.7567051238559459
0.7567085960793737
0.7567120683028015
0.7567155405262294
0.7567190127496571
0.756722484973085
0.7567259571965128
0.7567294294199408
0.7567329016433686
0.7567363738667965
0.7567398460902244
0.7567433183136523
0.75674679053708
0.7567502627605079
0.7567537349839357
0.7567572072073635
0.7567606794307914
0.7567641516542193
0.7567676238776473
0.7567710961010751
0.756774568324503
0.7567780405479307
0.7567815127713586
0.7567849849947864
0.7567884572182143
0.7567919294416422
0.75679540166507
0.756798873888498
0.7568023461119257
0.7568058183353537
0.7568092905587814
0.7568127627822093
0.7568162350056371
0.756819707229065
0.7568231794524929
0.7568266516759208
0.7568301238993486
0.7568335961227765
0.7568370683462043
0.7568405405696321
0.75684401279306
0.7568474850164878
0.7568509572399157
0.7568544294633435
0.7568579016867714
0.7568613739101994
0.7568648461336271
0.756868318357055
0.7568717905804828
0.7568752628039107
0.7568787350273385
0.7568822072507664
0.7568856794741943
0.7568891516976222
0.7568926239210501
0.7568960961444777
0.7568995683679057
0.7569030405913335
0.7569065128147614
0.7569099850381892
0.7569134572616171
0.756916929485045
0.7569204017084729
0.7569238739319006
0.7569273461553285
0.7569308183787564
0.7569342906021842
0.7569377628256121
0.7569412350490399
0.7569447072724679
0.7569481794958955
0.7569516517193235
0.7569551239427513
0.7569585961661792
0.7569620683896071
0.7569655406130349
0.7569690128364628
0.7569724850598906
0.7569759572833185
0.7569794295067463
0.7569829017301742
0.7569863739536021
0.75698984617703
0.7569933184004578
0.7569967906238856
0.7570002628473135
0.7570037350707413
0.7570072072941691
0.757010679517597
0.7570141517410248
0.7570176239644527
0.7570210961878807
0.7570245684113085
0.7570280406347364
0.7570315128581642
0.7570349850815921
0.75703845730502
0.7570419295284476
0.7570454017518756
0.7570488739753034
0.7570523461987314
0.7570558184221592
0.7570592906455871
0.7570627628690149
0.7570662350924428
0.7570697073158705
0.7570731795392984
0.7570766517627263
0.7570801239861542
0.7570835962095821
0.7570870684330099
0.7570905406564378
0.7570940128798656
0.7570974851032934
0.7571009573267212
0.7571044295501491
0.757107901773577
0.7571113739970048
0.7571148462204328
0.7571183184438606
0.7571217906672885
0.7571252628907162
0.7571287351141441
0.757132207337572
0.7571356795609998
0.7571391517844277
0.7571426240078555
0.7571460962312835
0.7571495684547113
0.7571530406781392
0.7571565129015669
0.7571599851249948
0.7571634573484226
0.7571669295718505
0.7571704017952784
0.7571738740187063
0.7571773462421342
0.757180818465562
0.7571842906889898
0.7571877629124176
0.7571912351358455
0.7571947073592733
0.7571981795827013
0.7572016518061291
0.757205124029557
0.7572085962529849
0.7572120684764126
0.7572155406998405
0.7572190129232683
0.7572224851466962
0.757225957370124
0.757229429593552
0.7572329018169798
0.7572363740404077
0.7572398462638356
0.7572433184872633
0.7572467907106912
0.757250262934119
0.7572537351575469
0.7572572073809747
0.7572606796044026
0.7572641518278305
0.7572676240512585
0.7572710962746863
0.7572745684981141
0.7572780407215419
0.7572815129449697
0.7572849851683976
0.7572884573918254
