0.8718753027344801
0.8718787749579079
0.8718822471813358
0.8718857194047638
0.8718891916281915
0.8718926638516195
0.8718961360750473
0.8718996082984751
0.8719030805219029
0.8719065527453308
0.8719100249687586
0.8719134971921865
0.8719169694156143
0.8719204416390421
0.8719239138624701
0.871927386085898
0.8719308583093258
0.8719343305327537
0.8719378027561815
0.8719412749796094
0.8719447472030372
0.8719482194264652
0.8719516916498928
0.8719551638733208
0.8719586360967487
0.8719621083201765
0.8719655805436044
0.8719690527670322
0.8719725249904601
0.8719759972138879
0.8719794694373159
0.8719829416607435
0.8719864138841715
0.8719898861075994
0.8719933583310272
0.8719968305544551
0.8720003027778829
0.8720037750013108
0.8720072472247385
0.8720107194481665
0.8720141916715942
0.8720176638950222
0.8720211361184501
0.8720246083418779
0.8720280805653058
0.8720315527887336
0.8720350250121615
0.8720384972355892
0.8720419694590171
0.8720454416824449
0.8720489139058729
0.8720523861293008
0.8720558583527286
0.8720593305761565
0.8720628027995843
0.8720662750230121
0.8720697472464399
0.8720732194698679
0.8720766916932956
0.8720801639167236
0.8720836361401515
0.8720871083635793
0.8720905805870072
0.872094052810435
0.8720975250338628
0.8721009972572906
0.8721044694807186
0.8721079417041465
0.8721114139275743
0.8721148861510022
0.87211835837443
0.8721218305978579
0.8721253028212856
0.8721287750447135
0.8721322472681413
0.8721357194915692
0.872139191714997
0.872142663938425
0.8721461361618529
0.8721496083852807
0.8721530806087086
0.8721565528321363
0.8721600250555642
0.872163497278992
0.8721669695024201
0.8721704417258477
0.8721739139492758
0.8721773861727034
0.8721808583961315
0.8721843306195592
0.872187802842987
0.8721912750664149
0.8721947472898427
0.8721982195132708
0.8722016917366986
0.8722051639601265
0.8722086361835543
0.8722121084069822
0.8722155806304099
0.8722190528538378
0.8722225250772656
0.8722259973006935
0.8722294695241213
0.8722329417475491
0.8722364139709772
0.872239886194405
0.8722433584178328
0.8722468306412606
0.8722503028646885
0.8722537750881163
0.8722572473115442
0.8722607195349722
0.8722641917583999
0.8722676639818279
0.8722711362052556
0.8722746084286835
0.8722780806521113
0.8722815528755392
0.872285025098967
0.8722884973223949
0.8722919695458229
0.8722954417692507
0.8722989139926786
0.8723023862161063
0.8723058584395342
0.872309330662962
0.8723128028863899
0.8723162751098177
0.8723197473332456
0.8723232195566734
0.8723266917801012
0.8723301640035293
0.872333636226957
0.8723371084503849
0.8723405806738127
0.8723440528972406
0.8723475251206684
0.8723509973440963
0.8723544695675243
0.8723579417909519
0.8723614140143799
0.8723648862378077
0.8723683584612356
0.8723718306846634
0.8723753029080913
0.8723787751315191
0.872382247354947
0.872385719578375
0.8723891918018026
0.8723926640252306
0.8723961362486584
0.8723996084720863
0.8724030806955141
0.872406552918942
0.8724100251423698
0.8724134973657977
0.8724169695892254
0.8724204418126533
0.8724239140360813
0.8724273862595091
0.872430858482937
0.8724343307063648
0.8724378029297927
0.8724412751532205
0.8724447473766483
0.8724482196000763
0.872451691823504
0.872455164046932
0.8724586362703599
0.8724621084937877
0.8724655807172156
0.8724690529406434
0.8724725251640711
0.872475997387499
0.872479469610927
0.8724829418343547
0.8724864140577827
0.8724898862812106
0.8724933585046384
0.8724968307280663
0.8725003029514941
0.872503775174922
0.8725072473983497
0.8725107196217777
0.8725141918452054
0.8725176640686334
0.8725211362920613
0.8725246085154891
0.872528080738917
0.8725315529623447
0.8725350251857726
0.8725384974092004
0.8725419696326283
0.8725454418560561
0.8725489140794841
0.872552386302912
0.8725558585263398
0.8725593307497677
0.8725628029731954
0.8725662751966233
