0.3482640098138923
0.3482674820373201
0.34827095426074794
0.34827442648417584
0.34827789870760373
0.34828137093103156
0.3482848431544594
0.3482883153778873
0.3482917876013152
0.348295259824743
0.34829873204817086
0.3483022042715987
0.34830567649502653
0.3483091487184544
0.34831262094188226
0.3483160931653101
0.34831956538873793
0.3483230376121658
0.3483265098355937
0.34832998205902155
0.3483334542824494
0.3483369265058772
0.34834039872930506
0.34834387095273295
0.3483473431761608
0.3483508153995887
0.3483542876230165
0.3483577598464444
0.34836123206987224
0.34836470429330013
0.34836817651672797
0.3483716487401558
0.34837512096358364
0.3483785931870115
0.3483820654104393
0.34838553763386726
0.3483890098572951
0.34839248208072293
0.34839595430415077
0.3483994265275786
0.34840289875100655
0.34840637097443433
0.34840984319786217
0.34841331542129
0.3484167876447179
0.3484202598681458
0.3484237320915736
0.34842720431500146
0.34843067653842935
0.34843414876185724
0.3484376209852851
0.3484410932087129
0.34844456543214075
0.3484480376555686
0.3484515098789965
0.3484549821024243
0.34845845432585215
0.34846192654928004
0.34846539877270793
0.34846887099613577
0.3484723432195636
0.34847581544299144
0.34847928766641934
0.34848275988984717
0.348486232113275
0.34848970433670284
0.34849317656013074
0.34849664878355857
0.34850012100698646
0.3485035932304143
0.3485070654538422
0.34851053767727
0.34851400990069786
0.3485174821241257
0.34852095434755354
0.3485244265709814
0.3485278987944093
0.34853137101783715
0.348534843241265
0.3485383154646929
0.3485417876881208
0.3485452599115486
0.3485487321349764
0.3485522043584042
0.34855567658183206
0.34855914880526
0.34856262102868785
0.3485660932521157
0.3485695654755435
0.3485730376989714
0.3485765099223993
0.34857998214582714
0.348583454369255
0.3485869265926828
0.34859039881611065
0.34859387103953854
0.3485973432629664
0.34860081548639427
0.3486042877098221
0.34860775993325
0.34861123215667783
0.3486147043801057
0.3486181766035335
0.3486216488269614
0.34862512105038923
0.34862859327381707
0.3486320654972449
0.34863553772067285
0.3486390099441007
0.3486424821675285
0.34864595439095636
0.3486494266143842
0.3486528988378121
0.3486563710612399
0.34865984328466776
0.3486633155080956
0.3486667877315235
0.3486702599549514
0.3486737321783792
0.34867720440180705
0.34868067662523494
0.34868414884866283
0.34868762107209067
0.34869109329551845
0.34869456551894634
0.34869803774237423
0.34870150996580207
0.3487049821892299
0.34870845441265774
0.34871192663608563
0.3487153988595135
0.34871887108294136
0.3487223433063692
0.34872581552979703
0.34872928775322487
0.34873275997665276
0.3487362322000806
0.34873970442350843
0.3487431766469363
0.34874664887036416
0.34875012109379205
0.3487535933172199
0.3487570655406478
0.34876053776407556
0.34876400998750345
0.3487674822109313
0.3487709544343591
0.348774426657787
0.3487778988812149
0.34878137110464275
0.3487848433280706
0.3487883155514985
0.3487917877749263
0.34879525999835415
0.348798732221782
0.3488022044452098
0.34880567666863765
0.3488091488920656
0.34881262111549344
0.3488160933389213
0.3488195655623491
0.348823037785777
0.3488265100092049
0.34882998223263273
0.3488334544560605
0.3488369266794884
0.34884039890291624
0.34884387112634413
0.34884734334977197
0.34885081557319986
0.3488542877966277
0.3488577600200556
0.3488612322434834
0.34886470446691126
0.3488681766903391
0.348871648913767
0.3488751211371948
0.34887859336062266
0.3488820655840505
0.34888553780747844
0.3488890100309063
0.3488924822543341
0.34889595447776195
0.34889942670118984
0.3489028989246177
0.3489063711480455
0.34890984337147335
0.3489133155949012
0.3489167878183291
0.34892026004175697
0.3489237322651848
0.34892720448861264
0.34893067671204053
0.34893414893546837
0.3489376211588962
0.34894109338232404
0.34894456560575193
0.3489480378291798
0.34895151005260766
0.3489549822760355
