0.2628473134886505
0.2628507857120783
0.2628542579355062
0.2628577301589341
0.26286120238236194
0.26286467460578977
0.26286814682921766
0.2628716190526455
0.26287509127607334
0.26287856349950117
0.26288203572292906
0.2628855079463569
0.26288898016978474
0.26289245239321263
0.2628959246166405
0.26289939684006836
0.2629028690634962
0.26290634128692403
0.26290981351035186
0.26291328573377976
0.2629167579572076
0.2629202301806355
0.2629237024040633
0.26292717462749116
0.26293064685091905
0.2629341190743469
0.2629375912977748
0.2629410635212026
0.26294453574463045
0.2629480079680583
0.2629514801914862
0.262954952414914
0.26295842463834185
0.26296189686176974
0.2629653690851976
0.26296884130862547
0.2629723135320533
0.26297578575548114
0.262979257978909
0.2629827302023368
0.2629862024257647
0.2629896746491926
0.26299314687262043
0.26299661909604827
0.26300009131947616
0.263003563542904
0.2630070357663319
0.2630105079897597
0.26301398021318756
0.2630174524366154
0.26302092466004323
0.2630243968834711
0.263027869106899
0.26303134133032685
0.2630348135537547
0.2630382857771826
0.2630417580006104
0.26304523022403825
0.2630487024474661
0.2630521746708939
0.2630556468943218
0.26305911911774965
0.26306259134117754
0.2630660635646054
0.26306953578803327
0.2630730080114611
0.26307648023488894
0.26307995245831683
0.26308342468174467
0.2630868969051725
0.26309036912860034
0.26309384135202823
0.26309731357545607
0.2631007857988839
0.2631042580223118
0.2631077302457397
0.2631112024691675
0.26311467469259536
0.2631181469160232
0.26312161913945104
0.2631250913628789
0.26312856358630676
0.26313203580973465
0.2631355080331625
0.2631389802565903
0.2631424524800182
0.2631459247034461
0.26314939692687395
0.2631528691503018
0.2631563413737296
0.26315981359715745
0.26316328582058535
0.2631667580440132
0.2631702302674411
0.2631737024908689
0.26317717471429675
0.26318064693772464
0.2631841191611525
0.2631875913845803
0.26319106360800815
0.263194535831436
0.2631980080548639
0.26320148027829177
0.2632049525017196
0.26320842472514744
0.26321189694857533
0.26321536917200317
0.26321884139543106
0.2632223136188589
0.26322578584228673
0.26322925806571457
0.2632327302891424
0.2632362025125703
0.2632396747359982
0.263243146959426
0.26324661918285386
0.26325009140628175
0.2632535636297096
0.2632570358531374
0.26326050807656526
0.26326398029999315
0.263267452523421
0.2632709247468488
0.2632743969702767
0.2632778691937046
0.26328134141713244
0.2632848136405603
0.26328828586398817
0.263291758087416
0.26329523031084384
0.2632987025342717
0.2633021747576995
0.2633056469811274
0.26330911920455524
0.26331259142798313
0.26331606365141097
0.26331953587483886
0.2633230080982667
0.26332648032169453
0.26332995254512237
0.2633334247685502
0.2633368969919781
0.26334036921540593
0.2633438414388338
0.26334731366226166
0.2633507858856895
0.2633542581091174
0.2633577303325453
0.2633612025559731
0.26336467477940095
0.2633681470028288
0.2633716192262566
0.2633750914496845
0.26337856367311235
0.26338203589654025
0.2633855081199681
0.2633889803433959
0.2633924525668238
0.2633959247902517
0.2633993970136795
0.2634028692371073
0.2634063414605352
0.26340981368396305
0.26341328590739094
0.2634167581308188
0.26342023035424666
0.2634237025776745
0.26342717480110234
0.26343064702453023
0.26343411924795807
0.2634375914713859
0.26344106369481374
0.2634445359182416
0.26344800814166947
0.26345148036509736
0.2634549525885252
0.26345842481195303
0.2634618970353809
0.26346536925880876
0.2634688414822366
0.26347231370566443
0.2634757859290923
0.26347925815252016
0.263482730375948
0.2634862025993759
0.2634896748228038
0.2634931470462316
0.26349661926965945
0.26350009149308734
0.2635035637165152
0.263507035939943
0.26351050816337085
0.26351398038679874
0.2635174526102266
0.2635209248336544
0.2635243970570823
0.2635278692805102
0.26353134150393803
0.26353481372736587
0.26353828595079376
