0.4170140336854284
0.4170175059088562
0.41702097813228406
0.4170244503557119
0.4170279225791398
0.4170313948025676
0.41703486702599546
0.41703833924942335
0.4170418114728512
0.4170452836962791
0.4170487559197069
0.41705222814313475
0.4170557003665626
0.4170591725899905
0.4170626448134183
0.41706611703684615
0.41706958926027404
0.4170730614837019
0.41707653370712977
0.4170800059305576
0.4170834781539855
0.41708695037741333
0.41709042260084117
0.417093894824269
0.41709736704769684
0.41710083927112473
0.41710431149455257
0.41710778371798046
0.4171112559414083
0.41711472816483613
0.417118200388264
0.4171216726116919
0.4171251448351197
0.41712861705854754
0.4171320892819754
0.41713556150540326
0.41713903372883115
0.417142505952259
0.4171459781756868
0.4171494503991147
0.4171529226225426
0.41715639484597045
0.4171598670693983
0.4171633392928261
0.41716681151625395
0.41717028373968185
0.4171737559631097
0.4171772281865375
0.4171807004099654
0.4171841726333933
0.41718764485682114
0.417191117080249
0.4171945893036768
0.41719806152710465
0.41720153375053254
0.4172050059739604
0.41720847819738827
0.4172119504208161
0.41721542264424394
0.41721889486767183
0.41722236709109967
0.41722583931452756
0.4172293115379554
0.41723278376138323
0.41723625598481107
0.4172397282082389
0.4172432004316668
0.4172466726550947
0.4172501448785225
0.41725361710195036
0.41725708932537825
0.4172605615488061
0.417264033772234
0.41726750599566176
0.4172709782190896
0.4172744504425175
0.4172779226659454
0.4172813948893732
0.41728486711280105
0.41728833933622894
0.4172918115596568
0.41729528378308467
0.4172987560065125
0.41730222822994034
0.4173057004533682
0.41730917267679607
0.4173126449002239
0.41731611712365174
0.41731958934707963
0.41732306157050747
0.41732653379393536
0.4173300060173632
0.4173334782407911
0.41733695046421887
0.4173404226876467
0.4173438949110746
0.41734736713450243
0.4173508393579303
0.41735431158135816
0.41735778380478605
0.4173612560282139
0.4173647282516417
0.4173682004750696
0.41737167269849745
0.4173751449219253
0.4173786171453531
0.417382089368781
0.41738556159220885
0.41738903381563675
0.4173925060390646
0.4173959782624924
0.4173994504859203
0.4174029227093482
0.41740639493277604
0.4174098671562038
0.4174133393796317
0.41741681160305955
0.41742028382648744
0.4174237560499153
0.4174272282733431
0.417430700496771
0.4174341727201989
0.41743764494362673
0.41744111716705457
0.4174445893904824
0.41744806161391024
0.41745153383733813
0.41745500606076597
0.41745847828419386
0.4174619505076217
0.41746542273104953
0.4174688949544774
0.41747236717790526
0.41747583940133315
0.41747931162476093
0.4174827838481888
0.41748625607161666
0.4174897282950445
0.4174932005184724
0.4174966727419003
0.4175001449653281
0.41750361718875595
0.41750708941218384
0.4175105616356117
0.4175140338590395
0.41751750608246735
0.4175209783058952
0.4175244505293231
0.41752792275275097
0.4175313949761788
0.41753486719960664
0.41753833942303453
0.41754181164646237
0.41754528386989026
0.4175487560933181
0.4175522283167459
0.41755570054017377
0.41755917276360166
0.4175626449870295
0.41756611721045733
0.4175695894338852
0.4175730616573131
0.41757653388074095
0.4175800061041688
0.4175834783275966
0.41758695055102446
0.4175904227744523
0.4175938949978802
0.417597367221308
0.4176008394447359
0.41760431166816375
0.41760778389159164
0.4176112561150195
0.4176147283384473
0.4176182005618752
0.41762167278530304
0.4176251450087309
0.4176286172321587
0.4176320894555866
0.41763556167901444
0.41763903390244234
0.41764250612587017
0.417645978349298
0.4176494505727259
0.41765292279615374
0.41765639501958157
0.4176598672430094
0.4176633394664373
0.41766681168986514
0.41767028391329303
0.41767375613672086
0.4176772283601487
0.4176807005835766
0.4176841728070045
0.4176876450304323
0.41769111725386016
0.417694589477288
0.4176980617007159
0.4177015339241437
0.41770500614757156
