0.27048620502993226
0.2704896772533601
0.270493149476788
0.2704966217002158
0.2705000939236437
0.27050356614707155
0.2705070383704994
0.2705105105939273
0.27051398281735517
0.270517455040783
0.27052092726421084
0.2705243994876387
0.2705278717110665
0.2705313439344944
0.27053481615792224
0.27053828838135013
0.27054176060477797
0.2705452328282058
0.2705487050516337
0.2705521772750616
0.2705556494984894
0.2705591217219172
0.2705625939453451
0.27056606616877293
0.2705695383922008
0.27057301061562866
0.27057648283905655
0.2705799550624844
0.2705834272859122
0.2705868995093401
0.27059037173276795
0.2705938439561958
0.2705973161796236
0.2706007884030515
0.27060426062647935
0.27060773284990725
0.2706112050733351
0.2706146772967629
0.2706181495201908
0.27062162174361865
0.2706250939670465
0.2706285661904743
0.2706320384139022
0.27063551063733005
0.2706389828607579
0.2706424550841858
0.27064592730761367
0.2706493995310415
0.27065287175446934
0.27065634397789723
0.27065981620132507
0.2706632884247529
0.27066676064818074
0.27067023287160863
0.27067370509503647
0.2706771773184643
0.2706806495418922
0.2706841217653201
0.2706875939887479
0.27069106621217576
0.27069453843560365
0.2706980106590315
0.27070148288245927
0.27070495510588716
0.27070842732931505
0.2707118995527429
0.2707153717761707
0.2707188439995986
0.27072231622302645
0.27072578844645434
0.2707292606698822
0.27073273289331
0.27073620511673785
0.2707396773401657
0.2707431495635936
0.2707466217870214
0.2707500940104493
0.27075356623387714
0.270757038457305
0.27076051068073287
0.27076398290416076
0.2707674551275886
0.2707709273510164
0.27077439957444427
0.2707778717978721
0.2707813440213
0.27078481624472783
0.2707882884681557
0.27079176069158356
0.2707952329150114
0.2707987051384393
0.2708021773618671
0.27080564958529496
0.2708091218087228
0.2708125940321507
0.2708160662555785
0.2708195384790064
0.27082301070243425
0.27082648292586214
0.27082995514929
0.2708334273727178
0.2708368995961457
0.27084037181957354
0.2708438440430014
0.2708473162664292
0.2708507884898571
0.27085426071328494
0.27085773293671284
0.2708612051601407
0.2708646773835685
0.2708681496069964
0.27087162183042424
0.2708750940538521
0.2708785662772799
0.2708820385007078
0.27088551072413564
0.2708889829475635
0.27089245517099136
0.27089592739441926
0.2708993996178471
0.27090287184127493
0.2709063440647028
0.27090981628813066
0.27091328851155844
0.27091676073498633
0.2709202329584142
0.27092370518184206
0.2709271774052699
0.2709306496286978
0.2709341218521257
0.2709375940755535
0.27094106629898135
0.2709445385224092
0.270948010745837
0.27095148296926486
0.27095495519269275
0.27095842741612064
0.2709618996395485
0.2709653718629763
0.2709688440864042
0.27097231630983204
0.27097578853325993
0.27097926075668777
0.2709827329801156
0.27098620520354344
0.2709896774269713
0.27099314965039917
0.270996621873827
0.2710000940972549
0.27100356632068273
0.27100703854411057
0.27101051076753846
0.2710139829909663
0.27101745521439413
0.27102092743782197
0.27102439966124986
0.2710278718846777
0.2710313441081056
0.2710348163315334
0.2710382885549613
0.27104176077838915
0.271045233001817
0.2710487052252449
0.2710521774486727
0.27105564967210055
0.2710591218955284
0.2710625941189563
0.2710660663423841
0.271069538565812
0.27107301078923984
0.27107648301266773
0.27107995523609557
0.2710834274595234
0.27108689968295124
0.27109037190637914
0.27109384412980697
0.2710973163532348
0.2711007885766627
0.27110426080009054
0.2711077330235184
0.27111120524694626
0.2711146774703741
0.271118149693802
0.2711216219172298
0.27112509414065766
0.2711285663640855
0.2711320385875134
0.2711355108109412
0.27113898303436906
0.27114245525779695
0.27114592748122485
0.2711493997046527
0.2711528719280805
0.27115634415150836
0.2711598163749362
0.271163288598364
0.2711667608217919
0.2711702330452198
0.27117370526864765
0.2711771774920755
