0.44965293390726874
0.4496564061306966
0.4496598783541244
0.44966335057755225
0.44966682280098014
0.449670295024408
0.4496737672478358
0.44967723947126365
0.4496807116946916
0.44968418391811943
0.44968765614154727
0.4496911283649751
0.44969460058840294
0.4496980728118309
0.4497015450352587
0.4497050172586865
0.44970848948211434
0.4497119617055423
0.4497154339289701
0.44971890615239796
0.4497223783758258
0.44972585059925363
0.4497293228226816
0.4497327950461094
0.44973626726953725
0.4497397394929651
0.449743211716393
0.4497466839398208
0.44975015616324865
0.4497536283866765
0.4497571006101043
0.44976057283353227
0.4497640450569601
0.44976751728038794
0.4497709895038158
0.44977446172724367
0.4497779339506715
0.44978140617409934
0.4497848783975272
0.449788350620955
0.44979182284438296
0.4497952950678108
0.44979876729123863
0.44980223951466647
0.44980571173809436
0.4498091839615222
0.44981265618495003
0.44981612840837787
0.4498196006318057
0.44982307285523365
0.4498265450786615
0.4498300173020893
0.44983348952551716
0.4498369617489451
0.44984043397237294
0.4498439061958008
0.44984737841922856
0.4498508506426564
0.44985432286608434
0.4498577950895122
0.44986126731294
0.44986473953636785
0.4498682117597958
0.44987168398322364
0.44987515620665147
0.4498786284300793
0.44988210065350714
0.44988557287693504
0.44988904510036287
0.4498925173237907
0.44989598954721854
0.4498994617706465
0.4499029339940743
0.44990640621750216
0.44990987844093
0.44991335066435784
0.44991682288778573
0.44992029511121356
0.4499237673346414
0.44992723955806924
0.4499307117814972
0.449934184004925
0.44993765622835286
0.4499411284517807
0.44994460067520853
0.4499480728986364
0.44995154512206426
0.4499550173454921
0.44995848956891993
0.4499619617923479
0.4499654340157757
0.44996890623920355
0.4499723784626314
0.4499758506860592
0.44997932290948717
0.449982795132915
0.44998626735634284
0.4499897395797706
0.44999321180319857
0.4499966840266264
0.45000015625005424
0.4500036284734821
0.4500071006969099
0.45001057292033786
0.4500140451437657
0.45001751736719353
0.45002098959062137
0.45002446181404926
0.4500279340374771
0.45003140626090493
0.45003487848433277
0.4500383507077606
0.45004182293118855
0.4500452951546164
0.4500487673780442
0.45005223960147206
0.45005571182489995
0.4500591840483278
0.4500626562717556
0.45006612849518346
0.4500696007186113
0.45007307294203924
0.4500765451654671
0.4500800173888949
0.45008348961232275
0.45008696183575064
0.4500904340591785
0.4500939062826063
0.45009737850603415
0.450100850729462
0.45010432295288993
0.45010779517631777
0.4501112673997456
0.45011473962317344
0.4501182118466014
0.4501216840700292
0.45012515629345706
0.4501286285168849
0.4501321007403127
0.4501355729637406
0.45013904518716846
0.4501425174105963
0.45014598963402414
0.4501494618574521
0.4501529340808799
0.45015640630430775
0.4501598785277356
0.4501633507511634
0.4501668229745913
0.45017029519801915
0.450173767421447
0.4501772396448748
0.4501807118683028
0.4501841840917306
0.45018765631515845
0.4501911285385863
0.4501946007620141
0.450198072985442
0.45020154520886985
0.4502050174322977
0.4502084896557255
0.45021196187915347
0.4502154341025813
0.45021890632600914
0.450222378549437
0.4502258507728648
0.4502293229962927
0.45023279521972054
0.4502362674431484
0.4502397396665762
0.45024321189000416
0.450246684113432
0.45025015633685983
0.45025362856028767
0.4502571007837155
0.45026057300714345
0.4502640452305713
0.4502675174539991
0.45027098967742696
0.45027446190085485
0.4502779341242827
0.4502814063477105
0.45028487857113836
0.4502883507945662
0.45029182301799414
0.450295295241422
0.4502987674648498
0.45030223968827765
0.45030571191170554
0.4503091841351334
0.4503126563585612
0.45031612858198905
0.4503196008054169
0.45032307302884483
0.45032654525227267
0.4503300174757005
0.45033348969912834
0.45033696192255623
0.45034043414598407
0.4503439063694119
