0.8781253049046197
0.8781287771280476
0.8781322493514754
0.8781357215749033
0.878139193798331
0.878142666021759
0.878146138245187
0.8781496104686147
0.8781530826920426
0.8781565549154704
0.8781600271388983
0.8781634993623261
0.8781669715857541
0.8781704438091817
0.8781739160326097
0.8781773882560376
0.8781808604794654
0.8781843327028933
0.8781878049263211
0.878191277149749
0.8781947493731768
0.8781982215966049
0.8782016938200327
0.8782051660434606
0.8782086382668883
0.8782121104903161
0.878215582713744
0.8782190549371718
0.8782225271605997
0.8782259993840275
0.8782294716074553
0.8782329438308831
0.8782364160543112
0.878239888277739
0.8782433605011669
0.8782468327245947
0.8782503049480226
0.8782537771714504
0.8782572493948781
0.8782607216183063
0.8782641938417338
0.8782676660651619
0.8782711382885897
0.8782746105120176
0.8782780827354454
0.8782815549588733
0.8782850271823011
0.878288499405729
0.878291971629157
0.8782954438525846
0.8782989160760126
0.8783023882994404
0.8783058605228683
0.8783093327462961
0.878312804969724
0.8783162771931518
0.8783197494165796
0.8783232216400076
0.8783266938634353
0.8783301660868633
0.8783336383102911
0.878337110533719
0.8783405827571468
0.8783440549805747
0.8783475272040024
0.8783509994274303
0.8783544716508581
0.878357943874286
0.878361416097714
0.8783648883211418
0.8783683605445697
0.8783718327679975
0.8783753049914254
0.8783787772148531
0.878382249438281
0.878385721661709
0.8783891938851367
0.8783926661085647
0.8783961383319925
0.8783996105554204
0.8784030827788482
0.878406555002276
0.8784100272257038
0.8784134994491317
0.8784169716725597
0.8784204438959875
0.8784239161194154
0.8784273883428432
0.8784308605662711
0.8784343327896988
0.8784378050131267
0.8784412772365545
0.8784447494599824
0.8784482216834102
0.8784516939068381
0.8784551661302661
0.8784586383536939
0.8784621105771218
0.8784655828005495
0.8784690550239774
0.8784725272474052
0.8784759994708331
0.8784794716942611
0.8784829439176888
0.8784864161411168
0.8784898883645447
0.8784933605879724
0.8784968328114002
0.8785003050348281
0.8785037772582559
0.8785072494816838
0.8785107217051118
0.8785141939285397
0.8785176661519675
0.8785211383753954
0.8785246105988231
0.878528082822251
0.8785315550456788
0.8785350272691067
0.8785384994925345
0.8785419717159623
0.8785454439393902
0.8785489161628182
0.878552388386246
0.8785558606096738
0.8785593328331017
0.8785628050565295
0.8785662772799574
0.8785697495033852
0.8785732217268132
0.8785766939502409
0.8785801661736689
0.8785836383970967
0.8785871106205245
0.8785905828439524
0.8785940550673802
0.8785975272908081
0.8786009995142359
0.8786044717376639
0.8786079439610918
0.8786114161845195
0.8786148884079474
0.8786183606313752
0.8786218328548031
0.8786253050782309
0.8786287773016588
0.8786322495250866
0.8786357217485145
0.8786391939719422
0.8786426661953702
0.8786461384187981
0.8786496106422259
0.8786530828656538
0.8786565550890816
0.8786600273125095
0.8786634995359373
0.8786669717593653
0.8786704439827929
0.8786739162062209
0.8786773884296488
0.8786808606530766
0.8786843328765045
0.8786878050999323
0.8786912773233602
0.878694749546788
0.878698221770216
0.8787016939936438
0.8787051662170716
0.8787086384404995
0.8787121106639273
0.8787155828873552
0.878719055110783
0.8787225273342109
0.8787259995576386
0.8787294717810665
0.8787329440044943
0.8787364162279223
0.8787398884513502
0.878743360674778
0.8787468328982059
0.8787503051216337
0.8787537773450615
0.8787572495684893
0.8787607217919174
0.878764194015345
0.8787676662387731
0.8787711384622009
0.8787746106856288
0.8787780829090566
0.8787815551324843
0.8787850273559122
0.87878849957934
0.8787919718027681
0.8787954440261957
0.8787989162496238
0.8788023884730516
0.8788058606964795
0.8788093329199073
0.8788128051433352
0.8788162773667629
