0.5524307473717873
0.5524342195952151
0.552437691818643
0.5524411640420708
0.5524446362654987
0.5524481084889266
0.5524515807123545
0.5524550529357822
0.5524585251592101
0.552461997382638
0.5524654696060658
0.5524689418294937
0.5524724140529215
0.5524758862763494
0.5524793584997773
0.5524828307232051
0.5524863029466329
0.5524897751700608
0.5524932473934887
0.5524967196169166
0.5525001918403444
0.5525036640637722
0.5525071362872
0.5525106085106279
0.5525140807340558
0.5525175529574836
0.5525210251809115
0.5525244974043394
0.5525279696277673
0.5525314418511951
0.552534914074623
0.5525383862980507
0.5525418585214786
0.5525453307449065
0.5525488029683343
0.5525522751917622
0.5525557474151901
0.552559219638618
0.5525626918620458
0.5525661640854737
0.5525696363089014
0.5525731085323293
0.5525765807557572
0.552580052979185
0.5525835252026129
0.5525869974260408
0.5525904696494687
0.5525939418728965
0.5525974140963243
0.5526008863197521
0.55260435854318
0.5526078307666079
0.5526113029900357
0.5526147752134636
0.5526182474368915
0.5526217196603194
0.5526251918837471
0.552628664107175
0.5526321363306028
0.5526356085540308
0.5526390807774586
0.5526425530008864
0.5526460252243143
0.5526494974477422
0.5526529696711701
0.5526564418945978
0.5526599141180257
0.5526633863414535
0.5526668585648815
0.5526703307883093
0.5526738030117372
0.552677275235165
0.5526807474585929
0.5526842196820207
0.5526876919054485
0.5526911641288764
0.5526946363523042
0.5526981085757322
0.55270158079916
0.5527050530225879
0.5527085252460157
0.5527119974694436
0.5527154696928714
0.5527189419162992
0.5527224141397271
0.5527258863631549
0.5527293585865829
0.5527328308100107
0.5527363030334386
0.5527397752568664
0.5527432474802942
0.5527467197037221
0.5527501919271499
0.5527536641505778
0.5527571363740056
0.5527606085974336
0.5527640808208614
0.5527675530442893
0.552771025267717
0.552774497491145
0.5527779697145728
0.5527814419380006
0.5527849141614285
0.5527883863848563
0.5527918586082843
0.5527953308317121
0.55279880305514
0.5528022752785677
0.5528057475019957
0.5528092197254235
0.5528126919488514
0.5528161641722792
0.5528196363957071
0.552823108619135
0.5528265808425628
0.5528300530659906
0.5528335252894184
0.5528369975128464
0.5528404697362742
0.5528439419597021
0.5528474141831299
0.5528508864065578
0.5528543586299857
0.5528578308534134
0.5528613030768413
0.5528647753002691
0.5528682475236971
0.5528717197471249
0.5528751919705528
0.5528786641939806
0.5528821364174085
0.5528856086408364
0.5528890808642641
0.552892553087692
0.5528960253111198
0.5528994975345478
0.5529029697579756
0.5529064419814035
0.5529099142048313
0.5529133864282592
0.552916858651687
0.5529203308751149
0.5529238030985427
0.5529272753219705
0.5529307475453985
0.5529342197688263
0.5529376919922542
0.552941164215682
0.5529446364391098
0.5529481086625377
0.5529515808859656
0.5529550531093934
0.5529585253328213
0.5529619975562492
0.552965469779677
0.5529689420031049
0.5529724142265326
0.5529758864499605
0.5529793586733884
0.5529828308968163
0.5529863031202441
0.552989775343672
0.5529932475670999
0.5529967197905277
0.5530001920139556
0.5530036642373833
0.5530071364608112
0.5530106086842391
0.553014080907667
0.5530175531310948
0.5530210253545227
0.5530244975779506
0.5530279698013784
0.5530314420248063
0.553034914248234
0.5530383864716619
0.5530418586950898
0.5530453309185177
0.5530488031419455
0.5530522753653734
0.5530557475888013
0.5530592198122292
0.5530626920356569
0.5530661642590847
0.5530696364825126
0.5530731087059405
0.5530765809293684
0.5530800531527962
0.5530835253762241
0.553086997599652
0.5530904698230799
0.5530939420465076
0.5530974142699355
0.5531008864933633
0.5531043587167912
0.5531078309402191
0.5531113031636469
0.5531147753870748
0.5531182476105027
0.5531217198339305
