0.07395835901331907
0.0739618312367469
0.07396530346017482
0.07396877568360266
0.0739722479070305
0.07397572013045833
0.07397919235388627
0.073982664577314
0.07398613680074194
0.07398960902416976
0.0739930812475976
0.07399655347102553
0.07400002569445337
0.0740034979178812
0.07400697014130904
0.07401044236473688
0.0740139145881648
0.07401738681159263
0.07402085903502047
0.0740243312584484
0.07402780348187614
0.07403127570530406
0.0740347479287319
0.07403822015215973
0.07404169237558766
0.0740451645990155
0.07404863682244332
0.07405210904587116
0.074055581269299
0.07405905349272683
0.07406252571615476
0.0740659979395826
0.07406947016301044
0.07407294238643836
0.0740764146098661
0.07407988683329403
0.07408335905672186
0.0740868312801497
0.07409030350357762
0.07409377572700546
0.07409724795043329
0.07410072017386113
0.07410419239728896
0.07410766462071688
0.07411113684414472
0.07411460906757256
0.07411808129100049
0.07412155351442823
0.07412502573785616
0.074128497961284
0.07413197018471182
0.07413544240813966
0.07413891463156759
0.07414238685499543
0.07414585907842326
0.0741493313018511
0.07415280352527893
0.07415627574870685
0.07415974797213469
0.07416322019556253
0.07416669241899045
0.0741701646424182
0.07417363686584612
0.07417710908927395
0.07418058131270179
0.07418405353612972
0.07418752575955756
0.07419099798298538
0.07419447020641332
0.07419794242984105
0.07420141465326899
0.07420488687669682
0.07420835910012466
0.0742118313235525
0.07421530354698042
0.07421877577040825
0.07422224799383609
0.07422572021726392
0.07422919244069176
0.07423266466411968
0.07423613688754752
0.07423960911097535
0.07424308133440319
0.07424655355783102
0.07425002578125894
0.07425349800468678
0.07425697022811462
0.07426044245154255
0.07426391467497029
0.07426738689839822
0.07427085912182606
0.07427433134525388
0.07427780356868181
0.07428127579210965
0.07428474801553749
0.07428822023896532
0.07429169246239316
0.07429516468582108
0.07429863690924891
0.07430210913267675
0.07430558135610459
0.0743090535795325
0.07431252580296034
0.07431599802638818
0.07431947024981601
0.07432294247324385
0.07432641469667178
0.07432988692009962
0.07433335914352744
0.07433683136695537
0.07434030359038311
0.07434377581381105
0.07434724803723888
0.07435072026066672
0.07435419248409464
0.07435766470752248
0.07436113693095031
0.07436460915437815
0.07436808137780598
0.0743715536012339
0.07437502582466174
0.07437849804808958
0.07438197027151741
0.07438544249494525
0.07438891471837318
0.074392386941801
0.07439585916522884
0.07439933138865668
0.07440280361208461
0.07440627583551244
0.07440974805894028
0.07441322028236812
0.07441669250579594
0.07442016472922387
0.07442363695265171
0.07442710917607955
0.07443058139950746
0.07443405362293522
0.07443752584636314
0.07444099806979097
0.07444447029321881
0.07444794251664674
0.07445141474007456
0.0744548869635024
0.07445835918693024
0.07446183141035807
0.074465303633786
0.07446877585721384
0.07447224808064168
0.0744757203040695
0.07447919252749743
0.07448266475092517
0.0744861369743531
0.07448960919778094
0.07449308142120878
0.0744965536446367
0.07450002586806453
0.07450349809149237
0.0745069703149202
0.07451044253834804
0.07451391476177596
0.0745173869852038
0.07452085920863163
0.07452433143205957
0.0745278036554873
0.07453127587891524
0.07453474810234306
0.0745382203257709
0.07454169254919883
0.07454516477262667
0.0745486369960545
0.07455210921948234
0.07455558144291018
0.074559053666338
0.07456252588976593
0.07456599811319377
0.0745694703366216
0.07457294256004952
0.07457641478347728
0.0745798870069052
0.07458335923033303
0.07458683145376087
0.0745903036771888
0.07459377590061662
0.07459724812404446
0.0746007203474723
0.07460419257090013
0.07460766479432807
0.0746111370177559
0.07461460924118374
0.07461808146461166
0.0746215536880395
0.07462502591146733
0.07462849813489517
0.074631970358323
0.07463544258175084
0.07463891480517876
0.0746423870286066
0.07464585925203443
0.07464933147546227
