0.2024306258439673
0.20243409806739512
0.20243757029082302
0.20244104251425085
0.20244451473767872
0.20244798696110655
0.2024514591845344
0.20245493140796228
0.20245840363139012
0.202461875854818
0.20246534807824587
0.20246882030167365
0.20247229252510154
0.20247576474852938
0.20247923697195727
0.20248270919538514
0.20248618141881297
0.20248965364224086
0.20249312586566864
0.20249659808909654
0.2025000703125244
0.20250354253595224
0.20250701475938013
0.20251048698280796
0.20251395920623586
0.20251743142966364
0.2025209036530915
0.2025243758765194
0.20252784809994723
0.20253132032337512
0.20253479254680296
0.20253826477023082
0.2025417369936587
0.2025452092170865
0.20254868144051438
0.20255215366394222
0.20255562588737008
0.20255909811079797
0.2025625703342258
0.20256604255765365
0.20256951478108148
0.20257298700450935
0.20257645922793718
0.20257993145136508
0.20258340367479297
0.20258687589822075
0.2025903481216486
0.20259382034507645
0.20259729256850434
0.20260076479193223
0.20260423701536007
0.20260770923878793
0.2026111814622157
0.2026146536856436
0.2026181259090715
0.20262159813249933
0.2026250703559272
0.20262854257935503
0.20263201480278292
0.2026354870262108
0.2026389592496386
0.20264243147306646
0.2026459036964943
0.2026493759199222
0.20265284814335002
0.20265632036677791
0.20265979259020578
0.20266326481363356
0.20266673703706145
0.2026702092604893
0.20267368148391718
0.20267715370734504
0.20268062593077288
0.20268409815420077
0.20268757037762855
0.20269104260105644
0.2026945148244843
0.20269798704791214
0.20270145927134003
0.20270493149476787
0.2027084037181957
0.20271187594162357
0.2027153481650514
0.2027188203884793
0.20272229261190713
0.20272576483533503
0.2027292370587628
0.20273270928219067
0.20273618150561856
0.2027396537290464
0.2027431259524743
0.20274659817590213
0.20275007039933
0.20275354262275788
0.20275701484618566
0.20276048706961355
0.2027639592930414
0.20276743151646925
0.20277090373989715
0.20277437596332498
0.20277784818675285
0.20278132041018065
0.20278479263360852
0.20278826485703635
0.20279173708046425
0.20279520930389214
0.20279868152731997
0.20280215375074784
0.20280562597417562
0.2028090981976035
0.2028125704210314
0.20281604264445924
0.2028195148678871
0.20282298709131494
0.20282645931474277
0.20282993153817067
0.2028334037615985
0.20283687598502637
0.2028403482084542
0.2028438204318821
0.20284729265530996
0.20285076487873777
0.20285423710216563
0.20285770932559347
0.20286118154902136
0.2028646537724492
0.20286812599587709
0.20287159821930495
0.20287507044273273
0.20287854266616062
0.20288201488958846
0.20288548711301635
0.2028889593364442
0.20289243155987205
0.20289590378329994
0.20289937600672772
0.2029028482301556
0.20290632045358348
0.2029097926770113
0.2029132649004392
0.20291673712386704
0.2029202093472949
0.20292368157072274
0.20292715379415058
0.20293062601757847
0.2029340982410063
0.2029375704644342
0.20294104268786203
0.2029445149112899
0.20294798713471773
0.20295145935814557
0.20295493158157346
0.2029584038050013
0.20296187602842916
0.20296534825185705
0.20296882047528483
0.20297229269871273
0.20297576492214056
0.20297923714556843
0.20298270936899632
0.20298618159242415
0.20298965381585202
0.20299312603927983
0.2029965982627077
0.20300007048613553
0.20300354270956342
0.2030070149329913
0.20301048715641914
0.203013959379847
0.2030174316032748
0.20302090382670268
0.20302437605013057
0.2030278482735584
0.20303132049698627
0.2030347927204141
0.203038264943842
0.20304173716726986
0.20304520939069767
0.20304868161412554
0.20305215383755337
0.20305562606098126
0.20305909828440916
0.20306257050783696
0.2030660427312648
0.20306951495469264
0.20307298717812053
0.20307645940154836
0.20307993162497626
0.20308340384840412
0.20308687607183196
0.2030903482952598
0.20309382051868763
0.20309729274211552
0.20310076496554338
0.20310423718897122
0.2031077094123991
0.2031111816358269
0.20311465385925478
0.20311812608268265
0.20312159830611048
