0.31076399679305444
0.3107674690164823
0.3107709412399101
0.310774413463338
0.3107778856867659
0.31078135791019373
0.31078483013362157
0.3107883023570494
0.31079177458047724
0.31079524680390513
0.31079871902733297
0.3108021912507608
0.3108056634741887
0.3108091356976166
0.3108126079210444
0.31081608014447226
0.3108195523679001
0.310823024591328
0.3108264968147558
0.31082996903818366
0.3108334412616115
0.3108369134850394
0.3108403857084672
0.3108438579318951
0.31084733015532295
0.3108508023787508
0.3108542746021787
0.3108577468256065
0.31086121904903435
0.3108646912724622
0.3108681634958901
0.310871635719318
0.3108751079427458
0.31087858016617365
0.31088205238960154
0.31088552461302943
0.31088899683645727
0.31089246905988505
0.3108959412833129
0.3108994135067407
0.31090288573016867
0.3109063579535965
0.31090983017702434
0.3109133024004522
0.31091677462388007
0.31092024684730796
0.3109237190707358
0.31092719129416363
0.31093066351759147
0.3109341357410193
0.3109376079644472
0.31094108018787503
0.3109445524113029
0.31094802463473076
0.31095149685815865
0.3109549690815865
0.3109584413050143
0.3109619135284422
0.31096538575187005
0.3109688579752979
0.3109723301987257
0.31097580242215356
0.3109792746455815
0.31098274686900934
0.3109862190924372
0.310989691315865
0.31099316353929285
0.31099663576272074
0.3110001079861486
0.3110035802095764
0.31100705243300425
0.31101052465643214
0.31101399687986003
0.31101746910328787
0.3110209413267157
0.3110244135501436
0.3110278857735715
0.3110313579969993
0.3110348302204271
0.311038302443855
0.31104177466728283
0.3110452468907107
0.31104871911413856
0.3110521913375664
0.3110556635609943
0.3110591357844222
0.31106260800785
0.31106608023127785
0.3110695524547057
0.3110730246781336
0.3110764969015614
0.31107996912498925
0.3110834413484171
0.311086913571845
0.3110903857952728
0.3110938580187007
0.31109733024212854
0.3111008024655564
0.3111042746889843
0.3111077469124121
0.31111121913583994
0.3111146913592678
0.3111181635826957
0.31112163580612356
0.3111251080295514
0.31112858025297924
0.31113205247640713
0.31113552469983496
0.3111389969232628
0.31114246914669064
0.3111459413701185
0.3111494135935463
0.31115288581697426
0.3111563580404021
0.31115983026382993
0.31116330248725776
0.31116677471068566
0.31117024693411355
0.3111737191575414
0.31117719138096916
0.31118066360439706
0.3111841358278249
0.3111876080512528
0.3111910802746806
0.3111945524981085
0.31119802472153635
0.31120149694496424
0.3112049691683921
0.3112084413918199
0.31121191361524775
0.31121538583867564
0.3112188580621035
0.3112223302855313
0.31122580250895915
0.3112292747323871
0.31123274695581493
0.31123621917924277
0.3112396914026706
0.31124316362609844
0.31124663584952633
0.31125010807295417
0.311253580296382
0.31125705251980984
0.31126052474323773
0.3112639969666656
0.31126746919009346
0.3112709414135213
0.3112744136369492
0.311277885860377
0.31128135808380486
0.3112848303072327
0.3112883025306606
0.3112917747540884
0.3112952469775163
0.31129871920094415
0.311302191424372
0.3113056636477999
0.31130913587122777
0.3113126080946556
0.31131608031808344
0.3113195525415112
0.31132302476493917
0.311326496988367
0.31132996921179484
0.3113334414352227
0.31133691365865057
0.3113403858820784
0.3113438581055063
0.31134733032893414
0.31135080255236197
0.3113542747757898
0.3113577469992177
0.31136121922264554
0.31136469144607337
0.31136816366950126
0.31137163589292915
0.311375108116357
0.3113785803397848
0.3113820525632127
0.31138552478664056
0.3113889970100684
0.3113924692334962
0.31139594145692406
0.3113994136803519
0.31140288590377985
0.3114063581272077
0.3114098303506355
0.31141330257406336
0.31141677479749125
0.3114202470209191
0.3114237192443469
0.31142719146777476
0.31143066369120265
0.3114341359146305
0.3114376081380584
0.3114410803614862
0.3114445525849141
0.31144802480834194
0.31145149703176983
0.31145496925519767
