0.5635418623409244
0.5635453345643523
0.5635488067877801
0.563552279011208
0.5635557512346359
0.5635592234580638
0.5635626956814915
0.5635661679049194
0.5635696401283472
0.5635731123517751
0.563576584575203
0.5635800567986308
0.5635835290220587
0.5635870012454866
0.5635904734689144
0.5635939456923422
0.5635974179157701
0.5636008901391979
0.5636043623626258
0.5636078345860537
0.5636113068094815
0.5636147790329094
0.5636182512563372
0.5636217234797651
0.5636251957031929
0.5636286679266208
0.5636321401500486
0.5636356123734766
0.5636390845969044
0.5636425568203322
0.56364602904376
0.5636495012671879
0.5636529734906158
0.5636564457140436
0.5636599179374715
0.5636633901608993
0.5636668623843273
0.5636703346077551
0.563673806831183
0.5636772790546107
0.5636807512780386
0.5636842235014665
0.5636876957248943
0.5636911679483222
0.56369464017175
0.563698112395178
0.5637015846186058
0.5637050568420336
0.5637085290654614
0.5637120012888893
0.5637154735123172
0.563718945735745
0.5637224179591729
0.5637258901826007
0.5637293624060287
0.5637328346294564
0.5637363068528843
0.5637397790763121
0.56374325129974
0.5637467235231679
0.5637501957465957
0.5637536679700236
0.5637571401934514
0.5637606124168794
0.5637640846403071
0.563767556863735
0.5637710290871628
0.5637745013105908
0.5637779735340186
0.5637814457574465
0.5637849179808743
0.563788390204302
0.56379186242773
0.5637953346511578
0.5637988068745857
0.5638022790980135
0.5638057513214415
0.5638092235448693
0.5638126957682972
0.563816167991725
0.5638196402151529
0.5638231124385807
0.5638265846620085
0.5638300568854364
0.5638335291088642
0.5638370013322922
0.56384047355572
0.5638439457791479
0.5638474180025757
0.5638508902260035
0.5638543624494314
0.5638578346728592
0.5638613068962871
0.5638647791197149
0.5638682513431429
0.5638717235665707
0.5638751957899986
0.5638786680134263
0.5638821402368542
0.5638856124602821
0.5638890846837099
0.5638925569071378
0.5638960291305656
0.5638995013539936
0.5639029735774214
0.5639064458008493
0.563909918024277
0.5639133902477049
0.5639168624711328
0.5639203346945607
0.5639238069179885
0.5639272791414163
0.5639307513648443
0.563934223588272
0.5639376958117
0.5639411680351277
0.5639446402585556
0.5639481124819835
0.5639515847054114
0.5639550569288392
0.5639585291522671
0.563962001375695
0.5639654735991227
0.5639689458225506
0.5639724180459784
0.5639758902694063
0.5639793624928342
0.5639828347162621
0.5639863069396899
0.5639897791631178
0.5639932513865457
0.5639967236099734
0.5640001958334013
0.5640036680568291
0.564007140280257
0.5640106125036849
0.5640140847271128
0.5640175569505406
0.5640210291739685
0.5640245013973963
0.5640279736208241
0.564031445844252
0.5640349180676798
0.5640383902911077
0.5640418625145356
0.5640453347379635
0.5640488069613913
0.5640522791848191
0.564055751408247
0.5640592236316749
0.5640626958551027
0.5640661680785306
0.5640696403019584
0.5640731125253863
0.5640765847488142
0.564080056972242
0.5640835291956698
0.5640870014190977
0.5640904736425256
0.5640939458659534
0.5640974180893813
0.5641008903128091
0.564104362536237
0.5641078347596649
0.5641113069830926
0.5641147792065205
0.5641182514299484
0.5641217236533763
0.5641251958768041
0.564128668100232
0.5641321403236598
0.5641356125470877
0.5641390847705156
0.5641425569939433
0.5641460292173712
0.5641495014407991
0.564152973664227
0.5641564458876548
0.5641599181110827
0.5641633903345105
0.5641668625579384
0.5641703347813662
0.564173807004794
0.5641772792282219
0.5641807514516498
0.5641842236750777
0.5641876958985055
0.5641911681219334
0.5641946403453612
0.5641981125687892
0.5642015847922169
0.5642050570156448
0.5642085292390726
0.5642120014625005
0.5642154736859284
0.5642189459093562
0.5642224181327841
0.5642258903562118
0.5642293625796398
0.5642328348030676
