0.2003472917872541
0.20035076401068191
0.20035423623410978
0.20035770845753761
0.2003611806809655
0.20036465290439337
0.2003681251278212
0.2003715973512491
0.20037506957467688
0.20037854179810477
0.2003820140215326
0.20038548624496047
0.20038895846838836
0.2003924306918162
0.2003959029152441
0.20039937513867187
0.20040284736209976
0.20040631958552763
0.20040979180895546
0.20041326403238335
0.2004167362558112
0.20042020847923905
0.2004236807026669
0.20042715292609473
0.20043062514952262
0.20043409737295045
0.20043756959637832
0.20044104181980615
0.200444514043234
0.20044798626666188
0.20045145849008972
0.20045493071351758
0.20045840293694542
0.2004618751603733
0.2004653473838012
0.20046881960722898
0.20047229183065687
0.20047576405408468
0.20047923627751257
0.20048270850094047
0.2004861807243683
0.20048965294779617
0.20049312517122397
0.20049659739465184
0.20050006961807973
0.20050354184150757
0.20050701406493543
0.20051048628836327
0.20051395851179116
0.20051743073521894
0.20052090295864683
0.2005243751820747
0.20052784740550253
0.20053131962893042
0.20053479185235826
0.20053826407578615
0.20054173629921399
0.20054520852264182
0.20054868074606969
0.20055215296949752
0.2005556251929254
0.20055909741635328
0.2005625696397811
0.20056604186320895
0.20056951408663679
0.20057298631006468
0.20057645853349254
0.20057993075692038
0.20058340298034827
0.20058687520377605
0.20059034742720394
0.20059381965063178
0.20059729187405964
0.20060076409748753
0.20060423632091537
0.20060770854434326
0.20061118076777104
0.20061465299119893
0.2006181252146268
0.20062159743805463
0.20062506966148252
0.20062854188491036
0.20063201410833822
0.20063548633176612
0.2006389585551939
0.2006424307786218
0.20064590300204962
0.2006493752254775
0.20065284744890538
0.20065631967233322
0.2006597918957611
0.2006632641191889
0.20066673634261675
0.2006702085660446
0.20067368078947248
0.20067715301290037
0.2006806252363282
0.20068409745975604
0.20068756968318388
0.20069104190661174
0.20069451413003964
0.20069798635346747
0.20070145857689534
0.20070493080032314
0.200708403023751
0.2007118752471789
0.20071534747060674
0.2007188196940346
0.20072229191746244
0.20072576414089033
0.2007292363643181
0.200732708587746
0.2007361808111739
0.2007396530346017
0.2007431252580296
0.20074659748145743
0.20075006970488532
0.20075354192831318
0.200757014151741
0.20076048637516886
0.2007639585985967
0.20076743082202458
0.20077090304545245
0.20077437526888028
0.20077784749230818
0.20078131971573596
0.20078479193916385
0.2007882641625917
0.20079173638601955
0.20079520860944744
0.20079868083287528
0.2008021530563031
0.20080562527973095
0.2008090975031588
0.2008125697265867
0.20081604195001454
0.20081951417344243
0.20082298639687027
0.2008264586202981
0.20082993084372597
0.2008334030671538
0.2008368752905817
0.20084034751400953
0.2008438197374374
0.2008472919608653
0.20085076418429307
0.20085423640772096
0.2008577086311488
0.20086118085457666
0.20086465307800455
0.2008681253014324
0.20087159752486028
0.20087506974828806
0.20087854197171592
0.20088201419514376
0.20088548641857165
0.20088895864199954
0.20089243086542738
0.20089590308885524
0.20089937531228305
0.20090284753571092
0.2009063197591388
0.20090979198256664
0.2009132642059945
0.20091673642942234
0.20092020865285024
0.20092368087627807
0.2009271530997059
0.20093062532313377
0.2009340975465616
0.2009375697699895
0.20094104199341734
0.20094451421684517
0.20094798644027306
0.20095145866370087
0.20095493088712876
0.2009584031105566
0.2009618753339845
0.20096534755741235
0.20096881978084016
0.20097229200426803
0.20097576422769586
0.20097923645112376
0.20098270867455162
0.20098618089797946
0.20098965312140735
0.20099312534483513
0.20099659756826302
0.20100006979169088
0.20100354201511872
0.2010070142385466
0.20101048646197445
0.20101395868540234
0.20101743090883012
0.20102090313225798
0.20102437535568587
0.2010278475791137
0.2010313198025416
0.20103479202596944
0.2010382642493973
