0.7517363721306848
0.7517398443541127
0.7517433165775405
0.7517467888009683
0.7517502610243961
0.751753733247824
0.7517572054712518
0.7517606776946797
0.7517641499181076
0.7517676221415356
0.7517710943649634
0.7517745665883913
0.751778038811819
0.7517815110352468
0.7517849832586747
0.7517884554821025
0.7517919277055305
0.7517953999289583
0.7517988721523863
0.7518023443758141
0.751805816599242
0.7518092888226697
0.7518127610460976
0.7518162332695254
0.7518197054929533
0.7518231777163811
0.751826649939809
0.7518301221632369
0.7518335943866647
0.7518370666100926
0.7518405388335204
0.7518440110569483
0.7518474832803761
0.751850955503804
0.7518544277272318
0.7518578999506597
0.7518613721740877
0.7518648443975154
0.7518683166209433
0.7518717888443711
0.751875261067799
0.7518787332912268
0.7518822055146547
0.7518856777380826
0.7518891499615104
0.7518926221849384
0.751896094408366
0.751899566631794
0.7519030388552218
0.7519065110786497
0.7519099833020775
0.7519134555255054
0.7519169277489333
0.7519203999723612
0.7519238721957889
0.7519273444192168
0.7519308166426447
0.7519342888660725
0.7519377610895004
0.7519412333129282
0.7519447055363561
0.7519481777597838
0.7519516499832118
0.7519551222066397
0.7519585944300675
0.7519620666534954
0.7519655388769232
0.7519690111003511
0.7519724833237789
0.7519759555472068
0.7519794277706346
0.7519828999940625
0.7519863722174904
0.7519898444409182
0.7519933166643461
0.7519967888877739
0.7520002611112018
0.7520037333346296
0.7520072055580574
0.7520106777814853
0.7520141500049132
0.752017622228341
0.7520210944517689
0.7520245666751968
0.7520280388986246
0.7520315111220525
0.7520349833454802
0.7520384555689082
0.7520419277923359
0.7520454000157639
0.7520488722391917
0.7520523444626197
0.7520558166860475
0.7520592889094754
0.7520627611329032
0.7520662333563309
0.7520697055797588
0.7520731778031867
0.7520766500266146
0.7520801222500425
0.7520835944734704
0.7520870666968982
0.7520905389203261
0.7520940111437538
0.7520974833671817
0.7521009555906095
0.7521044278140374
0.7521079000374652
0.7521113722608931
0.7521148444843211
0.7521183167077489
0.7521217889311768
0.7521252611546045
0.7521287333780324
0.7521322056014603
0.7521356778248881
0.752139150048316
0.7521426222717438
0.7521460944951718
0.7521495667185996
0.7521530389420275
0.7521565111654552
0.7521599833888831
0.7521634556123109
0.7521669278357388
0.7521704000591667
0.7521738722825946
0.7521773445060225
0.7521808167294503
0.7521842889528781
0.7521877611763059
0.7521912333997338
0.7521947056231616
0.7521981778465896
0.7522016500700174
0.7522051222934452
0.7522085945168732
0.7522120667403009
0.7522155389637288
0.7522190111871566
0.7522224834105845
0.7522259556340124
0.7522294278574402
0.7522329000808681
0.752236372304296
0.7522398445277239
0.7522433167511516
0.7522467889745795
0.7522502611980073
0.7522537334214352
0.752257205644863
0.7522606778682909
0.7522641500917188
0.7522676223151467
0.7522710945385745
0.7522745667620023
0.7522780389854302
0.752281511208858
0.7522849834322859
0.7522884556557137
0.7522919278791417
0.7522954001025695
0.7522988723259973
0.7523023445494252
0.752305816772853
0.7523092889962809
0.7523127612197087
0.7523162334431366
0.7523197056665644
0.7523231778899924
0.7523266501134201
0.752330122336848
0.7523335945602759
0.7523370667837038
0.7523405390071316
0.7523440112305594
0.7523474834539873
0.7523509556774151
0.752354427900843
0.7523579001242708
0.7523613723476988
0.7523648445711266
0.7523683167945545
0.7523717890179823
0.7523752612414102
0.752378733464838
0.7523822056882659
0.7523856779116938
0.7523891501351215
0.7523926223585495
0.7523960945819772
0.7523995668054052
0.752403039028833
0.7524065112522609
0.7524099834756887
0.7524134556991166
0.7524169279225444
0.7524204001459723
0.7524238723694001
0.752427344592828
