0.19548617898825657
0.19548965121168446
0.19549312343511224
0.19549659565854013
0.195500067881968
0.19550354010539583
0.19550701232882373
0.19551048455225156
0.19551395677567945
0.1955174289991073
0.1955209012225351
0.195524373445963
0.19552784566939083
0.19553131789281872
0.19553479011624658
0.1955382623396744
0.19554173456310225
0.1955452067865301
0.19554867900995798
0.19555215123338582
0.19555562345681368
0.19555909568024157
0.19556256790366935
0.19556604012709725
0.19556951235052508
0.19557298457395295
0.19557645679738084
0.19557992902080867
0.19558340124423657
0.19558687346766435
0.19559034569109224
0.1955938179145201
0.19559729013794794
0.19560076236137583
0.19560423458480367
0.19560770680823153
0.19561117903165934
0.1956146512550872
0.1956181234785151
0.19562159570194293
0.1956250679253708
0.19562854014879863
0.19563201237222652
0.19563548459565436
0.1956389568190822
0.19564242904251006
0.1956459012659379
0.19564937348936579
0.19565284571279368
0.19565631793622146
0.19565979015964935
0.19566326238307716
0.19566673460650505
0.19567020682993294
0.19567367905336078
0.19567715127678864
0.19568062350021645
0.1956840957236443
0.19568756794707215
0.19569104017050004
0.1956945123939279
0.19569798461735574
0.19570145684078363
0.1957049290642114
0.1957084012876393
0.19571187351106717
0.195715345734495
0.1957188179579229
0.19572229018135073
0.19572576240477862
0.1957292346282065
0.19573270685163427
0.19573617907506216
0.19573965129849
0.1957431235219179
0.19574659574534575
0.1957500679687736
0.19575354019220143
0.19575701241562926
0.19576048463905715
0.195763956862485
0.19576742908591285
0.19577090130934074
0.19577437353276858
0.19577784575619642
0.19578131797962425
0.19578479020305212
0.19578826242648
0.19579173464990784
0.19579520687333574
0.19579867909676352
0.1958021513201914
0.19580562354361927
0.1958090957670471
0.195812567990475
0.19581604021390284
0.1958195124373307
0.1958229846607586
0.19582645688418637
0.19582992910761426
0.1958334013310421
0.19583687355446996
0.1958403457778978
0.1958438180013257
0.19584729022475358
0.19585076244818136
0.19585423467160923
0.19585770689503706
0.19586117911846496
0.19586465134189285
0.19586812356532068
0.19587159578874855
0.19587506801217633
0.19587854023560422
0.1958820124590321
0.19588548468245995
0.1958889569058878
0.19589242912931565
0.19589590135274348
0.19589937357617132
0.1959028457995992
0.19590631802302708
0.1959097902464549
0.1959132624698828
0.19591673469331064
0.19592020691673848
0.19592367914016634
0.19592715136359418
0.19593062358702207
0.1959340958104499
0.1959375680338778
0.19594104025730566
0.19594451248073347
0.19594798470416133
0.19595145692758917
0.19595492915101706
0.19595840137444492
0.19596187359787276
0.19596534582130065
0.19596881804472843
0.19597229026815632
0.19597576249158416
0.19597923471501202
0.19598270693843992
0.19598617916186775
0.19598965138529564
0.19599312360872342
0.1959965958321513
0.19600006805557918
0.19600354027900702
0.1960070125024349
0.19601048472586274
0.1960139569492906
0.19601742917271844
0.19602090139614628
0.19602437361957417
0.196027845843002
0.19603131806642987
0.19603479028985776
0.19603826251328554
0.19604173473671344
0.19604520696014127
0.19604867918356914
0.19605215140699697
0.19605562363042486
0.19605909585385276
0.19606256807728054
0.1960660403007084
0.19606951252413624
0.19607298474756413
0.19607645697099202
0.19607992919441986
0.19608340141784772
0.19608687364127553
0.1960903458647034
0.19609381808813128
0.19609729031155912
0.19610076253498698
0.19610423475841482
0.1961077069818427
0.1961111792052705
0.19611465142869838
0.19611812365212625
0.19612159587555408
0.19612506809898198
0.1961285403224098
0.1961320125458377
0.19613548476926554
0.19613895699269335
0.19614242921612124
0.19614590143954908
0.19614937366297697
0.19615284588640483
0.19615631810983264
0.1961597903332605
0.19616326255668834
0.19616673478011623
0.1961702070035441
0.19617367922697193
0.19617715145039982
