0.24340286229266048
0.24340633451608837
0.24340980673951626
0.24341327896294404
0.24341675118637193
0.24342022340979974
0.24342369563322763
0.24342716785665547
0.24343064008008336
0.24343411230351122
0.24343758452693903
0.2434410567503669
0.24344452897379473
0.24344800119722262
0.2434514734206505
0.24345494564407832
0.24345841786750622
0.243461890090934
0.2434653623143619
0.24346883453778975
0.2434723067612176
0.24347577898464548
0.24347925120807332
0.2434827234315012
0.24348619565492907
0.24348966787835685
0.24349314010178474
0.24349661232521258
0.24350008454864047
0.2435035567720683
0.24350702899549617
0.243510501218924
0.24351397344235184
0.24351744566577974
0.24352091788920757
0.24352439011263544
0.24352786233606333
0.24353133455949116
0.243534806782919
0.24353827900634684
0.2435417512297747
0.2435452234532026
0.24354869567663043
0.24355216790005832
0.2435556401234861
0.243559112346914
0.24356258457034186
0.2435660567937697
0.24356952901719758
0.24357300124062542
0.24357647346405328
0.2435799456874811
0.24358341791090896
0.24358689013433685
0.24359036235776468
0.24359383458119255
0.24359730680462038
0.24360077902804828
0.24360425125147617
0.24360772347490395
0.2436111956983318
0.24361466792175965
0.24361814014518754
0.24362161236861543
0.24362508459204327
0.24362855681547113
0.2436320290388989
0.2436355012623268
0.24363897348575464
0.24364244570918253
0.2436459179326104
0.24364939015603823
0.24365286237946607
0.2436563346028939
0.2436598068263218
0.24366327904974966
0.2436667512731775
0.2436702234966054
0.24367369572003317
0.24367716794346106
0.24368064016688892
0.24368411239031676
0.24368758461374465
0.2436910568371725
0.24369452906060038
0.24369800128402824
0.24370147350745605
0.24370494573088392
0.24370841795431175
0.24371189017773964
0.24371536240116748
0.24371883462459534
0.24372230684802323
0.24372577907145102
0.2437292512948789
0.24373272351830674
0.2437361957417346
0.2437396679651625
0.24374314018859033
0.24374661241201823
0.243750084635446
0.24375355685887387
0.24375702908230176
0.2437605013057296
0.2437639735291575
0.24376744575258533
0.24377091797601316
0.24377439019944103
0.24377786242286886
0.24378133464629675
0.2437848068697246
0.24378827909315245
0.2437917513165803
0.24379522354000813
0.24379869576343602
0.24380216798686385
0.24380564021029172
0.24380911243371955
0.24381258465714745
0.24381605688057534
0.24381952910400312
0.24382300132743098
0.24382647355085882
0.2438299457742867
0.2438334179977146
0.24383689022114244
0.2438403624445703
0.2438438346679981
0.24384730689142597
0.2438507791148538
0.2438542513382817
0.24385772356170957
0.2438611957851374
0.2438646680085653
0.24386814023199307
0.24387161245542097
0.24387508467884883
0.24387855690227667
0.24388202912570456
0.2438855013491324
0.24388897357256029
0.24389244579598812
0.24389591801941593
0.24389939024284382
0.24390286246627166
0.24390633468969955
0.2439098069131274
0.24391327913655522
0.24391675135998309
0.24392022358341092
0.24392369580683881
0.24392716803026665
0.24393064025369451
0.2439341124771224
0.2439375847005502
0.24394105692397808
0.24394452914740591
0.24394800137083378
0.24395147359426167
0.2439549458176895
0.2439584180411174
0.24396189026454518
0.24396536248797304
0.24396883471140093
0.24397230693482877
0.24397577915825666
0.2439792513816845
0.24398272360511236
0.24398619582854025
0.24398966805196803
0.24399314027539593
0.24399661249882376
0.24400008472225163
0.24400355694567946
0.24400702916910735
0.2440105013925352
0.24401397361596303
0.2440174458393909
0.24402091806281873
0.24402439028624662
0.2440278625096745
0.24403133473310235
0.24403480695653015
0.244038279179958
0.24404175140338588
0.24404522362681377
0.2440486958502416
0.24405216807366947
0.24405564029709728
0.24405911252052515
0.24406258474395298
0.24406605696738087
0.24406952919080874
0.24407300141423657
0.24407647363766447
0.24407994586109225
0.24408341808452014
0.244086890307948
0.24409036253137584
0.24409383475480373
