0.41423625494314403
0.41423972716657187
0.41424319938999976
0.41424667161342765
0.4142501438368555
0.4142536160602833
0.4142570882837112
0.41426056050713905
0.41426403273056694
0.4142675049539948
0.4142709771774226
0.41427444940085045
0.41427792162427834
0.4142813938477062
0.414284866071134
0.4142883382945619
0.4142918105179898
0.41429528274141764
0.4142987549648455
0.4143022271882733
0.41430569941170114
0.414309171635129
0.4143126438585569
0.4143161160819847
0.4143195883054126
0.41432306052884044
0.41432653275226833
0.41433000497569616
0.414333477199124
0.4143369494225519
0.41434042164597973
0.41434389386940756
0.4143473660928354
0.4143508383162633
0.41435431053969113
0.414357782763119
0.41436125498654686
0.4143647272099747
0.4143681994334026
0.4143716716568305
0.41437514388025826
0.4143786161036861
0.414382088327114
0.4143855605505418
0.4143890327739697
0.41439250499739755
0.4143959772208254
0.4143994494442533
0.41440292166768117
0.414406393891109
0.41440986611453684
0.4144133383379647
0.41441681056139257
0.4144202827848204
0.41442375500824824
0.41442722723167613
0.41443069945510397
0.4144341716785318
0.4144376439019597
0.41444111612538753
0.41444458834881537
0.4144480605722432
0.4144515327956711
0.41445500501909893
0.41445847724252677
0.41446194946595466
0.41446542168938255
0.4144688939128104
0.4144723661362382
0.4144758383596661
0.41447931058309395
0.4144827828065218
0.4144862550299496
0.41448972725337746
0.41449319947680535
0.41449667170023324
0.4145001439236611
0.4145036161470889
0.4145070883705168
0.41451056059394464
0.41451403281737254
0.4145175050408003
0.41452097726422815
0.41452444948765604
0.41452792171108394
0.41453139393451177
0.4145348661579396
0.4145383383813675
0.4145418106047954
0.4145452828282232
0.41454875505165106
0.4145522272750789
0.41455569949850674
0.41455917172193457
0.41456264394536246
0.4145661161687903
0.4145695883922182
0.414573060615646
0.4145765328390739
0.41458000506250176
0.41458347728592965
0.4145869495093574
0.4145904217327853
0.41459389395621316
0.414597366179641
0.4146008384030689
0.4146043106264967
0.4146077828499246
0.41461125507335245
0.4146147272967803
0.4146181995202082
0.414621671743636
0.41462514396706385
0.4146286161904917
0.4146320884139196
0.4146355606373474
0.4146390328607753
0.41464250508420314
0.414645977307631
0.41464944953105887
0.41465292175448676
0.4146563939779146
0.4146598662013424
0.41466333842477027
0.4146668106481981
0.414670282871626
0.41467375509505383
0.4146772273184817
0.41468069954190956
0.41468417176533745
0.4146876439887653
0.4146911162121931
0.41469458843562096
0.4146980606590488
0.4147015328824767
0.4147050051059045
0.4147084773293324
0.41471194955276025
0.41471542177618814
0.414718893999616
0.4147223662230438
0.4147258384464717
0.4147293106698995
0.4147327828933274
0.4147362551167552
0.41473972734018305
0.41474319956361094
0.41474667178703883
0.41475014401046667
0.4147536162338945
0.4147570884573224
0.41476056068075023
0.41476403290417807
0.4147675051276059
0.41477097735103374
0.41477444957446163
0.4147779217978895
0.41478139402131736
0.4147848662447452
0.4147883384681731
0.4147918106916009
0.4147952829150288
0.41479875513845665
0.4148022273618845
0.4148056995853123
0.4148091718087402
0.41481264403216805
0.4148161162555959
0.4148195884790238
0.4148230607024516
0.4148265329258795
0.41483000514930735
0.4148334773727352
0.414836949596163
0.4148404218195909
0.41484389404301875
0.4148473662664466
0.4148508384898745
0.4148543107133023
0.4148577829367302
0.41486125516015804
0.4148647273835859
0.41486819960701377
0.4148716718304416
0.41487514405386944
0.4148786162772973
0.41488208850072517
0.414885560724153
0.4148890329475809
0.41489250517100873
0.41489597739443657
0.41489944961786446
0.4149029218412923
0.41490639406472013
0.41490986628814797
0.41491333851157586
0.4149168107350037
0.4149202829584316
0.4149237551818594
0.4149272274052873
