0.22881952389566798
0.22882299611909585
0.22882646834252374
0.22882994056595157
0.22883341278937946
0.22883688501280725
0.2288403572362351
0.228843829459663
0.22884730168309084
0.22885077390651873
0.22885424612994656
0.22885771835337443
0.2288611905768022
0.2288646628002301
0.228868135023658
0.22887160724708583
0.2288750794705137
0.22887855169394153
0.22888202391736942
0.22888549614079728
0.2288889683642251
0.22889244058765296
0.2288959128110808
0.22889938503450868
0.22890285725793658
0.2289063294813644
0.22890980170479222
0.22891327392822006
0.22891674615164795
0.22892021837507584
0.22892369059850368
0.22892716282193154
0.22893063504535932
0.2289341072687872
0.22893757949221505
0.22894105171564294
0.2289445239390708
0.22894799616249864
0.22895146838592653
0.2289549406093543
0.2289584128327822
0.22896188505621007
0.2289653572796379
0.2289688295030658
0.22897230172649363
0.22897577394992152
0.2289792461733494
0.22898271839677717
0.22898619062020506
0.2289896628436329
0.2289931350670608
0.22899660729048865
0.2290000795139165
0.22900355173734438
0.22900702396077216
0.22901049618420005
0.2290139684076279
0.22901744063105575
0.22902091285448364
0.22902438507791148
0.22902785730133932
0.22903132952476715
0.22903480174819502
0.2290382739716229
0.22904174619505074
0.22904521841847864
0.22904869064190647
0.22905216286533428
0.22905563508876217
0.22905910731219
0.2290625795356179
0.22906605175904574
0.2290695239824736
0.22907299620590138
0.22907646842932927
0.22907994065275716
0.229083412876185
0.22908688509961286
0.2290903573230407
0.2290938295464686
0.22909730176989646
0.22910077399332426
0.22910424621675213
0.22910771844017996
0.22911119066360786
0.22911466288703575
0.22911813511046358
0.22912160733389145
0.22912507955731923
0.22912855178074712
0.229132024004175
0.22913549622760285
0.2291389684510307
0.22914244067445855
0.22914591289788644
0.22914938512131422
0.2291528573447421
0.22915632956816998
0.2291598017915978
0.2291632740150257
0.22916674623845354
0.22917021846188138
0.22917369068530924
0.22917716290873708
0.22918063513216497
0.2291841073555928
0.2291875795790207
0.22919105180244856
0.22919452402587634
0.22919799624930423
0.22920146847273207
0.22920494069615996
0.22920841291958782
0.22921188514301566
0.22921535736644355
0.22921882958987133
0.22922230181329922
0.22922577403672706
0.22922924626015492
0.22923271848358281
0.22923619070701065
0.22923966293043851
0.22924313515386632
0.2292466073772942
0.22925007960072208
0.22925355182414991
0.2292570240475778
0.22926049627100564
0.2292639684944335
0.22926744071786134
0.22927091294128918
0.22927438516471707
0.2292778573881449
0.22928132961157277
0.22928480183500066
0.2292882740584285
0.22929174628185633
0.22929521850528417
0.22929869072871203
0.22930216295213987
0.22930563517556776
0.22930910739899565
0.22931257962242343
0.2293160518458513
0.22931952406927913
0.22932299629270703
0.22932646851613492
0.22932994073956275
0.22933341296299062
0.2293368851864184
0.2293403574098463
0.22934382963327418
0.22934730185670202
0.22935077408012988
0.22935424630355772
0.2293577185269856
0.2293611907504134
0.22936466297384128
0.22936813519726915
0.22937160742069698
0.22937507964412487
0.2293785518675527
0.22938202409098057
0.22938549631440847
0.22938896853783625
0.22939244076126414
0.22939591298469197
0.22939938520811987
0.22940285743154773
0.22940632965497557
0.2294098018784034
0.22941327410183124
0.22941674632525913
0.229420218548687
0.22942369077211483
0.22942716299554272
0.2294306352189705
0.2294341074423984
0.22943757966582623
0.2294410518892541
0.22944452411268199
0.22944799633610982
0.2294514685595377
0.2294549407829655
0.22945841300639336
0.22946188522982125
0.22946535745324909
0.22946882967667698
0.2294723019001048
0.22947577412353268
0.22947924634696057
0.22948271857038835
0.22948619079381624
0.22948966301724408
0.22949313524067194
0.22949660746409983
0.22950007968752767
0.22950355191095553
0.22950702413438334
0.2295104963578112
