0.11354170609087015
0.11354517831429803
0.11354865053772586
0.11355212276115376
0.11355559498458154
0.11355906720800941
0.11356253943143725
0.11356601165486513
0.11356948387829302
0.11357295610172086
0.11357642832514873
0.11357990054857652
0.1135833727720044
0.11358684499543228
0.11359031721886012
0.113593789442288
0.11359726166571583
0.11360073388914371
0.11360420611257155
0.11360767833599938
0.11361115055942726
0.1136146227828551
0.11361809500628298
0.11362156722971087
0.11362503945313865
0.11362851167656653
0.11363198389999436
0.11363545612342224
0.11363892834685008
0.11364240057027797
0.11364587279370585
0.11364934501713363
0.11365281724056152
0.11365628946398935
0.11365976168741723
0.11366323391084511
0.11366670613427295
0.11367017835770082
0.11367365058112862
0.1136771228045565
0.11368059502798437
0.11368406725141221
0.11368753947484009
0.11369101169826792
0.11369448392169582
0.1136979561451236
0.11370142836855147
0.11370490059197937
0.11370837281540719
0.11371184503883508
0.11371531726226292
0.1137187894856908
0.11372226170911863
0.11372573393254647
0.11372920615597434
0.11373267837940218
0.11373615060283006
0.11373962282625794
0.11374309504968577
0.11374656727311361
0.11375003949654144
0.11375351171996932
0.1137569839433972
0.11376045616682504
0.11376392839025293
0.11376740061368071
0.11377087283710859
0.11377434506053642
0.1137778172839643
0.11378128950739219
0.11378476173082003
0.1137882339542479
0.11379170617767569
0.11379517840110358
0.11379865062453146
0.11380212284795929
0.11380559507138717
0.113809067294815
0.11381253951824288
0.11381601174167076
0.11381948396509856
0.11382295618852643
0.11382642841195427
0.11382990063538215
0.11383337285881004
0.11383684508223786
0.11384031730566575
0.11384378952909353
0.11384726175252143
0.11385073397594925
0.11385420619937714
0.11385767842280502
0.11386115064623285
0.11386462286966069
0.11386809509308853
0.1138715673165164
0.11387503953994428
0.11387851176337212
0.1138819839868
0.11388545621022783
0.11388892843365567
0.11389240065708355
0.11389587288051138
0.11389934510393926
0.1139028173273671
0.11390628955079499
0.11390976177422277
0.11391323399765065
0.11391670622107854
0.11392017844450636
0.11392365066793425
0.11392712289136209
0.11393059511478996
0.11393406733821784
0.11393753956164564
0.11394101178507351
0.11394448400850135
0.11394795623192923
0.1139514284553571
0.11395490067878494
0.11395837290221282
0.11396184512564062
0.11396531734906849
0.11396878957249637
0.1139722617959242
0.1139757340193521
0.11397920624277992
0.11398267846620781
0.11398615068963559
0.11398962291306348
0.11399309513649136
0.1139965673599192
0.11400003958334708
0.11400351180677491
0.11400698403020275
0.11401045625363063
0.11401392847705846
0.11401740070048634
0.11402087292391418
0.11402434514734205
0.11402781737076993
0.11403128959419773
0.1140347618176256
0.11403823404105344
0.11404170626448132
0.11404517848790921
0.11404865071133705
0.11405212293476492
0.1140555951581927
0.1140590673816206
0.11406253960504842
0.11406601182847631
0.11406948405190419
0.11407295627533202
0.1140764284987599
0.1140799007221877
0.11408337294561557
0.11408684516904345
0.11409031739247129
0.11409378961589917
0.114097261839327
0.11410073406275488
0.11410420628618272
0.11410767850961055
0.11411115073303843
0.11411462295646627
0.11411809517989416
0.11412156740332204
0.11412503962674982
0.11412851185017771
0.11413198407360554
0.11413545629703342
0.11413892852046126
0.11414240074388914
0.11414587296731701
0.11414934519074481
0.11415281741417269
0.11415628963760052
0.1141597618610284
0.11416323408445628
0.11416670630788411
0.11417017853131199
0.11417365075473979
0.11417712297816766
0.11418059520159554
0.11418406742502338
0.11418753964845127
0.1141910118718791
0.11419448409530698
0.11419795631873476
0.11420142854216266
0.11420490076559053
0.11420837298901837
0.11421184521244625
0.11421531743587408
0.11421878965930196
0.11422226188272984
0.11422573410615763
0.11422920632958551
0.11423267855301335
