0.8670141899354825
0.8670176621589105
0.8670211343823384
0.8670246066057662
0.8670280788291941
0.8670315510526219
0.8670350232760498
0.8670384954994775
0.8670419677229055
0.8670454399463332
0.8670489121697612
0.8670523843931891
0.8670558566166169
0.8670593288400448
0.8670628010634726
0.8670662732869004
0.8670697455103282
0.8670732177337562
0.8670766899571839
0.8670801621806119
0.8670836344040398
0.8670871066274676
0.8670905788508955
0.8670940510743232
0.8670975232977511
0.8671009955211789
0.8671044677446069
0.8671079399680346
0.8671114121914626
0.8671148844148905
0.8671183566383183
0.8671218288617462
0.8671253010851739
0.8671287733086018
0.8671322455320296
0.8671357177554575
0.8671391899788853
0.8671426622023133
0.8671461344257412
0.867149606649169
0.8671530788725968
0.8671565510960246
0.8671600233194525
0.8671634955428803
0.8671669677663083
0.867170439989736
0.867173912213164
0.8671773844365919
0.8671808566600196
0.8671843288834475
0.8671878011068753
0.8671912733303032
0.867194745553731
0.8671982177771591
0.8672016900005869
0.8672051622240148
0.8672086344474426
0.8672121066708703
0.8672155788942982
0.867219051117726
0.8672225233411539
0.8672259955645817
0.8672294677880096
0.8672329400114374
0.8672364122348655
0.8672398844582933
0.8672433566817211
0.8672468289051489
0.8672503011285768
0.8672537733520046
0.8672572455754324
0.8672607177988605
0.867264190022288
0.8672676622457162
0.8672711344691437
0.8672746066925718
0.8672780789159996
0.8672815511394275
0.8672850233628553
0.8672884955862832
0.8672919678097112
0.867295440033139
0.8672989122565669
0.8673023844799946
0.8673058567034225
0.8673093289268503
0.8673128011502782
0.867316273373706
0.8673197455971339
0.8673232178205617
0.8673266900439895
0.8673301622674175
0.8673336344908453
0.8673371067142732
0.867340578937701
0.8673440511611289
0.8673475233845567
0.8673509956079846
0.8673544678314126
0.8673579400548402
0.8673614122782682
0.867364884501696
0.8673683567251239
0.8673718289485517
0.8673753011719796
0.8673787733954074
0.8673822456188353
0.8673857178422633
0.867389190065691
0.8673926622891189
0.8673961345125467
0.8673996067359746
0.8674030789594024
0.8674065511828303
0.8674100234062581
0.867413495629686
0.8674169678531137
0.8674204400765416
0.8674239122999696
0.8674273845233974
0.8674308567468253
0.8674343289702531
0.867437801193681
0.8674412734171087
0.8674447456405366
0.8674482178639646
0.8674516900873923
0.8674551623108203
0.8674586345342481
0.867462106757676
0.8674655789811038
0.8674690512045317
0.8674725234279594
0.8674759956513873
0.8674794678748153
0.867482940098243
0.867486412321671
0.8674898845450989
0.8674933567685267
0.8674968289919545
0.8675003012153824
0.8675037734388101
0.867507245662238
0.8675107178856658
0.8675141901090937
0.8675176623325217
0.8675211345559496
0.8675246067793774
0.8675280790028053
0.867531551226233
0.8675350234496609
0.8675384956730887
0.8675419678965167
0.8675454401199444
0.8675489123433724
0.8675523845668003
0.8675558567902281
0.867559329013656
0.8675628012370837
0.8675662734605116
0.8675697456839394
0.8675732179073674
0.8675766901307951
0.8675801623542231
0.867583634577651
0.8675871068010788
0.8675905790245066
0.8675940512479344
0.8675975234713623
0.8676009956947901
0.8676044679182181
0.8676079401416458
0.8676114123650738
0.8676148845885017
0.8676183568119294
0.8676218290353573
0.8676253012587851
0.867628773482213
0.8676322457056408
0.8676357179290687
0.8676391901524965
0.8676426623759245
0.8676461345993524
0.8676496068227801
0.867653079046208
0.8676565512696358
0.8676600234930637
0.8676634957164915
0.8676669679399195
0.8676704401633472
0.8676739123867752
0.867677384610203
0.8676808568336308
0.8676843290570587
0.8676878012804865
0.8676912735039144
0.8676947457273422
0.8676982179507702
0.8677016901741981
0.8677051623976259
