0.345486231071608
0.3454897032950358
0.3454931755184637
0.34549664774189154
0.34550011996531943
0.34550359218874727
0.3455070644121751
0.345510536635603
0.34551400885903083
0.34551748108245867
0.3455209533058865
0.3455244255293144
0.3455278977527423
0.3455313699761701
0.34553484219959796
0.34553831442302585
0.34554178664645374
0.3455452588698816
0.3455487310933094
0.34555220331673725
0.3455556755401651
0.345559147763593
0.3455626199870208
0.34556609221044865
0.3455695644338765
0.3455730366573044
0.34557650888073227
0.3455799811041601
0.34558345332758794
0.3455869255510158
0.3455903977744436
0.3455938699978715
0.34559734222129934
0.34560081444472723
0.34560428666815507
0.34560775889158296
0.3456112311150108
0.34561470333843863
0.3456181755618665
0.34562164778529436
0.3456251200087222
0.34562859223215003
0.3456320644555779
0.3456355366790058
0.34563900890243365
0.3456424811258615
0.3456459533492893
0.34564942557271716
0.3456528977961451
0.3456563700195729
0.3456598422430007
0.34566331446642856
0.34566678668985645
0.34567025891328435
0.3456737311367122
0.34567720336014
0.3456806755835679
0.3456841478069958
0.34568762003042364
0.3456910922538515
0.3456945644772793
0.34569803670070715
0.34570150892413504
0.3457049811475629
0.34570845337099076
0.3457119255944186
0.3457153978178465
0.34571887004127433
0.34572234226470216
0.34572581448813
0.3457292867115579
0.34573275893498573
0.34573623115841357
0.3457397033818414
0.3457431756052693
0.34574664782869713
0.345750120052125
0.34575359227555286
0.3457570644989807
0.3457605367224086
0.3457640089458364
0.34576748116926426
0.3457709533926921
0.34577442561612
0.3457778978395479
0.3457813700629757
0.34578484228640355
0.34578831450983144
0.34579178673325933
0.34579525895668717
0.34579873118011495
0.3458022034035428
0.3458056756269707
0.34580914785039857
0.3458126200738264
0.34581609229725424
0.3458195645206821
0.34582303674410997
0.34582650896753786
0.3458299811909657
0.34583345341439353
0.34583692563782137
0.3458403978612492
0.3458438700846771
0.34584734230810493
0.3458508145315328
0.34585428675496066
0.34585775897838855
0.3458612312018164
0.3458647034252442
0.34586817564867206
0.34587164787209995
0.3458751200955278
0.3458785923189556
0.3458820645423835
0.3458855367658114
0.34588900898923924
0.3458924812126671
0.3458959534360949
0.34589942565952275
0.34590289788295064
0.3459063701063785
0.3459098423298063
0.34591331455323415
0.34591678677666204
0.34592025900008994
0.34592373122351777
0.3459272034469456
0.3459306756703735
0.3459341478938014
0.3459376201172292
0.345941092340657
0.3459445645640849
0.34594803678751274
0.3459515090109406
0.34595498123436846
0.3459584534577963
0.3459619256812242
0.3459653979046521
0.3459688701280799
0.34597234235150776
0.3459758145749356
0.3459792867983635
0.3459827590217913
0.34598623124521916
0.345989703468647
0.3459931756920749
0.3459966479155027
0.3460001201389306
0.34600359236235845
0.3460070645857863
0.3460105368092141
0.346014009032642
0.34601748125606985
0.3460209534794977
0.3460244257029256
0.34602789792635347
0.3460313701497813
0.34603484237320914
0.34603831459663703
0.34604178682006487
0.3460452590434927
0.34604873126692054
0.3460522034903484
0.34605567571377627
0.34605914793720416
0.346062620160632
0.34606609238405983
0.34606956460748767
0.34607303683091556
0.34607650905434345
0.3460799812777713
0.34608345350119907
0.34608692572462696
0.3460903979480548
0.3460938701714827
0.3460973423949105
0.3461008146183384
0.34610428684176625
0.34610775906519414
0.346111231288622
0.3461147035120498
0.34611817573547765
0.34612164795890554
0.3461251201823334
0.3461285924057612
0.3461320646291891
0.346135536852617
0.34613900907604483
0.34614248129947267
0.3461459535229005
0.34614942574632834
0.34615289796975623
0.34615637019318407
0.3461598424166119
0.34616331464003974
0.34616678686346763
0.3461702590868955
0.34617373131032336
0.3461772035337512
