0.7635419317853929
0.7635454040088209
0.7635488762322487
0.7635523484556765
0.7635558206791044
0.7635592929025322
0.7635627651259601
0.7635662373493879
0.7635697095728158
0.7635731817962436
0.7635766540196716
0.7635801262430995
0.7635835984665273
0.7635870706899551
0.7635905429133829
0.7635940151368108
0.7635974873602386
0.7636009595836665
0.7636044318070944
0.7636079040305223
0.7636113762539501
0.7636148484773779
0.7636183207008058
0.7636217929242337
0.7636252651476615
0.7636287373710894
0.7636322095945172
0.7636356818179451
0.7636391540413731
0.7636426262648007
0.7636460984882287
0.7636495707116565
0.7636530429350844
0.7636565151585122
0.7636599873819401
0.7636634596053679
0.7636669318287957
0.7636704040522236
0.7636738762756515
0.7636773484990794
0.7636808207225072
0.7636842929459351
0.7636877651693629
0.7636912373927908
0.7636947096162185
0.7636981818396464
0.7637016540630743
0.7637051262865022
0.76370859850993
0.7637120707333579
0.7637155429567858
0.7637190151802136
0.7637224874036415
0.7637259596270692
0.7637294318504971
0.7637329040739251
0.7637363762973528
0.7637398485207808
0.7637433207442086
0.7637467929676365
0.7637502651910643
0.7637537374144922
0.76375720963792
0.7637606818613478
0.7637641540847757
0.7637676263082036
0.7637710985316315
0.7637745707550593
0.7637780429784872
0.763781515201915
0.7637849874253428
0.7637884596487706
0.7637919318721986
0.7637954040956264
0.7637988763190543
0.7638023485424822
0.76380582076591
0.7638092929893379
0.7638127652127656
0.7638162374361935
0.7638197096596213
0.7638231818830493
0.763826654106477
0.763830126329905
0.7638335985533329
0.7638370707767607
0.7638405430001886
0.7638440152236163
0.7638474874470442
0.7638509596704721
0.7638544318938999
0.7638579041173278
0.7638613763407557
0.7638648485641836
0.7638683207876115
0.7638717930110392
0.763875265234467
0.7638787374578949
0.7638822096813227
0.7638856819047507
0.7638891541281785
0.7638926263516065
0.7638960985750343
0.7638995707984622
0.7639030430218899
0.7639065152453178
0.7639099874687456
0.7639134596921735
0.7639169319156014
0.7639204041390292
0.7639238763624571
0.763927348585885
0.7639308208093128
0.7639342930327406
0.7639377652561685
0.7639412374795963
0.7639447097030242
0.763948181926452
0.7639516541498799
0.7639551263733078
0.7639585985967356
0.7639620708201635
0.7639655430435913
0.7639690152670192
0.763972487490447
0.7639759597138749
0.7639794319373027
0.7639829041607306
0.7639863763841586
0.7639898486075863
0.7639933208310142
0.763996793054442
0.7640002652778699
0.7640037375012977
0.7640072097247256
0.7640106819481535
0.7640141541715813
0.7640176263950093
0.764021098618437
0.7640245708418649
0.7640280430652927
0.7640315152887206
0.7640349875121484
0.7640384597355763
0.7640419319590042
0.764045404182432
0.7640488764058598
0.7640523486292877
0.7640558208527156
0.7640592930761434
0.7640627652995713
0.7640662375229991
0.764069709746427
0.7640731819698547
0.7640766541932827
0.7640801264167106
0.7640835986401384
0.7640870708635663
0.7640905430869941
0.764094015310422
0.7640974875338498
0.7641009597572777
0.7641044319807055
0.7641079042041334
0.7641113764275613
0.7641148486509891
0.764118320874417
0.7641217930978448
0.7641252653212727
0.7641287375447005
0.7641322097681283
0.7641356819915562
0.7641391542149842
0.7641426264384119
0.7641460986618399
0.7641495708852677
0.7641530431086955
0.7641565153321234
0.7641599875555511
0.764163459778979
0.7641669320024068
0.7641704042258348
0.7641738764492627
0.7641773486726906
0.7641808208961184
0.7641842931195463
0.7641877653429741
0.764191237566402
0.7641947097898297
0.7641981820132576
0.7642016542366855
0.7642051264601134
0.7642085986835412
0.7642120709069691
0.764215543130397
0.7642190153538247
0.7642224875772526
0.7642259598006804
0.7642294320241083
0.7642329042475363
