0.7788197148679565
0.7788231870913844
0.7788266593148122
0.7788301315382402
0.7788336037616679
0.7788370759850959
0.7788405482085237
0.7788440204319516
0.7788474926553793
0.7788509648788072
0.7788544371022351
0.778857909325663
0.7788613815490908
0.7788648537725187
0.7788683259959466
0.7788717982193744
0.7788752704428022
0.77887874266623
0.778882214889658
0.7788856871130857
0.7788891593365137
0.7788926315599415
0.7788961037833694
0.7788995760067973
0.778903048230225
0.7789065204536529
0.7789099926770807
0.7789134649005086
0.7789169371239365
0.7789204093473644
0.7789238815707923
0.7789273537942201
0.778930826017648
0.7789342982410757
0.7789377704645036
0.7789412426879314
0.7789447149113593
0.7789481871347872
0.7789516593582151
0.7789551315816429
0.7789586038050708
0.7789620760284987
0.7789655482519264
0.7789690204753543
0.7789724926987821
0.7789759649222101
0.7789794371456378
0.7789829093690658
0.7789863815924936
0.7789898538159216
0.7789933260393493
0.7789967982627771
0.779000270486205
0.7790037427096328
0.7790072149330607
0.7790106871564886
0.7790141593799165
0.7790176316033444
0.7790211038267723
0.7790245760502
0.7790280482736279
0.7790315204970557
0.7790349927204836
0.7790384649439114
0.7790419371673393
0.7790454093907672
0.7790488816141949
0.779052353837623
0.7790558260610507
0.7790592982844786
0.7790627705079064
0.7790662427313343
0.7790697149547622
0.77907318717819
0.7790766594016179
0.7790801316250456
0.7790836038484736
0.7790870760719014
0.7790905482953293
0.7790940205187571
0.779097492742185
0.7791009649656128
0.7791044371890407
0.7791079094124685
0.7791113816358964
0.7791148538593243
0.7791183260827521
0.77912179830618
0.7791252705296078
0.7791287427530357
0.7791322149764635
0.7791356871998915
0.7791391594233192
0.7791426316467471
0.779146103870175
0.7791495760936028
0.7791530483170307
0.7791565205404585
0.7791599927638864
0.7791634649873143
0.779166937210742
0.7791704094341699
0.7791738816575978
0.7791773538810257
0.7791808261044535
0.7791842983278814
0.7791877705513092
0.7791912427747371
0.7791947149981648
0.7791981872215927
0.7792016594450206
0.7792051316684485
0.7792086038918764
0.7792120761153042
0.7792155483387321
0.7792190205621599
0.7792224927855878
0.7792259650090155
0.7792294372324435
0.7792329094558713
0.7792363816792992
0.7792398539027271
0.7792433261261549
0.7792467983495828
0.7792502705730106
0.7792537427964384
0.7792572150198662
0.7792606872432942
0.7792641594667221
0.7792676316901499
0.7792711039135778
0.7792745761370057
0.7792780483604335
0.7792815205838612
0.7792849928072891
0.7792884650307169
0.7792919372541448
0.7792954094775727
0.7792988817010007
0.7793023539244285
0.7793058261478564
0.7793092983712842
0.779312770594712
0.7793162428181398
0.7793197150415677
0.7793231872649956
0.7793266594884234
0.7793301317118514
0.7793336039352791
0.7793370761587071
0.7793405483821348
0.7793440206055627
0.7793474928289905
0.7793509650524184
0.7793544372758463
0.7793579094992742
0.779361381722702
0.7793648539461299
0.7793683261695578
0.7793717983929855
0.7793752706164134
0.7793787428398412
0.7793822150632691
0.7793856872866969
0.7793891595101248
0.7793926317335527
0.7793961039569806
0.7793995761804084
0.7794030484038362
0.7794065206272641
0.7794099928506919
0.7794134650741198
0.7794169372975477
0.7794204095209756
0.7794238817444035
0.7794273539678312
0.7794308261912591
0.7794342984146869
0.7794377706381148
0.7794412428615426
0.7794447150849705
0.7794481873083984
0.7794516595318263
0.779455131755254
0.7794586039786819
0.7794620762021098
0.7794655484255376
0.7794690206489655
0.7794724928723933
0.7794759650958213
0.779479437319249
0.779482909542677
0.7794863817661047
0.7794898539895326
0.7794933262129605
0.7794967984363883
0.7795002706598162
0.779503742883244
0.7795072151066719
0.7795106873300998
