0.7649308211565351
0.764934293379963
0.7649377656033908
0.7649412378268187
0.7649447100502466
0.7649481822736743
0.7649516544971022
0.7649551267205301
0.764958598943958
0.7649620711673858
0.7649655433908137
0.7649690156142415
0.7649724878376694
0.7649759600610971
0.764979432284525
0.7649829045079529
0.7649863767313809
0.7649898489548087
0.7649933211782366
0.7649967934016644
0.7650002656250923
0.76500373784852
0.7650072100719478
0.7650106822953758
0.7650141545188036
0.7650176267422316
0.7650210989656594
0.7650245711890873
0.7650280434125151
0.765031515635943
0.7650349878593707
0.7650384600827986
0.7650419323062265
0.7650454045296543
0.7650488767530822
0.7650523489765101
0.765055821199938
0.7650592934233658
0.7650627656467937
0.7650662378702214
0.7650697100936493
0.7650731823170771
0.765076654540505
0.765080126763933
0.7650835989873608
0.7650870712107887
0.7650905434342165
0.7650940156576443
0.7650974878810721
0.7651009601045
0.7651044323279279
0.7651079045513557
0.7651113767747837
0.7651148489982114
0.7651183212216394
0.7651217934450671
0.765125265668495
0.7651287378919228
0.7651322101153507
0.7651356823387786
0.7651391545622065
0.7651426267856343
0.7651460990090622
0.7651495712324901
0.7651530434559178
0.7651565156793457
0.7651599879027735
0.7651634601262014
0.7651669323496292
0.7651704045730572
0.7651738767964851
0.7651773490199129
0.7651808212433407
0.7651842934667685
0.7651877656901964
0.7651912379136242
0.7651947101370521
0.76519818236048
0.7652016545839079
0.7652051268073358
0.7652085990307635
0.7652120712541914
0.7652155434776192
0.7652190157010471
0.7652224879244749
0.7652259601479028
0.7652294323713307
0.7652329045947587
0.7652363768181863
0.7652398490416144
0.7652433212650421
0.7652467934884699
0.7652502657118978
0.7652537379353256
0.7652572101587536
0.7652606823821813
0.7652641546056093
0.765267626829037
0.765271099052465
0.7652745712758928
0.7652780434993207
0.7652815157227485
0.7652849879461764
0.7652884601696042
0.7652919323930321
0.76529540461646
0.7652988768398878
0.7653023490633157
0.7653058212867435
0.7653092935101714
0.7653127657335992
0.7653162379570271
0.7653197101804549
0.7653231824038828
0.7653266546273105
0.7653301268507384
0.7653335990741664
0.7653370712975942
0.7653405435210221
0.7653440157444499
0.7653474879678778
0.7653509601913057
0.7653544324147334
0.7653579046381613
0.7653613768615891
0.7653648490850171
0.7653683213084449
0.7653717935318728
0.7653752657553006
0.7653787379787285
0.7653822102021562
0.7653856824255842
0.765389154649012
0.7653926268724399
0.7653960990958678
0.7653995713192956
0.7654030435427235
0.7654065157661513
0.7654099879895792
0.7654134602130069
0.7654169324364349
0.7654204046598627
0.7654238768832906
0.7654273491067185
0.7654308213301463
0.7654342935535742
0.765437765777002
0.7654412380004298
0.7654447102238577
0.7654481824472855
0.7654516546707134
0.7654551268941413
0.7654585991175692
0.765462071340997
0.7654655435644249
0.7654690157878526
0.7654724880112805
0.7654759602347083
0.7654794324581362
0.7654829046815641
0.765486376904992
0.7654898491284199
0.7654933213518477
0.7654967935752756
0.7655002657987033
0.7655037380221312
0.765507210245559
0.765510682468987
0.7655141546924148
0.7655176269158428
0.7655210991392706
0.7655245713626985
0.7655280435861263
0.765531515809554
0.7655349880329819
0.7655384602564097
0.7655419324798377
0.7655454047032655
0.7655488769266934
0.7655523491501213
0.7655558213735492
0.7655592935969769
0.7655627658204048
0.7655662380438326
0.7655697102672605
0.7655731824906883
0.7655766547141162
0.7655801269375442
0.765583599160972
0.7655870713843999
0.7655905436078276
0.7655940158312555
0.7655974880546833
0.7656009602781112
0.7656044325015391
0.7656079047249669
0.7656113769483949
0.7656148491718225
0.7656183213952505
0.7656217936186783
