0.30520843930848585
0.30521191153191374
0.3052153837553416
0.3052188559787694
0.30522232820219725
0.30522580042562514
0.305229272649053
0.30523274487248087
0.3052362170959087
0.30523968931933654
0.30524316154276443
0.3052466337661923
0.3052501059896201
0.30525357821304794
0.3052570504364758
0.30526052265990367
0.30526399488333156
0.3052674671067594
0.30527093933018723
0.3052744115536151
0.30527788377704296
0.30528135600047085
0.3052848282238987
0.3052883004473265
0.30529177267075436
0.30529524489418225
0.3052987171176101
0.3053021893410379
0.3053056615644658
0.3053091337878937
0.30531260601132154
0.3053160782347494
0.30531955045817727
0.3053230226816051
0.30532649490503294
0.3053299671284608
0.3053334393518886
0.30533691157531645
0.3053403837987444
0.30534385602217223
0.30534732824560007
0.3053508004690279
0.3053542726924558
0.30535774491588363
0.30536121713931147
0.3053646893627393
0.3053681615861672
0.30537163380959503
0.3053751060330229
0.30537857825645076
0.30538205047987865
0.3053855227033065
0.3053889949267344
0.30539246715016216
0.30539593937359
0.3053994115970179
0.3054028838204458
0.3054063560438736
0.30540982826730145
0.3054133004907293
0.30541677271415724
0.3054202449375851
0.3054237171610129
0.30542718938444074
0.3054306616078686
0.3054341338312964
0.3054376060547243
0.30544107827815214
0.30544455050158
0.3054480227250079
0.30545149494843576
0.3054549671718636
0.30545843939529144
0.3054619116187193
0.30546538384214716
0.305468856065575
0.30547232828900284
0.30547580051243073
0.30547927273585856
0.30548274495928646
0.3054862171827143
0.30548968940614213
0.30549316162957
0.30549663385299786
0.3055001060764257
0.30550357829985353
0.30550705052328136
0.30551052274670926
0.30551399497013715
0.305517467193565
0.3055209394169928
0.3055244116404207
0.30552788386384855
0.30553135608727644
0.3055348283107042
0.3055383005341321
0.30554177275755995
0.30554524498098784
0.3055487172044157
0.3055521894278435
0.3055556616512714
0.3055591338746993
0.30556260609812713
0.30556607832155497
0.3055695505449828
0.3055730227684107
0.30557649499183853
0.30557996721526637
0.3055834394386942
0.30558691166212204
0.30559038388555
0.3055938561089778
0.30559732833240566
0.3056008005558335
0.30560427277926133
0.3056077450026892
0.30561121722611706
0.3056146894495449
0.3056181616729728
0.3056216338964006
0.3056251061198285
0.30562857834325635
0.30563205056668424
0.3056355227901121
0.3056389950135399
0.30564246723696775
0.3056459394603956
0.3056494116838235
0.30565288390725137
0.3056563561306792
0.30565982835410704
0.3056633005775349
0.3056667728009628
0.30567024502439066
0.3056737172478185
0.3056771894712463
0.3056806616946741
0.305684133918102
0.3056876061415299
0.30569107836495774
0.30569455058838557
0.30569802281181346
0.30570149503524136
0.3057049672586692
0.305708439482097
0.30571191170552486
0.30571538392895276
0.3057188561523806
0.3057223283758084
0.3057258005992363
0.3057292728226642
0.30573274504609205
0.3057362172695199
0.3057396894929477
0.3057431617163756
0.30574663393980345
0.3057501061632313
0.3057535783866591
0.30575705061008696
0.30576052283351485
0.30576399505694274
0.3057674672803706
0.3057709395037984
0.3057744117272263
0.30577788395065414
0.305781356174082
0.3057848283975098
0.3057883006209377
0.30579177284436554
0.30579524506779343
0.30579871729122127
0.3058021895146491
0.305805661738077
0.3058091339615049
0.3058126061849327
0.30581607840836056
0.30581955063178834
0.3058230228552163
0.3058264950786441
0.30582996730207196
0.3058334395254998
0.30583691174892763
0.3058403839723556
0.3058438561957834
0.30584732841921125
0.3058508006426391
0.3058542728660669
0.3058577450894948
0.30586121731292265
0.3058646895363505
0.3058681617597784
0.3058716339832062
0.3058751062066341
0.30587857843006194
0.30588205065348983
0.30588552287691767
0.3058889951003455
0.30589246732377334
0.3058959395472012
0.30589941177062907
