0.4315973720824208
0.43160084430584866
0.4316043165292766
0.43160778875270445
0.4316112609761323
0.4316147331995601
0.431618205422988
0.43162167764641585
0.4316251498698437
0.4316286220932715
0.43163209431669936
0.4316355665401273
0.43163903876355514
0.431642510986983
0.4316459832104108
0.4316494554338387
0.43165292765726654
0.4316563998806944
0.4316598721041222
0.43166334432755005
0.4316668165509779
0.43167028877440583
0.43167376099783367
0.4316772332212615
0.43168070544468945
0.43168417766811723
0.43168764989154507
0.4316911221149729
0.43169459433840074
0.4316980665618287
0.4317015387852565
0.43170501100868436
0.4317084832321122
0.43171195545554014
0.431715427678968
0.4317188999023958
0.43172237212582365
0.4317258443492515
0.4317293165726794
0.4317327887961072
0.43173626101953505
0.4317397332429629
0.43174320546639083
0.43174667768981867
0.4317501499132465
0.43175362213667434
0.4317570943601022
0.43176056658353007
0.4317640388069579
0.43176751103038574
0.4317709832538136
0.4317744554772415
0.43177792770066936
0.4317813999240972
0.43178487214752503
0.43178834437095287
0.43179181659438076
0.4317952888178086
0.43179876104123643
0.43180223326466427
0.4318057054880922
0.43180917771152005
0.4318126499349479
0.4318161221583757
0.43181959438180356
0.4318230666052315
0.4318265388286593
0.4318300110520871
0.43183348327551496
0.4318369554989429
0.43184042772237075
0.4318438999457986
0.4318473721692264
0.43185084439265425
0.4318543166160822
0.43185778883951004
0.4318612610629379
0.4318647332863657
0.4318682055097936
0.43187167773322144
0.4318751499566493
0.4318786221800771
0.43188209440350495
0.4318855666269329
0.43188903885036073
0.43189251107378857
0.4318959832972164
0.4318994555206443
0.43190292774407213
0.43190639996749997
0.4319098721909278
0.43191334441435564
0.4319168166377836
0.4319202888612114
0.43192376108463926
0.4319272333080671
0.431930705531495
0.4319341777549228
0.43193764997835066
0.4319411222017785
0.43194459442520633
0.4319480666486343
0.4319515388720621
0.43195501109548995
0.4319584833189178
0.43196195554234573
0.43196542776577357
0.43196889998920135
0.4319723722126292
0.431975844436057
0.43197931665948497
0.4319827888829128
0.43198626110634064
0.4319897333297685
0.4319932055531964
0.43199667777662426
0.4320001500000521
0.43200362222347993
0.43200709444690777
0.43201056667033566
0.4320140388937635
0.43201751111719133
0.43202098334061917
0.4320244555640471
0.43202792778747495
0.4320314000109028
0.4320348722343306
0.43203834445775846
0.43204181668118635
0.4320452889046142
0.432048761128042
0.43205223335146986
0.4320557055748978
0.43205917779832564
0.4320626500217535
0.4320661222451813
0.43206959446860915
0.43207306669203704
0.4320765389154649
0.4320800111388927
0.43208348336232055
0.4320869555857485
0.43209042780917634
0.4320939000326042
0.432097372256032
0.43210084447945984
0.4321043167028878
0.43210778892631563
0.4321112611497434
0.43211473337317124
0.4321182055965992
0.43212167782002703
0.43212515004345486
0.4321286222668827
0.43213209449031054
0.4321355667137385
0.4321390389371663
0.43214251116059416
0.432145983384022
0.4321494556074499
0.4321529278308777
0.43215640005430556
0.4321598722777334
0.43216334450116123
0.4321668167245892
0.432170288948017
0.43217376117144485
0.4321772333948727
0.4321807056183006
0.4321841778417284
0.43218765006515625
0.4321911222885841
0.4321945945120119
0.43219806673543987
0.4322015389588677
0.43220501118229554
0.4322084834057234
0.43221195562915127
0.4322154278525791
0.43221890007600694
0.4322223722994348
0.4322258445228626
0.43222931674629056
0.4322327889697184
0.43223626119314623
0.43223973341657407
0.432243205640002
0.43224667786342985
0.4322501500868577
0.43225362231028547
0.4322570945337133
0.43226056675714125
0.4322640389805691
0.4322675112039969
0.43227098342742476
0.4322744556508527
0.43227792787428054
0.4322814000977084
0.4322848723211362
0.43228834454456405
