0.08090280586902979
0.08090627809245762
0.0809097503158855
0.08091322253931338
0.08091669476274121
0.0809201669861691
0.08092363920959689
0.08092711143302476
0.08093058365645266
0.08093405587988049
0.08093752810330837
0.0809410003267362
0.08094447255016408
0.08094794477359187
0.08095141699701976
0.08095488922044763
0.08095836144387547
0.08096183366730335
0.08096530589073118
0.08096877811415906
0.0809722503375869
0.08097572256101473
0.08097919478444261
0.08098266700787045
0.08098613923129833
0.08098961145472622
0.080993083678154
0.08099655590158188
0.08100002812500971
0.0810035003484376
0.08100697257186548
0.08101044479529332
0.0810139170187212
0.08101738924214899
0.08102086146557687
0.0810243336890047
0.08102780591243258
0.08103127813586046
0.0810347503592883
0.08103822258271617
0.08104169480614397
0.08104516702957185
0.08104863925299972
0.08105211147642756
0.08105558369985544
0.08105905592328327
0.08106252814671117
0.08106600037013904
0.08106947259356682
0.08107294481699472
0.08107641704042255
0.08107988926385043
0.08108336148727831
0.08108683371070614
0.08109030593413398
0.08109377815756182
0.0810972503809897
0.08110072260441753
0.08110419482784541
0.08110766705127329
0.08111113927470112
0.08111461149812896
0.0811180837215568
0.08112155594498467
0.08112502816841256
0.08112850039184039
0.08113197261526828
0.08113544483869606
0.08113891706212394
0.08114238928555183
0.08114586150897966
0.08114933373240754
0.08115280595583538
0.08115627817926326
0.08115975040269105
0.08116322262611893
0.0811666948495468
0.08117016707297464
0.08117363929640252
0.08117711151983036
0.08118058374325823
0.08118405596668613
0.0811875281901139
0.08119100041354178
0.08119447263696962
0.0811979448603975
0.08120141708382539
0.08120488930725323
0.0812083615306811
0.08121183375410888
0.08121530597753678
0.08121877820096465
0.08122225042439249
0.08122572264782037
0.0812291948712482
0.08123266709467604
0.08123613931810388
0.08123961154153175
0.08124308376495963
0.08124655598838747
0.08125002821181534
0.08125350043524318
0.08125697265867102
0.0812604448820989
0.08126391710552673
0.08126738932895462
0.08127086155238245
0.08127433377581034
0.08127780599923821
0.081281278222666
0.08128475044609389
0.08128822266952172
0.0812916948929496
0.08129516711637748
0.08129863933980531
0.08130211156323319
0.08130558378666099
0.08130905601008886
0.0813125282335167
0.08131600045694458
0.08131947268037246
0.08132294490380029
0.08132641712722818
0.08132988935065597
0.08133336157408384
0.08133683379751173
0.08134030602093956
0.08134377824436745
0.08134725046779528
0.08135072269122316
0.081354194914651
0.08135766713807883
0.08136113936150671
0.08136461158493455
0.08136808380836243
0.08137155603179026
0.0813750282552181
0.08137850047864598
0.08138197270207381
0.08138544492550169
0.08138891714892953
0.0813923893723574
0.0813958615957853
0.08139933381921308
0.08140280604264095
0.08140627826606879
0.08140975048949668
0.08141322271292456
0.0814166949363524
0.08142016715978027
0.08142363938320805
0.08142711160663595
0.08143058383006382
0.08143405605349166
0.08143752827691954
0.08144100050034737
0.08144447272377525
0.08144794494720305
0.08145141717063092
0.0814548893940588
0.08145836161748664
0.08146183384091452
0.08146530606434235
0.08146877828777024
0.08147225051119807
0.0814757227346259
0.0814791949580538
0.08148266718148162
0.08148613940490951
0.08148961162833739
0.08149308385176517
0.08149655607519306
0.0815000282986209
0.08150350052204877
0.08150697274547665
0.08151044496890449
0.08151391719233236
0.08151738941576016
0.08152086163918804
0.08152433386261587
0.08152780608604375
0.08153127830947163
0.08153475053289946
0.08153822275632736
0.08154169497975514
0.08154516720318301
0.0815486394266109
0.08155211165003873
0.08155558387346662
0.08155905609689446
0.08156252832032233
0.08156600054375021
0.081569472767178
0.08157294499060588
0.08157641721403372
0.0815798894374616
0.08158336166088948
0.08158683388431731
0.08159030610774519
0.08159377833117298
