0.07187502495660589
0.07187849718003372
0.07188196940346156
0.0718854416268894
0.07188891385031732
0.07189238607374515
0.07189585829717299
0.07189933052060082
0.07190280274402874
0.07190627496745658
0.07190974719088442
0.07191321941431225
0.07191669163774009
0.07192016386116802
0.07192363608459586
0.07192710830802368
0.07193058053145161
0.07193405275487935
0.07193752497830729
0.07194099720173512
0.07194446942516296
0.07194794164859088
0.07195141387201871
0.07195488609544655
0.07195835831887439
0.07196183054230222
0.07196530276573014
0.07196877498915798
0.07197224721258581
0.07197571943601365
0.07197919165944149
0.07198266388286942
0.07198613610629724
0.07198960832972508
0.07199308055315291
0.07199655277658085
0.07200002500000859
0.07200349722343652
0.07200696944686436
0.07201044167029218
0.07201391389372011
0.07201738611714795
0.07202085834057578
0.0720243305640037
0.07202780278743146
0.07203127501085937
0.07203474723428721
0.07203821945771505
0.07204169168114298
0.0720451639045708
0.07204863612799864
0.07205210835142647
0.07205558057485431
0.07205905279828224
0.07206252502171008
0.07206599724513792
0.07206946946856574
0.07207294169199367
0.07207641391542141
0.07207988613884934
0.07208335836227718
0.07208683058570502
0.07209030280913294
0.07209377503256077
0.07209724725598861
0.07210071947941644
0.07210419170284428
0.0721076639262722
0.07211113614970004
0.07211460837312787
0.0721180805965558
0.07212155281998354
0.07212502504341148
0.0721284972668393
0.07213196949026714
0.07213544171369497
0.0721389139371229
0.07214238616055074
0.07214585838397858
0.07214933060740641
0.07215280283083424
0.07215627505426217
0.07215974727769
0.07216321950111784
0.07216669172454576
0.07217016394797351
0.07217363617140143
0.07217710839482927
0.0721805806182571
0.07218405284168504
0.07218752506511286
0.0721909972885407
0.07219446951196863
0.07219794173539637
0.0722014139588243
0.07220488618225214
0.07220835840567998
0.0722118306291078
0.07221530285253573
0.07221877507596357
0.0722222472993914
0.07222571952281924
0.07222919174624708
0.072232663969675
0.07223613619310283
0.07223960841653067
0.0722430806399585
0.07224655286338634
0.07225002508681426
0.0722534973102421
0.07225696953366993
0.07226044175709787
0.0722639139805256
0.07226738620395354
0.07227085842738136
0.0722743306508092
0.07227780287423713
0.07228127509766497
0.0722847473210928
0.07228821954452064
0.07229169176794847
0.0722951639913764
0.07229863621480423
0.07230210843823207
0.0723055806616599
0.07230905288508782
0.07231252510851566
0.0723159973319435
0.07231946955537133
0.07232294177879917
0.0723264140022271
0.07232988622565492
0.07233335844908276
0.0723368306725106
0.07234030289593843
0.07234377511936636
0.0723472473427942
0.07235071956622204
0.07235419178964995
0.07235766401307779
0.07236113623650563
0.07236460845993346
0.0723680806833613
0.07237155290678922
0.07237502513021705
0.07237849735364489
0.07238196957707273
0.07238544180050056
0.07238891402392848
0.07239238624735632
0.07239585847078416
0.07239933069421199
0.07240280291763992
0.07240627514106776
0.0724097473644956
0.07241321958792342
0.07241669181135126
0.07242016403477919
0.07242363625820702
0.07242710848163486
0.07243058070506278
0.07243405292849052
0.07243752515191845
0.07244099737534629
0.07244446959877412
0.07244794182220204
0.07245141404562988
0.07245488626905772
0.07245835849248555
0.07246183071591339
0.07246530293934132
0.07246877516276916
0.07247224738619698
0.07247571960962482
0.07247919183305265
0.07248266405648059
0.07248613627990842
0.07248960850333626
0.0724930807267641
0.07249655295019201
0.07250002517361975
0.07250349739704769
0.07250696962047552
0.07251044184390336
0.07251391406733128
0.07251738629075911
0.07252085851418695
0.07252433073761488
0.07252780296104262
0.07253127518447054
0.07253474740789838
0.07253821963132621
0.07254169185475415
0.07254516407818198
0.07254863630160982
0.07255210852503766
0.07255558074846548
0.07255905297189341
0.07256252519532125
0.07256599741874908
