0.5607640835986402
0.5607675558220679
0.5607710280454958
0.5607745002689237
0.5607779724923516
0.5607814447157794
0.5607849169392073
0.5607883891626351
0.560791861386063
0.5607953336094909
0.5607988058329186
0.5608022780563465
0.5608057502797744
0.5608092225032023
0.5608126947266301
0.560816166950058
0.5608196391734858
0.5608231113969137
0.5608265836203415
0.5608300558437693
0.5608335280671972
0.5608370002906251
0.560840472514053
0.5608439447374808
0.5608474169609087
0.5608508891843365
0.5608543614077643
0.5608578336311922
0.56086130585462
0.5608647780780479
0.5608682503014758
0.5608717225249037
0.5608751947483315
0.5608786669717594
0.5608821391951871
0.5608856114186151
0.5608890836420429
0.5608925558654707
0.5608960280888986
0.5608995003123265
0.5609029725357544
0.5609064447591822
0.5609099169826101
0.5609133892060378
0.5609168614294658
0.5609203336528936
0.5609238058763215
0.5609272780997493
0.5609307503231772
0.5609342225466051
0.5609376947700329
0.5609411669934607
0.5609446392168885
0.5609481114403165
0.5609515836637443
0.5609550558871722
0.5609585281106
0.5609620003340279
0.5609654725574558
0.5609689447808835
0.5609724170043114
0.5609758892277392
0.5609793614511672
0.560982833674595
0.5609863058980229
0.5609897781214507
0.5609932503448786
0.5609967225683065
0.5610001947917342
0.5610036670151621
0.5610071392385899
0.5610106114620179
0.5610140836854457
0.5610175559088736
0.5610210281323014
0.5610245003557294
0.5610279725791572
0.561031444802585
0.5610349170260128
0.5610383892494406
0.5610418614728686
0.5610453336962964
0.5610488059197243
0.5610522781431521
0.5610557503665801
0.5610592225900078
0.5610626948134357
0.5610661670368635
0.5610696392602914
0.5610731114837193
0.5610765837071471
0.561080055930575
0.5610835281540028
0.5610870003774308
0.5610904726008585
0.5610939448242864
0.5610974170477142
0.5611008892711421
0.56110436149457
0.5611078337179978
0.5611113059414257
0.5611147781648534
0.5611182503882814
0.5611217226117092
0.5611251948351371
0.5611286670585649
0.5611321392819928
0.5611356115054207
0.5611390837288485
0.5611425559522764
0.5611460281757041
0.5611495003991321
0.5611529726225599
0.5611564448459878
0.5611599170694156
0.5611633892928435
0.5611668615162714
0.5611703337396993
0.561173805963127
0.5611772781865548
0.5611807504099828
0.5611842226334106
0.5611876948568385
0.5611911670802663
0.5611946393036942
0.5611981115271221
0.56120158375055
0.5612050559739777
0.5612085281974056
0.5612120004208335
0.5612154726442613
0.5612189448676892
0.561222417091117
0.5612258893145449
0.5612293615379728
0.5612328337614007
0.5612363059848284
0.5612397782082563
0.5612432504316842
0.561246722655112
0.5612501948785399
0.5612536671019677
0.5612571393253956
0.5612606115488235
0.5612640837722513
0.5612675559956791
0.561271028219107
0.5612745004425349
0.5612779726659627
0.5612814448893906
0.5612849171128184
0.5612883893362463
0.5612918615596741
0.561295333783102
0.5612988060065298
0.5613022782299577
0.5613057504533856
0.5613092226768135
0.5613126949002413
0.5613161671236692
0.5613196393470969
0.5613231115705248
0.5613265837939527
0.5613300560173805
0.5613335282408084
0.5613370004642363
0.5613404726876642
0.561343944911092
0.5613474171345199
0.5613508893579476
0.5613543615813755
0.5613578338048034
0.5613613060282312
0.5613647782516591
0.561368250475087
0.5613717226985149
0.5613751949219427
0.5613786671453705
0.5613821393687983
0.5613856115922262
0.5613890838156541
0.5613925560390819
0.5613960282625098
0.5613995004859377
0.5614029727093656
0.5614064449327933
0.5614099171562212
0.561413389379649
0.5614168616030769
0.5614203338265048
0.5614238060499326
0.5614272782733605
0.5614307504967884
0.5614342227202163
0.561437694943644
0.5614411671670719
0.5614446393904997
0.5614481116139277
0.5614515838373555
0.5614550560607834
