0.46284738293311906
0.4628508551565469
0.4628543273799748
0.4628577996034026
0.46286127182683046
0.4628647440502583
0.46286821627368624
0.4628716884971141
0.4628751607205419
0.46287863294396975
0.4628821051673976
0.46288557739082553
0.4628890496142533
0.46289252183768115
0.462895994061109
0.46289946628453693
0.46290293850796477
0.4629064107313926
0.46290988295482044
0.4629133551782483
0.4629168274016762
0.46292029962510406
0.4629237718485319
0.46292724407195973
0.4629307162953876
0.46293418851881546
0.4629376607422433
0.46294113296567113
0.46294460518909897
0.4629480774125269
0.46295154963595475
0.4629550218593826
0.4629584940828104
0.4629619663062383
0.46296543852966615
0.462968910753094
0.4629723829765218
0.46297585519994966
0.4629793274233776
0.46298279964680544
0.4629862718702333
0.4629897440936611
0.462993216317089
0.46299668854051684
0.4630001607639447
0.4630036329873725
0.46300710521080035
0.4630105774342283
0.46301404965765613
0.46301752188108397
0.4630209941045118
0.46302446632793975
0.4630279385513676
0.46303141077479537
0.4630348829982232
0.46303835522165104
0.463041827445079
0.4630452996685068
0.46304877189193466
0.4630522441153625
0.46305571633879045
0.4630591885622183
0.4630626607856461
0.46306613300907395
0.4630696052325018
0.4630730774559297
0.4630765496793575
0.46308002190278535
0.4630834941262132
0.46308696634964114
0.463090438573069
0.4630939107964968
0.46309738301992465
0.4631008552433525
0.4631043274667804
0.4631077996902082
0.46311127191363605
0.4631147441370639
0.46311821636049183
0.46312168858391967
0.4631251608073475
0.46312863303077534
0.4631321052542032
0.46313557747763107
0.4631390497010589
0.46314252192448674
0.4631459941479146
0.4631494663713425
0.46315293859477036
0.4631564108181982
0.46315988304162603
0.46316335526505387
0.4631668274884818
0.46317029971190965
0.46317377193533743
0.46317724415876527
0.4631807163821932
0.46318418860562105
0.4631876608290489
0.4631911330524767
0.46319460527590456
0.4631980774993325
0.46320154972276034
0.4632050219461882
0.463208494169616
0.4632119663930439
0.46321543861647174
0.4632189108398996
0.4632223830633274
0.46322585528675525
0.4632293275101832
0.46323279973361103
0.46323627195703887
0.4632397441804667
0.4632432164038946
0.46324668862732243
0.46325016085075027
0.4632536330741781
0.46325710529760594
0.4632605775210339
0.4632640497444617
0.46326752196788956
0.4632709941913174
0.4632744664147453
0.4632779386381731
0.46328141086160096
0.4632848830850288
0.46328835530845663
0.4632918275318846
0.4632952997553124
0.46329877197874025
0.4633022442021681
0.46330571642559604
0.4633091886490239
0.4633126608724517
0.4633161330958795
0.4633196053193073
0.4633230775427353
0.4633265497661631
0.46333002198959095
0.4633334942130188
0.46333696643644673
0.46334043865987457
0.4633439108833024
0.46334738310673024
0.4633508553301581
0.46335432755358597
0.4633577997770138
0.46336127200044164
0.4633647442238695
0.4633682164472974
0.46337168867072526
0.4633751608941531
0.46337863311758093
0.46338210534100877
0.46338557756443666
0.4633890497878645
0.46339252201129233
0.46339599423472017
0.4633994664581481
0.46340293868157595
0.4634064109050038
0.4634098831284316
0.46341335535185946
0.46341682757528735
0.4634202997987152
0.463423772022143
0.46342724424557086
0.4634307164689988
0.46343418869242664
0.4634376609158545
0.4634411331392823
0.46344460536271015
0.4634480775861381
0.46345154980956593
0.46345502203299377
0.46345849425642155
0.4634619664798495
0.46346543870327733
0.46346891092670517
0.463472383150133
0.46347585537356084
0.4634793275969888
0.4634827998204166
0.46348627204384446
0.4634897442672723
0.4634932164907002
0.463496688714128
0.46350016093755586
0.4635036331609837
0.46350710538441153
0.4635105776078395
0.4635140498312673
0.46351752205469515
0.463520994278123
0.4635244665015509
0.4635279387249787
0.46353141094840655
0.4635348831718344
0.4635383553952622
