0.8524308515384902
0.852434323761918
0.8524377959853459
0.8524412682087736
0.8524447404322015
0.8524482126556295
0.8524516848790572
0.8524551571024852
0.852458629325913
0.8524621015493409
0.8524655737727687
0.8524690459961966
0.8524725182196243
0.8524759904430522
0.8524794626664802
0.8524829348899079
0.8524864071133359
0.8524898793367637
0.8524933515601916
0.8524968237836194
0.8525002960070472
0.852503768230475
0.8525072404539029
0.8525107126773307
0.8525141849007586
0.8525176571241866
0.8525211293476144
0.8525246015710423
0.85252807379447
0.8525315460178979
0.8525350182413257
0.8525384904647536
0.8525419626881816
0.8525454349116093
0.8525489071350373
0.8525523793584651
0.852555851581893
0.8525593238053207
0.8525627960287486
0.8525662682521764
0.8525697404756043
0.8525732126990323
0.8525766849224601
0.852580157145888
0.8525836293693158
0.8525871015927436
0.8525905738161714
0.8525940460395993
0.8525975182630271
0.852600990486455
0.8526044627098828
0.8526079349333107
0.8526114071567387
0.8526148793801664
0.8526183516035943
0.8526218238270221
0.85262529605045
0.8526287682738778
0.8526322404973057
0.8526357127207337
0.8526391849441614
0.8526426571675894
0.852646129391017
0.852649601614445
0.8526530738378728
0.8526565460613007
0.8526600182847285
0.8526634905081564
0.8526669627315844
0.8526704349550123
0.85267390717844
0.8526773794018679
0.8526808516252957
0.8526843238487236
0.8526877960721514
0.8526912682955793
0.8526947405190071
0.8526982127424348
0.8527016849658627
0.8527051571892907
0.8527086294127186
0.8527121016361464
0.8527155738595743
0.8527190460830021
0.85272251830643
0.8527259905298578
0.8527294627532858
0.8527329349767134
0.8527364072001414
0.8527398794235693
0.8527433516469971
0.852746823870425
0.8527502960938528
0.8527537683172807
0.8527572405407084
0.8527607127641365
0.8527641849875643
0.8527676572109921
0.85277112943442
0.8527746016578478
0.8527780738812757
0.8527815461047035
0.8527850183281314
0.8527884905515591
0.852791962774987
0.8527954349984148
0.8527989072218428
0.8528023794452707
0.8528058516686985
0.8528093238921264
0.8528127961155542
0.852816268338982
0.8528197405624098
0.8528232127858378
0.8528266850092655
0.8528301572326935
0.8528336294561214
0.8528371016795492
0.8528405739029771
0.8528440461264049
0.8528475183498327
0.8528509905732605
0.8528544627966885
0.8528579350201162
0.8528614072435442
0.8528648794669721
0.8528683516903999
0.8528718239138278
0.8528752961372555
0.8528787683606834
0.8528822405841112
0.8528857128075391
0.8528891850309669
0.8528926572543949
0.8528961294778228
0.8528996017012506
0.8529030739246785
0.8529065461481062
0.8529100183715341
0.8529134905949619
0.8529169628183898
0.8529204350418176
0.8529239072652457
0.8529273794886735
0.8529308517121014
0.8529343239355291
0.8529377961589569
0.8529412683823848
0.8529447406058126
0.8529482128292407
0.8529516850526683
0.8529551572760964
0.8529586294995242
0.8529621017229521
0.8529655739463798
0.8529690461698077
0.8529725183932355
0.8529759906166634
0.8529794628400914
0.852982935063519
0.8529864072869471
0.8529898795103749
0.8529933517338028
0.8529968239572305
0.8530002961806584
0.8530037684040862
0.8530072406275141
0.8530107128509419
0.8530141850743698
0.8530176572977978
0.8530211295212256
0.8530246017446534
0.8530280739680812
0.8530315461915091
0.8530350184149369
0.8530384906383648
0.8530419628617928
0.8530454350852205
0.8530489073086485
0.8530523795320762
0.8530558517555041
0.8530593239789319
0.8530627962023598
0.8530662684257876
0.8530697406492155
0.8530732128726435
0.8530766850960713
0.8530801573194992
0.8530836295429269
0.8530871017663548
0.8530905739897826
0.8530940462132105
0.8530975184366383
0.8531009906600662
0.853104462883494
0.8531079351069218
0.8531114073303498
0.8531148795537776
0.8531183517772055
0.8531218240006333
