0.042708348162620854
0.04271182038604869
0.04271529260947662
0.04271876483290445
0.04272223705633229
0.042725709279760125
0.04272918150318805
0.04273265372661579
0.042736125950043724
0.04273959817347155
0.04274307039689939
0.042746542620327316
0.04275001484375515
0.04275348706718299
0.042756959290610824
0.04276043151403866
0.04276390373746659
0.04276737596089442
0.04277084818432225
0.042774320407750185
0.042777792631177924
0.04278126485460585
0.04278473707803369
0.04278820930146152
0.04279168152488945
0.042795153748317286
0.042798625971745115
0.04280209819517295
0.04280557041860079
0.04280904264202862
0.04281251486545655
0.042815987088884386
0.04281945931231222
0.04282293153574015
0.04282640375916789
0.042829875982595814
0.04283334820602365
0.042836820429451486
0.04284029265287941
0.04284376487630725
0.042847237099735085
0.042850709323162914
0.04285418154659075
0.042857653770018676
0.04286112599344651
0.04286459821687435
0.042868070440302185
0.04287154266373002
0.04287501488715795
0.04287848711058578
0.04288195933401361
0.04288543155744145
0.042888903780869375
0.04289237600429721
0.04289584822772505
0.042899320451152884
0.04290279267458072
0.042906264898008646
0.04290973712143648
0.04291320934486431
0.042916681568292245
0.042920153791719984
0.04292362601514791
0.042927098238575746
0.04293057046200358
0.04293404268543151
0.042937514908859345
0.042940987132287174
0.04294445935571501
0.042947931579142846
0.04295140380257077
0.04295487602599861
0.042958348249426445
0.04296182047285428
0.04296529269628221
0.042968764919710044
0.04297223714313787
0.04297570936656571
0.042979181589993545
0.04298265381342147
0.04298612603684931
0.042989598260277144
0.04299307048370497
0.04299654270713281
0.043000014930560736
0.04300348715398857
0.04300695937741641
0.043010431600844334
0.04301390382427208
0.04301737604770001
0.04302084827112784
0.04302432049455567
0.043027792717983605
0.043031264941411435
0.04303473716483927
0.04303820938826711
0.04304168161169494
0.04304515383512287
0.043048626058550706
0.04305209828197854
0.04305557050540637
0.0430590427288343
0.04306251495226213
0.04306598717568997
0.043069459399117806
0.04307293162254564
0.04307640384597357
0.043079876069401404
0.043083348292829234
0.04308682051625717
0.043090292739684906
0.04309376496311283
0.04309723718654067
0.043100709409968505
0.04310418163339643
0.04310765385682427
0.0431111260802521
0.04311459830367993
0.04311807052710777
0.043121542750535695
0.04312501497396353
0.04312848719739137
0.0431319594208192
0.04313543164424703
0.043138903867674966
0.043142376091102795
0.04314584831453063
0.04314932053795847
0.043152792761386394
0.04315626498481414
0.043159737208242066
0.0431632094316699
0.04316668165509773
0.043170153878525665
0.043173626101953494
0.04317709832538133
0.043180570548809256
0.043184042772237
0.04318751499566493
0.043190987219092765
0.043194459442520594
0.04319793166594853
0.04320140388937636
0.04320487611280419
0.04320834833623203
0.043211820559659865
0.04321529278308779
0.04321876500651563
0.043222237229943464
0.04322570945337129
0.043229181676799226
0.043232653900226965
0.04323612612365489
0.04323959834708273
0.043243070570510564
0.04324654279393849
0.043250015017366326
0.04325348724079416
0.04325695946422199
0.04326043168764983
0.043263903911077754
0.04326737613450559
0.04327084835793343
0.04327432058136135
0.04327779280478909
0.043281265028217025
0.043284737251644854
0.04328820947507269
0.04329168169850053
0.04329515392192845
0.04329862614535629
0.043302098368784125
0.04330557059221196
0.04330904281563979
0.043312515039067724
0.04331598726249555
0.04331945948592339
0.043322931709351316
0.04332640393277906
0.04332987615620699
0.043333348379634824
0.043336820603062653
0.04334029282649059
0.043343765049918416
0.04334723727334625
0.04335070949677409
0.043354181720201924
0.04335765394362985
0.04336112616705769
0.04336459839048552
0.04336807061391335
0.043371542837341286
0.043375015060769115
0.04337848728419695
0.04338195950762479
0.04338543173105262
0.04338890395448055
0.043392376177908386
0.04339584840133622
0.04339932062476405
