0.4690973851032587
0.4691008573266865
0.46910432955011444
0.4691078017735423
0.4691112739969701
0.46911474622039795
0.4691182184438259
0.46912169066725373
0.46912516289068157
0.4691286351141094
0.46913210733753724
0.46913557956096513
0.46913905178439297
0.4691425240078208
0.46914599623124864
0.4691494684546766
0.4691529406781044
0.46915641290153226
0.4691598851249601
0.46916335734838793
0.4691668295718158
0.46917030179524366
0.4691737740186715
0.46917724624209933
0.4691807184655273
0.4691841906889551
0.46918766291238295
0.4691911351358108
0.4691946073592386
0.4691980795826665
0.46920155180609435
0.4692050240295222
0.46920849625295
0.46921196847637797
0.4692154406998058
0.46921891292323364
0.4692223851466615
0.4692258573700893
0.46922932959351726
0.4692328018169451
0.46923627404037294
0.46923974626380077
0.46924321848722866
0.4692466907106565
0.46925016293408434
0.4692536351575122
0.46925710738094
0.46926057960436796
0.4692640518277958
0.46926752405122363
0.46927099627465146
0.46927446849807936
0.4692779407215072
0.46928141294493503
0.46928488516836286
0.4692883573917907
0.46929182961521865
0.4692953018386465
0.4692987740620743
0.46930224628550216
0.46930571850893005
0.4693091907323579
0.4693126629557857
0.46931613517921356
0.4693196074026414
0.46932307962606934
0.4693265518494972
0.469330024072925
0.46933349629635285
0.4693369685197808
0.4693404407432086
0.4693439129666364
0.46934738519006425
0.4693508574134921
0.46935432963692003
0.46935780186034787
0.4693612740837757
0.46936474630720354
0.4693682185306315
0.4693716907540593
0.46937516297748716
0.469378635200915
0.46938210742434283
0.4693855796477707
0.46938905187119856
0.4693925240946264
0.46939599631805423
0.4693994685414822
0.46940294076491
0.46940641298833785
0.4694098852117657
0.4694133574351935
0.4694168296586214
0.46942030188204925
0.4694237741054771
0.4694272463289049
0.46943071855233287
0.4694341907757607
0.46943766299918854
0.4694411352226164
0.4694446074460442
0.4694480796694721
0.46945155189289994
0.4694550241163278
0.4694584963397556
0.46946196856318356
0.4694654407866114
0.46946891301003923
0.46947238523346707
0.4694758574568949
0.46947932968032285
0.46948280190375064
0.46948627412717847
0.4694897463506063
0.46949321857403425
0.4694966907974621
0.4695001630208899
0.46950363524431776
0.4695071074677456
0.46951057969117355
0.4695140519146014
0.4695175241380292
0.46952099636145705
0.46952446858488495
0.4695279408083128
0.4695314130317406
0.46953488525516845
0.4695383574785963
0.46954182970202424
0.4695453019254521
0.4695487741488799
0.46955224637230775
0.46955571859573564
0.4695591908191635
0.4695626630425913
0.46956613526601915
0.469569607489447
0.46957307971287493
0.46957655193630277
0.4695800241597306
0.46958349638315844
0.46958696860658633
0.46959044083001417
0.469593913053442
0.46959738527686984
0.4696008575002977
0.4696043297237256
0.46960780194715346
0.4696112741705813
0.46961474639400913
0.4696182186174371
0.4696216908408649
0.4696251630642927
0.46962863528772053
0.46963210751114837
0.4696355797345763
0.46963905195800415
0.469642524181432
0.4696459964048598
0.46964946862828777
0.4696529408517156
0.46965641307514344
0.4696598852985713
0.4696633575219991
0.469666829745427
0.46967030196885484
0.4696737741922827
0.4696772464157105
0.46968071863913846
0.4696841908625663
0.46968766308599413
0.46969113530942197
0.4696946075328498
0.4696980797562777
0.46970155197970553
0.46970502420313337
0.4697084964265612
0.46971196864998915
0.469715440873417
0.4697189130968448
0.46972238532027266
0.4697258575437005
0.4697293297671284
0.4697328019905562
0.46973627421398406
0.4697397464374119
0.46974321866083985
0.4697466908842677
0.4697501631076955
0.46975363533112335
0.4697571075545512
0.46976057977797914
0.469764052001407
0.46976752422483475
0.4697709964482626
0.46977446867169054
0.4697779408951184
0.4697814131185462
0.46978488534197405
0.4697883575654019
