0.3142362202209098
0.31423969244433764
0.3142431646677655
0.3142466368911933
0.3142501091146212
0.31425358133804904
0.3142570535614769
0.31426052578490477
0.31426399800833266
0.3142674702317605
0.31427094245518833
0.3142744146786162
0.31427788690204406
0.3142813591254719
0.31428483134889973
0.3142883035723276
0.3142917757957555
0.31429524801918335
0.3142987202426112
0.314302192466039
0.3143056646894669
0.31430913691289475
0.3143126091363226
0.3143160813597504
0.31431955358317826
0.31432302580660615
0.31432649803003404
0.3143299702534619
0.3143334424768897
0.3143369147003176
0.31434038692374544
0.31434385914717333
0.31434733137060117
0.314350803594029
0.31435427581745684
0.31435774804088473
0.31436122026431257
0.3143646924877404
0.3143681647111683
0.3143716369345962
0.314375109158024
0.31437858138145186
0.3143820536048797
0.3143855258283076
0.3143889980517354
0.31439247027516326
0.3143959424985911
0.31439941472201893
0.3144028869454469
0.3144063591688747
0.31440983139230255
0.3144133036157304
0.3144167758391583
0.3144202480625861
0.31442372028601395
0.3144271925094418
0.3144306647328697
0.31443413695629757
0.3144376091797254
0.31444108140315324
0.31444455362658114
0.31444802585000897
0.3144514980734368
0.31445497029686464
0.3144584425202925
0.31446191474372037
0.31446538696714826
0.3144688591905761
0.31447233141400394
0.31447580363743177
0.3144792758608597
0.31448274808428756
0.3144862203077154
0.31448969253114323
0.31449316475457106
0.3144966369779989
0.3145001092014268
0.31450358142485463
0.31450705364828246
0.31451052587171036
0.31451399809513825
0.3145174703185661
0.3145209425419939
0.31452441476542176
0.31452788698884965
0.3145313592122775
0.3145348314357053
0.3145383036591332
0.3145417758825611
0.31454524810598894
0.3145487203294168
0.3145521925528446
0.3145556647762725
0.31455913699970034
0.3145626092231282
0.314566081446556
0.31456955366998385
0.31457302589341174
0.31457649811683963
0.31457997034026747
0.3145834425636953
0.3145869147871232
0.31459038701055103
0.31459385923397887
0.3145973314574067
0.3146008036808346
0.31460427590426243
0.3146077481276903
0.31461122035111816
0.314614692574546
0.3146181647979739
0.3146216370214018
0.3146251092448296
0.31462858146825745
0.3146320536916853
0.3146355259151132
0.314638998138541
0.31464247036196885
0.3146459425853967
0.3146494148088245
0.31465288703225247
0.3146563592556803
0.31465983147910814
0.314663303702536
0.3146667759259638
0.3146702481493917
0.31467372037281954
0.3146771925962474
0.31468066481967527
0.31468413704310316
0.314687609266531
0.31469108148995883
0.3146945537133867
0.31469802593681456
0.3147014981602424
0.31470497038367024
0.31470844260709807
0.31471191483052596
0.31471538705395385
0.3147188592773817
0.3147223315008095
0.31472580372423736
0.3147292759476653
0.31473274817109315
0.3147362203945209
0.31473969261794876
0.31474316484137665
0.3147466370648045
0.3147501092882324
0.3147535815116602
0.31475705373508805
0.31476052595851595
0.31476399818194384
0.3147674704053717
0.3147709426287995
0.31477441485222735
0.31477788707565524
0.3147813592990831
0.3147848315225109
0.3147883037459388
0.3147917759693667
0.31479524819279453
0.31479872041622237
0.3148021926396502
0.31480566486307804
0.31480913708650593
0.31481260930993377
0.3148160815333616
0.31481955375678944
0.31482302598021733
0.3148264982036452
0.31482997042707306
0.3148334426505009
0.3148369148739288
0.3148403870973566
0.31484385932078446
0.3148473315442123
0.3148508037676402
0.314854275991068
0.3148577482144959
0.31486122043792375
0.3148646926613516
0.3148681648847795
0.31487163710820737
0.3148751093316352
0.314878581555063
0.3148820537784908
0.31488552600191877
0.3148889982253466
0.31489247044877444
0.3148959426722023
0.3148994148956301
0.31490288711905806
0.3149063593424859
0.31490983156591373
0.31491330378934157
0.3149167760127694
0.3149202482361973
0.31492372045962513
0.31492719268305297
