0.520486291835518
0.5204897640589458
0.5204932362823738
0.5204967085058015
0.5205001807292294
0.5205036529526572
0.5205071251760851
0.520510597399513
0.5205140696229409
0.5205175418463687
0.5205210140697966
0.5205244862932245
0.5205279585166522
0.5205314307400801
0.5205349029635079
0.5205383751869358
0.5205418474103637
0.5205453196337916
0.5205487918572194
0.5205522640806473
0.5205557363040751
0.5205592085275029
0.5205626807509308
0.5205661529743586
0.5205696251977865
0.5205730974212144
0.5205765696446423
0.52058004186807
0.520583514091498
0.5205869863149258
0.5205904585383536
0.5205939307617815
0.5205974029852093
0.5206008752086372
0.5206043474320651
0.520607819655493
0.5206112918789207
0.5206147641023486
0.5206182363257765
0.5206217085492044
0.5206251807726322
0.52062865299606
0.5206321252194879
0.5206355974429158
0.5206390696663437
0.5206425418897714
0.5206460141131993
0.5206494863366272
0.5206529585600551
0.5206564307834829
0.5206599030069108
0.5206633752303386
0.5206668474537665
0.5206703196771943
0.5206737919006221
0.52067726412405
0.5206807363474779
0.5206842085709058
0.5206876807943336
0.5206911530177615
0.5206946252411893
0.5206980974646171
0.520701569688045
0.5207050419114728
0.5207085141349007
0.5207119863583286
0.5207154585817565
0.5207189308051843
0.5207224030286122
0.52072587525204
0.5207293474754678
0.5207328196988957
0.5207362919223235
0.5207397641457514
0.5207432363691793
0.5207467085926072
0.520750180816035
0.5207536530394629
0.5207571252628906
0.5207605974863186
0.5207640697097464
0.5207675419331743
0.5207710141566021
0.52077448638003
0.5207779586034579
0.5207814308268857
0.5207849030503136
0.5207883752737413
0.5207918474971693
0.5207953197205971
0.520798791944025
0.5208022641674528
0.5208057363908807
0.5208092086143086
0.5208126808377364
0.5208161530611642
0.520819625284592
0.52082309750802
0.5208265697314478
0.5208300419548757
0.5208335141783035
0.5208369864017314
0.5208404586251593
0.520843930848587
0.5208474030720149
0.5208508752954427
0.5208543475188707
0.5208578197422985
0.5208612919657264
0.5208647641891542
0.5208682364125821
0.52087170863601
0.5208751808594377
0.5208786530828656
0.5208821253062934
0.5208855975297214
0.5208890697531492
0.5208925419765771
0.5208960142000049
0.5208994864234329
0.5209029586468606
0.5209064308702885
0.5209099030937163
0.5209133753171441
0.5209168475405721
0.5209203197639999
0.5209237919874278
0.5209272642108556
0.5209307364342836
0.5209342086577113
0.5209376808811392
0.520941153104567
0.5209446253279949
0.5209480975514228
0.5209515697748506
0.5209550419982785
0.5209585142217062
0.5209619864451343
0.520965458668562
0.5209689308919899
0.5209724031154177
0.5209758753388456
0.5209793475622735
0.5209828197857013
0.5209862920091292
0.5209897642325569
0.5209932364559849
0.5209967086794127
0.5210001809028406
0.5210036531262684
0.5210071253496963
0.5210105975731242
0.521014069796552
0.5210175420199799
0.5210210142434076
0.5210244864668356
0.5210279586902634
0.5210314309136913
0.5210349031371191
0.521038375360547
0.5210418475839749
0.5210453198074028
0.5210487920308305
0.5210522642542584
0.5210557364776863
0.5210592087011141
0.521062680924542
0.5210661531479698
0.5210696253713977
0.5210730975948256
0.5210765698182535
0.5210800420416812
0.5210835142651091
0.521086986488537
0.5210904587119648
0.5210939309353927
0.5210974031588205
0.5211008753822484
0.5211043476056763
0.5211078198291041
0.5211112920525319
0.5211147642759598
0.5211182364993877
0.5211217087228155
0.5211251809462434
0.5211286531696712
0.521132125393099
0.521135597616527
0.5211390698399548
0.5211425420633826
0.5211460142868105
0.5211494865102384
0.5211529587336662
0.5211564309570941
0.5211599031805219
0.5211633754039497
0.5211668476273776
0.5211703198508055
0.5211737920742333
0.5211772642976612
