0.267708426287648
0.26771189851107585
0.2677153707345037
0.2677188429579316
0.2677223151813594
0.2677257874047873
0.26772925962821514
0.267732731851643
0.2677362040750708
0.26773967629849865
0.26774314852192654
0.2677466207453544
0.26775009296878227
0.2677535651922101
0.26775703741563794
0.26776050963906584
0.2677639818624937
0.26776745408592156
0.2677709263093494
0.26777439853277724
0.26777787075620507
0.26778134297963296
0.2677848152030608
0.2677882874264887
0.2677917596499165
0.26779523187334436
0.26779870409677226
0.26780217632020015
0.267805648543628
0.26780912076705576
0.26781259299048366
0.2678160652139115
0.2678195374373394
0.2678230096607672
0.2678264818841951
0.26782995410762295
0.2678334263310508
0.2678368985544787
0.2678403707779065
0.26784384300133435
0.2678473152247622
0.26785078744819
0.2678542596716179
0.2678577318950458
0.26786120411847364
0.2678646763419015
0.26786814856532937
0.2678716207887572
0.2678750930121851
0.2678785652356129
0.26788203745904077
0.2678855096824686
0.26788898190589644
0.26789245412932433
0.2678959263527522
0.26789939857618006
0.2679028707996079
0.2679063430230358
0.2679098152464636
0.26791328746989146
0.2679167596933193
0.2679202319167472
0.267923704140175
0.26792717636360286
0.26793064858703075
0.26793412081045864
0.2679375930338865
0.2679410652573143
0.2679445374807422
0.26794800970417004
0.2679514819275978
0.2679549541510257
0.2679584263744536
0.26796189859788144
0.2679653708213093
0.26796884304473717
0.267972315268165
0.2679757874915929
0.26797925971502073
0.26798273193844857
0.2679862041618764
0.26798967638530424
0.26799314860873213
0.26799662083215997
0.26800009305558786
0.2680035652790157
0.26800703750244353
0.2680105097258714
0.2680139819492993
0.26801745417272715
0.26802092639615493
0.2680243986195828
0.26802787084301066
0.26803134306643855
0.2680348152898664
0.2680382875132943
0.2680417597367221
0.26804523196014995
0.26804870418357785
0.2680521764070057
0.2680556486304335
0.26805912085386135
0.26806259307728925
0.2680660653007171
0.268069537524145
0.2680730097475728
0.2680764819710007
0.26807995419442854
0.2680834264178564
0.26808689864128427
0.2680903708647121
0.26809384308813994
0.2680973153115678
0.2681007875349956
0.2681042597584235
0.2681077319818514
0.26811120420527923
0.26811467642870707
0.26811814865213496
0.2681216208755628
0.26812509309899063
0.26812856532241847
0.26813203754584636
0.2681355097692742
0.26813898199270203
0.2681424542161299
0.2681459264395578
0.26814939866298565
0.2681528708864135
0.2681563431098414
0.2681598153332692
0.26816328755669705
0.2681667597801249
0.2681702320035528
0.2681737042269806
0.26817717645040845
0.26818064867383634
0.26818412089726423
0.26818759312069207
0.2681910653441199
0.26819453756754774
0.2681980097909756
0.2682014820144034
0.2682049542378313
0.2682084264612592
0.26821189868468703
0.26821537090811487
0.26821884313154276
0.2682223153549706
0.2682257875783985
0.2682292598018263
0.26823273202525416
0.268236204248682
0.26823967647210983
0.2682431486955377
0.26824662091896556
0.26825009314239345
0.2682535653658213
0.2682570375892491
0.268260509812677
0.26826398203610485
0.2682674542595327
0.2682709264829605
0.2682743987063884
0.26827787092981625
0.26828134315324415
0.268284815376672
0.2682882876000999
0.2682917598235277
0.26829523204695555
0.26829870427038344
0.2683021764938113
0.2683056487172391
0.26830912094066695
0.26831259316409484
0.2683160653875227
0.26831953761095056
0.2683230098343784
0.2683264820578063
0.26832995428123413
0.26833342650466196
0.2683368987280898
0.26834037095151764
0.26834384317494553
0.26834731539837337
0.26835078762180126
0.2683542598452291
0.268357732068657
0.2683612042920848
0.26836467651551266
0.26836814873894055
0.2683716209623684
0.2683750931857962
0.26837856540922406
0.26838203763265195
0.2683855098560798
0.2683889820795076
0.2683924543029355
0.2683959265263634
0.26839939874979124
