0.9038197582707493
0.9038232304941773
0.903826702717605
0.903830174941033
0.9038336471644609
0.9038371193878887
0.9038405916113166
0.9038440638347444
0.9038475360581723
0.9038510082816
0.903854480505028
0.9038579527284559
0.9038614249518837
0.9038648971753116
0.9038683693987394
0.9038718416221673
0.903875313845595
0.9038787860690229
0.9038822582924507
0.9038857305158786
0.9038892027393064
0.9038926749627344
0.9038961471861623
0.9038996194095901
0.903903091633018
0.9039065638564457
0.9039100360798736
0.9039135083033014
0.9039169805267294
0.9039204527501571
0.9039239249735851
0.9039273971970128
0.9039308694204408
0.9039343416438687
0.9039378138672964
0.9039412860907243
0.9039447583141521
0.9039482305375801
0.903951702761008
0.9039551749844358
0.9039586472078637
0.9039621194312915
0.9039655916547193
0.9039690638781471
0.903972536101575
0.9039760083250028
0.9039794805484307
0.9039829527718585
0.9039864249952865
0.9039898972187144
0.9039933694421421
0.90399684166557
0.9040003138889978
0.9040037861124257
0.9040072583358535
0.9040107305592815
0.9040142027827092
0.9040176750061372
0.9040211472295651
0.9040246194529928
0.9040280916764207
0.9040315638998485
0.9040350361232764
0.9040385083467042
0.9040419805701323
0.9040454527935601
0.904048925016988
0.9040523972404158
0.9040558694638435
0.9040593416872714
0.9040628139106992
0.9040662861341271
0.9040697583575549
0.9040732305809828
0.9040767028044105
0.9040801750278387
0.9040836472512664
0.9040871194746943
0.9040905916981221
0.90409406392155
0.9040975361449778
0.9041010083684057
0.9041044805918337
0.9041079528152612
0.9041114250386894
0.9041148972621171
0.904118369485545
0.9041218417089728
0.9041253139324007
0.9041287861558285
0.9041322583792564
0.9041357306026844
0.904139202826112
0.90414267504954
0.9041461472729678
0.9041496194963957
0.9041530917198235
0.9041565639432514
0.9041600361666792
0.9041635083901071
0.9041669806135348
0.9041704528369627
0.9041739250603907
0.9041773972838185
0.9041808695072464
0.9041843417306742
0.9041878139541021
0.9041912861775299
0.9041947584009578
0.9041982306243858
0.9042017028478134
0.9042051750712414
0.9042086472946692
0.9042121195180971
0.9042155917415249
0.9042190639649528
0.9042225361883806
0.9042260084118084
0.9042294806352364
0.9042329528586641
0.9042364250820921
0.9042398973055199
0.9042433695289478
0.9042468417523756
0.9042503139758035
0.9042537861992312
0.9042572584226591
0.9042607306460871
0.9042642028695149
0.9042676750929428
0.9042711473163706
0.9042746195397985
0.9042780917632263
0.9042815639866542
0.9042850362100819
0.9042885084335098
0.9042919806569376
0.9042954528803655
0.9042989251037935
0.9043023973272213
0.9043058695506492
0.904309341774077
0.9043128139975048
0.9043162862209326
0.9043197584443605
0.9043232306677885
0.9043267028912162
0.9043301751146442
0.9043336473380721
0.9043371195614999
0.9043405917849276
0.9043440640083555
0.9043475362317833
0.9043510084552112
0.9043544806786392
0.9043579529020671
0.9043614251254949
0.9043648973489228
0.9043683695723506
0.9043718417957785
0.9043753140192062
0.9043787862426341
0.9043822584660619
0.9043857306894898
0.9043892029129176
0.9043926751363456
0.9043961473597735
0.9043996195832013
0.9044030918066291
0.9044065640300569
0.9044100362534848
0.9044135084769126
0.9044169807003406
0.9044204529237683
0.9044239251471963
0.9044273973706242
0.904430869594052
0.9044343418174798
0.9044378140409076
0.9044412862643355
0.9044447584877633
0.9044482307111913
0.9044517029346192
0.904455175158047
0.9044586473814749
0.9044621196049026
0.9044655918283305
0.9044690640517583
0.9044725362751862
0.904476008498614
0.9044794807220419
0.9044829529454697
0.9044864251688977
0.9044898973923255
0.9044933696157533
0.9044968418391812
0.904500314062609
0.9045037862860369
0.9045072585094647
0.9045107307328927
