0.6065974328463308
0.6066009050697586
0.6066043772931866
0.6066078495166144
0.6066113217400423
0.6066147939634701
0.606618266186898
0.6066217384103259
0.6066252106337536
0.6066286828571815
0.6066321550806093
0.6066356273040373
0.6066390995274651
0.606642571750893
0.6066460439743209
0.6066495161977488
0.6066529884211765
0.6066564606446043
0.6066599328680322
0.60666340509146
0.606666877314888
0.6066703495383158
0.6066738217617437
0.6066772939851716
0.6066807662085995
0.6066842384320272
0.6066877106554551
0.6066911828788829
0.6066946551023108
0.6066981273257387
0.6067015995491665
0.6067050717725944
0.6067085439960221
0.6067120162194501
0.6067154884428779
0.6067189606663058
0.6067224328897336
0.6067259051131615
0.6067293773365894
0.6067328495600172
0.606736321783445
0.6067397940068728
0.6067432662303008
0.6067467384537286
0.6067502106771565
0.6067536829005843
0.6067571551240122
0.6067606273474401
0.6067640995708679
0.6067675717942957
0.6067710440177236
0.6067745162411515
0.6067779884645793
0.6067814606880072
0.606784932911435
0.6067884051348629
0.6067918773582908
0.6067953495817187
0.6067988218051464
0.6068022940285743
0.6068057662520022
0.60680923847543
0.6068127106988579
0.6068161829222857
0.6068196551457136
0.6068231273691415
0.6068265995925693
0.6068300718159971
0.606833544039425
0.6068370162628529
0.6068404884862807
0.6068439607097086
0.6068474329331364
0.6068509051565643
0.6068543773799921
0.60685784960342
0.6068613218268478
0.6068647940502757
0.6068682662737036
0.6068717384971314
0.6068752107205593
0.6068786829439871
0.606882155167415
0.6068856273908428
0.6068890996142707
0.6068925718376985
0.6068960440611264
0.6068995162845543
0.6069029885079821
0.60690646073141
0.6069099329548377
0.6069134051782656
0.6069168774016935
0.6069203496251214
0.6069238218485492
0.6069272940719772
0.606930766295405
0.6069342385188329
0.6069377107422607
0.6069411829656884
0.6069446551891163
0.6069481274125442
0.6069515996359721
0.6069550718593999
0.6069585440828278
0.6069620163062557
0.6069654885296836
0.6069689607531114
0.6069724329765392
0.606975905199967
0.6069793774233949
0.6069828496468228
0.6069863218702506
0.6069897940936785
0.6069932663171064
0.6069967385405343
0.607000210763962
0.6070036829873899
0.6070071552108177
0.6070106274342456
0.6070140996576735
0.6070175718811013
0.6070210441045293
0.6070245163279571
0.607027988551385
0.6070314607748127
0.6070349329982406
0.6070384052216684
0.6070418774450963
0.6070453496685242
0.607048821891952
0.60705229411538
0.6070557663388078
0.6070592385622356
0.6070627107856634
0.6070661830090913
0.6070696552325191
0.6070731274559471
0.6070765996793749
0.6070800719028028
0.6070835441262306
0.6070870163496584
0.6070904885730863
0.6070939607965141
0.607097433019942
0.6071009052433698
0.6071043774667978
0.6071078496902256
0.6071113219136535
0.6071147941370812
0.6071182663605091
0.607121738583937
0.6071252108073648
0.6071286830307927
0.6071321552542205
0.6071356274776485
0.6071390997010763
0.6071425719245042
0.607146044147932
0.6071495163713598
0.6071529885947877
0.6071564608182155
0.6071599330416434
0.6071634052650712
0.6071668774884992
0.607170349711927
0.6071738219353549
0.6071772941587827
0.6071807663822105
0.6071842386056384
0.6071877108290662
0.6071911830524941
0.6071946552759219
0.6071981274993499
0.6072015997227777
0.6072050719462055
0.6072085441696333
0.6072120163930613
0.6072154886164891
0.607218960839917
0.6072224330633448
0.6072259052867726
0.6072293775102006
0.6072328497336283
0.6072363219570562
0.607239794180484
0.607243266403912
0.6072467386273398
0.6072502108507677
0.6072536830741955
0.6072571552976234
0.6072606275210513
0.607264099744479
0.6072675719679069
0.6072710441913348
0.6072745164147627
0.6072779886381905
0.6072814608616184
0.6072849330850462
0.607288405308474
