0.9663197799721458
0.9663232521955738
0.9663267244190015
0.9663301966424295
0.9663336688658573
0.9663371410892851
0.9663406133127129
0.9663440855361408
0.9663475577595686
0.9663510299829965
0.9663545022064245
0.9663579744298522
0.9663614466532802
0.966364918876708
0.9663683911001358
0.9663718633235636
0.9663753355469915
0.9663788077704193
0.9663822799938472
0.9663857522172752
0.9663892244407029
0.9663926966641309
0.9663961688875585
0.9663996411109865
0.9664031133344143
0.9664065855578422
0.9664100577812702
0.9664135300046979
0.9664170022281259
0.9664204744515535
0.9664239466749815
0.9664274188984093
0.9664308911218372
0.966434363345265
0.9664378355686929
0.9664413077921209
0.9664447800155486
0.9664482522389766
0.9664517244624042
0.9664551966858322
0.9664586689092601
0.9664621411326879
0.9664656133561158
0.9664690855795436
0.9664725578029714
0.9664760300263993
0.9664795022498273
0.9664829744732549
0.9664864466966829
0.9664899189201106
0.9664933911435386
0.9664968633669665
0.9665003355903943
0.9665038078138223
0.96650728003725
0.966510752260678
0.9665142244841056
0.9665176967075336
0.9665211689309613
0.9665246411543893
0.9665281133778172
0.966531585601245
0.966535057824673
0.9665385300481006
0.9665420022715286
0.9665454744949563
0.9665489467183843
0.9665524189418122
0.96655589116524
0.9665593633886679
0.9665628356120957
0.9665663078355236
0.9665697800589513
0.9665732522823793
0.966576724505807
0.966580196729235
0.9665836689526629
0.9665871411760907
0.9665906133995186
0.9665940856229464
0.9665975578463742
0.966601030069802
0.96660450229323
0.9666079745166577
0.9666114467400857
0.9666149189635134
0.9666183911869414
0.9666218634103693
0.966625335633797
0.966628807857225
0.9666322800806527
0.9666357523040807
0.9666392245275084
0.9666426967509364
0.9666461689743643
0.9666496411977921
0.96665311342122
0.9666565856446477
0.9666600578680756
0.9666635300915034
0.9666670023149314
0.9666704745383591
0.9666739467617871
0.966677418985215
0.9666808912086428
0.9666843634320706
0.9666878356554984
0.9666913078789263
0.9666947801023541
0.9666982523257822
0.9667017245492098
0.9667051967726378
0.9667086689960654
0.9667121412194934
0.9667156134429213
0.9667190856663491
0.9667225578897772
0.9667260301132048
0.9667295023366329
0.9667329745600605
0.9667364467834886
0.9667399190069164
0.9667433912303443
0.966746863453772
0.9667503356771998
0.9667538079006277
0.9667572801240555
0.9667607523474836
0.9667642245709112
0.9667676967943393
0.966771169017767
0.9667746412411949
0.9667781134646227
0.9667815856880506
0.9667850579114784
0.9667885301349063
0.9667920023583343
0.966795474581762
0.96679894680519
0.9668024190286175
0.9668058912520456
0.9668093634754734
0.9668128356989013
0.9668163079223293
0.966819780145757
0.966823252369185
0.9668267245926127
0.9668301968160407
0.9668336690394684
0.9668371412628963
0.9668406134863241
0.966844085709752
0.9668475579331798
0.9668510301566077
0.9668545023800357
0.9668579746034633
0.9668614468268913
0.9668649190503191
0.966868391273747
0.9668718634971748
0.9668753357206027
0.9668788079440305
0.9668822801674584
0.9668857523908864
0.966889224614314
0.966892696837742
0.9668961690611697
0.9668996412845977
0.9669031135080255
0.9669065857314534
0.9669100579548814
0.966913530178309
0.9669170024017371
0.9669204746251647
0.9669239468485927
0.9669274190720205
0.9669308912954484
0.9669343635188762
0.9669378357423041
0.9669413079657321
0.9669447801891597
0.9669482524125877
0.9669517246360154
0.9669551968594434
0.9669586690828712
0.9669621413062991
0.9669656135297269
0.9669690857531548
0.9669725579765825
0.9669760302000104
0.9669795024234384
0.9669829746468661
0.9669864468702941
0.9669899190937218
0.9669933913171498
0.9669968635405776
0.9670003357640055
0.9670038079874335
0.9670072802108611
0.9670107524342891
