0.16701394687984264
0.1670174191032705
0.1670208913266984
0.16702436355012623
0.16702783577355407
0.1670313079969819
0.16703478022040977
0.16703825244383766
0.1670417246672655
0.16704519689069336
0.1670486691141212
0.16705214133754903
0.16705561356097687
0.16705908578440476
0.16706255800783265
0.16706603023126046
0.16706950245468835
0.16707297467811613
0.16707644690154402
0.16707991912497192
0.16708339134839975
0.16708686357182762
0.16709033579525545
0.16709380801868334
0.1670972802421112
0.16710075246553902
0.16710422468896688
0.16710769691239472
0.1671111691358226
0.16711464135925047
0.1671181135826783
0.1671215858061062
0.16712505802953398
0.16712853025296187
0.1671320024763897
0.1671354746998176
0.16713894692324546
0.1671424191466733
0.1671458913701012
0.16714936359352897
0.16715283581695686
0.16715630804038473
0.16715978026381256
0.16716325248724045
0.1671667247106683
0.16717019693409613
0.167173669157524
0.16717714138095183
0.16718061360437972
0.16718408582780755
0.16718755805123542
0.1671910302746633
0.1671945024980911
0.16719797472151898
0.16720144694494682
0.1672049191683747
0.16720839139180252
0.1672118636152304
0.1672153358386583
0.16721880806208608
0.16722228028551397
0.1672257525089418
0.16722922473236967
0.16723269695579757
0.1672361691792254
0.16723964140265327
0.16724311362608107
0.16724658584950894
0.16725005807293683
0.16725353029636467
0.16725700251979253
0.16726047474322037
0.16726394696664826
0.16726741919007604
0.16727089141350393
0.16727436363693182
0.16727783586035966
0.16728130808378752
0.16728478030721536
0.16728825253064325
0.16729172475407109
0.16729519697749892
0.1672986692009268
0.16730214142435462
0.16730561364778251
0.16730908587121038
0.1673125580946382
0.16731603031806605
0.1673195025414939
0.16732297476492178
0.16732644698834964
0.16732991921177748
0.16733339143520537
0.16733686365863315
0.16734033588206104
0.16734380810548888
0.16734728032891677
0.16735075255234463
0.16735422477577247
0.16735769699920036
0.16736116922262814
0.16736464144605603
0.1673681136694839
0.16737158589291173
0.16737505811633963
0.16737853033976746
0.16738200256319533
0.16738547478662322
0.167388947010051
0.1673924192334789
0.16739589145690673
0.1673993636803346
0.16740283590376248
0.16740630812719032
0.16740978035061815
0.167413252574046
0.16741672479747388
0.1674201970209017
0.16742366924432958
0.16742714146775747
0.16743061369118525
0.16743408591461315
0.16743755813804098
0.16744103036146885
0.16744450258489674
0.16744797480832457
0.16745144703175244
0.16745491925518025
0.1674583914786081
0.167461863702036
0.16746533592546384
0.1674688081488917
0.16747228037231954
0.16747575259574743
0.1674792248191752
0.1674826970426031
0.167486169266031
0.16748964148945883
0.1674931137128867
0.16749658593631453
0.16750005815974242
0.16750353038317028
0.1675070026065981
0.16751047483002596
0.1675139470534538
0.16751741927688168
0.16752089150030955
0.16752436372373739
0.16752783594716528
0.16753130817059306
0.16753478039402095
0.16753825261744884
0.16754172484087665
0.16754519706430454
0.16754866928773238
0.1675521415111602
0.16755561373458805
0.16755908595801594
0.1675625581814438
0.16756603040487164
0.16756950262829953
0.1675729748517273
0.1675764470751552
0.16757991929858307
0.1675833915220109
0.1675868637454388
0.16759033596886663
0.1675938081922945
0.1675972804157224
0.16760075263915017
0.16760422486257806
0.1676076970860059
0.16761116930943376
0.16761464153286165
0.1676181137562895
0.16762158597971738
0.16762505820314516
0.16762853042657305
0.1676320026500009
0.16763547487342875
0.16763894709685664
0.16764241932028448
0.16764589154371234
0.16764936376714015
0.16765283599056802
0.1676563082139959
0.16765978043742374
0.1676632526608516
0.16766672488427944
0.16767019710770728
0.16767366933113517
0.167677141554563
0.1676806137779909
0.1676840860014187
0.1676875582248466
0.16769103044827444
0.16769450267170227
0.16769797489513016
0.167701447118558
0.16770491934198586
