0.890625309244899
0.8906287814683269
0.8906322536917547
0.8906357259151827
0.8906391981386106
0.8906426703620384
0.8906461425854663
0.890649614808894
0.8906530870323219
0.8906565592557497
0.8906600314791776
0.8906635037026054
0.8906669759260333
0.8906704481494611
0.8906739203728891
0.890677392596317
0.8906808648197447
0.8906843370431726
0.8906878092666004
0.8906912814900283
0.8906947537134561
0.8906982259368841
0.8907016981603118
0.8907051703837398
0.8907086426071676
0.8907121148305954
0.8907155870540233
0.8907190592774511
0.890722531500879
0.8907260037243068
0.8907294759477348
0.8907329481711627
0.8907364203945904
0.8907398926180183
0.8907433648414461
0.890746837064874
0.8907503092883018
0.8907537815117297
0.8907572537351575
0.8907607259585854
0.8907641981820131
0.8907676704054411
0.890771142628869
0.8907746148522968
0.8907780870757247
0.8907815592991525
0.8907850315225804
0.8907885037460082
0.8907919759694362
0.8907954481928638
0.8907989204162918
0.8908023926397197
0.8908058648631475
0.8908093370865754
0.8908128093100032
0.8908162815334311
0.8908197537568588
0.890823225980287
0.8908266982037147
0.8908301704271425
0.8908336426505704
0.8908371148739982
0.8908405870974261
0.8908440593208539
0.8908475315442818
0.8908510037677095
0.8908544759911374
0.8908579482145652
0.8908614204379933
0.8908648926614211
0.890868364884849
0.8908718371082768
0.8908753093317046
0.8908787815551324
0.8908822537785602
0.8908857260019883
0.8908891982254159
0.890892670448844
0.8908961426722718
0.8908996148956997
0.8909030871191275
0.8909065593425554
0.8909100315659831
0.890913503789411
0.890916976012839
0.8909204482362668
0.8909239204596947
0.8909273926831225
0.8909308649065504
0.8909343371299782
0.890937809353406
0.8909412815768338
0.8909447538002617
0.8909482260236895
0.8909516982471174
0.8909551704705454
0.8909586426939732
0.8909621149174011
0.8909655871408289
0.8909690593642567
0.8909725315876845
0.8909760038111124
0.8909794760345404
0.8909829482579681
0.8909864204813961
0.8909898927048239
0.8909933649282518
0.8909968371516795
0.8910003093751074
0.8910037815985352
0.8910072538219631
0.8910107260453911
0.8910141982688188
0.8910176704922468
0.8910211427156746
0.8910246149391025
0.8910280871625302
0.8910315593859581
0.8910350316093859
0.8910385038328138
0.8910419760562418
0.8910454482796695
0.8910489205030975
0.8910523927265253
0.8910558649499531
0.8910593371733809
0.8910628093968088
0.8910662816202366
0.8910697538436645
0.8910732260670923
0.8910766982905202
0.8910801705139482
0.891083642737376
0.8910871149608038
0.8910905871842316
0.8910940594076595
0.8910975316310873
0.8911010038545152
0.8911044760779432
0.8911079483013709
0.8911114205247989
0.8911148927482266
0.8911183649716545
0.8911218371950823
0.8911253094185102
0.891128781641938
0.8911322538653659
0.8911357260887939
0.8911391983122218
0.8911426705356496
0.8911461427590774
0.8911496149825052
0.8911530872059331
0.8911565594293609
0.8911600316527887
0.8911635038762166
0.8911669760996443
0.8911704483230722
0.8911739205465002
0.8911773927699281
0.8911808649933559
0.8911843372167838
0.8911878094402116
0.8911912816636395
0.8911947538870673
0.8911982261104953
0.8912016983339229
0.8912051705573509
0.8912086427807786
0.8912121150042066
0.8912155872276345
0.8912190594510623
0.8912225316744902
0.891226003897918
0.891229476121346
0.8912329483447738
0.8912364205682016
0.8912398927916295
0.8912433650150573
0.8912468372384852
0.891250309461913
0.8912537816853409
0.8912572539087686
0.8912607261321965
0.8912641983556243
0.8912676705790523
0.8912711428024802
0.891274615025908
0.8912780872493359
0.8912815594727637
0.8912850316961916
0.8912885039196193
0.8912919761430473
0.891295448366475
0.891298920589903
0.8913023928133309
0.8913058650367587
0.8913093372601866
0.8913128094836144
0.8913162817070422
