0.8885419751881858
0.8885454474116136
0.8885489196350416
0.8885523918584695
0.8885558640818972
0.8885593363053251
0.8885628085287529
0.8885662807521808
0.8885697529756086
0.8885732251990366
0.8885766974224643
0.8885801696458923
0.8885836418693202
0.8885871140927479
0.8885905863161758
0.8885940585396036
0.8885975307630315
0.8886010029864593
0.8886044752098873
0.888607947433315
0.888611419656743
0.8886148918801708
0.8886183641035986
0.8886218363270265
0.8886253085504543
0.8886287807738822
0.88863225299731
0.8886357252207381
0.8886391974441659
0.8886426696675938
0.8886461418910215
0.8886496141144493
0.8886530863378772
0.888656558561305
0.8886600307847329
0.8886635030081607
0.8886669752315886
0.8886704474550163
0.8886739196784444
0.8886773919018722
0.8886808641253001
0.8886843363487279
0.8886878085721558
0.8886912807955836
0.8886947530190114
0.8886982252424395
0.888701697465867
0.8887051696892951
0.8887086419127229
0.8887121141361508
0.8887155863595786
0.8887190585830065
0.8887225308064343
0.8887260030298622
0.8887294752532902
0.8887329474767179
0.8887364197001458
0.8887398919235736
0.8887433641470015
0.8887468363704293
0.8887503085938572
0.888753780817285
0.8887572530407128
0.8887607252641406
0.8887641974875685
0.8887676697109965
0.8887711419344243
0.8887746141578522
0.88877808638128
0.8887815586047079
0.8887850308281356
0.8887885030515635
0.8887919752749915
0.8887954474984192
0.8887989197218472
0.888802391945275
0.8888058641687029
0.8888093363921307
0.8888128086155586
0.8888162808389863
0.8888197530624142
0.8888232252858422
0.88882669750927
0.8888301697326979
0.8888336419561257
0.8888371141795536
0.8888405864029814
0.8888440586264093
0.888847530849837
0.8888510030732649
0.8888544752966927
0.8888579475201206
0.8888614197435486
0.8888648919669764
0.8888683641904043
0.888871836413832
0.8888753086372599
0.8888787808606877
0.8888822530841156
0.8888857253075436
0.8888891975309713
0.8888926697543993
0.8888961419778271
0.888899614201255
0.8889030864246827
0.8889065586481106
0.8889100308715384
0.8889135030949663
0.8889169753183943
0.8889204475418222
0.88892391976525
0.8889273919886779
0.8889308642121057
0.8889343364355334
0.8889378086589613
0.8889412808823891
0.888944753105817
0.8889482253292448
0.8889516975526727
0.8889551697761007
0.8889586419995286
0.8889621142229563
0.8889655864463842
0.888969058669812
0.8889725308932399
0.8889760031166677
0.8889794753400957
0.8889829475635234
0.8889864197869514
0.8889898920103793
0.888993364233807
0.8889968364572349
0.8890003086806627
0.8890037809040906
0.8890072531275184
0.8890107253509464
0.889014197574374
0.8890176697978021
0.88902114202123
0.8890246142446577
0.8890280864680856
0.8890315586915134
0.8890350309149413
0.8890385031383691
0.8890419753617971
0.8890454475852247
0.8890489198086527
0.8890523920320806
0.8890558642555084
0.8890593364789363
0.8890628087023641
0.889066280925792
0.8890697531492198
0.8890732253726478
0.8890766975960754
0.8890801698195034
0.8890836420429313
0.8890871142663591
0.889090586489787
0.8890940587132148
0.8890975309366427
0.8891010031600705
0.8891044753834985
0.8891079476069261
0.8891114198303541
0.889114892053782
0.8891183642772098
0.8891218365006377
0.8891253087240655
0.8891287809474934
0.8891322531709211
0.8891357253943492
0.889139197617777
0.8891426698412048
0.8891461420646327
0.8891496142880605
0.8891530865114884
0.8891565587349162
0.8891600309583441
0.8891635031817718
0.8891669754051997
0.8891704476286275
0.8891739198520555
0.8891773920754834
0.8891808642989112
0.8891843365223391
0.8891878087457669
0.8891912809691948
0.8891947531926225
0.8891982254160506
0.8892016976394782
0.8892051698629063
0.8892086420863341
0.8892121143097619
0.8892155865331898
0.8892190587566176
0.8892225309800454
0.8892260032034732
0.8892294754269013
0.8892329476503291
