0.355208456669603
0.3552119288930308
0.3552154011164587
0.35521887333988655
0.3552223455633144
0.3552258177867422
0.3552292900101701
0.355232762233598
0.35523623445702585
0.3552397066804537
0.3552431789038816
0.3552466511273094
0.35525012335073725
0.3552535955741651
0.355257067797593
0.3552605400210208
0.3552640122444487
0.35526748446787654
0.3552709566913044
0.35527442891473227
0.35527790113816016
0.35528137336158794
0.3552848455850158
0.3552883178084436
0.35529179003187156
0.3552952622552994
0.35529873447872723
0.35530220670215507
0.35530567892558296
0.3553091511490108
0.3553126233724387
0.3553160955958665
0.35531956781929436
0.3553230400427222
0.3553265122661501
0.3553299844895779
0.35533345671300576
0.35533692893643365
0.35534040115986154
0.3553438733832894
0.3553473456067172
0.3553508178301451
0.35535429005357294
0.3553577622770008
0.3553612345004286
0.35536470672385645
0.35536817894728434
0.35537165117071223
0.35537512339414007
0.3553785956175679
0.35538206784099574
0.35538554006442363
0.35538901228785147
0.3553924845112793
0.35539595673470714
0.35539942895813503
0.35540290118156287
0.35540637340499076
0.3554098456284186
0.3554133178518465
0.3554167900752743
0.3554202622987022
0.35542373452213
0.3554272067455579
0.3554306789689857
0.3554341511924136
0.35543762341584145
0.3554410956392693
0.3554445678626971
0.35544804008612507
0.3554515123095529
0.35545498453298074
0.3554584567564086
0.3554619289798364
0.3554654012032643
0.35546887342669214
0.35547234565012
0.3554758178735478
0.3554792900969757
0.3554827623204036
0.35548623454383144
0.3554897067672593
0.35549317899068716
0.355496651214115
0.35550012343754284
0.3555035956609707
0.35550706788439856
0.3555105401078264
0.3555140123312543
0.35551748455468213
0.35552095677810996
0.35552442900153786
0.3555279012249657
0.35553137344839353
0.35553484567182136
0.3555383178952492
0.35554179011867715
0.355545262342105
0.3555487345655328
0.35555220678896066
0.35555567901238855
0.3555591512358164
0.3555626234592443
0.35556609568267206
0.35556956790609995
0.3555730401295278
0.3555765123529557
0.3555799845763835
0.35558345679981135
0.35558692902323924
0.35559040124666713
0.35559387347009497
0.3555973456935228
0.35560081791695064
0.35560429014037853
0.35560776236380637
0.3556112345872342
0.35561470681066204
0.35561817903409
0.3556216512575178
0.35562512348094566
0.3556285957043735
0.35563206792780133
0.3556355401512292
0.35563901237465706
0.3556424845980849
0.35564595682151273
0.3556494290449406
0.35565290126836846
0.35565637349179635
0.3556598457152242
0.3556633179386521
0.3556667901620799
0.35567026238550775
0.3556737346089356
0.3556772068323635
0.3556806790557913
0.3556841512792192
0.35568762350264704
0.3556910957260749
0.3556945679495027
0.35569804017293066
0.3557015123963585
0.35570498461978634
0.3557084568432141
0.35571192906664195
0.3557154012900699
0.35571887351349774
0.35572234573692557
0.3557258179603534
0.3557292901837813
0.3557327624072092
0.355736234630637
0.35573970685406486
0.3557431790774927
0.3557466513009206
0.3557501235243484
0.35575359574777626
0.35575706797120416
0.355760540194632
0.3557640124180599
0.3557674846414877
0.35577095686491556
0.35577442908834345
0.3557779013117713
0.3557813735351991
0.35578484575862696
0.3557883179820548
0.35579179020548274
0.3557952624289106
0.3557987346523384
0.35580220687576625
0.35580567909919414
0.355809151322622
0.3558126235460498
0.35581609576947765
0.35581956799290554
0.3558230402163334
0.35582651243976127
0.3558299846631891
0.35583345688661694
0.35583692911004483
0.3558404013334727
0.35584387355690056
0.3558473457803284
0.35585081800375623
0.3558542902271841
0.35585776245061196
0.3558612346740398
0.35586470689746763
0.3558681791208956
0.3558716513443234
0.35587512356775125
0.3558785957911791
0.3558820680146069
0.35588554023803476
0.35588901246146265
0.3558924846848905
0.3558959569083183
0.3558994291317462
