0.41909736774214157
0.4191008399655694
0.41910431218899724
0.41910778441242513
0.41911125663585297
0.41911472885928086
0.4191182010827087
0.4191216733061366
0.4191251455295644
0.41912861775299226
0.41913208997642015
0.419135562199848
0.4191390344232758
0.41914250664670366
0.4191459788701315
0.4191494510935594
0.4191529233169873
0.4191563955404151
0.41915986776384295
0.41916333998727084
0.4191668122106987
0.4191702844341265
0.41917375665755435
0.4191772288809822
0.4191807011044101
0.419184173327838
0.4191876455512658
0.41919111777469364
0.41919458999812154
0.4191980622215494
0.41920153444497726
0.4192050066684051
0.41920847889183294
0.4192119511152608
0.41921542333868866
0.4192188955621165
0.41922236778554434
0.41922584000897223
0.41922931223240006
0.41923278445582796
0.4192362566792558
0.41923972890268363
0.41924320112611146
0.41924667334953936
0.4192501455729672
0.41925361779639503
0.4192570900198229
0.41926056224325076
0.41926403446667865
0.4192675066901065
0.4192709789135343
0.4192744511369622
0.41927792336039005
0.4192813955838179
0.4192848678072457
0.4192883400306736
0.41929181225410145
0.41929528447752934
0.4192987567009572
0.419302228924385
0.4193057011478129
0.41930917337124074
0.4193126455946686
0.4193161178180964
0.4193195900415243
0.41932306226495214
0.41932653448838003
0.41933000671180787
0.41933347893523576
0.4193369511586636
0.4193404233820915
0.4193438956055193
0.41934736782894716
0.419350840052375
0.41935431227580283
0.4193577844992307
0.41936125672265856
0.41936472894608645
0.4193682011695143
0.4193716733929422
0.41937514561637
0.41937861783979785
0.4193820900632257
0.4193855622866535
0.4193890345100814
0.41939250673350925
0.4193959789569371
0.419399451180365
0.41940292340379287
0.4194063956272207
0.41940986785064854
0.41941334007407644
0.41941681229750427
0.4194202845209321
0.41942375674435994
0.4194272289677878
0.4194307011912157
0.41943417341464356
0.4194376456380714
0.41944111786149924
0.41944459008492707
0.4194480623083549
0.4194515345317828
0.41945500675521064
0.41945847897863847
0.4194619512020664
0.41946542342549425
0.4194688956489221
0.4194723678723499
0.41947584009577776
0.4194793123192057
0.41948278454263355
0.4194862567660614
0.4194897289894892
0.4194932012129171
0.41949667343634495
0.4195001456597728
0.4195036178832006
0.41950709010662846
0.4195105623300564
0.41951403455348424
0.4195175067769121
0.4195209790003399
0.4195244512237678
0.41952792344719564
0.4195313956706235
0.4195348678940513
0.41953834011747915
0.4195418123409071
0.41954528456433493
0.41954875678776277
0.4195522290111906
0.4195557012346185
0.41955917345804633
0.41956264568147417
0.419566117904902
0.41956959012832984
0.4195730623517577
0.4195765345751856
0.41958000679861346
0.4195834790220413
0.41958695124546924
0.419590423468897
0.41959389569232486
0.4195973679157527
0.41960084013918053
0.4196043123626085
0.4196077845860363
0.41961125680946415
0.419614729032892
0.41961820125631993
0.41962167347974777
0.4196251457031756
0.41962861792660344
0.4196320901500313
0.41963556237345917
0.419639034596887
0.41964250682031484
0.4196459790437427
0.4196494512671706
0.41965292349059846
0.4196563957140263
0.41965986793745413
0.41966334016088197
0.41966681238430986
0.4196702846077377
0.41967375683116553
0.41967722905459337
0.4196807012780213
0.41968417350144915
0.419687645724877
0.4196911179483048
0.41969459017173266
0.4196980623951605
0.4197015346185884
0.4197050068420162
0.41970847906544406
0.419711951288872
0.41971542351229985
0.4197188957357277
0.4197223679591555
0.41972584018258335
0.4197293124060113
0.4197327846294391
0.4197362568528669
0.41973972907629475
0.4197432012997227
0.41974667352315054
0.4197501457465784
0.4197536179700062
0.41975709019343405
0.419760562416862
0.41976403464028983
0.41976750686371767
0.4197709790871455
0.4197744513105734
0.41977792353400123
0.41978139575742907
0.4197848679808569
0.41978834020428474
