0.16354172345198728
0.16354519567541517
0.16354866789884295
0.16355214012227084
0.1635556123456987
0.16355908456912654
0.16356255679255444
0.16356602901598227
0.16356950123941016
0.16357297346283795
0.16357644568626584
0.1635799179096937
0.16358339013312154
0.16358686235654943
0.16359033457997726
0.16359380680340513
0.16359727902683302
0.1636007512502608
0.1636042234736887
0.16360769569711653
0.1636111679205444
0.16361464014397228
0.16361811236740012
0.163621584590828
0.1636250568142558
0.16362852903768366
0.16363200126111155
0.16363547348453938
0.16363894570796728
0.1636424179313951
0.16364589015482295
0.16364936237825078
0.16365283460167865
0.16365630682510654
0.16365977904853438
0.16366325127196224
0.16366672349539005
0.1636701957188179
0.1636736679422458
0.16367714016567364
0.1636806123891015
0.16368408461252934
0.16368755683595723
0.16369102905938512
0.1636945012828129
0.16369797350624077
0.1637014457296686
0.1637049179530965
0.1637083901765244
0.16371186239995222
0.1637153346233801
0.1637188068468079
0.16372227907023576
0.1637257512936636
0.1637292235170915
0.16373269574051935
0.1637361679639472
0.16373964018737508
0.16374311241080286
0.16374658463423075
0.16375005685765862
0.16375352908108645
0.16375700130451434
0.16376047352794218
0.16376394575137002
0.1637674179747979
0.16377089019822572
0.1637743624216536
0.16377783464508144
0.16378130686850934
0.16378477909193717
0.163788251315365
0.16379172353879287
0.1637951957622207
0.1637986679856486
0.16380214020907644
0.1638056124325043
0.1638090846559322
0.16381255687935997
0.16381602910278786
0.1638195013262157
0.16382297354964356
0.16382644577307146
0.1638299179964993
0.16383339021992718
0.16383686244335496
0.16384033466678283
0.16384380689021072
0.16384727911363856
0.16385075133706645
0.16385422356049428
0.16385769578392215
0.16386116800734996
0.16386464023077782
0.1638681124542057
0.16387158467763355
0.1638750569010614
0.16387852912448925
0.16388200134791714
0.16388547357134498
0.1638889457947728
0.16389241801820068
0.1638958902416285
0.1638993624650564
0.1639028346884843
0.16390630691191208
0.16390977913533997
0.16391325135876778
0.16391672358219567
0.16392019580562356
0.1639236680290514
0.16392714025247926
0.16393061247590707
0.16393408469933493
0.16393755692276277
0.16394102914619066
0.16394450136961852
0.16394797359304636
0.16395144581647425
0.16395491803990203
0.16395839026332992
0.1639618624867578
0.16396533471018562
0.16396880693361351
0.16397227915704135
0.16397575138046924
0.1639792236038971
0.1639826958273249
0.16398616805075278
0.16398964027418061
0.1639931124976085
0.16399658472103634
0.1640000569444642
0.16400352916789204
0.16400700139131988
0.16401047361474777
0.1640139458381756
0.16401741806160347
0.16402089028503136
0.1640243625084592
0.16402783473188703
0.16403130695531487
0.16403477917874273
0.16403825140217063
0.16404172362559846
0.16404519584902635
0.16404866807245413
0.16405214029588203
0.1640556125193099
0.16405908474273773
0.16406255696616562
0.16406602918959345
0.16406950141302132
0.16407297363644913
0.164076445859877
0.16407991808330488
0.16408339030673272
0.16408686253016058
0.16409033475358842
0.1640938069770163
0.1640972792004442
0.16410075142387198
0.16410422364729985
0.16410769587072768
0.16411116809415557
0.16411464031758347
0.1641181125410113
0.16412158476443917
0.16412505698786695
0.16412852921129484
0.16413200143472273
0.16413547365815057
0.16413894588157843
0.16414241810500627
0.1641458903284341
0.16414936255186194
0.16415283477528983
0.1641563069987177
0.16415977922214553
0.16416325144557342
0.1641667236690012
0.1641701958924291
0.16417366811585696
0.1641771403392848
0.16418061256271269
0.16418408478614052
0.1641875570095684
0.16419102923299628
0.16419450145642409
0.16419797367985195
0.16420144590327979
0.16420491812670768
0.1642083903501355
0.16421186257356338
0.16421533479699127
0.16421880702041905
0.16422227924384694
0.16422575146727478
0.16422922369070264
0.16423269591413053
