0.5024307300106702
0.502434202234098
0.5024376744575259
0.5024411466809536
0.5024446189043815
0.5024480911278094
0.5024515633512373
0.5024550355746651
0.502458507798093
0.5024619800215209
0.5024654522449487
0.5024689244683765
0.5024723966918043
0.5024758689152322
0.5024793411386601
0.502482813362088
0.5024862855855158
0.5024897578089437
0.5024932300323716
0.5024967022557995
0.5025001744792272
0.5025036467026551
0.5025071189260829
0.5025105911495108
0.5025140633729387
0.5025175355963665
0.5025210078197944
0.5025244800432223
0.5025279522666501
0.5025314244900779
0.5025348967135058
0.5025383689369336
0.5025418411603615
0.5025453133837894
0.5025487856072172
0.502552257830645
0.502555730054073
0.5025592022775008
0.5025626745009286
0.5025661467243565
0.5025696189477843
0.5025730911712122
0.5025765633946401
0.5025800356180679
0.5025835078414957
0.5025869800649236
0.5025904522883515
0.5025939245117793
0.5025973967352072
0.502600868958635
0.502604341182063
0.5026078134054908
0.5026112856289185
0.5026147578523464
0.5026182300757743
0.5026217022992022
0.50262517452263
0.5026286467460579
0.5026321189694857
0.5026355911929137
0.5026390634163415
0.5026425356397694
0.5026460078631971
0.502649480086625
0.5026529523100529
0.5026564245334807
0.5026598967569086
0.5026633689803364
0.5026668412037644
0.5026703134271922
0.50267378565062
0.5026772578740478
0.5026807300974757
0.5026842023209036
0.5026876745443314
0.5026911467677593
0.5026946189911871
0.5026980912146151
0.5027015634380428
0.5027050356614707
0.5027085078848985
0.5027119801083264
0.5027154523317543
0.5027189245551821
0.50272239677861
0.5027258690020378
0.5027293412254658
0.5027328134488935
0.5027362856723214
0.5027397578957492
0.5027432301191772
0.502746702342605
0.5027501745660328
0.5027536467894607
0.5027571190128884
0.5027605912363164
0.5027640634597442
0.5027675356831721
0.5027710079065999
0.5027744801300279
0.5027779523534557
0.5027814245768836
0.5027848968003114
0.5027883690237392
0.5027918412471671
0.5027953134705949
0.5027987856940228
0.5028022579174506
0.5028057301408786
0.5028092023643064
0.5028126745877343
0.502816146811162
0.5028196190345899
0.5028230912580178
0.5028265634814456
0.5028300357048735
0.5028335079283013
0.5028369801517293
0.5028404523751571
0.502843924598585
0.5028473968220127
0.5028508690454406
0.5028543412688685
0.5028578134922963
0.5028612857157242
0.502864757939152
0.50286823016258
0.5028717023860078
0.5028751746094356
0.5028786468328634
0.5028821190562913
0.5028855912797192
0.5028890635031471
0.5028925357265749
0.5028960079500027
0.5028994801734307
0.5029029523968584
0.5029064246202863
0.5029098968437141
0.502913369067142
0.5029168412905699
0.5029203135139978
0.5029237857374256
0.5029272579608535
0.5029307301842814
0.5029342024077091
0.502937674631137
0.5029411468545648
0.5029446190779927
0.5029480913014206
0.5029515635248485
0.5029550357482763
0.5029585079717042
0.502961980195132
0.5029654524185598
0.5029689246419877
0.5029723968654155
0.5029758690888434
0.5029793413122713
0.5029828135356992
0.502986285759127
0.5029897579825549
0.5029932302059827
0.5029967024294105
0.5030001746528384
0.5030036468762662
0.5030071190996941
0.503010591323122
0.5030140635465499
0.5030175357699777
0.5030210079934055
0.5030244802168334
0.5030279524402613
0.5030314246636891
0.5030348968871169
0.5030383691105448
0.5030418413339727
0.5030453135574006
0.5030487857808283
0.5030522580042562
0.5030557302276841
0.503059202451112
0.5030626746745398
0.5030661468979677
0.5030696191213955
0.5030730913448234
0.5030765635682513
0.503080035791679
0.5030835080151069
0.5030869802385348
0.5030904524619627
0.5030939246853905
0.5030973969088184
0.5031008691322462
0.5031043413556741
0.503107813579102
0.5031112858025297
0.5031147580259576
0.5031182302493855
0.5031217024728134
