0.11284726140529908
0.11285073362872691
0.11285420585215479
0.11285767807558267
0.1128611502990105
0.11286462252243834
0.11286809474586618
0.11287156696929405
0.11287503919272195
0.11287851141614977
0.11288198363957766
0.11288545586300544
0.11288892808643332
0.11289240030986121
0.11289587253328905
0.11289934475671692
0.11290281698014476
0.11290628920357264
0.11290976142700052
0.11291323365042831
0.11291670587385619
0.11292017809728402
0.1129236503207119
0.11292712254413974
0.11293059476756762
0.11293406699099551
0.11293753921442329
0.11294101143785117
0.112944483661279
0.11294795588470688
0.11295142810813477
0.11295490033156261
0.11295837255499049
0.11296184477841827
0.11296531700184616
0.11296878922527404
0.11297226144870187
0.11297573367212975
0.11297920589555759
0.11298267811898542
0.11298615034241326
0.11298962256584114
0.11299309478926901
0.11299656701269685
0.11300003923612473
0.11300351145955256
0.1130069836829804
0.11301045590640828
0.11301392812983611
0.113017400353264
0.11302087257669183
0.11302434480011972
0.1130278170235476
0.11303128924697538
0.11303476147040327
0.1130382336938311
0.11304170591725898
0.11304517814068686
0.1130486503641147
0.11305212258754258
0.11305559481097037
0.11305906703439825
0.11306253925782608
0.11306601148125396
0.11306948370468184
0.11307295592810968
0.11307642815153757
0.11307990037496535
0.11308337259839323
0.11308684482182112
0.11309031704524894
0.11309378926867683
0.11309726149210467
0.11310073371553254
0.11310420593896038
0.11310767816238822
0.1131111503858161
0.11311462260924393
0.11311809483267181
0.11312156705609969
0.11312503927952748
0.11312851150295536
0.1131319837263832
0.11313545594981107
0.11313892817323891
0.11314240039666679
0.11314587262009468
0.11314934484352246
0.11315281706695034
0.11315628929037817
0.11315976151380606
0.11316323373723394
0.11316670596066178
0.11317017818408966
0.11317365040751744
0.11317712263094533
0.1131805948543732
0.11318406707780104
0.11318753930122892
0.11319101152465676
0.11319448374808463
0.11319795597151251
0.1132014281949403
0.11320490041836818
0.11320837264179602
0.1132118448652239
0.11321531708865173
0.11321878931207963
0.11322226153550745
0.11322573375893528
0.11322920598236318
0.113232678205791
0.11323615042921889
0.11323962265264677
0.1132430948760746
0.11324656709950244
0.11325003932293028
0.11325351154635815
0.11325698376978603
0.11326045599321387
0.11326392821664175
0.11326740044006954
0.11327087266349742
0.11327434488692525
0.11327781711035313
0.11328128933378101
0.11328476155720885
0.11328823378063674
0.11329170600406452
0.1132951782274924
0.11329865045092029
0.11330212267434812
0.113305594897776
0.11330906712120384
0.11331253934463172
0.1133160115680596
0.11331948379148739
0.11332295601491527
0.1133264282383431
0.11332990046177098
0.11333337268519886
0.1133368449086267
0.11334031713205457
0.11334378935548237
0.11334726157891024
0.11335073380233808
0.11335420602576596
0.11335767824919385
0.11336115047262169
0.11336462269604951
0.11336809491947734
0.11337156714290524
0.11337503936633311
0.11337851158976095
0.11338198381318883
0.11338545603661661
0.1133889282600445
0.11339240048347238
0.11339587270690021
0.11339934493032809
0.11340281715375593
0.1134062893771838
0.1134097616006117
0.11341323382403948
0.11341670604746736
0.11342017827089519
0.11342365049432307
0.1134271227177509
0.1134305949411788
0.11343406716460668
0.11343753938803446
0.11344101161146235
0.11344448383489018
0.11344795605831806
0.11345142828174594
0.11345490050517378
0.11345837272860165
0.11346184495202945
0.11346531717545733
0.1134687893988852
0.11347226162231304
0.11347573384574092
0.11347920606916875
0.11348267829259663
0.11348615051602443
0.1134896227394523
0.11349309496288018
0.11349656718630802
0.11350003940973591
0.11350351163316375
0.11350698385659157
0.11351045608001946
0.1135139283034473
0.11351740052687517
0.11352087275030301
0.11352434497373089
0.11352781719715876
0.11353128942058656
0.11353476164401444
0.11353823386744227
