0.8621530771364851
0.8621565493599129
0.8621600215833408
0.8621634938067686
0.8621669660301966
0.8621704382536243
0.8621739104770523
0.8621773827004802
0.862180854923908
0.8621843271473358
0.8621877993707636
0.8621912715941915
0.8621947438176193
0.8621982160410473
0.862201688264475
0.862205160487903
0.8622086327113309
0.8622121049347586
0.8622155771581865
0.8622190493816143
0.8622225216050422
0.86222599382847
0.8622294660518979
0.8622329382753257
0.8622364104987537
0.8622398827221815
0.8622433549456093
0.8622468271690372
0.862250299392465
0.8622537716158929
0.8622572438393207
0.8622607160627488
0.8622641882861763
0.8622676605096045
0.8622711327330322
0.86227460495646
0.8622780771798879
0.8622815494033157
0.8622850216267436
0.8622884938501714
0.8622919660735995
0.8622954382970273
0.8622989105204552
0.8623023827438829
0.8623058549673108
0.8623093271907386
0.8623127994141665
0.8623162716375943
0.8623197438610222
0.86232321608445
0.8623266883078777
0.8623301605313058
0.8623336327547336
0.8623371049781615
0.8623405772015893
0.8623440494250172
0.862347521648445
0.8623509938718729
0.8623544660953009
0.8623579383187285
0.8623614105421565
0.8623648827655842
0.8623683549890122
0.86237182721244
0.8623752994358679
0.8623787716592957
0.8623822438827236
0.8623857161061516
0.8623891883295793
0.8623926605530072
0.862396132776435
0.8623996049998629
0.8624030772232907
0.8624065494467186
0.8624100216701464
0.8624134938935742
0.862416966117002
0.8624204383404299
0.8624239105638579
0.8624273827872857
0.8624308550107136
0.8624343272341414
0.8624377994575693
0.862441271680997
0.8624447439044249
0.8624482161278529
0.8624516883512806
0.8624551605747086
0.8624586327981364
0.8624621050215643
0.8624655772449921
0.86246904946842
0.8624725216918477
0.8624759939152756
0.8624794661387036
0.8624829383621314
0.8624864105855593
0.8624898828089871
0.862493355032415
0.8624968272558428
0.8625002994792706
0.8625037717026984
0.8625072439261263
0.8625107161495541
0.862514188372982
0.86251766059641
0.8625211328198378
0.8625246050432657
0.8625280772666934
0.8625315494901213
0.8625350217135491
0.862538493936977
0.862541966160405
0.8625454383838327
0.8625489106072607
0.8625523828306886
0.8625558550541164
0.8625593272775441
0.862562799500972
0.8625662717243998
0.8625697439478277
0.8625732161712557
0.8625766883946834
0.8625801606181114
0.8625836328415393
0.862587105064967
0.8625905772883949
0.8625940495118227
0.8625975217352506
0.8626009939586784
0.8626044661821063
0.8626079384055341
0.8626114106289621
0.86261488285239
0.8626183550758177
0.8626218272992456
0.8626252995226734
0.8626287717461013
0.8626322439695291
0.8626357161929571
0.8626391884163848
0.8626426606398128
0.8626461328632407
0.8626496050866684
0.8626530773100963
0.8626565495335241
0.862660021756952
0.8626634939803798
0.8626669662038078
0.8626704384272355
0.8626739106506635
0.8626773828740913
0.8626808550975191
0.862684327320947
0.8626877995443748
0.8626912717678027
0.8626947439912305
0.8626982162146585
0.8627016884380861
0.8627051606615141
0.862708632884942
0.8627121051083698
0.8627155773317977
0.8627190495552255
0.8627225217786534
0.8627259940020812
0.8627294662255091
0.8627329384489368
0.8627364106723648
0.8627398828957927
0.8627433551192205
0.8627468273426484
0.8627502995660762
0.8627537717895041
0.8627572440129319
0.8627607162363599
0.8627641884597875
0.8627676606832155
0.8627711329066434
0.8627746051300712
0.8627780773534991
0.8627815495769269
0.8627850218003548
0.8627884940237825
0.8627919662472107
0.8627954384706384
0.8627989106940662
0.8628023829174941
0.8628058551409219
0.8628093273643498
0.8628127995877776
0.8628162718112055
0.8628197440346332
0.8628232162580611
0.8628266884814889
0.862830160704917
0.8628336329283448
0.8628371051517727
0.8628405773752005
0.8628440495986283
