0.6913196844860015
0.6913231567094295
0.6913266289328572
0.6913301011562851
0.691333573379713
0.6913370456031409
0.6913405178265687
0.6913439900499966
0.6913474622734244
0.6913509344968523
0.6913544067202801
0.6913578789437079
0.6913613511671358
0.6913648233905637
0.6913682956139916
0.6913717678374194
0.6913752400608473
0.691378712284275
0.691382184507703
0.6913856567311308
0.6913891289545586
0.6913926011779865
0.6913960734014144
0.6913995456248423
0.6914030178482701
0.691406490071698
0.6914099622951257
0.6914134345185536
0.6914169067419815
0.6914203789654093
0.6914238511888372
0.691427323412265
0.691430795635693
0.6914342678591208
0.6914377400825487
0.6914412123059764
0.6914446845294043
0.6914481567528321
0.69145162897626
0.6914551011996879
0.6914585734231158
0.6914620456465437
0.6914655178699715
0.6914689900933993
0.6914724623168271
0.691475934540255
0.6914794067636829
0.6914828789871108
0.6914863512105386
0.6914898234339665
0.6914932956573944
0.6914967678808221
0.69150024010425
0.6915037123276778
0.6915071845511058
0.6915106567745336
0.6915141289979615
0.6915176012213893
0.6915210734448172
0.6915245456682451
0.6915280178916728
0.6915314901151007
0.6915349623385285
0.6915384345619564
0.6915419067853843
0.6915453790088122
0.69154885123224
0.6915523234556679
0.6915557956790958
0.6915592679025235
0.6915627401259514
0.6915662123493792
0.6915696845728071
0.691573156796235
0.6915766290196629
0.6915801012430907
0.6915835734665187
0.6915870456899464
0.6915905179133743
0.6915939901368021
0.6915974623602299
0.6916009345836578
0.6916044068070857
0.6916078790305136
0.6916113512539414
0.6916148234773694
0.6916182957007971
0.691621767924225
0.6916252401476528
0.6916287123710807
0.6916321845945085
0.6916356568179364
0.6916391290413643
0.691642601264792
0.69164607348822
0.6916495457116478
0.6916530179350757
0.6916564901585035
0.6916599623819314
0.6916634346053593
0.6916669068287871
0.691670379052215
0.6916738512756427
0.6916773234990706
0.6916807957224985
0.6916842679459264
0.6916877401693542
0.6916912123927821
0.6916946846162099
0.6916981568396378
0.6917016290630656
0.6917051012864934
0.6917085735099214
0.6917120457333492
0.6917155179567771
0.6917189901802049
0.6917224624036328
0.6917259346270606
0.6917294068504886
0.6917328790739163
0.6917363512973441
0.6917398235207721
0.6917432957441999
0.6917467679676278
0.6917502401910556
0.6917537124144835
0.6917571846379114
0.6917606568613393
0.691764129084767
0.6917676013081949
0.6917710735316227
0.6917745457550506
0.6917780179784785
0.6917814902019063
0.6917849624253342
0.6917884346487619
0.6917919068721899
0.6917953790956177
0.6917988513190456
0.6918023235424735
0.6918057957659013
0.6918092679893292
0.691812740212757
0.6918162124361849
0.6918196846596126
0.6918231568830406
0.6918266291064684
0.6918301013298963
0.6918335735533242
0.691837045776752
0.6918405180001799
0.6918439902236077
0.6918474624470355
0.6918509346704633
0.6918544068938913
0.6918578791173191
0.691861351340747
0.6918648235641749
0.6918682957876028
0.6918717680110306
0.6918752402344585
0.6918787124578862
0.691882184681314
0.691885656904742
0.6918891291281698
0.6918926013515977
0.6918960735750256
0.6918995457984535
0.6919030180218813
0.6919064902453091
0.6919099624687369
0.6919134346921648
0.6919169069155927
0.6919203791390205
0.6919238513624484
0.6919273235858762
0.6919307958093042
0.691934268032732
0.6919377402561598
0.6919412124795876
0.6919446847030155
0.6919481569264433
0.6919516291498712
0.6919551013732991
0.691958573596727
0.6919620458201549
0.6919655180435826
0.6919689902670105
0.6919724624904383
0.6919759347138662
0.6919794069372941
0.6919828791607219
0.6919863513841498
0.6919898236075777
0.6919932958310056
0.6919967680544333
0.6920002402778612
0.692003712501289
0.692007184724717
0.6920106569481448
