0.42187514648442587
0.4218786187078537
0.42188209093128154
0.42188556315470943
0.42188903537813727
0.4218925076015651
0.42189597982499294
0.4218994520484209
0.4219029242718487
0.42190639649527656
0.4219098687187044
0.42191334094213223
0.4219168131655601
0.42192028538898796
0.4219237576124158
0.42192722983584363
0.4219307020592716
0.4219341742826994
0.42193764650612725
0.4219411187295551
0.4219445909529829
0.42194806317641087
0.4219515353998387
0.42195500762326654
0.4219584798466944
0.42196195207012227
0.4219654242935501
0.42196889651697794
0.4219723687404058
0.4219758409638336
0.42197931318726156
0.4219827854106894
0.42198625763411723
0.42198972985754507
0.42199320208097296
0.4219966743044008
0.42200014652782863
0.42200361875125647
0.4220070909746843
0.42201056319811225
0.4220140354215401
0.4220175076449679
0.42202097986839576
0.42202445209182365
0.4220279243152515
0.4220313965386793
0.42203486876210716
0.422038340985535
0.42204181320896295
0.4220452854323908
0.4220487576558186
0.42205222987924645
0.4220557021026744
0.4220591743261022
0.42206264654953
0.42206611877295785
0.4220695909963857
0.42207306321981364
0.4220765354432415
0.4220800076666693
0.42208347989009715
0.4220869521135251
0.42209042433695293
0.42209389656038077
0.4220973687838086
0.42210084100723644
0.42210431323066433
0.42210778545409217
0.42211125767752
0.42211472990094784
0.4221182021243758
0.4221216743478036
0.42212514657123146
0.4221286187946593
0.42213209101808713
0.422135563241515
0.42213903546494286
0.4221425076883707
0.42214597991179853
0.4221494521352265
0.4221529243586543
0.42215639658208215
0.42215986880551
0.4221633410289378
0.4221668132523657
0.42217028547579355
0.4221737576992214
0.4221772299226492
0.42218070214607717
0.422184174369505
0.42218764659293284
0.4221911188163607
0.4221945910397885
0.4221980632632164
0.42220153548664424
0.4222050077100721
0.4222084799334999
0.42221195215692786
0.4222154243803557
0.42221889660378353
0.42222236882721137
0.4222258410506392
0.42222931327406715
0.422232785497495
0.4222362577209228
0.42223972994435066
0.42224320216777855
0.4222466743912064
0.4222501466146342
0.42225361883806206
0.4222570910614899
0.42226056328491784
0.4222640355083457
0.4222675077317735
0.42227097995520135
0.42227445217862924
0.4222779244020571
0.4222813966254849
0.42228486884891275
0.4222883410723406
0.42229181329576854
0.4222952855191964
0.4222987577426242
0.42230222996605205
0.42230570218947994
0.4223091744129078
0.4223126466363356
0.42231611885976345
0.4223195910831913
0.42232306330661923
0.42232653553004706
0.4223300077534749
0.42233347997690274
0.4223369522003307
0.42234042442375846
0.4223438966471863
0.42234736887061414
0.422350841094042
0.4223543133174699
0.42235778554089776
0.4223612577643256
0.42236472998775343
0.4223682022111814
0.4223716744346092
0.42237514665803705
0.4223786188814649
0.4223820911048927
0.4223855633283206
0.42238903555174845
0.4223925077751763
0.4223959799986041
0.42239945222203207
0.4224029244454599
0.42240639666888774
0.4224098688923156
0.4224133411157434
0.4224168133391713
0.42242028556259914
0.422423757786027
0.4224272300094548
0.42243070223288276
0.4224341744563106
0.42243764667973843
0.42244111890316627
0.4224445911265941
0.422448063350022
0.42245153557344983
0.42245500779687767
0.4224584800203055
0.42246195224373345
0.4224654244671613
0.4224688966905891
0.42247236891401696
0.4224758411374448
0.42247931336087274
0.4224827855843005
0.42248625780772836
0.4224897300311562
0.42249320225458414
0.422496674478012
0.4225001467014398
0.42250361892486765
0.4225070911482955
0.42251056337172344
0.42251403559515127
0.4225175078185791
0.42252098004200694
0.42252445226543484
0.42252792448886267
0.4225313967122905
0.42253486893571834
0.4225383411591462
0.4225418133825741
0.42254528560600196
0.4225487578294298
0.42255223005285764
0.4225557022762855
0.42255917449971336
0.4225626467231412
0.42256611894656904
