0.734375254991408
0.7343787272148358
0.7343821994382637
0.7343856716616916
0.7343891438851194
0.7343926161085472
0.7343960883319751
0.734399560555403
0.7344030327788308
0.7344065050022587
0.7344099772256865
0.7344134494491144
0.7344169216725422
0.7344203938959701
0.734423866119398
0.7344273383428258
0.7344308105662537
0.7344342827896815
0.7344377550131094
0.7344412272365372
0.734444699459965
0.7344481716833928
0.7344516439068208
0.7344551161302487
0.7344585883536766
0.7344620605771044
0.7344655328005322
0.7344690050239601
0.7344724772473878
0.7344759494708157
0.7344794216942436
0.7344828939176715
0.7344863661410993
0.7344898383645273
0.7344933105879551
0.734496782811383
0.7345002550348108
0.7345037272582386
0.7345071994816664
0.7345106717050943
0.7345141439285222
0.7345176161519501
0.734521088375378
0.7345245605988058
0.7345280328222337
0.7345315050456614
0.7345349772690893
0.7345384494925171
0.734541921715945
0.7345453939393729
0.7345488661628007
0.7345523383862287
0.7345558106096565
0.7345592828330844
0.7345627550565121
0.73456622727994
0.7345696995033678
0.7345731717267957
0.7345766439502236
0.7345801161736514
0.7345835883970794
0.7345870606205072
0.734590532843935
0.7345940050673628
0.7345974772907907
0.7346009495142185
0.7346044217376464
0.7346078939610743
0.7346113661845022
0.7346148384079301
0.7346183106313579
0.7346217828547857
0.7346252550782135
0.7346287273016414
0.7346321995250692
0.7346356717484972
0.734639143971925
0.7346426161953529
0.7346460884187808
0.7346495606422085
0.7346530328656364
0.7346565050890642
0.7346599773124921
0.7346634495359199
0.7346669217593479
0.7346703939827757
0.7346738662062036
0.7346773384296315
0.7346808106530592
0.7346842828764871
0.7346877550999149
0.7346912273233428
0.7346946995467706
0.7346981717701985
0.7347016439936264
0.7347051162170543
0.7347085884404821
0.7347120606639099
0.7347155328873378
0.7347190051107656
0.7347224773341935
0.7347259495576213
0.7347294217810493
0.734732894004477
0.734736366227905
0.7347398384513328
0.7347433106747607
0.7347467828981885
0.7347502551216163
0.7347537273450442
0.734757199568472
0.7347606717918999
0.7347641440153277
0.7347676162387557
0.7347710884621835
0.7347745606856114
0.7347780329090392
0.7347815051324671
0.7347849773558949
0.7347884495793228
0.7347919218027507
0.7347953940261784
0.7347988662496063
0.7348023384730342
0.7348058106964621
0.7348092829198899
0.7348127551433178
0.7348162273667456
0.7348196995901735
0.7348231718136014
0.7348266440370291
0.734830116260457
0.7348335884838849
0.7348370607073128
0.7348405329307406
0.7348440051541685
0.7348474773775963
0.7348509496010242
0.7348544218244519
0.7348578940478798
0.7348613662713078
0.7348648384947356
0.7348683107181635
0.7348717829415913
0.7348752551650192
0.734878727388447
0.7348821996118748
0.7348856718353027
0.7348891440587306
0.7348926162821584
0.7348960885055863
0.7348995607290142
0.734903032952442
0.7349065051758699
0.7349099773992976
0.7349134496227255
0.7349169218461534
0.7349203940695813
0.7349238662930092
0.734927338516437
0.7349308107398649
0.7349342829632927
0.7349377551867206
0.7349412274101483
0.7349446996335762
0.734948171857004
0.734951644080432
0.7349551163038599
0.7349585885272877
0.7349620607507156
0.7349655329741434
0.7349690051975712
0.734972477420999
0.7349759496444269
0.7349794218678548
0.7349828940912827
0.7349863663147105
0.7349898385381384
0.7349933107615663
0.734996782984994
0.7350002552084219
0.7350037274318497
0.7350071996552776
0.7350106718787054
0.7350141441021334
0.7350176163255613
0.7350210885489892
0.735024560772417
0.7350280329958448
0.7350315052192726
0.7350349774427004
0.7350384496661283
0.7350419218895562
0.7350453941129841
0.7350488663364119
0.7350523385598399
0.7350558107832676
0.7350592830066955
0.7350627552301233
0.7350662274535512
