0.9906253439671333
0.9906288161905611
0.990632288413989
0.990635760637417
0.9906392328608447
0.9906427050842727
0.9906461773077003
0.9906496495311283
0.9906531217545561
0.990656593977984
0.990660066201412
0.9906635384248397
0.9906670106482677
0.9906704828716953
0.9906739550951233
0.9906774273185512
0.990680899541979
0.9906843717654069
0.9906878439888347
0.9906913162122626
0.9906947884356904
0.9906982606591184
0.990701732882546
0.990705205105974
0.9907086773294019
0.9907121495528297
0.9907156217762576
0.9907190939996854
0.9907225662231133
0.9907260384465411
0.9907295106699691
0.9907329828933967
0.9907364551168247
0.9907399273402524
0.9907433995636804
0.9907468717871083
0.9907503440105361
0.9907538162339641
0.9907572884573917
0.9907607606808198
0.9907642329042474
0.9907677051276754
0.9907711773511033
0.9907746495745311
0.990778121797959
0.9907815940213868
0.9907850662448147
0.9907885384682424
0.9907920106916704
0.9907954829150981
0.9907989551385261
0.990802427361954
0.9908058995853818
0.9908093718088097
0.9908128440322375
0.9908163162556654
0.9908197884790931
0.9908232607025211
0.9908267329259488
0.9908302051493768
0.9908336773728045
0.9908371495962325
0.9908406218196604
0.9908440940430882
0.9908475662665162
0.9908510384899438
0.9908545107133718
0.9908579829367995
0.9908614551602275
0.9908649273836554
0.9908683996070832
0.9908718718305111
0.9908753440539388
0.990878816277367
0.9908822885007945
0.9908857607242226
0.9908892329476502
0.9908927051710782
0.9908961773945061
0.9908996496179339
0.9909031218413618
0.9909065940647895
0.9909100662882174
0.9909135385116452
0.9909170107350733
0.9909204829585009
0.990923955181929
0.9909274274053566
0.9909308996287847
0.9909343718522124
0.9909378440756402
0.9909413162990683
0.9909447885224959
0.990948260745924
0.9909517329693516
0.9909552051927797
0.9909586774162072
0.9909621496396354
0.9909656218630631
0.990969094086491
0.990972566309919
0.9909760385333467
0.9909795107567747
0.9909829829802023
0.9909864552036304
0.9909899274270582
0.990993399650486
0.9909968718739138
0.9910003440973417
0.9910038163207695
0.9910072885441974
0.9910107607676254
0.9910142329910531
0.9910177052144811
0.9910211774379089
0.9910246496613367
0.9910281218847645
0.9910315941081924
0.9910350663316202
0.9910385385550481
0.9910420107784761
0.9910454830019038
0.9910489552253318
0.9910524274487594
0.9910558996721874
0.9910593718956152
0.9910628441190431
0.9910663163424711
0.9910697885658988
0.9910732607893268
0.9910767330127545
0.9910802052361825
0.9910836774596102
0.9910871496830381
0.9910906219064659
0.9910940941298938
0.9910975663533216
0.9911010385767495
0.9911045108001775
0.9911079830236051
0.9911114552470331
0.9911149274704609
0.9911183996938888
0.9911218719173166
0.9911253441407445
0.9911288163641723
0.9911322885876002
0.9911357608110282
0.9911392330344558
0.9911427052578838
0.9911461774813115
0.9911496497047395
0.9911531219281673
0.9911565941515952
0.9911600663750232
0.9911635385984509
0.9911670108218789
0.9911704830453065
0.9911739552687345
0.9911774274921623
0.9911808997155902
0.991184371939018
0.9911878441624459
0.9911913163858737
0.9911947886093015
0.9911982608327295
0.9912017330561572
0.9912052052795852
0.9912086775030131
0.9912121497264409
0.9912156219498688
0.9912190941732966
0.9912225663967243
0.9912260386201522
0.9912295108435802
0.9912329830670079
0.9912364552904359
0.9912399275138636
0.9912433997372916
0.9912468719607195
0.9912503441841473
0.9912538164075753
0.9912572886310029
0.9912607608544309
0.9912642330778586
0.9912677053012866
0.9912711775247145
0.9912746497481423
0.9912781219715702
0.991281594194998
0.9912850664184258
0.9912885386418536
0.9912920108652816
0.9912954830887093
0.9912989553121373
0.9913024275355652
0.991305899758993
0.9913093719824209
0.9913128442058486
0.9913163164292765
