0.8177086172599366
0.8177120894833644
0.8177155617067923
0.81771903393022
0.8177225061536479
0.8177259783770758
0.8177294506005036
0.8177329228239315
0.8177363950473594
0.8177398672707873
0.8177433394942151
0.817746811717643
0.8177502839410707
0.8177537561644986
0.8177572283879264
0.8177607006113543
0.8177641728347822
0.8177676450582102
0.817771117281638
0.8177745895050659
0.8177780617284937
0.8177815339519215
0.8177850061753493
0.8177884783987772
0.8177919506222051
0.8177954228456329
0.8177988950690609
0.8178023672924887
0.8178058395159166
0.8178093117393443
0.8178127839627722
0.8178162561862
0.8178197284096279
0.8178232006330558
0.8178266728564836
0.8178301450799115
0.8178336173033394
0.8178370895267673
0.817840561750195
0.8178440339736229
0.8178475061970507
0.8178509784204786
0.8178544506439064
0.8178579228673343
0.8178613950907623
0.8178648673141901
0.817868339537618
0.8178718117610457
0.8178752839844736
0.8178787562079014
0.8178822284313293
0.8178857006547572
0.817889172878185
0.817892645101613
0.8178961173250406
0.8178995895484686
0.8179030617718964
0.8179065339953243
0.8179100062187521
0.81791347844218
0.8179169506656079
0.8179204228890358
0.8179238951124636
0.8179273673358914
0.8179308395593193
0.8179343117827471
0.817937784006175
0.8179412562296028
0.8179447284530308
0.8179482006764585
0.8179516728998865
0.8179551451233144
0.8179586173467421
0.81796208957017
0.8179655617935978
0.8179690340170257
0.8179725062404535
0.8179759784638814
0.8179794506873093
0.8179829229107372
0.817986395134165
0.8179898673575928
0.8179933395810207
0.8179968118044485
0.8180002840278764
0.8180037562513042
0.8180072284747321
0.81801070069816
0.818014172921588
0.8180176451450156
0.8180211173684436
0.8180245895918714
0.8180280618152992
0.8180315340387271
0.8180350062621549
0.8180384784855829
0.8180419507090105
0.8180454229324385
0.8180488951558663
0.8180523673792943
0.8180558396027221
0.81805931182615
0.8180627840495778
0.8180662562730057
0.8180697284964334
0.8180732007198613
0.8180766729432892
0.8180801451667171
0.818083617390145
0.8180870896135728
0.8180905618370007
0.8180940340604285
0.8180975062838564
0.8181009785072841
0.818104450730712
0.8181079229541399
0.8181113951775677
0.8181148674009957
0.8181183396244235
0.8181218118478514
0.8181252840712792
0.818128756294707
0.8181322285181349
0.8181357007415627
0.8181391729649906
0.8181426451884184
0.8181461174118464
0.8181495896352742
0.8181530618587021
0.8181565340821298
0.8181600063055577
0.8181634785289855
0.8181669507524135
0.8181704229758413
0.8181738951992692
0.8181773674226971
0.8181808396461249
0.8181843118695528
0.8181877840929805
0.8181912563164084
0.8181947285398362
0.8181982007632642
0.818201672986692
0.8182051452101199
0.8182086174335478
0.8182120896569756
0.8182155618804035
0.8182190341038312
0.8182225063272591
0.818225978550687
0.8182294507741148
0.8182329229975427
0.8182363952209706
0.8182398674443985
0.8182433396678263
0.8182468118912541
0.8182502841146819
0.8182537563381098
0.8182572285615376
0.8182607007849655
0.8182641730083934
0.8182676452318213
0.8182711174552492
0.818274589678677
0.8182780619021048
0.8182815341255326
0.8182850063489605
0.8182884785723883
0.8182919507958163
0.8182954230192441
0.8182988952426721
0.8183023674660999
0.8183058396895277
0.8183093119129555
0.8183127841363833
0.8183162563598112
0.818319728583239
0.818323200806667
0.8183266730300949
0.8183301452535227
0.8183336174769505
0.8183370897003784
0.8183405619238062
0.8183440341472341
0.8183475063706619
0.8183509785940898
0.8183544508175176
0.8183579230409455
0.8183613952643735
0.8183648674878012
0.8183683397112291
0.8183718119346569
0.8183752841580848
0.8183787563815126
0.8183822286049405
0.8183857008283684
0.8183891730517961
0.8183926452752242
0.8183961174986518
0.8183995897220798
