0.27604176251450085
0.2760452347379287
0.2760487069613566
0.2760521791847844
0.2760556514082123
0.2760591236316401
0.276062595855068
0.2760660680784958
0.27606954030192365
0.27607301252535155
0.27607648474877944
0.2760799569722073
0.2760834291956351
0.276086901419063
0.27609037364249084
0.2760938458659187
0.2760973180893465
0.2761007903127744
0.27610426253620224
0.2761077347596301
0.27611120698305797
0.27611467920648586
0.2761181514299137
0.27612162365334153
0.2761250958767694
0.27612856810019726
0.2761320403236251
0.27613551254705293
0.2761389847704808
0.27614245699390866
0.2761459292173365
0.2761494014407644
0.2761528736641922
0.2761563458876201
0.27615981811104795
0.2761632903344758
0.2761667625579036
0.2761702347813315
0.27617370700475935
0.2761771792281872
0.2761806514516151
0.2761841236750429
0.2761875958984708
0.27619106812189864
0.27619454034532653
0.27619801256875437
0.27620148479218215
0.27620495701561004
0.27620842923903793
0.27621190146246577
0.2762153736858936
0.2762188459093215
0.27622231813274933
0.2762257903561772
0.27622926257960506
0.2762327348030329
0.27623620702646073
0.27623967924988857
0.27624315147331646
0.27624662369674435
0.2762500959201722
0.2762535681436
0.2762570403670279
0.27626051259045575
0.2762639848138836
0.2762674570373115
0.2762709292607393
0.27627440148416715
0.276277873707595
0.2762813459310229
0.2762848181544507
0.2762882903778786
0.27629176260130645
0.2762952348247343
0.2762987070481622
0.27630217927159
0.27630565149501785
0.2763091237184457
0.2763125959418736
0.2763160681653014
0.27631954038872925
0.27632301261215714
0.27632648483558503
0.27632995705901287
0.2763334292824407
0.2763369015058686
0.27634037372929643
0.27634384595272427
0.2763473181761521
0.27635079039958
0.27635426262300783
0.27635773484643567
0.27636120706986356
0.27636467929329145
0.2763681515167193
0.2763716237401471
0.27637509596357496
0.2763785681870028
0.2763820404104307
0.2763855126338585
0.2763889848572864
0.27639245708071425
0.2763959293041421
0.27639940152757
0.2764028737509978
0.2764063459744257
0.27640981819785354
0.2764132904212814
0.2764167626447092
0.2764202348681371
0.27642370709156494
0.2764271793149928
0.27643065153842067
0.2764341237618485
0.2764375959852764
0.27644106820870423
0.27644454043213207
0.2764480126555599
0.27645148487898774
0.27645495710241563
0.2764584293258435
0.27646190154927136
0.2764653737726992
0.2764688459961271
0.2764723182195549
0.2764757904429828
0.27647926266641065
0.2764827348898385
0.2764862071132663
0.27648967933669416
0.27649315156012205
0.27649662378354994
0.2765000960069778
0.2765035682304056
0.2765070404538335
0.27651051267726134
0.2765139849006892
0.276517457124117
0.2765209293475449
0.27652440157097274
0.2765278737944006
0.27653134601782847
0.2765348182412563
0.2765382904646842
0.27654176268811204
0.2765452349115399
0.27654870713496776
0.2765521793583956
0.27655565158182344
0.2765591238052513
0.27656259602867916
0.276566068252107
0.27656954047553484
0.27657301269896273
0.2765764849223906
0.27657995714581846
0.2765834293692463
0.27658690159267413
0.27659037381610196
0.27659384603952986
0.2765973182629577
0.2766007904863856
0.2766042627098134
0.27660773493324126
0.27661120715666915
0.27661467938009704
0.2766181516035249
0.2766216238269527
0.27662509605038055
0.2766285682738084
0.2766320404972363
0.2766355127206641
0.276638984944092
0.27664245716751984
0.2766459293909477
0.27664940161437557
0.2766528738378034
0.27665634606123124
0.2766598182846591
0.27666329050808697
0.2766667627315148
0.2766702349549427
0.27667370717837053
0.27667717940179837
0.27668065162522626
0.2766841238486541
0.276687596072082
0.2766910682955098
0.27669454051893766
0.2766980127423655
0.27670148496579333
0.2767049571892212
0.2767084294126491
0.27671190163607695
0.2767153738595048
0.2767188460829327
0.2767223183063605
0.27672579052978835
0.2767292627532162
0.2767327349766441
