0.4336807061391341
0.43368417836256196
0.4336876505859898
0.43369112280941763
0.43369459503284546
0.43369806725627336
0.4337015394797012
0.43370501170312903
0.43370848392655686
0.4337119561499848
0.43371542837341265
0.4337189005968405
0.4337223728202683
0.43372584504369616
0.43372931726712405
0.4337327894905519
0.4337362617139797
0.43373973393740756
0.4337432061608355
0.43374667838426334
0.4337501506076912
0.433753622831119
0.43375709505454685
0.4337605672779748
0.43376403950140263
0.43376751172483047
0.43377098394825825
0.4337744561716862
0.43377792839511403
0.43378140061854187
0.4337848728419697
0.43378834506539754
0.4337918172888255
0.4337952895122533
0.43379876173568116
0.433802233959109
0.4338057061825369
0.4338091784059647
0.43381265062939256
0.4338161228528204
0.43381959507624823
0.4338230672996762
0.433826539523104
0.43383001174653185
0.4338334839699597
0.4338369561933876
0.4338404284168154
0.43384390064024325
0.4338473728636711
0.4338508450870989
0.43385431731052687
0.4338577895339547
0.43386126175738254
0.4338647339808104
0.43386820620423827
0.4338716784276661
0.43387515065109394
0.4338786228745218
0.4338820950979496
0.43388556732137756
0.4338890395448054
0.43389251176823324
0.43389598399166107
0.433899456215089
0.43390292843851686
0.4339064006619447
0.4339098728853725
0.4339133451088003
0.43391681733222826
0.4339202895556561
0.4339237617790839
0.43392723400251176
0.4339307062259397
0.43393417844936755
0.4339376506727954
0.4339411228962232
0.43394459511965106
0.43394806734307895
0.4339515395665068
0.4339550117899346
0.43395848401336246
0.4339619562367904
0.43396542846021824
0.4339689006836461
0.4339723729070739
0.43397584513050175
0.43397931735392964
0.4339827895773575
0.4339862618007853
0.43398973402421315
0.4339932062476411
0.43399667847106893
0.43400015069449677
0.4340036229179246
0.43400709514135244
0.43401056736478033
0.43401403958820817
0.434017511811636
0.43402098403506384
0.4340244562584918
0.4340279284819196
0.43403140070534746
0.4340348729287753
0.43403834515220313
0.4340418173756311
0.4340452895990589
0.43404876182248675
0.4340522340459146
0.4340557062693425
0.4340591784927703
0.43406265071619815
0.434066122939626
0.4340695951630538
0.43407306738648177
0.4340765396099096
0.43408001183333744
0.4340834840567653
0.43408695628019317
0.434090428503621
0.43409390072704884
0.4340973729504767
0.4341008451739045
0.43410431739733246
0.4341077896207603
0.43411126184418813
0.43411473406761597
0.43411820629104386
0.4341216785144717
0.43412515073789953
0.43412862296132737
0.4341320951847552
0.43413556740818315
0.434139039631611
0.4341425118550388
0.43414598407846666
0.43414945630189455
0.4341529285253224
0.4341564007487502
0.43415987297217806
0.4341633451956059
0.43416681741903385
0.4341702896424617
0.4341737618658895
0.43417723408931735
0.4341807063127453
0.43418417853617314
0.434187650759601
0.4341911229830288
0.43419459520645665
0.43419806742988454
0.4342015396533124
0.4342050118767402
0.43420848410016805
0.434211956323596
0.43421542854702383
0.43421890077045167
0.4342223729938795
0.43422584521730734
0.43422931744073523
0.43423278966416307
0.4342362618875909
0.43423973411101874
0.4342432063344467
0.4342466785578745
0.43425015078130236
0.4342536230047302
0.43425709522815803
0.4342605674515859
0.43426403967501376
0.4342675118984416
0.43427098412186943
0.4342744563452974
0.4342779285687252
0.43428140079215305
0.4342848730155809
0.4342883452390087
0.4342918174624366
0.43429528968586445
0.4342987619092923
0.4343022341327201
0.43430570635614807
0.4343091785795759
0.43431265080300374
0.4343161230264316
0.4343195952498594
0.43432306747328736
0.4343265396967152
0.43433001192014303
0.43433348414357087
0.43433695636699876
0.4343404285904266
0.43434390081385443
0.43434737303728227
0.4343508452607101
0.43435431748413805
0.4343577897075659
0.4343612619309937
0.43436473415442156
0.43436820637784945
0.4343716786012773
