0.4045140293451491
0.4045175015685769
0.40452097379200475
0.40452444601543264
0.40452791823886053
0.40453139046228836
0.4045348626857162
0.40453833490914404
0.4045418071325719
0.40454527935599977
0.4045487515794276
0.40455222380285544
0.40455569602628333
0.4045591682497112
0.40456264047313906
0.4045661126965669
0.4045695849199948
0.4045730571434226
0.40457652936685046
0.4045800015902783
0.40458347381370613
0.404586946037134
0.4045904182605619
0.40459389048398975
0.4045973627074176
0.4046008349308455
0.4046043071542733
0.40460777937770115
0.404611251601129
0.4046147238245569
0.4046181960479847
0.40462166827141255
0.40462514049484044
0.4046286127182683
0.40463208494169617
0.404635557165124
0.4046390293885519
0.40464250161197973
0.40464597383540757
0.4046494460588354
0.4046529182822633
0.40465639050569113
0.40465986272911897
0.40466333495254686
0.4046668071759747
0.4046702793994026
0.4046737516228304
0.40467722384625826
0.4046806960696861
0.404684168293114
0.4046876405165418
0.40469111273996966
0.40469458496339755
0.4046980571868254
0.4047015294102533
0.4047050016336811
0.40470847385710895
0.40471194608053684
0.4047154183039647
0.4047188905273925
0.40472236275082035
0.40472583497424824
0.4047293071976761
0.40473277942110397
0.4047362516445318
0.4047397238679597
0.40474319609138754
0.40474666831481537
0.4047501405382432
0.40475361276167104
0.40475708498509894
0.40476055720852677
0.40476402943195466
0.4047675016553825
0.40477097387881034
0.40477444610223823
0.4047779183256661
0.40478139054909396
0.4047848627725218
0.40478833499594963
0.40479180721937746
0.40479527944280536
0.4047987516662332
0.40480222388966103
0.4048056961130889
0.4048091683365168
0.40481264055994465
0.4048161127833725
0.4048195850068003
0.40482305723022816
0.40482652945365605
0.4048300016770839
0.4048334739005117
0.4048369461239396
0.4048404183473675
0.40484389057079534
0.4048473627942232
0.40485083501765107
0.4048543072410789
0.40485777946450674
0.4048612516879346
0.40486472391136247
0.4048681961347903
0.40487166835821814
0.40487514058164603
0.40487861280507387
0.40488208502850176
0.4048855572519296
0.40488902947535743
0.40489250169878527
0.4048959739222131
0.404899446145641
0.4049029183690689
0.4049063905924967
0.40490986281592456
0.40491333503935245
0.4049168072627803
0.4049202794862082
0.404923751709636
0.40492722393306385
0.4049306961564917
0.4049341683799196
0.4049376406033474
0.40494111282677525
0.40494458505020314
0.404948057273631
0.40495152949705887
0.4049550017204867
0.40495847394391454
0.4049619461673424
0.40496541839077027
0.4049688906141981
0.40497236283762594
0.40497583506105383
0.40497930728448167
0.40498277950790956
0.4049862517313374
0.4049897239547653
0.4049931961781931
0.40499666840162096
0.4050001406250488
0.40500361284847664
0.4050070850719045
0.40501055729533236
0.40501402951876025
0.4050175017421881
0.4050209739656159
0.4050244461890438
0.4050279184124717
0.4050313906358995
0.4050348628593273
0.4050383350827552
0.40504180730618305
0.40504527952961095
0.4050487517530388
0.4050522239764666
0.4050556961998945
0.4050591684233224
0.40506264064675024
0.4050661128701781
0.4050695850936059
0.40507305731703375
0.40507652954046164
0.4050800017638895
0.4050834739873173
0.4050869462107452
0.4050904184341731
0.40509389065760093
0.40509736288102877
0.40510083510445666
0.40510430732788444
0.40510777955131233
0.40511125177474017
0.40511472399816806
0.4051181962215959
0.40512166844502373
0.4051251406684516
0.40512861289187946
0.40513208511530735
0.4051355573387352
0.405139029562163
0.40514250178559086
0.4051459740090187
0.4051494462324466
0.4051529184558745
0.4051563906793023
0.40515986290273015
0.40516333512615804
0.4051668073495859
0.40517027957301377
0.40517375179644155
0.4051772240198694
0.4051806962432973
0.40518416846672517
0.405187640690153
0.40519111291358084
0.40519458513700873
0.40519805736043657
0.40520152958386446
0.4052050018072923
