0.21423618549867546
0.21423965772210335
0.2142431299455312
0.21424660216895905
0.21425007439238694
0.21425354661581478
0.21425701883924264
0.21426049106267053
0.2142639632860983
0.2142674355095262
0.21427090773295404
0.21427437995638193
0.2142778521798098
0.21428132440323763
0.21428479662666547
0.2142882688500933
0.2142917410735212
0.21429521329694903
0.2142986855203769
0.2143021577438048
0.21430562996723257
0.21430910219066046
0.2143125744140883
0.21431604663751616
0.21431951886094405
0.2143229910843719
0.21432646330779975
0.21432993553122756
0.21433340775465543
0.21433687997808332
0.21434035220151115
0.21434382442493904
0.21434729664836685
0.21435076887179474
0.21435424109522264
0.21435771331865042
0.2143611855420783
0.21436465776550614
0.214368129988934
0.21437160221236184
0.21437507443578974
0.2143785466592176
0.2143820188826454
0.21438549110607327
0.2143889633295011
0.214392435552929
0.21439590777635686
0.2143993799997847
0.2144028522232126
0.21440632444664037
0.21440979667006826
0.21441326889349616
0.214416741116924
0.21442021334035186
0.2144236855637797
0.21442715778720753
0.21443063001063542
0.21443410223406326
0.21443757445749112
0.21444104668091896
0.21444451890434685
0.21444799112777463
0.21445146335120252
0.21445493557463038
0.21445840779805822
0.2144618800214861
0.21446535224491395
0.2144688244683418
0.2144722966917697
0.21447576891519748
0.21447924113862538
0.2144827133620532
0.2144861855854811
0.21448965780890897
0.2144931300323368
0.2144966022557647
0.21450007447919248
0.21450354670262037
0.21450701892604823
0.21451049114947607
0.21451396337290396
0.2145174355963318
0.21452090781975966
0.21452438004318747
0.21452785226661533
0.21453132449004322
0.21453479671347106
0.21453826893689892
0.21454174116032676
0.2145452133837546
0.2145486856071825
0.21455215783061032
0.21455563005403822
0.21455910227746605
0.21456257450089392
0.2145660467243218
0.2145695189477496
0.21457299117117748
0.21457646339460532
0.21457993561803318
0.21458340784146102
0.2145868800648889
0.21459035228831677
0.21459382451174458
0.21459729673517244
0.21460076895860028
0.21460424118202817
0.21460771340545606
0.21461118562888387
0.21461465785231176
0.21461813007573954
0.21462160229916744
0.21462507452259533
0.21462854674602316
0.21463201896945103
0.21463549119287886
0.21463896341630676
0.2146424356397346
0.21464590786316243
0.2146493800865903
0.21465285231001813
0.21465632453344602
0.21465979675687386
0.21466326898030172
0.21466674120372956
0.2146702134271574
0.21467368565058528
0.21467715787401312
0.21468063009744098
0.21468410232086887
0.21468757454429666
0.21469104676772455
0.21469451899115238
0.21469799121458027
0.21470146343800814
0.21470493566143597
0.21470840788486387
0.21471188010829165
0.21471535233171954
0.2147188245551474
0.21472229677857524
0.21472576900200313
0.21472924122543097
0.21473271344885883
0.21473618567228664
0.2147396578957145
0.2147431301191424
0.21474660234257023
0.21475007456599812
0.21475354678942593
0.21475701901285382
0.21476049123628171
0.2147639634597095
0.2147674356831374
0.21477090790656522
0.2147743801299931
0.21477785235342098
0.21478132457684881
0.21478479680027665
0.2147882690237045
0.21479174124713235
0.2147952134705602
0.21479868569398808
0.21480215791741594
0.21480563014084378
0.21480910236427161
0.21481257458769945
0.21481604681112734
0.21481951903455523
0.21482299125798304
0.21482646348141093
0.21482993570483871
0.2148334079282666
0.2148368801516945
0.21484035237512233
0.2148438245985502
0.21484729682197803
0.21485076904540593
0.2148542412688338
0.2148577134922616
0.21486118571568946
0.2148646579391173
0.2148681301625452
0.21487160238597303
0.2148750746094009
0.21487854683282878
0.21488201905625656
0.21488549127968445
0.2148889635031123
0.21489243572654018
0.21489590794996805
0.21489938017339588
0.21490285239682377
0.21490632462025155
0.21490979684367945
0.2149132690671073
0.21491674129053515
0.21492021351396304
0.21492368573739087
0.2149271579608187
