0.8454864046827795
0.8454898769062072
0.8454933491296351
0.8454968213530629
0.8455002935764908
0.8455037657999186
0.8455072380233465
0.8455107102467745
0.8455141824702022
0.8455176546936302
0.845521126917058
0.8455245991404858
0.8455280713639137
0.8455315435873415
0.8455350158107693
0.8455384880341972
0.8455419602576252
0.8455454324810528
0.8455489047044809
0.8455523769279087
0.8455558491513365
0.8455593213747644
0.8455627935981922
0.8455662658216201
0.8455697380450479
0.8455732102684758
0.8455766824919035
0.8455801547153315
0.8455836269387594
0.8455870991621872
0.8455905713856151
0.8455940436090429
0.8455975158324708
0.8456009880558986
0.8456044602793265
0.8456079325027542
0.8456114047261822
0.8456148769496101
0.8456183491730379
0.8456218213964658
0.8456252936198936
0.8456287658433215
0.8456322380667493
0.8456357102901773
0.8456391825136049
0.8456426547370329
0.8456461269604608
0.8456495991838886
0.8456530714073165
0.8456565436307443
0.8456600158541722
0.8456634880776
0.845666960301028
0.8456704325244558
0.8456739047478836
0.8456773769713115
0.8456808491947393
0.8456843214181672
0.845687793641595
0.8456912658650229
0.8456947380884506
0.8456982103118785
0.8457016825353063
0.8457051547587343
0.8457086269821622
0.84571209920559
0.8457155714290179
0.8457190436524457
0.8457225158758735
0.8457259880993013
0.8457294603227293
0.845732932546157
0.845736404769585
0.8457398769930127
0.8457433492164407
0.8457468214398686
0.8457502936632963
0.8457537658867242
0.845757238110152
0.8457607103335801
0.8457641825570079
0.8457676547804358
0.8457711270038636
0.8457745992272914
0.8457780714507193
0.845781543674147
0.8457850158975749
0.8457884881210027
0.8457919603444306
0.8457954325678584
0.8457989047912865
0.8458023770147143
0.8458058492381422
0.84580932146157
0.8458127936849978
0.8458162659084256
0.8458197381318534
0.8458232103552815
0.8458266825787091
0.8458301548021372
0.845833627025565
0.8458370992489929
0.8458405714724206
0.8458440436958485
0.8458475159192763
0.8458509881427042
0.8458544603661322
0.84585793258956
0.8458614048129879
0.8458648770364157
0.8458683492598436
0.8458718214832713
0.8458752937066992
0.845878765930127
0.8458822381535549
0.8458857103769827
0.8458891826004106
0.8458926548238386
0.8458961270472664
0.8458995992706942
0.845903071494122
0.8459065437175499
0.8459100159409777
0.8459134881644056
0.8459169603878336
0.8459204326112613
0.8459239048346893
0.845927377058117
0.8459308492815449
0.8459343215049727
0.8459377937284006
0.8459412659518284
0.8459447381752563
0.8459482103986843
0.845951682622112
0.84595515484554
0.8459586270689677
0.8459620992923956
0.8459655715158234
0.8459690437392513
0.8459725159626791
0.845975988186107
0.8459794604095348
0.8459829326329626
0.8459864048563907
0.8459898770798184
0.8459933493032463
0.8459968215266741
0.846000293750102
0.8460037659735298
0.8460072381969577
0.8460107104203857
0.8460141826438133
0.8460176548672413
0.8460211270906691
0.846024599314097
0.8460280715375248
0.8460315437609527
0.8460350159843805
0.8460384882078084
0.8460419604312364
0.846045432654664
0.846048904878092
0.8460523771015199
0.8460558493249477
0.8460593215483755
0.8460627937718034
0.8460662659952312
0.846069738218659
0.846073210442087
0.8460766826655147
0.8460801548889427
0.8460836271123706
0.8460870993357984
0.8460905715592263
0.8460940437826541
0.846097516006082
0.8461009882295097
0.8461044604529375
0.8461079326763654
0.8461114048997934
0.8461148771232213
0.8461183493466491
0.846121821570077
0.8461252937935048
0.8461287660169327
0.8461322382403604
0.8461357104637884
0.8461391826872161
0.8461426549106441
0.846146127134072
0.8461495993574998
0.8461530715809277
0.8461565438043555
0.8461600160277833
0.8461634882512111
0.8461669604746391
0.846170432698067
0.8461739049214948
0.8461773771449227
