0.25173619851951334
0.2517396707429412
0.25174314296636907
0.2517466151897969
0.2517500874132248
0.25175355963665264
0.2517570318600805
0.25176050408350836
0.2517639763069362
0.25176744853036404
0.2517709207537919
0.25177439297721976
0.2517778652006476
0.2517813374240755
0.2517848096475033
0.2517882818709312
0.25179175409435905
0.25179522631778695
0.2517986985412148
0.25180217076464256
0.25180564298807045
0.25180911521149835
0.2518125874349262
0.251816059658354
0.2518195318817819
0.25182300410520975
0.2518264763286376
0.2518299485520655
0.2518334207754933
0.25183689299892115
0.251840365222349
0.2518438374457769
0.2518473096692047
0.2518507818926326
0.25185425411606044
0.2518577263394883
0.25186119856291617
0.251864670786344
0.2518681430097719
0.2518716152331997
0.25187508745662757
0.2518785596800554
0.25188203190348324
0.25188550412691113
0.251888976350339
0.25189244857376686
0.2518959207971947
0.2518993930206226
0.2519028652440504
0.25190633746747826
0.2519098096909061
0.251913281914334
0.2519167541377618
0.25192022636118966
0.25192369858461755
0.25192717080804544
0.2519306430314733
0.2519341152549011
0.251937587478329
0.25194105970175684
0.2519445319251847
0.2519480041486125
0.2519514763720404
0.25195494859546824
0.2519584208188961
0.25196189304232397
0.2519653652657518
0.2519688374891797
0.25197230971260753
0.25197578193603537
0.2519792541594632
0.2519827263828911
0.25198619860631893
0.25198967082974677
0.25199314305317466
0.2519966152766025
0.2520000875000304
0.2520035597234582
0.2520070319468861
0.25201050417031395
0.25201397639374173
0.2520174486171696
0.2520209208405975
0.25202439306402535
0.2520278652874532
0.2520313375108811
0.2520348097343089
0.25203828195773675
0.25204175418116465
0.2520452264045925
0.2520486986280203
0.25205217085144815
0.25205564307487605
0.25205911529830394
0.2520625875217318
0.2520660597451596
0.2520695319685875
0.25207300419201534
0.2520764764154432
0.25207994863887107
0.2520834208622989
0.25208689308572674
0.2520903653091546
0.25209383753258247
0.2520973097560103
0.2521007819794382
0.25210425420286603
0.25210772642629387
0.25211119864972176
0.2521146708731496
0.25211814309657743
0.25212161532000527
0.25212508754343316
0.252128559766861
0.25213203199028883
0.2521355042137167
0.2521389764371446
0.25214244866057245
0.2521459208840003
0.2521493931074282
0.252152865330856
0.25215633755428385
0.2521598097777117
0.2521632820011396
0.2521667542245674
0.25217022644799525
0.25217369867142314
0.25217717089485103
0.25218064311827887
0.2521841153417067
0.25218758756513454
0.2521910597885624
0.25219453201199027
0.2521980042354181
0.252201476458846
0.25220494868227383
0.25220842090570167
0.25221189312912956
0.2522153653525574
0.2522188375759853
0.2522223097994131
0.25222578202284096
0.2522292542462688
0.2522327264696967
0.2522361986931245
0.25223967091655236
0.25224314313998025
0.2522466153634081
0.252250087586836
0.2522535598102638
0.25225703203369165
0.2522605042571195
0.2522639764805473
0.2522674487039752
0.2522709209274031
0.25227439315083094
0.2522778653742588
0.2522813375976867
0.2522848098211145
0.25228828204454234
0.25229175426797024
0.2522952264913981
0.2522986987148259
0.25230217093825374
0.25230564316168164
0.25230911538510953
0.25231258760853736
0.2523160598319652
0.2523195320553931
0.25232300427882093
0.25232647650224876
0.2523299487256766
0.2523334209491045
0.25233689317253233
0.25234036539596016
0.25234383761938806
0.2523473098428159
0.2523507820662438
0.2523542542896716
0.25235772651309946
0.25236119873652735
0.2523646709599552
0.252368143183383
0.25237161540681086
0.25237508763023875
0.2523785598536666
0.2523820320770944
0.2523855043005223
0.2523889765239502
0.25239244874737804
0.2523959209708059
0.2523993931942337
0.25240286541766155
0.25240633764108944
0.2524098098645173
0.25241328208794517
0.252416754311373
0.25242022653480084
0.25242369875822873
0.2524271709816566
