0.5975696519339069
0.5975731241573348
0.5975765963807627
0.5975800686041904
0.5975835408276183
0.5975870130510462
0.5975904852744741
0.5975939574979019
0.5975974297213297
0.5976009019447576
0.5976043741681855
0.5976078463916134
0.5976113186150411
0.597614790838469
0.5976182630618969
0.5976217352853248
0.5976252075087526
0.5976286797321805
0.5976321519556083
0.5976356241790362
0.597639096402464
0.5976425686258918
0.5976460408493197
0.5976495130727476
0.5976529852961755
0.5976564575196033
0.5976599297430312
0.597663401966459
0.5976668741898868
0.5976703464133147
0.5976738186367425
0.5976772908601705
0.5976807630835983
0.5976842353070262
0.597687707530454
0.5976911797538819
0.5976946519773096
0.5976981242007375
0.5977015964241654
0.5977050686475932
0.5977085408710211
0.597712013094449
0.5977154853178769
0.5977189575413047
0.5977224297647326
0.5977259019881603
0.5977293742115883
0.5977328464350161
0.597736318658444
0.5977397908818718
0.5977432631052997
0.5977467353287276
0.5977502075521554
0.5977536797755832
0.597757151999011
0.597760624222439
0.5977640964458668
0.5977675686692947
0.5977710408927225
0.5977745131161504
0.5977779853395783
0.597781457563006
0.5977849297864339
0.5977884020098617
0.5977918742332897
0.5977953464567175
0.5977988186801454
0.5978022909035732
0.5978057631270011
0.597809235350429
0.5978127075738567
0.5978161797972846
0.5978196520207124
0.5978231242441404
0.5978265964675682
0.5978300686909961
0.5978335409144239
0.5978370131378518
0.5978404853612796
0.5978439575847074
0.5978474298081353
0.5978509020315631
0.5978543742549911
0.5978578464784189
0.5978613187018468
0.5978647909252746
0.5978682631487026
0.5978717353721303
0.5978752075955582
0.597878679818986
0.5978821520424138
0.5978856242658418
0.5978890964892696
0.5978925687126975
0.5978960409361253
0.5978995131595533
0.597902985382981
0.5979064576064089
0.5979099298298367
0.5979134020532646
0.5979168742766925
0.5979203465001203
0.5979238187235482
0.5979272909469759
0.597930763170404
0.5979342353938317
0.5979377076172596
0.5979411798406874
0.5979446520641153
0.5979481242875432
0.597951596510971
0.5979550687343989
0.5979585409578266
0.5979620131812546
0.5979654854046824
0.5979689576281103
0.5979724298515381
0.5979759020749661
0.5979793742983939
0.5979828465218217
0.5979863187452495
0.5979897909686773
0.5979932631921053
0.5979967354155331
0.598000207638961
0.5980036798623888
0.5980071520858167
0.5980106243092446
0.5980140965326725
0.5980175687561002
0.5980210409795281
0.598024513202956
0.5980279854263838
0.5980314576498117
0.5980349298732395
0.5980384020966674
0.5980418743200953
0.5980453465435231
0.5980488187669509
0.5980522909903788
0.5980557632138067
0.5980592354372345
0.5980627076606624
0.5980661798840902
0.5980696521075181
0.598073124330946
0.5980765965543738
0.5980800687778016
0.5980835410012295
0.5980870132246574
0.5980904854480852
0.5980939576715131
0.5980974298949409
0.5981009021183689
0.5981043743417966
0.5981078465652245
0.5981113187886523
0.5981147910120802
0.5981182632355081
0.5981217354589359
0.5981252076823638
0.5981286799057915
0.5981321521292194
0.5981356243526473
0.5981390965760752
0.598142568799503
0.5981460410229309
0.5981495132463588
0.5981529854697867
0.5981564576932145
0.5981599299166424
0.5981634021400701
0.598166874363498
0.5981703465869259
0.5981738188103537
0.5981772910337816
0.5981807632572095
0.5981842354806374
0.5981877077040652
0.598191179927493
0.5981946521509208
0.5981981243743487
0.5982015965977766
0.5982050688212044
0.5982085410446323
0.5982120132680602
0.5982154854914881
0.5982189577149158
0.5982224299383437
0.5982259021617716
0.5982293743851994
0.5982328466086273
0.5982363188320551
0.598239791055483
0.5982432632789109
0.5982467355023388
0.5982502077257665
0.5982536799491944
0.5982571521726222
0.5982606243960502
