0.03715279067805234
0.03715626290148017
0.03715973512490801
0.03716320734833584
0.03716667957176368
0.037170151795191606
0.03717362401861944
0.03717709624204728
0.03718056846547511
0.03718404068890294
0.03718751291233087
0.037190985135758706
0.03719445735918654
0.03719792958261447
0.037201401806042304
0.03720487402947014
0.03720834625289797
0.037211818476325806
0.03721529069975373
0.03721876292318157
0.037222235146609405
0.03722570737003724
0.03722917959346508
0.037232651816893
0.03723612404032084
0.03723959626374867
0.037243068487176505
0.03724654071060443
0.03725001293403227
0.0372534851574601
0.03725695738088794
0.03726042960431577
0.0372639018277437
0.03726737405117153
0.03727084627459937
0.037274318498027294
0.03727779072145504
0.037281262944882966
0.0372847351683108
0.03728820739173864
0.037291679615166565
0.0372951518385944
0.03729862406202223
0.037302096285450066
0.0373055685088779
0.03730904073230583
0.037312512955733665
0.0373159851791615
0.03731945740258934
0.037322929626017166
0.037326401849445
0.03732987407287293
0.037333346296300765
0.0373368185197286
0.03734029074315653
0.03734376296658427
0.0373472351900122
0.03735070741344003
0.037354179636867865
0.03735765186029579
0.03736112408372363
0.037364596307151464
0.03736806853057939
0.037371540754007136
0.03737501297743506
0.0373784852008629
0.03738195742429073
0.03738542964771866
0.03738890187114649
0.03739237409457433
0.03739584631800216
0.03739931854143
0.03740279076485783
0.03740626298828576
0.03740973521171359
0.03741320743514143
0.03741667965856935
0.0374201518819971
0.037423624105425025
0.03742709632885286
0.0374305685522807
0.037434040775708624
0.03743751299913646
0.03744098522256429
0.037444457445992126
0.03744792966941996
0.03745140189284789
0.037454874116275724
0.03745834633970356
0.03746181856313149
0.037465290786559226
0.03746876300998715
0.03747223523341499
0.037475707456842824
0.03747917968027066
0.03748265190369859
0.03748612412712642
0.03748959635055426
0.03749306857398209
0.037496540797409925
0.03750001302083785
0.03750348524426569
0.03750695746769352
0.03751042969112145
0.037513901914549196
0.03751737413797712
0.03752084636140496
0.03752431858483279
0.03752779080826072
0.03753126303168855
0.037534735255116386
0.03753820747854422
0.03754167970197206
0.037545151925399985
0.03754862414882782
0.03755209637225565
0.037555568595683486
0.03755904081911141
0.03756251304253925
0.037565985265967085
0.03756945748939492
0.03757292971282276
0.037576401936250683
0.03757987415967852
0.03758334638310635
0.037586818606534185
0.03759029082996202
0.03759376305338995
0.037597235276817784
0.03760070750024562
0.037604179723673546
0.037607651947101285
0.03761112417052921
0.03761459639395705
0.037618068617384884
0.03762154084081281
0.037625013064240646
0.03762848528766848
0.03763195751109632
0.03763542973452415
0.03763890195795208
0.03764237418137991
0.037645846404807747
0.03764931862823558
0.03765279085166351
0.037656263075091345
0.03765973529851918
0.03766320752194702
0.03766667974537485
0.03767015196880277
0.03767362419223061
0.037677096415658445
0.03768056863908637
0.03768404086251412
0.037687513085942044
0.03769098530936988
0.03769445753279771
0.03769792975622564
0.03770140197965347
0.03770487420308131
0.037708346426509144
0.03771181864993698
0.03771529087336491
0.03771876309679274
0.03772223532022058
0.03772570754364841
0.037729179767076244
0.03773265199050417
0.03773612421393201
0.03773959643735984
0.03774306866078768
0.037746540884215606
0.037750013107643345
0.03775348533107127
0.03775695755449911
0.03776042977792694
0.03776390200135487
0.037767374224782706
0.03777084644821054
0.03777431867163847
0.03777779089506621
0.03778126311849414
0.03778473534192197
0.037788207565349806
0.03779167978877773
0.03779515201220557
0.037798624235633405
0.03780209645906124
0.03780556868248907
0.037809040905917
0.03781251312934483
0.03781598535277267
0.037819457576200505
0.03782292979962834
0.03782640202305618
0.0378298742464841
0.03783334646991194
0.03783681869333977
0.0378402909167677
0.03784376314019553
