0.7447919252749741
0.744795397498402
0.7447988697218297
0.7448023419452576
0.7448058141686855
0.7448092863921133
0.7448127586155412
0.744816230838969
0.7448197030623969
0.7448231752858246
0.7448266475092526
0.7448301197326805
0.7448335919561083
0.7448370641795362
0.744840536402964
0.7448440086263919
0.7448474808498197
0.7448509530732476
0.7448544252966754
0.7448578975201033
0.7448613697435311
0.744864841966959
0.7448683141903869
0.7448717864138147
0.7448752586372426
0.7448787308606704
0.7448822030840982
0.7448856753075261
0.744889147530954
0.7448926197543818
0.7448960919778098
0.7448995642012376
0.7449030364246654
0.7449065086480933
0.744909980871521
0.7449134530949489
0.7449169253183767
0.7449203975418047
0.7449238697652326
0.7449273419886605
0.7449308142120883
0.7449342864355162
0.744937758658944
0.7449412308823719
0.7449447031057996
0.7449481753292275
0.7449516475526554
0.7449551197760832
0.7449585919995112
0.744962064222939
0.7449655364463669
0.7449690086697947
0.7449724808932225
0.7449759531166503
0.7449794253400782
0.7449828975635061
0.744986369786934
0.7449898420103619
0.7449933142337897
0.7449967864572176
0.7450002586806453
0.7450037309040732
0.745007203127501
0.7450106753509289
0.7450141475743568
0.7450176197977846
0.7450210920212126
0.7450245642446404
0.7450280364680683
0.745031508691496
0.7450349809149239
0.7450384531383517
0.7450419253617796
0.7450453975852075
0.7450488698086353
0.7450523420320633
0.7450558142554911
0.745059286478919
0.7450627587023467
0.7450662309257746
0.7450697031492024
0.7450731753726303
0.7450766475960582
0.7450801198194861
0.745083592042914
0.7450870642663417
0.7450905364897696
0.7450940087131974
0.7450974809366253
0.7451009531600531
0.7451044253834811
0.7451078976069089
0.7451113698303368
0.7451148420537647
0.7451183142771924
0.7451217865006203
0.7451252587240481
0.745128730947476
0.7451322031709038
0.7451356753943318
0.7451391476177596
0.7451426198411875
0.7451460920646154
0.7451495642880431
0.745153036511471
0.7451565087348988
0.7451599809583267
0.7451634531817545
0.7451669254051824
0.7451703976286103
0.7451738698520383
0.745177342075466
0.7451808142988939
0.7451842865223217
0.7451877587457495
0.7451912309691774
0.7451947031926052
0.7451981754160332
0.745201647639461
0.7452051198628888
0.7452085920863167
0.7452120643097446
0.7452155365331724
0.7452190087566003
0.7452224809800281
0.745225953203456
0.7452294254268838
0.7452328976503116
0.7452363698737396
0.7452398420971674
0.7452433143205953
0.7452467865440231
0.745250258767451
0.7452537309908788
0.7452572032143067
0.7452606754377346
0.7452641476611623
0.7452676198845902
0.7452710921080181
0.745274564331446
0.7452780365548738
0.7452815087783017
0.7452849810017295
0.7452884532251574
0.7452919254485852
0.745295397672013
0.7452988698954409
0.7453023421188688
0.7453058143422967
0.7453092865657245
0.7453127587891524
0.7453162310125802
0.745319703236008
0.7453231754594358
0.7453266476828637
0.7453301199062917
0.7453335921297195
0.7453370643531474
0.7453405365765752
0.7453440088000031
0.7453474810234308
0.7453509532468587
0.7453544254702866
0.7453578976937145
0.7453613699171423
0.7453648421405702
0.7453683143639981
0.7453717865874259
0.7453752588108538
0.7453787310342815
0.7453822032577094
0.7453856754811373
0.7453891477045652
0.745392619927993
0.7453960921514209
0.7453995643748488
0.7454030365982766
0.7454065088217044
0.7454099810451322
0.7454134532685601
0.7454169254919879
0.7454203977154159
0.7454238699388438
0.7454273421622716
0.7454308143856995
0.7454342866091273
0.7454377588325551
0.7454412310559829
0.7454447032794108
0.7454481755028387
0.7454516477262666
0.7454551199496944
0.7454585921731224
0.7454620643965502
0.745465536619978
0.7454690088434058
0.7454724810668336
0.7454759532902615
0.7454794255136893
0.7454828977371173
