0.8413197365693529
0.8413232087927809
0.8413266810162086
0.8413301532396366
0.8413336254630644
0.8413370976864922
0.8413405699099201
0.8413440421333479
0.8413475143567758
0.8413509865802036
0.8413544588036317
0.8413579310270595
0.8413614032504872
0.8413648754739151
0.8413683476973429
0.8413718199207708
0.8413752921441986
0.8413787643676265
0.8413822365910543
0.8413857088144822
0.8413891810379099
0.841392653261338
0.8413961254847658
0.8413995977081937
0.8414030699316215
0.8414065421550494
0.8414100143784772
0.841413486601905
0.8414169588253331
0.8414204310487606
0.8414239032721887
0.8414273754956163
0.8414308477190444
0.8414343199424722
0.8414377921659001
0.8414412643893279
0.8414447366127558
0.8414482088361838
0.8414516810596115
0.8414551532830394
0.8414586255064672
0.8414620977298951
0.8414655699533229
0.8414690421767508
0.8414725144001786
0.8414759866236065
0.8414794588470342
0.8414829310704621
0.8414864032938901
0.8414898755173179
0.8414933477407458
0.8414968199641736
0.8415002921876015
0.8415037644110293
0.8415072366344571
0.8415107088578851
0.8415141810813128
0.8415176533047408
0.8415211255281686
0.8415245977515965
0.8415280699750243
0.8415315421984522
0.84153501442188
0.8415384866453078
0.8415419588687358
0.8415454310921636
0.8415489033155915
0.8415523755390193
0.8415558477624472
0.841559319985875
0.8415627922093029
0.8415662644327306
0.8415697366561585
0.8415732088795863
0.8415766811030142
0.8415801533264422
0.84158362554987
0.8415870977732979
0.8415905699967257
0.8415940422201535
0.8415975144435813
0.8416009866670092
0.8416044588904372
0.8416079311138649
0.8416114033372929
0.8416148755607207
0.8416183477841486
0.8416218200075763
0.8416252922310042
0.841628764454432
0.8416322366778599
0.8416357089012879
0.8416391811247156
0.8416426533481436
0.8416461255715714
0.8416495977949993
0.841653070018427
0.8416565422418549
0.8416600144652827
0.8416634866887106
0.8416669589121384
0.8416704311355663
0.8416739033589943
0.8416773755824222
0.84168084780585
0.8416843200292778
0.8416877922527056
0.8416912644761335
0.8416947366995613
0.8416982089229891
0.841701681146417
0.841705153369845
0.8417086255932729
0.8417120978167006
0.8417155700401285
0.8417190422635563
0.8417225144869842
0.841725986710412
0.84172945893384
0.8417329311572677
0.8417364033806957
0.8417398756041236
0.8417433478275513
0.8417468200509792
0.841750292274407
0.8417537644978349
0.8417572367212627
0.8417607089446907
0.8417641811681186
0.8417676533915464
0.8417711256149742
0.841774597838402
0.8417780700618299
0.8417815422852577
0.8417850145086856
0.8417884867321134
0.8417919589555413
0.841795431178969
0.841798903402397
0.8418023756258249
0.8418058478492527
0.8418093200726806
0.8418127922961084
0.8418162645195363
0.8418197367429641
0.8418232089663921
0.8418266811898197
0.8418301534132477
0.8418336256366754
0.8418370978601034
0.8418405700835313
0.8418440423069591
0.841847514530387
0.8418509867538148
0.8418544589772428
0.8418579312006707
0.8418614034240984
0.8418648756475263
0.8418683478709541
0.841871820094382
0.8418752923178098
0.8418787645412377
0.8418822367646654
0.8418857089880933
0.8418891812115211
0.8418926534349491
0.841896125658377
0.8418995978818048
0.8419030701052327
0.8419065423286605
0.8419100145520884
0.8419134867755161
0.8419169589989443
0.8419204312223718
0.8419239034457999
0.8419273756692277
0.8419308478926555
0.8419343201160834
0.8419377923395112
0.841941264562939
0.8419447367863668
0.841948209009795
0.8419516812332227
0.8419551534566506
0.8419586256800784
0.8419620979035063
0.8419655701269341
0.841969042350362
0.8419725145737897
0.8419759867972175
0.8419794590206454
0.8419829312440732
0.8419864034675013
0.8419898756909291
0.841993347914357
0.8419968201377848
0.8420002923612127
0.8420037645846404
0.8420072368080683
0.8420107090314963
