0.892014198616041
0.8920176708394691
0.8920211430628969
0.8920246152863248
0.8920280875097526
0.8920315597331805
0.8920350319566083
0.8920385041800362
0.8920419764034642
0.8920454486268918
0.8920489208503198
0.8920523930737476
0.8920558652971755
0.8920593375206033
0.8920628097440312
0.892066281967459
0.8920697541908869
0.8920732264143146
0.8920766986377425
0.8920801708611705
0.8920836430845983
0.8920871153080262
0.892090587531454
0.8920940597548819
0.8920975319783097
0.8921010042017375
0.8921044764251655
0.8921079486485932
0.8921114208720212
0.892114893095449
0.8921183653188769
0.8921218375423047
0.8921253097657326
0.8921287819891603
0.8921322542125882
0.8921357264360162
0.892139198659444
0.8921426708828719
0.8921461431062997
0.8921496153297276
0.8921530875531554
0.8921565597765833
0.892160032000011
0.8921635042234389
0.8921669764468667
0.8921704486702946
0.8921739208937226
0.8921773931171504
0.8921808653405783
0.8921843375640061
0.892187809787434
0.8921912820108617
0.8921947542342896
0.8921982264577176
0.8922016986811453
0.8922051709045733
0.892208643128001
0.892212115351429
0.8922155875748567
0.8922190597982846
0.8922225320217124
0.8922260042451403
0.8922294764685683
0.8922329486919962
0.892236420915424
0.8922398931388519
0.8922433653622797
0.8922468375857074
0.8922503098091353
0.8922537820325631
0.892257254255991
0.8922607264794188
0.8922641987028467
0.8922676709262747
0.8922711431497026
0.8922746153731304
0.8922780875965582
0.892281559819986
0.8922850320434139
0.8922885042668417
0.8922919764902697
0.8922954487136974
0.8922989209371254
0.8923023931605533
0.892305865383981
0.8923093376074089
0.8923128098308367
0.8923162820542646
0.8923197542776924
0.8923232265011204
0.8923266987245483
0.8923301709479761
0.892333643171404
0.8923371153948317
0.8923405876182596
0.8923440598416874
0.8923475320651153
0.8923510042885431
0.892354476511971
0.8923579487353988
0.8923614209588268
0.8923648931822546
0.8923683654056824
0.8923718376291103
0.8923753098525381
0.892378782075966
0.8923822542993938
0.8923857265228218
0.8923891987462494
0.8923926709696774
0.8923961431931053
0.8923996154165331
0.892403087639961
0.8924065598633888
0.8924100320868167
0.8924135043102445
0.8924169765336725
0.8924204487571001
0.8924239209805281
0.892427393203956
0.8924308654273838
0.8924343376508117
0.8924378098742395
0.8924412820976674
0.8924447543210952
0.892448226544523
0.8924516987679508
0.8924551709913788
0.8924586432148067
0.8924621154382345
0.8924655876616624
0.8924690598850902
0.8924725321085181
0.8924760043319458
0.892479476555374
0.8924829487788015
0.8924864210022295
0.8924898932256574
0.8924933654490852
0.8924968376725131
0.8925003098959409
0.8925037821193688
0.8925072543427965
0.8925107265662247
0.8925141987896522
0.8925176710130803
0.8925211432365081
0.892524615459936
0.8925280876833638
0.8925315599067916
0.8925350321302195
0.8925385043536472
0.8925419765770753
0.8925454488005031
0.892548921023931
0.8925523932473588
0.8925558654707867
0.8925593376942145
0.8925628099176424
0.8925662821410701
0.892569754364498
0.8925732265879258
0.8925766988113537
0.8925801710347817
0.8925836432582095
0.8925871154816374
0.8925905877050652
0.892594059928493
0.8925975321519208
0.8926010043753487
0.8926044765987767
0.8926079488222044
0.8926114210456324
0.8926148932690602
0.8926183654924881
0.8926218377159159
0.8926253099393437
0.8926287821627715
0.8926322543861994
0.8926357266096274
0.8926391988330552
0.8926426710564831
0.8926461432799109
0.8926496155033388
0.8926530877267665
0.8926565599501944
0.8926600321736222
0.8926635043970501
0.8926669766204779
0.8926704488439058
0.8926739210673338
0.8926773932907616
0.8926808655141895
0.8926843377376172
0.8926878099610451
0.8926912821844729
0.8926947544079008
0.8926982266313288
0.8927016988547565
0.8927051710781845
