0.2781250965712141
0.27812856879464193
0.2781320410180698
0.27813551324149766
0.2781389854649255
0.27814245768835333
0.27814592991178116
0.27814940213520906
0.27815287435863695
0.2781563465820648
0.2781598188054926
0.2781632910289205
0.27816676325234835
0.2781702354757762
0.278173707699204
0.27817717992263186
0.27818065214605975
0.2781841243694876
0.2781875965929154
0.2781910688163433
0.2781945410397712
0.27819801326319904
0.2782014854866269
0.27820495771005477
0.2782084299334826
0.27821190215691044
0.2782153743803383
0.27821884660376617
0.278222318827194
0.27822579105062184
0.27822926327404973
0.2782327354974776
0.27823620772090546
0.2782396799443333
0.27824315216776113
0.278246624391189
0.27825009661461686
0.2782535688380447
0.2782570410614726
0.2782605132849004
0.27826398550832826
0.27826745773175615
0.27827092995518404
0.2782744021786119
0.2782778744020397
0.27828134662546755
0.27828481884889544
0.2782882910723233
0.2782917632957511
0.278295235519179
0.27829870774260684
0.2783021799660347
0.27830565218946257
0.2783091244128904
0.27831259663631824
0.2783160688597461
0.2783195410831739
0.2783230133066018
0.2783264855300297
0.27832995775345754
0.27833342997688537
0.27833690220031326
0.2783403744237411
0.278343846647169
0.2783473188705968
0.27835079109402466
0.2783542633174525
0.27835773554088034
0.2783612077643082
0.2783646799877361
0.27836815221116396
0.2783716244345918
0.2783750966580197
0.2783785688814475
0.2783820411048754
0.2783855133283032
0.2783889855517311
0.2783924577751589
0.27839592999858676
0.27839940222201465
0.27840287444544254
0.2784063466688704
0.2784098188922982
0.2784132911157261
0.27841676333915394
0.2784202355625818
0.2784237077860096
0.27842718000943745
0.27843065223286534
0.2784341244562932
0.278437596679721
0.2784410689031489
0.2784445411265768
0.27844801335000463
0.27845148557343247
0.2784549577968603
0.2784584300202882
0.27846190224371603
0.27846537446714387
0.27846884669057176
0.2784723189139996
0.27847579113742743
0.2784792633608553
0.2784827355842832
0.27848620780771105
0.2784896800311389
0.2784931522545667
0.2784966244779946
0.27850009670142245
0.2785035689248503
0.2785070411482782
0.278510513371706
0.27851398559513385
0.27851745781856174
0.27852093004198963
0.27852440226541747
0.27852787448884525
0.27853134671227314
0.27853481893570103
0.27853829115912887
0.2785417633825567
0.2785452356059846
0.27854870782941243
0.27855218005284027
0.27855565227626816
0.278559124499696
0.27856259672312383
0.27856606894655167
0.2785695411699795
0.2785730133934074
0.2785764856168353
0.2785799578402631
0.27858343006369096
0.27858690228711885
0.2785903745105467
0.2785938467339746
0.27859731895740236
0.27860079118083025
0.2786042634042581
0.2786077356276859
0.2786112078511138
0.2786146800745417
0.27861815229796955
0.2786216245213974
0.2786250967448253
0.2786285689682531
0.27863204119168095
0.2786355134151088
0.2786389856385367
0.2786424578619645
0.27864593008539235
0.27864940230882024
0.27865287453224813
0.27865634675567597
0.2786598189791038
0.2786632912025317
0.2786667634259595
0.27867023564938737
0.2786737078728152
0.27867718009624304
0.27868065231967093
0.27868412454309877
0.27868759676652666
0.2786910689899545
0.2786945412133824
0.2786980134368102
0.27870148566023806
0.2787049578836659
0.2787084301070938
0.2787119023305216
0.27871537455394946
0.27871884677737735
0.2787223190008052
0.278725791224233
0.2787292634476609
0.2787327356710888
0.27873620789451664
0.2787396801179444
0.2787431523413723
0.2787466245648002
0.27875009678822804
0.2787535690116559
0.27875704123508377
0.2787605134585116
0.27876398568193944
0.27876745790536733
0.27877093012879517
0.278774402352223
0.27877787457565084
0.27878134679907873
0.2787848190225066
0.27878829124593446
0.2787917634693623
0.2787952356927902
0.278798707916218
0.27880218013964586
0.27880565236307375
0.27880912458650153
0.2788125968099294
0.27881606903335726
