0.36770846100988225
0.36771193323331014
0.36771540545673803
0.36771887768016587
0.3677223499035937
0.3677258221270216
0.36772929435044943
0.36773276657387727
0.3677362387973051
0.36773971102073294
0.36774318324416083
0.3677466554675887
0.36775012769101656
0.3677535999144444
0.36775707213787223
0.3677605443613001
0.36776401658472796
0.3677674888081558
0.36777096103158363
0.3677744332550115
0.36777790547843936
0.36778137770186725
0.3677848499252951
0.367788322148723
0.3677917943721508
0.3677952665955787
0.36779873881900654
0.3678022110424343
0.3678056832658622
0.3678091554892901
0.36781262771271794
0.3678160999361458
0.36781957215957367
0.36782304438300156
0.3678265166064294
0.36782998882985724
0.36783346105328507
0.36783693327671296
0.3678404055001408
0.36784387772356864
0.36784734994699647
0.3678508221704243
0.3678542943938522
0.3678577666172801
0.3678612388407079
0.36786471106413576
0.36786818328756365
0.3678716555109915
0.3678751277344193
0.36787859995784716
0.36788207218127505
0.3678855444047029
0.3678890166281308
0.3678924888515586
0.3678959610749865
0.36789943329841435
0.3679029055218422
0.36790637774527
0.36790984996869786
0.3679133221921257
0.36791679441555364
0.3679202666389815
0.3679237388624093
0.36792721108583715
0.367930683309265
0.36793415553269293
0.36793762775612077
0.3679410999795486
0.3679445722029764
0.3679480444264043
0.36795151664983217
0.36795498887326
0.36795846109668784
0.36796193332011573
0.3679654055435436
0.36796887776697146
0.3679723499903993
0.36797582221382713
0.36797929443725497
0.36798276666068286
0.3679862388841107
0.36798971110753853
0.3679931833309664
0.3679966555543943
0.36800012777782215
0.36800360000125
0.3680070722246778
0.3680105444481057
0.36801401667153355
0.3680174888949614
0.3680209611183892
0.3680244333418171
0.36802790556524495
0.36803137778867284
0.3680348500121007
0.36803832223552857
0.3680417944589564
0.36804526668238424
0.3680487389058121
0.3680522111292399
0.3680556833526678
0.3680591555760957
0.36806262779952353
0.36806610002295137
0.36806957224637926
0.36807304446980715
0.368076516693235
0.3680799889166628
0.36808346114009066
0.36808693336351855
0.3680904055869464
0.3680938778103742
0.36809735003380206
0.3681008222572299
0.3681042944806578
0.3681077667040857
0.3681112389275135
0.36811471115094135
0.3681181833743692
0.368121655597797
0.3681251278212249
0.36812860004465275
0.36813207226808065
0.3681355444915085
0.3681390167149364
0.3681424889383642
0.3681459611617921
0.36814943338521994
0.3681529056086478
0.3681563778320756
0.36815985005550345
0.3681633222789313
0.36816679450235923
0.36817026672578707
0.3681737389492149
0.36817721117264274
0.3681806833960706
0.36818415561949847
0.3681876278429263
0.36819110006635414
0.368194572289782
0.36819804451320987
0.36820151673663776
0.3682049889600656
0.36820846118349343
0.3682119334069213
0.3682154056303492
0.36821887785377705
0.3682223500772049
0.3682258223006327
0.3682292945240606
0.36823276674748845
0.3682362389709163
0.3682397111943441
0.368243183417772
0.3682466556411999
0.36825012786462774
0.3682536000880556
0.3682570723114834
0.3682605445349113
0.36826401675833914
0.368267488981767
0.3682709612051948
0.3682744334286227
0.36827790565205054
0.36828137787547843
0.36828485009890627
0.36828832232233416
0.368291794545762
0.36829526676918983
0.36829873899261767
0.3683022112160455
0.3683056834394734
0.3683091556629013
0.3683126278863291
0.36831610010975696
0.36831957233318485
0.36832304455661274
0.3683265167800405
0.36832998900346836
0.3683334612268962
0.36833693345032403
0.368340405673752
0.3683438778971798
0.36834735012060765
0.3683508223440355
0.3683542945674634
0.3683577667908913
0.3683612390143191
0.36836471123774694
0.3683681834611748
0.3683716556846026
0.3683751279080305
0.36837860013145834
0.36838207235488624
0.3683855445783141
0.36838901680174196
0.3683924890251698
0.36839596124859764
0.3683994334720255
