0.30659732867962797
0.3066008009030558
0.3066042731264837
0.3066077453499116
0.3066112175733394
0.30661468979676726
0.30661816202019515
0.30662163424362304
0.3066251064670508
0.30662857869047866
0.30663205091390655
0.3066355231373344
0.3066389953607623
0.3066424675841901
0.30664593980761795
0.30664941203104584
0.30665288425447373
0.30665635647790157
0.3066598287013294
0.30666330092475724
0.30666677314818513
0.30667024537161297
0.3066737175950408
0.30667718981846864
0.30668066204189653
0.30668413426532437
0.30668760648875226
0.3066910787121801
0.30669455093560793
0.30669802315903577
0.30670149538246366
0.3067049676058915
0.30670843982931933
0.3067119120527472
0.3067153842761751
0.30671885649960295
0.3067223287230308
0.3067258009464587
0.3067292731698865
0.30673274539331435
0.3067362176167422
0.30673968984017
0.30674316206359786
0.3067466342870258
0.30675010651045365
0.3067535787338815
0.3067570509573093
0.3067605231807372
0.3067639954041651
0.3067674676275929
0.3067709398510207
0.3067744120744486
0.30677788429787645
0.30678135652130434
0.3067848287447322
0.30678830096816007
0.3067917731915879
0.3067952454150158
0.30679871763844363
0.30680218986187147
0.3068056620852993
0.3068091343087272
0.30681260653215503
0.30681607875558287
0.3068195509790107
0.30682302320243865
0.3068264954258665
0.3068299676492943
0.30683343987272216
0.30683691209615
0.3068403843195779
0.3068438565430057
0.30684732876643356
0.3068508009898614
0.3068542732132893
0.3068577454367172
0.306861217660145
0.30686468988357285
0.30686816210700074
0.3068716343304286
0.3068751065538564
0.30687857877728425
0.30688205100071214
0.30688552322414
0.30688899544756787
0.3068924676709957
0.30689593989442354
0.30689941211785143
0.3069028843412793
0.30690635656470716
0.30690982878813494
0.3069133010115628
0.3069167732349907
0.30692024545841856
0.3069237176818464
0.30692718990527423
0.3069306621287021
0.30693413435212996
0.30693760657555785
0.3069410787989857
0.3069445510224135
0.30694802324584136
0.30695149546926925
0.3069549676926971
0.3069584399161249
0.3069619121395528
0.3069653843629807
0.30696885658640854
0.3069723288098364
0.3069758010332643
0.3069792732566921
0.30698274548011995
0.3069862177035478
0.3069896899269756
0.30699316215040345
0.3069966343738314
0.30700010659725924
0.3070035788206871
0.3070070510441149
0.3070105232675428
0.30701399549097064
0.3070174677143985
0.3070209399378263
0.3070244121612542
0.30702788438468204
0.30703135660810993
0.30703482883153776
0.30703830105496566
0.3070417732783935
0.3070452455018214
0.3070487177252492
0.307052189948677
0.3070556621721049
0.3070591343955328
0.3070626066189606
0.30706607884238846
0.3070695510658163
0.30707302328924424
0.3070764955126721
0.3070799677360999
0.30708343995952775
0.3070869121829556
0.3070903844063835
0.3070938566298113
0.30709732885323915
0.307100801076667
0.3071042733000949
0.30710774552352277
0.3071112177469506
0.30711468997037844
0.30711816219380633
0.30712163441723417
0.307125106640662
0.30712857886408984
0.30713205108751773
0.30713552331094557
0.30713899553437346
0.3071424677578013
0.30714593998122913
0.307149412204657
0.30715288442808486
0.3071563566515127
0.30715982887494053
0.30716330109836837
0.3071667733217963
0.30717024554522415
0.307173717768652
0.3071771899920798
0.3071806622155077
0.30718413443893555
0.30718760666236344
0.3071910788857913
0.30719455110921906
0.30719802333264695
0.30720149555607484
0.3072049677795027
0.3072084400029305
0.3072119122263584
0.3072153844497863
0.30721885667321414
0.30722232889664197
0.3072258011200698
0.3072292733434977
0.30723274556692554
0.30723621779035337
0.3072396900137812
0.30724316223720904
0.307246634460637
0.3072501066840648
0.30725357890749266
0.3072570511309205
0.3072605233543484
0.3072639955777762
0.30726746780120406
0.3072709400246319
0.3072744122480598
0.30727788447148763
0.3072813566949155
0.30728482891834336
0.30728830114177125
