0.6107641009597573
0.6107675731831851
0.610771045406613
0.6107745176300409
0.6107779898534688
0.6107814620768965
0.6107849343003243
0.6107884065237522
0.6107918787471801
0.610795350970608
0.6107988231940358
0.6108022954174638
0.6108057676408916
0.6108092398643195
0.6108127120877472
0.6108161843111751
0.6108196565346029
0.6108231287580308
0.6108266009814587
0.6108300732048865
0.6108335454283145
0.6108370176517423
0.6108404898751701
0.6108439620985979
0.6108474343220258
0.6108509065454536
0.6108543787688815
0.6108578509923094
0.6108613232157372
0.610864795439165
0.610868267662593
0.6108717398860208
0.6108752121094486
0.6108786843328765
0.6108821565563043
0.6108856287797322
0.6108891010031601
0.6108925732265879
0.6108960454500157
0.6108995176734436
0.6109029898968715
0.6109064621202993
0.6109099343437272
0.610913406567155
0.610916878790583
0.6109203510140108
0.6109238232374385
0.6109272954608665
0.6109307676842943
0.6109342399077222
0.61093771213115
0.6109411843545779
0.6109446565780057
0.6109481288014337
0.6109516010248615
0.6109550732482893
0.6109585454717172
0.610962017695145
0.6109654899185729
0.6109689621420007
0.6109724343654286
0.6109759065888564
0.6109793788122844
0.6109828510357121
0.61098632325914
0.6109897954825678
0.6109932677059957
0.6109967399294236
0.6110002121528514
0.6110036843762793
0.6110071565997071
0.6110106288231351
0.6110141010465628
0.6110175732699907
0.6110210454934185
0.6110245177168464
0.6110279899402743
0.6110314621637021
0.61103493438713
0.6110384066105577
0.6110418788339858
0.6110453510574135
0.6110488232808414
0.6110522955042693
0.6110557677276972
0.611059239951125
0.6110627121745529
0.6110661843979807
0.6110696566214084
0.6110731288448364
0.6110766010682642
0.6110800732916921
0.61108354551512
0.6110870177385479
0.6110904899619757
0.6110939621854036
0.6110974344088314
0.6111009066322592
0.6111043788556871
0.6111078510791149
0.6111113233025428
0.6111147955259706
0.6111182677493986
0.6111217399728264
0.6111252121962543
0.611128684419682
0.6111321566431099
0.6111356288665378
0.6111391010899656
0.6111425733133935
0.6111460455368213
0.6111495177602493
0.6111529899836771
0.611156462207105
0.6111599344305327
0.6111634066539606
0.6111668788773885
0.6111703511008163
0.6111738233242442
0.6111772955476721
0.6111807677711
0.6111842399945278
0.6111877122179556
0.6111911844413834
0.6111946566648113
0.6111981288882392
0.6112016011116671
0.6112050733350949
0.6112085455585228
0.6112120177819507
0.6112154900053784
0.6112189622288063
0.6112224344522341
0.611225906675662
0.6112293788990899
0.6112328511225178
0.6112363233459456
0.6112397955693735
0.6112432677928014
0.6112467400162291
0.611250212239657
0.6112536844630848
0.6112571566865127
0.6112606289099406
0.6112641011333685
0.6112675733567963
0.6112710455802242
0.611274517803652
0.6112779900270798
0.6112814622505077
0.6112849344739355
0.6112884066973634
0.6112918789207913
0.6112953511442192
0.611298823367647
0.611302295591075
0.6113057678145027
0.6113092400379305
0.6113127122613584
0.6113161844847862
0.6113196567082141
0.611323128931642
0.6113266011550699
0.6113300733784977
0.6113335456019257
0.6113370178253534
0.6113404900487813
0.6113439622722091
0.611347434495637
0.6113509067190648
0.6113543789424927
0.6113578511659206
0.6113613233893483
0.6113647956127762
0.6113682678362041
0.611371740059632
0.6113752122830598
0.6113786845064877
0.6113821567299155
0.6113856289533434
0.6113891011767713
0.611392573400199
0.6113960456236269
0.6113995178470548
0.6114029900704827
0.6114064622939105
0.6114099345173384
0.6114134067407662
0.611416878964194
0.611420351187622
0.6114238234110497
0.6114272956344777
0.6114307678579055
0.6114342400813334
0.6114377123047612
0.6114411845281891
0.6114446567516169
0.6114481289750447
0.6114516011984726
0.6114550734219004
