0.44687515516498444
0.4468786273884123
0.4468820996118401
0.446885571835268
0.44688904405869584
0.4468925162821237
0.4468959885055515
0.44689946072897946
0.4469029329524073
0.44690640517583513
0.44690987739926297
0.4469133496226908
0.4469168218461187
0.44692029406954653
0.44692376629297437
0.4469272385164022
0.44693071073983015
0.446934182963258
0.4469376551866858
0.44694112741011366
0.4469445996335415
0.44694807185696944
0.4469515440803973
0.44695501630382506
0.4469584885272529
0.44696196075068084
0.4469654329741087
0.4469689051975365
0.44697237742096435
0.4469758496443922
0.44697932186782013
0.44698279409124797
0.4469862663146758
0.44698973853810364
0.44699321076153153
0.44699668298495937
0.4470001552083872
0.44700362743181504
0.4470070996552429
0.4470105718786708
0.44701404410209866
0.4470175163255265
0.44702098854895433
0.4470244607723822
0.44702793299581006
0.4470314052192379
0.44703487744266573
0.44703834966609357
0.4470418218895215
0.44704529411294935
0.4470487663363772
0.447052238559805
0.4470557107832329
0.44705918300666075
0.4470626552300886
0.4470661274535164
0.44706959967694426
0.4470730719003722
0.44707654412380005
0.4470800163472279
0.4470834885706557
0.44708696079408367
0.4470904330175115
0.44709390524093934
0.4470973774643671
0.44710084968779495
0.4471043219112229
0.44710779413465074
0.4471112663580786
0.4471147385815064
0.44711821080493436
0.4471216830283622
0.44712515525179003
0.44712862747521787
0.4471320996986457
0.4471355719220736
0.44713904414550143
0.44714251636892927
0.4471459885923571
0.44714946081578505
0.4471529330392129
0.4471564052626407
0.44715987748606856
0.4471633497094964
0.4471668219329243
0.4471702941563521
0.44717376637977996
0.4471772386032078
0.44718071082663574
0.4471841830500636
0.4471876552734914
0.44719112749691925
0.4471945997203471
0.447198071943775
0.4472015441672028
0.44720501639063065
0.4472084886140585
0.44721196083748643
0.44721543306091427
0.4472189052843421
0.44722237750776994
0.4472258497311978
0.4472293219546257
0.44723279417805356
0.4472362664014814
0.4472397386249092
0.4472432108483371
0.44724668307176496
0.4472501552951928
0.44725362751862063
0.44725709974204847
0.4472605719654764
0.44726404418890425
0.4472675164123321
0.4472709886357599
0.4472744608591878
0.44727793308261565
0.4472814053060435
0.4472848775294713
0.44728834975289916
0.4472918219763271
0.44729529419975494
0.4472987664231828
0.4473022386466106
0.4473057108700385
0.44730918309346634
0.4473126553168942
0.447316127540322
0.44731959976374985
0.4473230719871778
0.44732654421060564
0.4473300164340335
0.4473334886574613
0.4473369608808892
0.44734043310431704
0.4473439053277449
0.4473473775511727
0.44735084977460055
0.4473543219980285
0.44735779422145633
0.44736126644488416
0.447364738668312
0.44736821089173995
0.4473716831151678
0.4473751553385956
0.44737862756202346
0.44738209978545124
0.4473855720088792
0.447389044232307
0.44739251645573486
0.4473959886791627
0.44739946090259064
0.4474029331260185
0.4474064053494463
0.44740987757287415
0.447413349796302
0.4474168220197299
0.4474202942431577
0.44742376646658555
0.4474272386900134
0.44743071091344133
0.44743418313686917
0.447437655360297
0.44744112758372484
0.4474445998071527
0.44744807203058057
0.4474515442540084
0.44745501647743624
0.4474584887008641
0.447461960924292
0.44746543314771986
0.4474689053711477
0.44747237759457553
0.44747584981800337
0.44747932204143126
0.4474827942648591
0.44748626648828693
0.44748973871171477
0.4474932109351427
0.44749668315857055
0.4475001553819984
0.4475036276054262
0.44750709982885406
0.447510572052282
0.44751404427570984
0.4475175164991377
0.4475209887225655
0.4475244609459934
0.44752793316942124
0.4475314053928491
0.4475348776162769
0.44753834983970475
0.4475418220631327
0.44754529428656054
0.44754876650998837
0.4475522387334162
0.4475557109568441
0.44755918318027194
0.44756265540369977
0.4475661276271276
