0.938541992549303
0.9385454647727307
0.9385489369961587
0.9385524092195864
0.9385558814430144
0.9385593536664423
0.9385628258898701
0.9385662981132981
0.9385697703367257
0.9385732425601537
0.9385767147835814
0.9385801870070094
0.9385836592304373
0.9385871314538651
0.938590603677293
0.9385940759007207
0.9385975481241488
0.9386010203475764
0.9386044925710044
0.9386079647944321
0.9386114370178601
0.938614909241288
0.9386183814647158
0.9386218536881437
0.9386253259115714
0.9386287981349993
0.9386322703584271
0.9386357425818551
0.9386392148052828
0.9386426870287108
0.9386461592521385
0.9386496314755665
0.9386531036989944
0.9386565759224221
0.9386600481458502
0.9386635203692778
0.9386669925927059
0.9386704648161335
0.9386739370395616
0.9386774092629891
0.9386808814864172
0.938684353709845
0.9386878259332728
0.9386912981567009
0.9386947703801285
0.9386982426035566
0.9387017148269842
0.9387051870504123
0.9387086592738401
0.938712131497268
0.9387156037206957
0.9387190759441236
0.9387225481675514
0.9387260203909792
0.9387294926144073
0.9387329648378349
0.938736437061263
0.9387399092846908
0.9387433815081186
0.9387468537315464
0.9387503259549743
0.9387537981784021
0.93875727040183
0.938760742625258
0.9387642148486857
0.9387676870721137
0.9387711592955412
0.9387746315189693
0.9387781037423971
0.938781575965825
0.938785048189253
0.9387885204126807
0.9387919926361087
0.9387954648595364
0.9387989370829644
0.9388024093063921
0.93880588152982
0.9388093537532478
0.9388128259766757
0.9388162982001035
0.9388197704235314
0.9388232426469594
0.938826714870387
0.938830187093815
0.9388336593172428
0.9388371315406707
0.9388406037640985
0.9388440759875264
0.9388475482109542
0.9388510204343821
0.9388544926578101
0.9388579648812377
0.9388614371046657
0.9388649093280934
0.9388683815515214
0.9388718537749492
0.9388753259983771
0.9388787982218051
0.9388822704452328
0.9388857426686608
0.9388892148920884
0.9388926871155164
0.9388961593389442
0.9388996315623721
0.9389031037857999
0.9389065760092278
0.9389100482326556
0.9389135204560835
0.9389169926795115
0.9389204649029391
0.9389239371263671
0.9389274093497949
0.9389308815732228
0.9389343537966506
0.9389378260200785
0.9389412982435063
0.9389447704669341
0.9389482426903621
0.9389517149137898
0.9389551871372178
0.9389586593606455
0.9389621315840735
0.9389656038075013
0.9389690760309292
0.9389725482543572
0.9389760204777848
0.9389794927012128
0.9389829649246405
0.9389864371480685
0.9389899093714964
0.9389933815949242
0.9389968538183521
0.9390003260417799
0.9390037982652077
0.9390072704886355
0.9390107427120635
0.9390142149354912
0.9390176871589192
0.9390211593823471
0.9390246316057749
0.9390281038292028
0.9390315760526305
0.9390350482760584
0.9390385204994862
0.9390419927229142
0.9390454649463419
0.9390489371697699
0.9390524093931976
0.9390558816166256
0.9390593538400535
0.9390628260634812
0.9390662982869092
0.9390697705103369
0.9390732427337649
0.9390767149571926
0.9390801871806206
0.9390836594040485
0.9390871316274763
0.9390906038509041
0.9390940760743319
0.9390975482977599
0.9391010205211876
0.9391044927446156
0.9391079649680433
0.9391114371914713
0.9391149094148992
0.939118381638327
0.9391218538617548
0.9391253260851826
0.9391287983086105
0.9391322705320383
0.9391357427554663
0.939139214978894
0.939142687202322
0.9391461594257496
0.9391496316491776
0.9391531038726055
0.9391565760960333
0.9391600483194613
0.939163520542889
0.939166992766317
0.9391704649897447
0.9391739372131727
0.9391774094366003
0.9391808816600283
0.9391843538834562
0.939187826106884
0.9391912983303121
0.9391947705537397
0.9391982427771678
0.9392017150005953
0.9392051872240234
0.9392086594474512
0.939212131670879
0.9392156038943069
0.9392190761177347
0.9392225483411626
0.9392260205645904
0.9392294927880185
0.939232965011446
