0.9704864480855723
0.9704899203090002
0.970493392532428
0.9704968647558558
0.9705003369792836
0.9705038092027115
0.9705072814261393
0.9705107536495673
0.970514225872995
0.970517698096423
0.9705211703198506
0.9705246425432786
0.9705281147667065
0.9705315869901343
0.9705350592135624
0.97053853143699
0.9705420036604181
0.9705454758838457
0.9705489481072737
0.9705524203307015
0.9705558925541293
0.9705593647775572
0.970562837000985
0.9705663092244129
0.9705697814478407
0.9705732536712688
0.9705767258946963
0.9705801981181245
0.9705836703415522
0.9705871425649801
0.9705906147884079
0.9705940870118357
0.9705975592352636
0.9706010314586914
0.9706045036821195
0.970607975905547
0.9706114481289752
0.9706149203524027
0.9706183925758308
0.9706218647992586
0.9706253370226865
0.9706288092461145
0.9706322814695422
0.9706357536929702
0.9706392259163977
0.9706426981398258
0.9706461703632536
0.9706496425866815
0.9706531148101093
0.9706565870335372
0.970660059256965
0.9706635314803929
0.9706670037038209
0.9706704759272485
0.9706739481506765
0.9706774203741043
0.9706808925975322
0.97068436482096
0.9706878370443879
0.9706913092678157
0.9706947814912436
0.9706982537146716
0.9707017259380992
0.9707051981615272
0.9707086703849549
0.9707121426083829
0.9707156148318107
0.9707190870552386
0.9707225592786666
0.9707260315020942
0.9707295037255222
0.9707329759489499
0.9707364481723779
0.9707399203958057
0.9707433926192336
0.9707468648426614
0.9707503370660893
0.970753809289517
0.9707572815129449
0.9707607537363729
0.9707642259598006
0.9707676981832286
0.9707711704066564
0.9707746426300843
0.9707781148535121
0.97078158707694
0.9707850593003677
0.9707885315237956
0.9707920037472236
0.9707954759706513
0.9707989481940793
0.970802420417507
0.970805892640935
0.9708093648643628
0.9708128370877906
0.9708163093112187
0.9708197815346463
0.9708232537580743
0.970826725981502
0.97083019820493
0.9708336704283578
0.9708371426517857
0.9708406148752134
0.9708440870986413
0.9708475593220693
0.970851031545497
0.970854503768925
0.9708579759923527
0.9708614482157807
0.9708649204392086
0.9708683926626364
0.9708718648860643
0.970875337109492
0.9708788093329198
0.9708822815563477
0.9708857537797757
0.9708892260032034
0.9708926982266314
0.970896170450059
0.970899642673487
0.9709031148969149
0.9709065871203427
0.9709100593437707
0.9709135315671984
0.9709170037906264
0.9709204760140541
0.9709239482374821
0.9709274204609097
0.9709308926843377
0.9709343649077656
0.9709378371311934
0.9709413093546214
0.9709447815780491
0.9709482538014771
0.9709517260249048
0.9709551982483328
0.9709586704717607
0.9709621426951884
0.9709656149186163
0.9709690871420441
0.970972559365472
0.9709760315888998
0.9709795038123278
0.9709829760357555
0.9709864482591835
0.9709899204826113
0.9709933927060391
0.970996864929467
0.9710003371528948
0.9710038093763227
0.9710072815997505
0.9710107538231785
0.9710142260466061
0.9710176982700341
0.9710211704934618
0.9710246427168898
0.9710281149403177
0.9710315871637455
0.9710350593871735
0.9710385316106012
0.9710420038340292
0.9710454760574568
0.9710489482808848
0.9710524205043127
0.9710558927277405
0.9710593649511684
0.9710628371745962
0.9710663093980241
0.9710697816214519
0.9710732538448799
0.9710767260683075
0.9710801982917355
0.9710836705151634
0.9710871427385912
0.9710906149620191
0.9710940871854469
0.9710975594088748
0.9711010316323025
0.9711045038557307
0.9711079760791582
0.9711114483025863
0.9711149205260139
0.9711183927494419
0.9711218649728698
0.9711253371962976
0.9711288094197257
0.9711322816431532
0.9711357538665814
0.9711392260900089
0.971142698313437
0.9711461705368648
0.9711496427602927
0.9711531149837205
0.9711565872071484
0.9711600594305762
0.9711635316540039
0.971167003877432
0.9711704761008596
0.9711739483242877
0.9711774205477155
