0.4906251703559619
0.49062864257938976
0.4906321148028176
0.4906355870262455
0.4906390592496733
0.49064253147310116
0.490646003696529
0.49064947591995695
0.4906529481433848
0.4906564203668126
0.49065989259024045
0.4906633648136683
0.49066683703709624
0.4906703092605241
0.4906737814839519
0.49067725370737975
0.49068072593080764
0.4906841981542355
0.4906876703776633
0.49069114260109115
0.490694614824519
0.49069808704794693
0.49070155927137477
0.4907050314948026
0.49070850371823044
0.49071197594165833
0.49071544816508617
0.490718920388514
0.49072239261194184
0.4907258648353697
0.4907293370587976
0.49073280928222546
0.4907362815056533
0.49073975372908113
0.490743225952509
0.49074669817593686
0.4907501703993647
0.49075364262279253
0.49075711484622037
0.4907605870696483
0.49076405929307615
0.490767531516504
0.4907710037399318
0.4907744759633597
0.49077794818678755
0.4907814204102154
0.4907848926336432
0.49078836485707106
0.490791837080499
0.49079530930392684
0.4907987815273547
0.4908022537507825
0.49080572597421046
0.4908091981976383
0.49081267042106613
0.49081614264449397
0.4908196148679218
0.4908230870913497
0.49082655931477753
0.49083003153820537
0.4908335037616332
0.49083697598506115
0.490840448208489
0.4908439204319168
0.49084739265534466
0.4908508648787725
0.4908543371022004
0.4908578093256282
0.49086128154905606
0.4908647537724839
0.49086822599591184
0.4908716982193397
0.4908751704427675
0.49087864266619535
0.4908821148896232
0.4908855871130511
0.4908890593364789
0.49089253155990675
0.4908960037833346
0.49089947600676254
0.4909029482301904
0.4909064204536182
0.49090989267704604
0.4909133649004739
0.4909168371239018
0.4909203093473296
0.49092378157075744
0.4909272537941853
0.49093072601761323
0.49093419824104106
0.4909376704644689
0.49094114268789674
0.4909446149113246
0.4909480871347525
0.49095155935818036
0.4909550315816082
0.49095850380503603
0.4909619760284639
0.49096544825189176
0.4909689204753196
0.49097239269874743
0.49097586492217526
0.4909793371456032
0.49098280936903105
0.4909862815924589
0.4909897538158867
0.4909932260393146
0.49099669826274245
0.4910001704861703
0.4910036427095981
0.49100711493302596
0.4910105871564539
0.49101405937988174
0.4910175316033096
0.4910210038267374
0.4910244760501653
0.49102794827359314
0.491031420497021
0.4910348927204488
0.49103836494387665
0.4910418371673046
0.49104530939073243
0.49104878161416027
0.4910522538375881
0.49105572606101605
0.49105919828444383
0.49106267050787167
0.4910661427312995
0.49106961495472734
0.4910730871781553
0.4910765594015831
0.49108003162501096
0.4910835038484388
0.49108697607186674
0.4910904482952946
0.4910939205187224
0.49109739274215025
0.4911008649655781
0.491104337189006
0.4911078094124338
0.49111128163586165
0.4911147538592895
0.49111822608271744
0.49112169830614527
0.4911251705295731
0.49112864275300094
0.4911321149764288
0.49113558719985667
0.4911390594232845
0.49114253164671234
0.4911460038701402
0.4911494760935681
0.49115294831699596
0.4911564205404238
0.49115989276385164
0.49116336498727947
0.49116683721070736
0.4911703094341352
0.49117378165756304
0.49117725388099087
0.4911807261044188
0.49118419832784666
0.4911876705512745
0.4911911427747023
0.49119461499813016
0.4911980872215581
0.4912015594449859
0.4912050316684137
0.49120850389184156
0.4912119761152695
0.49121544833869735
0.4912189205621252
0.491222392785553
0.49122586500898086
0.4912293372324088
0.49123280945583664
0.4912362816792645
0.4912397539026923
0.4912432261261202
0.49124669834954804
0.4912501705729759
0.4912536427964037
0.49125711501983155
0.4912605872432595
0.49126405946668733
0.49126753169011517
0.491271003913543
0.4912744761369709
0.49127794836039873
0.49128142058382657
0.4912848928072544
0.49128836503068224
0.4912918372541102
0.491295309477538
0.49129878170096586
0.4913022539243937
0.4913057261478216
0.4913091983712494
0.49131267059467726
0.4913161428181051
