0.2170139642409598
0.21701743646438765
0.21702090868781554
0.21702438091124332
0.21702785313467118
0.21703132535809908
0.2170347975815269
0.2170382698049548
0.21704174202838264
0.2170452142518105
0.21704868647523834
0.21705215869866618
0.21705563092209407
0.2170591031455219
0.21706257536894977
0.2170660475923776
0.21706951981580544
0.21707299203923333
0.21707646426266117
0.21707993648608903
0.21708340870951687
0.21708688093294476
0.21709035315637265
0.21709382537980043
0.21709729760322832
0.21710076982665613
0.21710424205008402
0.21710771427351191
0.21711118649693975
0.21711465872036761
0.21711813094379542
0.2171216031672233
0.21712507539065118
0.21712854761407901
0.21713201983750688
0.21713549206093471
0.2171389642843626
0.2171424365077904
0.21714590873121828
0.21714938095464614
0.21715285317807398
0.21715632540150187
0.2171597976249297
0.2171632698483576
0.21716674207178546
0.21717021429521324
0.21717368651864113
0.21717715874206897
0.21718063096549686
0.21718410318892473
0.21718757541235256
0.2171910476357804
0.21719451985920823
0.21719799208263613
0.217201464306064
0.21720493652949183
0.21720840875291972
0.2172118809763475
0.2172153531997754
0.21721882542320323
0.2172222976466311
0.21722576987005898
0.21722924209348682
0.2172327143169147
0.2172361865403425
0.21723965876377038
0.21724313098719825
0.21724660321062608
0.21725007543405397
0.2172535476574818
0.21725701988090967
0.21726049210433757
0.21726396432776535
0.21726743655119324
0.21727090877462107
0.21727438099804894
0.21727785322147683
0.21728132544490467
0.21728479766833256
0.21728826989176034
0.2172917421151882
0.21729521433861604
0.21729868656204393
0.21730215878547182
0.21730563100889966
0.2173091032323275
0.2173125754557553
0.2173160476791832
0.21731951990261109
0.21732299212603892
0.21732646434946679
0.21732993657289462
0.21733340879632246
0.21733688101975035
0.21734035324317819
0.21734382546660605
0.21734729769003389
0.21735076991346178
0.21735424213688956
0.21735771436031745
0.2173611865837453
0.21736465880717315
0.21736813103060104
0.21737160325402888
0.21737507547745677
0.21737854770088463
0.21738201992431241
0.2173854921477403
0.21738896437116814
0.21739243659459603
0.2173959088180239
0.21739938104145173
0.21740285326487963
0.2174063254883074
0.2174097977117353
0.21741326993516316
0.217416742158591
0.2174202143820189
0.21742368660544673
0.21742715882887462
0.2174306310523024
0.21743410327573026
0.21743757549915815
0.217441047722586
0.21744451994601388
0.21744799216944172
0.21745146439286955
0.21745493661629742
0.21745840883972525
0.21746188106315315
0.21746535328658098
0.21746882551000885
0.21747229773343674
0.21747576995686452
0.2174792421802924
0.21748271440372025
0.2174861866271481
0.217489658850576
0.21749313107400384
0.21749660329743173
0.2175000755208595
0.21750354774428737
0.2175070199677152
0.2175104921911431
0.217513964414571
0.21751743663799883
0.2175209088614267
0.21752438108485447
0.21752785330828237
0.21753132553171026
0.2175347977551381
0.21753826997856596
0.2175417422019938
0.21754521442542168
0.21754868664884952
0.21755215887227736
0.21755563109570522
0.21755910331913306
0.21756257554256095
0.21756604776598878
0.21756951998941668
0.21757299221284448
0.21757646443627232
0.2175799366597002
0.21758340888312805
0.21758688110655594
0.2175903533299838
0.2175938255534116
0.21759729777683948
0.2176007700002673
0.2176042422236952
0.21760771444712307
0.2176111866705509
0.2176146588939788
0.21761813111740658
0.21762160334083447
0.21762507556426233
0.21762854778769017
0.21763202001111806
0.2176354922345459
0.2176389644579738
0.21764243668140157
0.21764590890482943
0.21764938112825732
0.21765285335168516
0.21765632557511305
0.2176597977985409
0.21766327002196875
0.21766674224539664
0.21767021446882442
0.21767368669225232
0.21767715891568015
0.21768063113910802
0.2176841033625359
0.21768757558596374
0.21769104780939158
0.21769452003281942
0.21769799225624728
0.21770146447967517
0.217704936703103
