0.9607642224875772
0.9607676947110052
0.960771166934433
0.9607746391578609
0.9607781113812887
0.9607815836047165
0.9607850558281443
0.9607885280515722
0.9607920002750002
0.9607954724984279
0.9607989447218559
0.9608024169452836
0.9608058891687116
0.9608093613921393
0.9608128336155672
0.9608163058389952
0.9608197780624229
0.9608232502858509
0.9608267225092786
0.9608301947327066
0.9608336669561344
0.9608371391795623
0.96084061140299
0.9608440836264179
0.9608475558498457
0.9608510280732736
0.9608545002967016
0.9608579725201293
0.9608614447435573
0.9608649169669851
0.960868389190413
0.9608718614138407
0.9608753336372686
0.9608788058606964
0.9608822780841243
0.9608857503075523
0.96088922253098
0.960892694754408
0.9608961669778356
0.9608996392012636
0.9609031114246914
0.9609065836481193
0.9609100558715473
0.960913528094975
0.960917000318403
0.9609204725418307
0.9609239447652587
0.9609274169886864
0.9609308892121143
0.9609343614355421
0.96093783365897
0.9609413058823978
0.9609447781058257
0.9609482503292537
0.9609517225526814
0.9609551947761094
0.9609586669995372
0.960962139222965
0.9609656114463928
0.9609690836698207
0.9609725558932485
0.9609760281166764
0.9609795003401044
0.960982972563532
0.96098644478696
0.9609899170103877
0.9609933892338157
0.9609968614572436
0.9610003336806714
0.9610038059040994
0.9610072781275271
0.9610107503509551
0.9610142225743827
0.9610176947978107
0.9610211670212386
0.9610246392446664
0.9610281114680943
0.9610315836915221
0.9610350559149501
0.9610385281383778
0.9610420003618058
0.9610454725852334
0.9610489448086614
0.9610524170320893
0.9610558892555171
0.961059361478945
0.9610628337023728
0.9610663059258007
0.9610697781492284
0.9610732503726565
0.9610767225960841
0.9610801948195121
0.9610836670429398
0.9610871392663678
0.9610906114897957
0.9610940837132235
0.9610975559366515
0.9611010281600791
0.9611045003835071
0.9611079726069348
0.9611114448303628
0.9611149170537905
0.9611183892772185
0.9611218615006464
0.9611253337240742
0.9611288059475022
0.9611322781709298
0.9611357503943578
0.9611392226177855
0.9611426948412135
0.9611461670646414
0.9611496392880692
0.9611531115114971
0.9611565837349249
0.9611600559583527
0.9611635281817805
0.9611670004052085
0.9611704726286362
0.9611739448520642
0.9611774170754919
0.9611808892989199
0.9611843615223478
0.9611878337457755
0.9611913059692034
0.9611947781926312
0.9611982504160593
0.9612017226394869
0.9612051948629149
0.9612086670863426
0.9612121393097706
0.9612156115331985
0.9612190837566262
0.9612225559800543
0.9612260282034819
0.96122950042691
0.9612329726503376
0.9612364448737657
0.9612399170971935
0.9612433893206214
0.9612468615440491
0.9612503337674769
0.9612538059909048
0.9612572782143326
0.9612607504377607
0.9612642226611883
0.9612676948846164
0.9612711671080442
0.9612746393314721
0.9612781115548998
0.9612815837783277
0.9612850560017555
0.9612885282251834
0.9612920004486114
0.961295472672039
0.9612989448954671
0.9613024171188946
0.9613058893423228
0.9613093615657505
0.9613128337891784
0.9613163060126064
0.9613197782360341
0.9613232504594621
0.9613267226828898
0.9613301949063178
0.9613336671297456
0.9613371393531734
0.9613406115766012
0.9613440838000291
0.9613475560234569
0.9613510282468848
0.9613545004703128
0.9613579726937405
0.9613614449171685
0.9613649171405962
0.9613683893640241
0.9613718615874519
0.9613753338108798
0.9613788060343076
0.9613822782577355
0.9613857504811635
0.9613892227045912
0.9613926949280192
0.9613961671514468
0.9613996393748748
0.9614031115983026
0.9614065838217305
0.9614100560451585
0.9614135282685862
0.9614170004920142
0.9614204727154418
0.9614239449388698
0.9614274171622976
0.9614308893857255
0.9614343616091533
0.9614378338325812
0.961441306056009
0.9614447782794369
0.9614482505028649
0.9614517227262925
0.9614551949497205
