0.23506952606580767
0.2350729982892355
0.23507647051266337
0.2350799427360912
0.23508341495951904
0.23508688718294693
0.23509035940637477
0.23509383162980266
0.23509730385323052
0.2351007760766583
0.2351042483000862
0.23510772052351403
0.23511119274694192
0.23511466497036976
0.23511813719379762
0.2351216094172255
0.2351250816406533
0.23512855386408119
0.23513202608750902
0.23513549831093689
0.23513897053436478
0.2351424427577926
0.23514591498122048
0.23514938720464829
0.23515285942807615
0.23515633165150404
0.23515980387493188
0.23516327609835977
0.23516674832178758
0.23517022054521547
0.23517369276864336
0.23517716499207114
0.23518063721549903
0.23518410943892687
0.23518758166235473
0.23519105388578257
0.23519452610921046
0.2351979983326383
0.23520147055606613
0.235204942779494
0.23520841500292183
0.23521188722634973
0.2352153594497776
0.2352188316732054
0.23522230389663326
0.2352257761200611
0.235229248343489
0.23523272056691688
0.23523619279034472
0.23523966501377258
0.23524313723720036
0.23524660946062825
0.23525008168405614
0.23525355390748398
0.23525702613091184
0.23526049835433968
0.23526397057776757
0.23526744280119535
0.23527091502462325
0.2352743872480511
0.23527785947147895
0.23528133169490684
0.23528480391833467
0.23528827614176254
0.23529174836519043
0.2352952205886182
0.2352986928120461
0.23530216503547394
0.23530563725890183
0.2353091094823297
0.23531258170575753
0.23531605392918542
0.2353195261526132
0.2353229983760411
0.23532647059946893
0.2353299428228968
0.23533341504632468
0.23533688726975252
0.23534035949318036
0.2353438317166082
0.23534730394003606
0.23535077616346395
0.23535424838689178
0.23535772061031965
0.23536119283374746
0.23536466505717532
0.2353681372806032
0.23537160950403105
0.23537508172745894
0.23537855395088678
0.23538202617431464
0.23538549839774253
0.2353889706211703
0.2353924428445982
0.23539591506802604
0.2353993872914539
0.23540285951488174
0.23540633173830963
0.2354098039617375
0.2354132761851653
0.23541674840859317
0.235420220632021
0.2354236928554489
0.2354271650788768
0.2354306373023046
0.2354341095257325
0.23543758174916027
0.23544105397258816
0.23544452619601605
0.2354479984194439
0.23545147064287175
0.2354549428662996
0.23545841508972742
0.23546188731315532
0.23546535953658315
0.23546883176001102
0.23547230398343885
0.23547577620686674
0.23547924843029458
0.23548272065372242
0.23548619287715028
0.23548966510057812
0.235493137324006
0.23549660954743384
0.2355000817708617
0.2355035539942896
0.23550702621771738
0.23551049844114527
0.2355139706645731
0.235517442888001
0.23552091511142886
0.2355243873348567
0.2355278595582846
0.23553133178171237
0.23553480400514026
0.2355382762285681
0.23554174845199596
0.23554522067542386
0.2355486928988517
0.23555216512227956
0.23555563734570736
0.23555910956913523
0.23556258179256312
0.23556605401599096
0.23556952623941885
0.23557299846284666
0.23557647068627455
0.23557994290970238
0.23558341513313022
0.2355868873565581
0.23559035957998595
0.2355938318034138
0.2355973040268417
0.23560077625026948
0.23560424847369738
0.2356077206971252
0.23561119292055308
0.2356146651439809
0.2356181373674088
0.23562160959083667
0.23562508181426448
0.23562855403769234
0.23563202626112018
0.23563549848454807
0.23563897070797596
0.23564244293140377
0.23564591515483166
0.23564938737825944
0.23565285960168733
0.23565633182511522
0.23565980404854306
0.23566327627197092
0.23566674849539876
0.23567022071882665
0.23567369294225451
0.23567716516568232
0.2356806373891102
0.23568410961253802
0.23568758183596591
0.23569105405939375
0.23569452628282161
0.23569799850624945
0.2357014707296773
0.23570494295310518
0.23570841517653301
0.2357118873999609
0.23571535962338877
0.2357188318468166
0.23572230407024444
0.23572577629367228
0.23572924851710017
0.23573272074052803
0.23573619296395587
0.23573966518738376
0.23574313741081154
0.23574660963423943
0.23575008185766727
0.23575355408109513
0.23575702630452303
0.23576049852795086
