0.24548619634937366
0.24548966857280155
0.24549314079622944
0.24549661301965728
0.24550008524308514
0.24550355746651298
0.24550702968994087
0.24551050191336873
0.24551397413679654
0.2455174463602244
0.24552091858365224
0.24552439080708013
0.24552786303050803
0.24553133525393583
0.24553480747736367
0.2455382797007915
0.2455417519242194
0.2455452241476473
0.24554869637107513
0.245552168594503
0.24555564081793077
0.24555911304135866
0.2455625852647865
0.2455660574882144
0.24556952971164225
0.2455730019350701
0.24557647415849798
0.24557994638192576
0.24558341860535365
0.24558689082878152
0.24559036305220935
0.24559383527563725
0.24559730749906508
0.24560077972249295
0.24560425194592084
0.24560772416934862
0.2456111963927765
0.24561466861620435
0.24561814083963224
0.2456216130630601
0.24562508528648794
0.24562855750991583
0.2456320297333436
0.2456355019567715
0.24563897418019934
0.2456424464036272
0.2456459186270551
0.24564939085048293
0.2456528630739108
0.2456563352973386
0.24565980752076647
0.24566327974419436
0.2456667519676222
0.24567022419105009
0.2456736964144779
0.24567716863790573
0.24568064086133362
0.24568411308476146
0.24568758530818935
0.24569105753161719
0.24569452975504505
0.24569800197847283
0.24570147420190072
0.2457049464253286
0.24570841864875645
0.2457118908721843
0.24571536309561215
0.24571883531904004
0.2457223075424679
0.2457257797658957
0.24572925198932358
0.2457327242127514
0.2457361964361793
0.2457396686596072
0.245743140883035
0.2457466131064629
0.24575008532989068
0.24575355755331857
0.24575702977674646
0.2457605020001743
0.24576397422360216
0.24576744644703
0.2457709186704579
0.24577439089388567
0.24577786311731356
0.24578133534074142
0.24578480756416926
0.24578827978759715
0.245791752011025
0.24579522423445282
0.2457986964578807
0.24580216868130852
0.24580564090473642
0.24580911312816425
0.24581258535159214
0.24581605757502
0.2458195297984478
0.24582300202187568
0.24582647424530352
0.2458299464687314
0.24583341869215927
0.2458368909155871
0.245840363139015
0.24584383536244278
0.24584730758587067
0.2458507798092985
0.24585425203272637
0.24585772425615426
0.2458611964795821
0.24586466870300996
0.24586814092643777
0.24587161314986564
0.24587508537329353
0.24587855759672136
0.24588202982014926
0.24588550204357706
0.24588897426700496
0.2458924464904328
0.24589591871386063
0.24589939093728852
0.24590286316071636
0.24590633538414422
0.24590980760757206
0.24591327983099995
0.24591675205442778
0.24592022427785562
0.24592369650128348
0.24592716872471132
0.2459306409481392
0.24593411317156708
0.24593758539499488
0.24594105761842275
0.24594452984185058
0.24594800206527848
0.24595147428870637
0.2459549465121342
0.24595841873556207
0.24596189095898985
0.24596536318241774
0.24596883540584563
0.24597230762927347
0.24597577985270133
0.24597925207612917
0.24598272429955706
0.24598619652298484
0.24598966874641273
0.2459931409698406
0.24599661319326843
0.24600008541669632
0.24600355764012416
0.24600702986355202
0.24601050208697992
0.2460139743104077
0.2460174465338356
0.24602091875726342
0.24602439098069132
0.24602786320411918
0.24603133542754702
0.24603480765097485
0.2460382798744027
0.24604175209783058
0.24604522432125844
0.24604869654468628
0.24605216876811417
0.246055640991542
0.24605911321496984
0.24606258543839768
0.24606605766182554
0.24606952988525344
0.24607300210868127
0.24607647433210914
0.24607994655553694
0.2460834187789648
0.2460868910023927
0.24609036322582054
0.24609383544924843
0.24609730767267626
0.24610077989610413
0.24610425211953202
0.2461077243429598
0.2461111965663877
0.24611466878981553
0.2461181410132434
0.24612161323667128
0.24612508546009912
0.24612855768352698
0.2461320299069548
0.24613550213038266
0.2461389743538105
0.24614244657723838
0.24614591880066625
0.24614939102409408
0.24615286324752197
0.24615633547094976
0.24615980769437765
0.24616327991780554
0.24616675214123337
0.24617022436466124
0.24617369658808907
0.2461771688115169
