0.5697918645110641
0.5697953367344919
0.5697988089579198
0.5698022811813476
0.5698057534047756
0.5698092256282034
0.5698126978516311
0.569816170075059
0.5698196422984868
0.5698231145219148
0.5698265867453426
0.5698300589687705
0.5698335311921983
0.5698370034156263
0.569840475639054
0.5698439478624819
0.5698474200859097
0.5698508923093376
0.5698543645327655
0.5698578367561933
0.5698613089796212
0.569864781203049
0.569868253426477
0.5698717256499047
0.5698751978733326
0.5698786700967604
0.5698821423201883
0.5698856145436162
0.569889086767044
0.5698925589904719
0.5698960312138996
0.5698995034373276
0.5699029756607554
0.5699064478841833
0.5699099201076111
0.569913392331039
0.5699168645544669
0.5699203367778947
0.5699238090013226
0.5699272812247503
0.5699307534481783
0.5699342256716061
0.569937697895034
0.5699411701184618
0.5699446423418897
0.5699481145653176
0.5699515867887454
0.5699550590121732
0.569958531235601
0.569962003459029
0.5699654756824568
0.5699689479058847
0.5699724201293125
0.5699758923527404
0.5699793645761683
0.5699828367995962
0.5699863090230239
0.5699897812464518
0.5699932534698797
0.5699967256933075
0.5700001979167354
0.5700036701401632
0.5700071423635911
0.570010614587019
0.5700140868104469
0.5700175590338746
0.5700210312573025
0.5700245034807304
0.5700279757041582
0.5700314479275861
0.5700349201510139
0.5700383923744418
0.5700418645978697
0.5700453368212975
0.5700488090447253
0.5700522812681532
0.5700557534915811
0.5700592257150089
0.5700626979384368
0.5700661701618646
0.5700696423852925
0.5700731146087203
0.5700765868321482
0.570080059055576
0.5700835312790039
0.5700870035024318
0.5700904757258597
0.5700939479492875
0.5700974201727153
0.5701008923961431
0.570104364619571
0.5701078368429989
0.5701113090664267
0.5701147812898546
0.5701182535132825
0.5701217257367104
0.5701251979601382
0.570128670183566
0.5701321424069938
0.5701356146304217
0.5701390868538496
0.5701425590772774
0.5701460313007053
0.5701495035241332
0.5701529757475611
0.5701564479709889
0.5701599201944167
0.5701633924178445
0.5701668646412724
0.5701703368647003
0.5701738090881281
0.570177281311556
0.5701807535349839
0.5701842257584118
0.5701876979818395
0.5701911702052674
0.5701946424286952
0.5701981146521231
0.570201586875551
0.5702050590989788
0.5702085313224067
0.5702120035458346
0.5702154757692625
0.5702189479926902
0.5702224202161181
0.5702258924395459
0.5702293646629739
0.5702328368864017
0.5702363091098295
0.5702397813332574
0.5702432535566853
0.5702467257801132
0.5702501980035409
0.5702536702269688
0.5702571424503966
0.5702606146738246
0.5702640868972524
0.5702675591206803
0.5702710313441081
0.570274503567536
0.5702779757909638
0.5702814480143916
0.5702849202378195
0.5702883924612473
0.5702918646846753
0.5702953369081031
0.570298809131531
0.5703022813549588
0.5703057535783866
0.5703092258018145
0.5703126980252423
0.5703161702486702
0.570319642472098
0.570323114695526
0.5703265869189538
0.5703300591423817
0.5703335313658094
0.5703370035892373
0.5703404758126652
0.570343948036093
0.5703474202595209
0.5703508924829487
0.5703543647063767
0.5703578369298045
0.5703613091532324
0.5703647813766601
0.5703682536000881
0.5703717258235159
0.5703751980469438
0.5703786702703716
0.5703821424937994
0.5703856147172274
0.5703890869406552
0.570392559164083
0.5703960313875108
0.5703995036109388
0.5704029758343666
0.5704064480577945
0.5704099202812223
0.5704133925046502
0.5704168647280781
0.5704203369515058
0.5704238091749337
0.5704272813983615
0.5704307536217895
0.5704342258452173
0.5704376980686452
0.570441170292073
0.5704446425155009
0.5704481147389288
0.5704515869623565
0.5704550591857844
0.5704585314092122
0.5704620036326402
0.570465475856068
0.5704689480794959
0.5704724203029237
0.5704758925263516
0.5704793647497794
0.5704828369732072
