0.33854178421589726
0.33854525643932515
0.338548728662753
0.3385522008861808
0.3385556731096087
0.3385591453330366
0.33856261755646444
0.3385660897798923
0.3385695620033201
0.338573034226748
0.33857650645017584
0.3385799786736037
0.3385834508970315
0.33858692312045935
0.3385903953438873
0.33859386756731513
0.33859733979074297
0.3386008120141708
0.3386042842375987
0.33860775646102653
0.33861122868445437
0.3386147009078822
0.3386181731313101
0.338621645354738
0.3386251175781658
0.33862858980159366
0.33863206202502155
0.3386355342484494
0.3386390064718772
0.33864247869530506
0.3386459509187329
0.3386494231421608
0.3386528953655887
0.3386563675890165
0.33865983981244435
0.3386633120358722
0.33866678425930014
0.33867025648272797
0.3386737287061558
0.33867720092958364
0.3386806731530115
0.3386841453764393
0.3386876175998672
0.33869108982329504
0.3386945620467229
0.33869803427015077
0.33870150649357866
0.3387049787170065
0.33870845094043434
0.33871192316386217
0.33871539538729006
0.3387188676107179
0.33872233983414574
0.3387258120575736
0.3387292842810015
0.33873275650442936
0.3387362287278572
0.338739700951285
0.3387431731747129
0.33874664539814076
0.3387501176215686
0.33875358984499643
0.33875706206842426
0.33876053429185216
0.33876400651528005
0.3387674787387079
0.3387709509621357
0.3387744231855636
0.33877789540899145
0.3387813676324193
0.3387848398558471
0.338788312079275
0.33879178430270285
0.33879525652613074
0.3387987287495586
0.3388022009729864
0.3388056731964143
0.3388091454198422
0.33881261764327003
0.33881608986669787
0.3388195620901257
0.3388230343135536
0.33882650653698143
0.33882997876040927
0.3388334509838371
0.33883692320726494
0.3388403954306929
0.3388438676541207
0.33884733987754856
0.3388508121009764
0.33885428432440423
0.3388577565478321
0.33886122877125996
0.3388647009946878
0.3388681732181157
0.3388716454415436
0.3388751176649714
0.33887858988839925
0.33888206211182714
0.338885534335255
0.3388890065586828
0.33889247878211065
0.3388959510055385
0.3388994232289664
0.33890289545239427
0.3389063676758221
0.33890983989924994
0.3389133121226778
0.3389167843461057
0.3389202565695335
0.33892372879296134
0.3389272010163892
0.33893067323981707
0.3389341454632449
0.3389376176866728
0.33894108991010063
0.33894456213352847
0.33894803435695636
0.33895150658038425
0.3389549788038121
0.3389584510272399
0.33896192325066776
0.33896539547409565
0.3389688676975235
0.3389723399209513
0.3389758121443792
0.3389792843678071
0.33898275659123495
0.3389862288146628
0.3389897010380906
0.33899317326151845
0.33899664548494635
0.3390001177083742
0.339003589931802
0.33900706215522985
0.33901053437865775
0.33901400660208564
0.3390174788255135
0.3390209510489413
0.3390244232723692
0.33902789549579704
0.3390313677192249
0.3390348399426527
0.3390383121660806
0.33904178438950844
0.33904525661293633
0.33904872883636417
0.33905220105979206
0.3390556732832199
0.3390591455066478
0.33906261773007557
0.3390660899535034
0.33906956217693124
0.3390730344003592
0.339076506623787
0.33907997884721486
0.3390834510706427
0.33908692329407053
0.3390903955174985
0.3390938677409263
0.33909733996435415
0.339100812187782
0.3391042844112098
0.3391077566346377
0.33911122885806555
0.3391147010814934
0.3391181733049213
0.33912164552834917
0.339125117751777
0.33912858997520484
0.33913206219863273
0.3391355344220605
0.3391390066454884
0.33914247886891624
0.3391459510923441
0.33914942331577197
0.33915289553919986
0.3391563677626277
0.33915983998605553
0.33916331220948337
0.33916678443291126
0.3391702566563391
0.33917372887976693
0.33917720110319477
0.33918067332662266
0.3391841455500505
0.3391876177734784
0.3391910899969062
0.33919456222033406
0.33919803444376195
0.33920150666718984
0.3392049788906176
0.33920845111404546
0.33921192333747335
0.33921539556090125
0.3392188677843291
0.3392223400077569
0.3392258122311848
0.3392292844546127
0.33923275667804054
