0.6253474393567497
0.6253509115801775
0.6253543838036055
0.6253578560270333
0.6253613282504612
0.625364800473889
0.625368272697317
0.6253717449207448
0.6253752171441727
0.6253786893676004
0.6253821615910283
0.6253856338144562
0.625389106037884
0.6253925782613119
0.6253960504847398
0.6253995227081677
0.6254029949315955
0.6254064671550233
0.6254099393784511
0.625413411601879
0.6254168838253069
0.6254203560487347
0.6254238282721626
0.6254273004955904
0.6254307727190184
0.6254342449424461
0.625437717165874
0.6254411893893018
0.6254446616127297
0.6254481338361575
0.6254516060595854
0.6254550782830133
0.6254585505064412
0.6254620227298691
0.6254654949532968
0.6254689671767247
0.6254724394001525
0.6254759116235804
0.6254793838470083
0.6254828560704362
0.625486328293864
0.6254898005172919
0.6254932727407198
0.6254967449641475
0.6255002171875754
0.6255036894110032
0.6255071616344312
0.625510633857859
0.6255141060812869
0.6255175783047147
0.6255210505281426
0.6255245227515704
0.6255279949749982
0.6255314671984261
0.6255349394218539
0.6255384116452818
0.6255418838687096
0.6255453560921376
0.6255488283155654
0.6255523005389932
0.6255557727624211
0.6255592449858489
0.6255627172092768
0.6255661894327046
0.6255696616561325
0.6255731338795604
0.6255766061029883
0.625580078326416
0.6255835505498439
0.6255870227732718
0.6255904949966996
0.6255939672201275
0.6255974394435553
0.6256009116669832
0.6256043838904111
0.625607856113839
0.6256113283372667
0.6256148005606946
0.6256182727841225
0.6256217450075504
0.6256252172309782
0.625628689454406
0.6256321616778339
0.6256356339012618
0.6256391061246896
0.6256425783481174
0.6256460505715454
0.6256495227949732
0.6256529950184011
0.6256564672418289
0.6256599394652568
0.6256634116886846
0.6256668839121124
0.6256703561355403
0.6256738283589681
0.625677300582396
0.6256807728058239
0.6256842450292518
0.6256877172526796
0.6256911894761075
0.6256946616995352
0.6256981339229631
0.625701606146391
0.6257050783698188
0.6257085505932468
0.6257120228166746
0.6257154950401025
0.6257189672635303
0.6257224394869582
0.6257259117103859
0.6257293839338138
0.6257328561572417
0.6257363283806695
0.6257398006040975
0.6257432728275253
0.6257467450509532
0.625750217274381
0.6257536894978089
0.6257571617212367
0.6257606339446646
0.6257641061680924
0.6257675783915202
0.6257710506149481
0.625774522838376
0.6257779950618039
0.6257814672852317
0.6257849395086595
0.6257884117320873
0.6257918839555152
0.6257953561789431
0.625798828402371
0.6258023006257989
0.6258057728492267
0.6258092450726546
0.6258127172960823
0.6258161895195102
0.625819661742938
0.625823133966366
0.6258266061897938
0.6258300784132217
0.6258335506366496
0.6258370228600774
0.6258404950835053
0.625843967306933
0.6258474395303609
0.6258509117537887
0.6258543839772167
0.6258578562006445
0.6258613284240724
0.6258648006475002
0.625868272870928
0.625871745094356
0.6258752173177837
0.6258786895412116
0.6258821617646394
0.6258856339880674
0.6258891062114952
0.6258925784349231
0.625896050658351
0.6258995228817789
0.6259029951052066
0.6259064673286345
0.6259099395520623
0.6259134117754901
0.6259168839989181
0.6259203562223459
0.6259238284457738
0.6259273006692015
0.6259307728926295
0.6259342451160573
0.6259377173394852
0.625941189562913
0.6259446617863409
0.6259481340097687
0.6259516062331966
0.6259550784566245
0.6259585506800524
0.6259620229034802
0.625965495126908
0.6259689673503359
0.6259724395737637
0.6259759117971916
0.6259793840206195
0.6259828562440473
0.6259863284674752
0.625989800690903
0.6259932729143309
0.6259967451377587
0.6260002173611866
0.6260036895846144
0.6260071618080423
0.6260106340314702
0.626014106254898
0.6260175784783258
0.6260210507017536
0.6260245229251816
0.6260279951486094
0.6260314673720373
0.6260349395954651
0.626038411818893
