0.8850697517603304
0.8850732239837584
0.8850766962071861
0.8850801684306141
0.885083640654042
0.8850871128774698
0.8850905851008976
0.8850940573243254
0.8850975295477532
0.8851010017711811
0.8851044739946091
0.8851079462180368
0.8851114184414648
0.8851148906648927
0.8851183628883205
0.8851218351117484
0.8851253073351761
0.885128779558604
0.8851322517820318
0.8851357240054598
0.8851391962288875
0.8851426684523155
0.8851461406757434
0.8851496128991712
0.885153085122599
0.8851565573460268
0.8851600295694547
0.8851635017928825
0.8851669740163105
0.8851704462397382
0.8851739184631662
0.8851773906865941
0.8851808629100218
0.8851843351334497
0.8851878073568775
0.8851912795803054
0.8851947518037332
0.8851982240271612
0.8852016962505889
0.8852051684740169
0.8852086406974448
0.8852121129208725
0.8852155851443004
0.8852190573677282
0.8852225295911561
0.8852260018145839
0.8852294740380119
0.8852329462614398
0.8852364184848676
0.8852398907082955
0.8852433629317232
0.8852468351551511
0.8852503073785789
0.8852537796020068
0.8852572518254346
0.8852607240488625
0.8852641962722902
0.8852676684957183
0.8852711407191461
0.8852746129425739
0.8852780851660018
0.8852815573894296
0.8852850296128575
0.8852885018362853
0.8852919740597133
0.8852954462831409
0.8852989185065689
0.8853023907299968
0.8853058629534246
0.8853093351768525
0.8853128074002803
0.8853162796237082
0.885319751847136
0.8853232240705641
0.8853266962939919
0.8853301685174196
0.8853336407408475
0.8853371129642753
0.8853405851877032
0.885344057411131
0.8853475296345589
0.8853510018579867
0.8853544740814145
0.8853579463048423
0.8853614185282704
0.8853648907516982
0.8853683629751261
0.8853718351985539
0.8853753074219817
0.8853787796454096
0.8853822518688373
0.8853857240922655
0.885389196315693
0.8853926685391211
0.8853961407625489
0.8853996129859768
0.8854030852094046
0.8854065574328325
0.8854100296562603
0.8854135018796881
0.8854169741031162
0.8854204463265439
0.8854239185499718
0.8854273907733996
0.8854308629968275
0.8854343352202553
0.8854378074436832
0.885441279667111
0.8854447518905388
0.8854482241139666
0.8854516963373945
0.8854551685608225
0.8854586407842503
0.8854621130076782
0.885465585231106
0.8854690574545339
0.8854725296779616
0.8854760019013895
0.8854794741248175
0.8854829463482452
0.8854864185716732
0.885489890795101
0.8854933630185289
0.8854968352419567
0.8855003074653846
0.8855037796888123
0.8855072519122402
0.8855107241356682
0.885514196359096
0.8855176685825239
0.8855211408059517
0.8855246130293796
0.8855280852528074
0.8855315574762352
0.885535029699663
0.8855385019230909
0.8855419741465187
0.8855454463699466
0.8855489185933746
0.8855523908168024
0.8855558630402303
0.885559335263658
0.8855628074870859
0.8855662797105137
0.8855697519339416
0.8855732241573696
0.8855766963807973
0.8855801686042253
0.8855836408276531
0.885587113051081
0.8855905852745087
0.8855940574979366
0.8855975297213644
0.8856010019447923
0.8856044741682203
0.885607946391648
0.885611418615076
0.8856148908385038
0.8856183630619316
0.8856218352853594
0.8856253075087873
0.8856287797322151
0.885632251955643
0.885635724179071
0.8856391964024987
0.8856426686259267
0.8856461408493546
0.8856496130727823
0.8856530852962102
0.885656557519638
0.8856600297430658
0.8856635019664937
0.8856669741899215
0.8856704464133494
0.8856739186367774
0.8856773908602052
0.885680863083633
0.8856843353070609
0.8856878075304887
0.8856912797539166
0.8856947519773444
0.8856982242007724
0.8857016964242
0.885705168647628
0.8857086408710559
0.8857121130944837
0.8857155853179116
0.8857190575413394
0.8857225297647673
0.8857260019881951
0.8857294742116231
0.885732946435051
0.8857364186584787
0.8857398908819066
0.8857433631053344
0.8857468353287623
0.8857503075521901
0.885753779775618
0.8857572519990458
0.8857607242224736
