0.9156253179254576
0.9156287901488854
0.9156322623723132
0.9156357345957413
0.9156392068191689
0.915642679042597
0.9156461512660248
0.9156496234894527
0.9156530957128804
0.9156565679363083
0.9156600401597361
0.915663512383164
0.915666984606592
0.9156704568300198
0.9156739290534477
0.9156774012768755
0.9156808735003034
0.9156843457237311
0.915687817947159
0.9156912901705868
0.9156947623940147
0.9156982346174425
0.9157017068408704
0.9157051790642984
0.9157086512877262
0.915712123511154
0.9157155957345818
0.9157190679580097
0.9157225401814375
0.9157260124048654
0.9157294846282934
0.9157329568517211
0.9157364290751491
0.9157399012985769
0.9157433735220047
0.9157468457454325
0.9157503179688604
0.9157537901922882
0.9157572624157161
0.9157607346391441
0.9157642068625719
0.9157676790859998
0.9157711513094275
0.9157746235328554
0.9157780957562832
0.9157815679797111
0.9157850402031389
0.9157885124265668
0.9157919846499946
0.9157954568734225
0.9157989290968505
0.9158024013202782
0.9158058735437061
0.9158093457671339
0.9158128179905618
0.9158162902139896
0.9158197624374175
0.9158232346608455
0.9158267068842731
0.9158301791077011
0.9158336513311289
0.9158371235545568
0.9158405957779846
0.9158440680014125
0.9158475402248403
0.9158510124482682
0.9158544846716962
0.9158579568951241
0.9158614291185518
0.9158649013419796
0.9158683735654075
0.9158718457888353
0.9158753180122632
0.915878790235691
0.9158822624591189
0.9158857346825466
0.9158892069059745
0.9158926791294025
0.9158961513528304
0.9158996235762582
0.9159030957996861
0.9159065680231139
0.9159100402465418
0.9159135124699695
0.9159169846933976
0.9159204569168252
0.9159239291402532
0.9159274013636811
0.9159308735871089
0.9159343458105368
0.9159378180339646
0.9159412902573925
0.9159447624808202
0.9159482347042482
0.9159517069276759
0.9159551791511039
0.9159586513745318
0.9159621235979596
0.9159655958213875
0.9159690680448153
0.9159725402682432
0.9159760124916709
0.9159794847150989
0.9159829569385268
0.9159864291619546
0.9159899013853825
0.9159933736088103
0.9159968458322382
0.916000318055666
0.9160037902790938
0.9160072625025216
0.9160107347259495
0.9160142069493773
0.9160176791728053
0.9160211513962332
0.916024623619661
0.9160280958430889
0.9160315680665166
0.9160350402899445
0.9160385125133723
0.9160419847368003
0.916045456960228
0.916048929183656
0.9160524014070839
0.9160558736305117
0.9160593458539396
0.9160628180773673
0.9160662903007952
0.916069762524223
0.916073234747651
0.9160767069710789
0.9160801791945067
0.9160836514179346
0.9160871236413624
0.9160905958647902
0.916094068088218
0.9160975403116459
0.9161010125350737
0.9161044847585016
0.9161079569819294
0.9161114292053574
0.9161149014287853
0.916118373652213
0.9161218458756409
0.9161253180990687
0.9161287903224966
0.9161322625459244
0.9161357347693525
0.9161392069927801
0.9161426792162082
0.916146151439636
0.9161496236630637
0.9161530958864916
0.9161565681099194
0.9161600403333473
0.9161635125567751
0.9161669847802032
0.916170457003631
0.9161739292270589
0.9161774014504867
0.9161808736739145
0.9161843458973423
0.9161878181207702
0.916191290344198
0.9161947625676259
0.9161982347910537
0.9162017070144814
0.9162051792379096
0.9162086514613373
0.9162121236847652
0.916215595908193
0.9162190681316209
0.9162225403550487
0.9162260125784766
0.9162294848019046
0.9162329570253323
0.9162364292487603
0.916239901472188
0.9162433736956159
0.9162468459190437
0.9162503181424716
0.9162537903658994
0.9162572625893273
0.9162607348127553
0.916264207036183
0.916267679259611
0.9162711514830387
0.9162746237064666
0.9162780959298944
0.9162815681533223
0.9162850403767501
0.916288512600178
0.9162919848236057
0.9162954570470336
0.9162989292704616
0.9163024014938894
0.9163058737173173
0.9163093459407451
0.916312818164173
0.9163162903876008
