0.3899306909481566
0.38993416317158447
0.3899376353950123
0.38994110761844014
0.389944579841868
0.3899480520652958
0.3899515242887237
0.38995499651215154
0.3899584687355794
0.38996194095900727
0.38996541318243516
0.389968885405863
0.38997235762929083
0.38997582985271867
0.3899793020761465
0.3899827742995744
0.38998624652300223
0.38998971874643007
0.38999319096985796
0.38999666319328585
0.3900001354167137
0.3900036076401415
0.39000707986356936
0.39001055208699725
0.3900140243104251
0.3900174965338529
0.39002096875728076
0.39002444098070865
0.39002791320413654
0.3900313854275644
0.3900348576509922
0.3900383298744201
0.39004180209784794
0.3900452743212758
0.3900487465447036
0.39005221876813145
0.39005569099155935
0.39005916321498724
0.3900626354384151
0.3900661076618429
0.3900695798852708
0.39007305210869864
0.39007652433212653
0.39007999655555436
0.3900834687789822
0.39008694100241004
0.39009041322583793
0.39009388544926576
0.3900973576726936
0.39010082989612144
0.39010430211954933
0.3901077743429772
0.39011124656640506
0.3901147187898329
0.39011819101326073
0.3901216632366886
0.39012513546011646
0.3901286076835443
0.39013207990697213
0.3901355521304001
0.3901390243538279
0.39014249657725575
0.3901459688006836
0.3901494410241115
0.3901529132475393
0.39015638547096715
0.390159857694395
0.3901633299178229
0.3901668021412507
0.3901702743646786
0.39017374658810644
0.3901772188115343
0.39018069103496217
0.39018416325839006
0.39018763548181784
0.3901911077052457
0.39019457992867357
0.3901980521521014
0.3902015243755293
0.39020499659895713
0.39020846882238497
0.39021194104581286
0.39021541326924075
0.3902188854926686
0.3902223577160964
0.39022582993952426
0.3902293021629521
0.39023277438638
0.3902362466098078
0.39023971883323566
0.39024319105666355
0.39024666328009144
0.3902501355035193
0.3902536077269471
0.39025707995037495
0.39026055217380284
0.3902640243972307
0.3902674966206585
0.39027096884408635
0.39027444106751424
0.39027791329094214
0.39028138551436997
0.3902848577377978
0.3902883299612257
0.39029180218465354
0.39029527440808137
0.3902987466315092
0.39030221885493704
0.39030569107836494
0.3903091633017928
0.39031263552522066
0.3903161077486485
0.3903195799720764
0.3903230521955042
0.3903265244189321
0.3903299966423599
0.39033346886578774
0.3903369410892156
0.3903404133126435
0.39034388553607136
0.3903473577594992
0.39035082998292703
0.3903543022063549
0.3903577744297828
0.39036124665321065
0.3903647188766385
0.3903681911000663
0.3903716633234942
0.39037513554692205
0.3903786077703499
0.3903820799937777
0.39038555221720567
0.3903890244406335
0.39039249666406134
0.3903959688874892
0.390399441110917
0.3904029133343449
0.39040638555777274
0.3904098577812006
0.39041333000462847
0.3904168022280563
0.3904202744514842
0.39042374667491203
0.39042721889833987
0.39043069112176776
0.3904341633451956
0.39043763556862343
0.39044110779205127
0.39044458001547916
0.390448052238907
0.3904515244623349
0.3904549966857627
0.39045846890919056
0.39046194113261845
0.39046541335604634
0.3904688855794742
0.39047235780290196
0.3904758300263298
0.3904793022497577
0.3904827744731856
0.3904862466966134
0.39048971892004125
0.39049319114346914
0.39049666336689703
0.39050013559032487
0.3905036078137527
0.39050708003718054
0.39051055226060843
0.39051402448403627
0.3905174967074641
0.39052096893089194
0.39052444115431983
0.3905279133777477
0.39053138560117556
0.3905348578246034
0.3905383300480313
0.39054180227145907
0.39054527449488696
0.3905487467183148
0.39055221894174263
0.3905556911651705
0.3905591633885984
0.39056263561202625
0.3905661078354541
0.390569580058882
0.3905730522823098
0.39057652450573765
0.3905799967291655
0.3905834689525933
0.3905869411760212
0.3905904133994491
0.39059388562287695
0.3905973578463048
0.3906008300697326
0.3906043022931605
0.3906077745165884
0.39061124674001624
0.390614718963444
0.3906181911868719
0.3906216634102998
