0.3614584588397426
0.3614619310631705
0.3614654032865983
0.3614688755100262
0.36147234773345405
0.36147581995688194
0.3614792921803098
0.36148276440373767
0.3614862366271655
0.36148970885059334
0.3614931810740212
0.36149665329744907
0.3615001255208769
0.36150359774430474
0.36150706996773263
0.3615105421911605
0.36151401441458836
0.3615174866380162
0.36152095886144403
0.36152443108487187
0.36152790330829976
0.3615313755317276
0.36153484775515543
0.36153831997858327
0.36154179220201116
0.36154526442543905
0.3615487366488669
0.3615522088722947
0.3615556810957226
0.36155915331915045
0.3615626255425783
0.3615660977660061
0.361569569989434
0.36157304221286185
0.36157651443628974
0.3615799866597176
0.36158345888314547
0.3615869311065733
0.36159040333000114
0.361593875553429
0.3615973477768568
0.36160082000028465
0.3616042922237126
0.36160776444714043
0.36161123667056827
0.3616147088939961
0.361618181117424
0.3616216533408519
0.3616251255642797
0.36162859778770756
0.3616320700111354
0.36163554223456323
0.3616390144579911
0.36164248668141896
0.3616459589048468
0.3616494311282747
0.3616529033517026
0.3616563755751304
0.36165984779855825
0.3616633200219861
0.361666792245414
0.3616702644688418
0.36167373669226965
0.3616772089156975
0.3616806811391254
0.3616841533625533
0.3616876255859811
0.36169109780940895
0.3616945700328368
0.3616980422562647
0.3617015144796925
0.36170498670312035
0.3617084589265482
0.3617119311499761
0.3617154033734039
0.3617188755968318
0.36172234782025964
0.36172582004368753
0.36172929226711537
0.3617327644905432
0.36173623671397104
0.3617397089373989
0.36174318116082677
0.36174665338425466
0.3617501256076825
0.36175359783111033
0.3617570700545382
0.3617605422779661
0.36176401450139395
0.3617674867248218
0.3617709589482496
0.36177443117167746
0.36177790339510535
0.3617813756185332
0.361784847841961
0.36178832006538886
0.36179179228881675
0.36179526451224464
0.3617987367356725
0.3618022089591003
0.36180568118252815
0.36180915340595604
0.3618126256293839
0.3618160978528117
0.3618195700762396
0.36182304229966744
0.36182651452309533
0.36182998674652317
0.36183345896995106
0.3618369311933789
0.36184040341680673
0.36184387564023457
0.3618473478636624
0.36185082008709024
0.3618542923105182
0.361857764533946
0.36186123675737386
0.3618647089808017
0.3618681812042296
0.3618716534276575
0.36187512565108526
0.3618785978745131
0.36188207009794093
0.3618855423213688
0.3618890145447967
0.36189248676822455
0.3618959589916524
0.3618994312150803
0.36190290343850817
0.361906375661936
0.36190984788536384
0.3619133201087917
0.3619167923322196
0.3619202645556474
0.36192373677907524
0.3619272090025031
0.361930681225931
0.36193415344935886
0.3619376256727867
0.36194109789621454
0.3619445701196424
0.3619480423430702
0.3619515145664981
0.36195498678992594
0.3619584590133538
0.36196193123678166
0.3619654034602095
0.3619688756836374
0.36197234790706523
0.3619758201304931
0.36197929235392096
0.3619827645773488
0.36198623680077663
0.36198970902420446
0.36199318124763236
0.36199665347106025
0.3620001256944881
0.3620035979179159
0.3620070701413438
0.3620105423647717
0.36201401458819954
0.3620174868116273
0.36202095903505516
0.362024431258483
0.36202790348191094
0.3620313757053388
0.3620348479287666
0.36203832015219445
0.36204179237562234
0.36204526459905023
0.36204873682247807
0.3620522090459059
0.36205568126933374
0.36205915349276163
0.36206262571618947
0.3620660979396173
0.3620695701630452
0.36207304238647303
0.3620765146099009
0.36207998683332876
0.36208345905675665
0.36208693128018443
0.3620904035036123
0.36209387572704016
0.362097347950468
0.36210082017389583
0.3621042923973238
0.3621077646207516
0.36211123684417945
0.3621147090676073
0.3621181812910352
0.362121653514463
0.36212512573789085
0.3621285979613187
0.3621320701847465
0.3621355424081744
0.3621390146316023
0.36214248685503014
0.362145959078458
0.36214943130188587
