0.8385419578270688
0.8385454300504966
0.8385489022739244
0.8385523744973523
0.8385558467207801
0.838559318944208
0.8385627911676358
0.8385662633910637
0.8385697356144916
0.8385732078379193
0.8385766800613472
0.8385801522847751
0.838583624508203
0.8385870967316308
0.8385905689550587
0.8385940411784865
0.8385975134019144
0.8386009856253421
0.8386044578487701
0.8386079300721979
0.8386114022956258
0.8386148745190537
0.8386183467424815
0.8386218189659094
0.8386252911893372
0.838628763412765
0.8386322356361928
0.8386357078596208
0.8386391800830486
0.8386426523064765
0.8386461245299044
0.8386495967533323
0.8386530689767601
0.8386565412001878
0.8386600134236157
0.8386634856470436
0.8386669578704714
0.8386704300938993
0.8386739023173272
0.8386773745407551
0.838680846764183
0.8386843189876108
0.8386877912110386
0.8386912634344664
0.8386947356578943
0.8386982078813222
0.83870168010475
0.838705152328178
0.8387086245516058
0.8387120967750337
0.8387155689984614
0.8387190412218893
0.8387225134453171
0.838725985668745
0.8387294578921729
0.8387329301156007
0.8387364023390287
0.8387398745624565
0.8387433467858844
0.8387468190093121
0.83875029123274
0.8387537634561678
0.8387572356795957
0.8387607079030236
0.8387641801264514
0.8387676523498793
0.8387711245733072
0.838774596796735
0.8387780690201628
0.8387815412435907
0.8387850134670185
0.8387884856904464
0.8387919579138742
0.8387954301373022
0.8387989023607301
0.8388023745841579
0.8388058468075857
0.8388093190310135
0.8388127912544414
0.8388162634778692
0.8388197357012971
0.838823207924725
0.8388266801481529
0.8388301523715808
0.8388336245950085
0.8388370968184364
0.8388405690418642
0.8388440412652921
0.8388475134887199
0.8388509857121478
0.8388544579355757
0.8388579301590036
0.8388614023824315
0.8388648746058592
0.8388683468292871
0.8388718190527149
0.8388752912761428
0.8388787634995706
0.8388822357229985
0.8388857079464263
0.8388891801698541
0.8388926523932821
0.8388961246167099
0.8388995968401378
0.8389030690635656
0.8389065412869935
0.8389100135104213
0.8389134857338492
0.8389169579572772
0.8389204301807048
0.8389239024041328
0.8389273746275605
0.8389308468509885
0.8389343190744164
0.8389377912978442
0.838941263521272
0.8389447357446999
0.8389482079681279
0.8389516801915557
0.8389551524149835
0.8389586246384114
0.8389620968618392
0.8389655690852671
0.8389690413086949
0.8389725135321228
0.8389759857555505
0.8389794579789784
0.8389829302024062
0.8389864024258342
0.8389898746492621
0.8389933468726899
0.8389968190961178
0.8390002913195456
0.8390037635429735
0.8390072357664012
0.8390107079898292
0.8390141802132569
0.8390176524366849
0.8390211246601128
0.8390245968835406
0.8390280691069685
0.8390315413303963
0.8390350135538241
0.8390384857772519
0.8390419580006799
0.8390454302241078
0.8390489024475356
0.8390523746709635
0.8390558468943913
0.8390593191178192
0.839062791341247
0.8390662635646748
0.8390697357881026
0.8390732080115305
0.8390766802349583
0.8390801524583863
0.8390836246818142
0.839087096905242
0.8390905691286699
0.8390940413520976
0.8390975135755255
0.8391009857989533
0.8391044580223813
0.839107930245809
0.839111402469237
0.8391148746926649
0.8391183469160927
0.8391218191395206
0.8391252913629483
0.8391287635863762
0.839132235809804
0.839135708033232
0.8391391802566597
0.8391426524800877
0.8391461247035156
0.8391495969269434
0.8391530691503712
0.839156541373799
0.8391600135972269
0.8391634858206547
0.8391669580440826
0.8391704302675104
0.8391739024909385
0.8391773747143663
0.839180846937794
0.8391843191612219
0.8391877913846497
0.8391912636080776
0.8391947358315054
0.8391982080549335
0.8392016802783611
0.8392051525017892
0.839208624725217
0.8392120969486448
0.8392155691720726
0.8392190413955005
0.8392225136189283
0.8392259858423561
0.8392294580657842
0.8392329302892118
