0.41076403151528873
0.41076750373871657
0.41077097596214446
0.4107744481855723
0.41077792040900013
0.41078139263242797
0.4107848648558558
0.4107883370792837
0.41079180930271153
0.4107952815261394
0.41079875374956726
0.41080222597299515
0.410805698196423
0.4108091704198509
0.4108126426432787
0.4108161148667065
0.4108195870901344
0.4108230593135622
0.4108265315369901
0.41083000376041795
0.4108334759838458
0.4108369482072737
0.41084042043070157
0.4108438926541294
0.41084736487755724
0.4108508371009851
0.4108543093244129
0.4108577815478408
0.41086125377126864
0.4108647259946965
0.41086819821812437
0.41087167044155226
0.4108751426649801
0.41087861488840793
0.4108820871118358
0.41088555933526366
0.4108890315586915
0.41089250378211933
0.4108959760055472
0.41089944822897506
0.41090292045240295
0.4109063926758308
0.4109098648992586
0.4109133371226865
0.41091680934611435
0.4109202815695422
0.41092375379297
0.4109272260163979
0.41093069823982575
0.41093417046325365
0.4109376426866815
0.4109411149101093
0.4109445871335372
0.41094805935696505
0.41095153158039294
0.4109550038038208
0.41095847602724855
0.41096194825067645
0.41096542047410434
0.4109688926975322
0.41097236492096
0.4109758371443879
0.41097930936781574
0.41098278159124363
0.41098625381467147
0.4109897260380993
0.41099319826152714
0.41099667048495503
0.41100014270838287
0.4110036149318107
0.4110070871552386
0.41101055937866643
0.4110140316020943
0.41101750382552216
0.41102097604895005
0.4110244482723779
0.4110279204958057
0.41103139271923356
0.4110348649426614
0.4110383371660893
0.4110418093895171
0.411045281612945
0.41104875383637285
0.41105222605980074
0.4110556982832286
0.4110591705066564
0.41106264273008425
0.4110661149535121
0.41106958717694
0.4110730594003678
0.4110765316237957
0.41108000384722354
0.4110834760706514
0.41108694829407927
0.41109042051750716
0.411093892740935
0.41109736496436283
0.41110083718779067
0.4111043094112185
0.4111077816346464
0.41111125385807423
0.41111472608150207
0.41111819830492996
0.41112167052835785
0.4111251427517857
0.4111286149752135
0.41113208719864136
0.4111355594220692
0.4111390316454971
0.4111425038689249
0.4111459760923528
0.41114944831578065
0.41115292053920854
0.4111563927626364
0.4111598649860642
0.4111633372094921
0.41116680943291994
0.4111702816563478
0.4111737538797756
0.4111772261032035
0.41118069832663134
0.41118417055005924
0.41118764277348707
0.4111911149969149
0.4111945872203428
0.41119805944377064
0.41120153166719847
0.4112050038906263
0.41120847611405414
0.41121194833748204
0.41121542056090993
0.41121889278433776
0.4112223650077656
0.4112258372311935
0.41122930945462133
0.4112327816780492
0.41123625390147706
0.4112397261249049
0.41124319834833273
0.4112466705717606
0.41125014279518846
0.4112536150186163
0.4112570872420442
0.411260559465472
0.4112640316888999
0.41126750391232775
0.4112709761357556
0.4112744483591834
0.4112779205826113
0.41128139280603915
0.411284865029467
0.4112883372528949
0.4112918094763227
0.4112952816997506
0.41129875392317844
0.41130222614660633
0.41130569837003417
0.411309170593462
0.41131264281688984
0.4113161150403177
0.41131958726374557
0.4113230594871734
0.4113265317106013
0.41133000393402913
0.41133347615745697
0.41133694838088486
0.4113404206043127
0.41134389282774053
0.41134736505116837
0.41135083727459626
0.4113543094980241
0.411357781721452
0.4113612539448798
0.41136472616830766
0.41136819839173555
0.41137167061516344
0.4113751428385913
0.4113786150620191
0.41138208728544695
0.4113855595088748
0.4113890317323027
0.4113925039557305
0.4113959761791584
0.41139944840258624
0.41140292062601413
0.41140639284944197
0.4114098650728698
0.41141333729629764
0.4114168095197255
0.41142028174315337
0.4114237539665812
0.4114272261900091
0.41143069841343693
0.4114341706368648
0.41143764286029266
0.4114411150837205
0.4114445873071484
0.4114480595305762
0.41145153175400406
0.4114550039774319
