0.7684030445843905
0.7684065168078184
0.7684099890312461
0.768413461254674
0.7684169334781019
0.7684204057015298
0.7684238779249577
0.7684273501483855
0.7684308223718134
0.7684342945952412
0.768437766818669
0.7684412390420968
0.7684447112655247
0.7684481834889526
0.7684516557123805
0.7684551279358083
0.7684586001592362
0.7684620723826641
0.7684655446060918
0.7684690168295197
0.7684724890529475
0.7684759612763754
0.7684794334998032
0.7684829057232312
0.7684863779466591
0.7684898501700869
0.7684933223935148
0.7684967946169425
0.7685002668403704
0.7685037390637982
0.7685072112872261
0.768510683510654
0.7685141557340819
0.7685176279575098
0.7685211001809376
0.7685245724043654
0.7685280446277932
0.7685315168512211
0.7685349890746489
0.7685384612980768
0.7685419335215047
0.7685454057449327
0.7685488779683604
0.7685523501917884
0.7685558224152161
0.768559294638644
0.7685627668620718
0.7685662390854996
0.7685697113089275
0.7685731835323553
0.7685766557557833
0.7685801279792112
0.768583600202639
0.7685870724260668
0.7685905446494947
0.7685940168729225
0.7685974890963504
0.7686009613197782
0.7686044335432061
0.768607905766634
0.7686113779900619
0.7686148502134896
0.7686183224369175
0.7686217946603454
0.7686252668837732
0.7686287391072011
0.7686322113306289
0.7686356835540568
0.7686391557774848
0.7686426280009124
0.7686461002243404
0.7686495724477682
0.7686530446711961
0.7686565168946239
0.7686599891180518
0.7686634613414797
0.7686669335649075
0.7686704057883353
0.7686738780117631
0.7686773502351911
0.7686808224586189
0.7686842946820468
0.7686877669054746
0.7686912391289025
0.7686947113523303
0.7686981835757583
0.768701655799186
0.7687051280226139
0.7687086002460418
0.7687120724694696
0.7687155446928975
0.7687190169163253
0.7687224891397532
0.7687259613631809
0.768729433586609
0.7687329058100366
0.7687363780334646
0.7687398502568925
0.7687433224803203
0.7687467947037482
0.768750266927176
0.7687537391506039
0.7687572113740317
0.7687606835974595
0.7687641558208874
0.7687676280443153
0.7687711002677432
0.768774572491171
0.7687780447145989
0.7687815169380267
0.7687849891614545
0.7687884613848823
0.7687919336083103
0.7687954058317381
0.7687988780551661
0.7688023502785939
0.7688058225020217
0.7688092947254496
0.7688127669488773
0.7688162391723052
0.768819711395733
0.768823183619161
0.7688266558425888
0.7688301280660167
0.7688336002894446
0.7688370725128725
0.7688405447363003
0.7688440169597281
0.7688474891831559
0.7688509614065838
0.7688544336300116
0.7688579058534395
0.7688613780768674
0.7688648503002953
0.7688683225237232
0.768871794747151
0.7688752669705788
0.7688787391940066
0.7688822114174345
0.7688856836408623
0.7688891558642902
0.7688926280877182
0.768896100311146
0.7688995725345739
0.7689030447580016
0.7689065169814295
0.7689099892048573
0.7689134614282852
0.7689169336517131
0.7689204058751409
0.7689238780985689
0.7689273503219967
0.7689308225454246
0.7689342947688523
0.7689377669922802
0.768941239215708
0.7689447114391359
0.7689481836625638
0.7689516558859916
0.7689551281094195
0.7689586003328474
0.7689620725562752
0.768965544779703
0.7689690170031309
0.7689724892265587
0.7689759614499866
0.7689794336734144
0.7689829058968424
0.7689863781202703
0.768989850343698
0.7689933225671259
0.7689967947905537
0.7690002670139816
0.7690037392374094
0.7690072114608373
0.7690106836842652
0.7690141559076931
0.769017628131121
0.7690211003545487
0.7690245725779766
0.7690280448014044
0.7690315170248323
0.7690349892482601
0.769038461471688
0.7690419336951159
0.7690454059185438
0.7690488781419715
0.7690523503653994
0.7690558225888273
0.7690592948122551
0.769062767035683
0.7690662392591108
0.7690697114825387
0.7690731837059664
0.7690766559293944
0.7690801281528223
0.7690836003762502
0.769087072599678
0.7690905448231058
0.7690940170465337
