0.6572918948930191
0.6572953671164469
0.6572988393398748
0.6573023115633027
0.6573057837867305
0.6573092560101583
0.6573127282335862
0.657316200457014
0.6573196726804419
0.6573231449038698
0.6573266171272976
0.6573300893507255
0.6573335615741533
0.6573370337975812
0.657340506021009
0.6573439782444369
0.6573474504678647
0.6573509226912926
0.6573543949147205
0.6573578671381483
0.6573613393615761
0.6573648115850039
0.6573682838084319
0.6573717560318597
0.6573752282552876
0.6573787004787154
0.6573821727021433
0.6573856449255712
0.6573891171489991
0.6573925893724268
0.6573960615958547
0.6573995338192826
0.6574030060427104
0.6574064782661383
0.6574099504895661
0.657413422712994
0.6574168949364219
0.6574203671598498
0.6574238393832775
0.6574273116067054
0.6574307838301333
0.6574342560535611
0.657437728276989
0.6574412005004168
0.6574446727238447
0.6574481449472726
0.6574516171707004
0.6574550893941282
0.6574585616175561
0.657462033840984
0.6574655060644118
0.6574689782878397
0.6574724505112675
0.6574759227346954
0.6574793949581232
0.6574828671815511
0.6574863394049789
0.6574898116284069
0.6574932838518347
0.6574967560752625
0.6575002282986904
0.6575037005221182
0.6575071727455462
0.6575106449689739
0.6575141171924018
0.6575175894158296
0.6575210616392575
0.6575245338626854
0.6575280060861133
0.6575314783095411
0.657534950532969
0.6575384227563967
0.6575418949798246
0.6575453672032525
0.6575488394266803
0.6575523116501083
0.6575557838735361
0.657559256096964
0.6575627283203918
0.6575662005438196
0.6575696727672474
0.6575731449906753
0.6575766172141032
0.657580089437531
0.657583561660959
0.6575870338843868
0.6575905061078147
0.6575939783312424
0.6575974505546703
0.6576009227780981
0.657604395001526
0.6576078672249539
0.6576113394483817
0.6576148116718096
0.6576182838952375
0.6576217561186654
0.6576252283420931
0.657628700565521
0.6576321727889488
0.6576356450123768
0.6576391172358046
0.6576425894592324
0.6576460616826604
0.6576495339060882
0.657653006129516
0.6576564783529438
0.6576599505763717
0.6576634227997995
0.6576668950232275
0.6576703672466553
0.6576738394700832
0.657677311693511
0.6576807839169388
0.6576842561403667
0.6576877283637945
0.6576912005872224
0.6576946728106502
0.6576981450340782
0.657701617257506
0.6577050894809339
0.6577085617043618
0.6577120339277895
0.6577155061512174
0.6577189783746452
0.6577224505980731
0.6577259228215009
0.6577293950449289
0.6577328672683567
0.6577363394917846
0.6577398117152125
0.6577432839386402
0.6577467561620681
0.6577502283854959
0.6577537006089238
0.6577571728323517
0.6577606450557796
0.6577641172792074
0.6577675895026353
0.657771061726063
0.657774533949491
0.6577780061729188
0.6577814783963466
0.6577849506197745
0.6577884228432023
0.6577918950666303
0.657795367290058
0.657798839513486
0.6578023117369138
0.6578057839603417
0.6578092561837695
0.6578127284071974
0.6578162006306252
0.6578196728540531
0.657823145077481
0.6578266173009087
0.6578300895243366
0.6578335617477645
0.6578370339711924
0.6578405061946202
0.6578439784180481
0.6578474506414759
0.6578509228649038
0.6578543950883317
0.6578578673117594
0.6578613395351873
0.6578648117586151
0.6578682839820431
0.6578717562054709
0.6578752284288988
0.6578787006523266
0.6578821728757545
0.6578856450991823
0.6578891173226101
0.657892589546038
0.6578960617694659
0.6578995339928938
0.6579030062163216
0.6579064784397495
0.6579099506631773
0.6579134228866051
0.657916895110033
0.6579203673334609
0.6579238395568887
0.6579273117803165
0.6579307840037445
0.6579342562271723
0.6579377284506002
0.657941200674028
0.6579446728974558
0.6579481451208837
0.6579516173443116
0.6579550895677394
0.6579585617911673
0.6579620340145952
0.657965506238023
0.6579689784614509
0.6579724506848786
0.6579759229083065
0.6579793951317344
0.6579828673551623
