0.7038196888262808
0.7038231610497088
0.7038266332731365
0.7038301054965643
0.7038335777199923
0.7038370499434201
0.703840522166848
0.7038439943902758
0.7038474666137037
0.7038509388371315
0.7038544110605595
0.7038578832839872
0.7038613555074151
0.703864827730843
0.7038682999542708
0.7038717721776987
0.7038752444011265
0.7038787166245544
0.7038821888479823
0.7038856610714102
0.7038891332948379
0.7038926055182658
0.7038960777416936
0.7038995499651215
0.7039030221885494
0.7039064944119772
0.7039099666354051
0.7039134388588328
0.7039169110822607
0.7039203833056886
0.7039238555291165
0.7039273277525444
0.7039307999759722
0.7039342721994001
0.7039377444228279
0.7039412166462558
0.7039446888696835
0.7039481610931115
0.7039516333165393
0.7039551055399672
0.7039585777633951
0.703962049986823
0.7039655222102508
0.7039689944336787
0.7039724666571064
0.7039759388805343
0.7039794111039622
0.70398288332739
0.7039863555508179
0.7039898277742457
0.7039932999976737
0.7039967722211015
0.7040002444445294
0.7040037166679571
0.704007188891385
0.7040106611148129
0.7040141333382407
0.7040176055616686
0.7040210777850965
0.7040245500085244
0.7040280222319522
0.70403149445538
0.7040349666788078
0.7040384389022357
0.7040419111256636
0.7040453833490914
0.7040488555725193
0.7040523277959472
0.7040558000193751
0.7040592722428028
0.7040627444662307
0.7040662166896585
0.7040696889130864
0.7040731611365143
0.7040766333599421
0.70408010558337
0.7040835778067979
0.7040870500302258
0.7040905222536535
0.7040939944770814
0.7040974667005092
0.7041009389239371
0.704104411147365
0.7041078833707929
0.7041113555942207
0.7041148278176486
0.7041183000410765
0.7041217722645042
0.7041252444879321
0.7041287167113599
0.7041321889347879
0.7041356611582157
0.7041391333816436
0.7041426056050714
0.7041460778284993
0.7041495500519271
0.7041530222753549
0.7041564944987828
0.7041599667222106
0.7041634389456385
0.7041669111690664
0.7041703833924943
0.704173855615922
0.7041773278393499
0.7041808000627778
0.7041842722862056
0.7041877445096335
0.7041912167330613
0.7041946889564892
0.7041981611799171
0.704201633403345
0.7042051056267727
0.7042085778502007
0.7042120500736285
0.7042155222970563
0.7042189945204842
0.704222466743912
0.70422593896734
0.7042294111907678
0.7042328834141957
0.7042363556376234
0.7042398278610513
0.7042433000844792
0.7042467723079071
0.7042502445313349
0.7042537167547628
0.7042571889781906
0.7042606612016185
0.7042641334250463
0.7042676056484741
0.7042710778719021
0.7042745500953299
0.7042780223187578
0.7042814945421856
0.7042849667656135
0.7042884389890413
0.7042919112124691
0.704295383435897
0.7042988556593248
0.7043023278827528
0.7043058001061806
0.7043092723296085
0.7043127445530363
0.7043162167764642
0.704319688999892
0.7043231612233198
0.7043266334467477
0.7043301056701755
0.7043335778936035
0.7043370501170313
0.7043405223404592
0.704343994563887
0.7043474667873149
0.7043509390107426
0.7043544112341705
0.7043578834575984
0.7043613556810262
0.7043648279044542
0.704368300127882
0.7043717723513099
0.7043752445747377
0.7043787167981655
0.7043821890215934
0.7043856612450213
0.7043891334684491
0.704392605691877
0.7043960779153048
0.7043995501387327
0.7044030223621606
0.7044064945855883
0.7044099668090162
0.704413439032444
0.704416911255872
0.7044203834792998
0.7044238557027277
0.7044273279261556
0.7044308001495834
0.7044342723730113
0.704437744596439
0.7044412168198669
0.7044446890432947
0.7044481612667227
0.7044516334901505
0.7044551057135784
0.7044585779370063
0.7044620501604341
0.704465522383862
0.7044689946072897
0.7044724668307176
0.7044759390541455
0.7044794112775734
0.7044828835010012
0.7044863557244291
0.7044898279478569
0.7044933001712848
0.7044967723947126
0.7045002446181404
0.7045037168415683
0.7045071890649961
0.7045106612884241
