0.9795142289979961
0.9795177012214241
0.9795211734448518
0.9795246456682798
0.9795281178917076
0.9795315901151355
0.9795350623385635
0.9795385345619911
0.9795420067854191
0.9795454790088468
0.9795489512322748
0.9795524234557026
0.9795558956791305
0.9795593679025583
0.9795628401259862
0.9795663123494139
0.9795697845728418
0.9795732567962698
0.9795767290196975
0.9795802012431255
0.9795836734665533
0.9795871456899812
0.979590617913409
0.9795940901368368
0.9795975623602646
0.9796010345836925
0.9796045068071205
0.9796079790305482
0.9796114512539762
0.9796149234774039
0.9796183957008319
0.9796218679242596
0.9796253401476875
0.9796288123711155
0.9796322845945432
0.9796357568179712
0.9796392290413989
0.9796427012648269
0.9796461734882548
0.9796496457116826
0.9796531179351103
0.9796565901585382
0.9796600623819662
0.9796635346053939
0.9796670068288219
0.9796704790522496
0.9796739512756776
0.9796774234991055
0.9796808957225333
0.9796843679459611
0.9796878401693889
0.9796913123928168
0.9796947846162446
0.9796982568396726
0.9797017290631003
0.9797052012865283
0.9797086735099559
0.9797121457333839
0.9797156179568118
0.9797190901802396
0.9797225624036676
0.9797260346270953
0.9797295068505233
0.979732979073951
0.979736451297379
0.9797399235208066
0.9797433957442346
0.9797468679676625
0.9797503401910903
0.9797538124145183
0.979757284637946
0.979760756861374
0.9797642290848017
0.9797677013082297
0.9797711735316575
0.9797746457550853
0.9797781179785132
0.979781590201941
0.9797850624253689
0.9797885346487967
0.9797920068722247
0.9797954790956523
0.9797989513190803
0.9798024235425082
0.979805895765936
0.9798093679893639
0.9798128402127917
0.9798163124362196
0.9798197846596474
0.9798232568830754
0.979826729106503
0.979830201329931
0.9798336735533587
0.9798371457767867
0.9798406180002146
0.9798440902236424
0.9798475624470704
0.9798510346704981
0.9798545068939261
0.9798579791173537
0.9798614513407817
0.9798649235642096
0.9798683957876374
0.9798718680110653
0.9798753402344931
0.979878812457921
0.9798822846813487
0.9798857569047769
0.9798892291282044
0.9798927013516324
0.9798961735750603
0.9798996457984881
0.979903118021916
0.9799065902453438
0.9799100624687717
0.9799135346921994
0.9799170069156276
0.9799204791390551
0.9799239513624832
0.9799274235859108
0.9799308958093389
0.9799343680327667
0.9799378402561945
0.9799413124796226
0.9799447847030501
0.9799482569264782
0.9799517291499058
0.9799552013733339
0.9799586735967617
0.9799621458201896
0.9799656180436174
0.9799690902670453
0.979972562490473
0.9799760347139009
0.9799795069373289
0.9799829791607565
0.9799864513841846
0.9799899236076124
0.9799933958310403
0.9799968680544681
0.980000340277896
0.9800038125013237
0.9800072847247516
0.9800107569481796
0.9800142291716073
0.9800177013950353
0.980021173618463
0.980024645841891
0.9800281180653188
0.9800315902887466
0.9800350625121746
0.9800385347356023
0.9800420069590303
0.980045479182458
0.980048951405886
0.9800524236293138
0.9800558958527417
0.9800593680761694
0.9800628402995973
0.9800663125230251
0.980069784746453
0.980073256969881
0.9800767291933087
0.9800802014167367
0.9800836736401645
0.9800871458635924
0.9800906180870201
0.980094090310448
0.9800975625338758
0.9801010347573037
0.9801045069807317
0.9801079792041594
0.9801114514275874
0.980114923651015
0.980118395874443
0.9801218680978708
0.9801253403212987
0.9801288125447267
0.9801322847681544
0.9801357569915824
0.9801392292150101
0.9801427014384381
0.9801461736618658
0.9801496458852937
0.9801531181087215
0.9801565903321494
0.9801600625555774
0.9801635347790051
0.9801670070024331
0.9801704792258608
0.9801739514492888
0.9801774236727165
0.9801808958961444
0.9801843681195722
0.9801878403430001
0.9801913125664279
0.9801947847898558
0.9801982570132838
0.9802017292367114
0.9802052014601395
