0.8725697474200511
0.8725732196434791
0.8725766918669068
0.8725801640903348
0.8725836363137627
0.8725871085371905
0.8725905807606184
0.8725940529840461
0.872597525207474
0.8726009974309018
0.8726044696543298
0.8726079418777577
0.8726114141011855
0.8726148863246134
0.8726183585480412
0.872621830771469
0.8726253029948968
0.8726287752183247
0.8726322474417525
0.8726357196651804
0.8726391918886082
0.8726426641120362
0.8726461363354641
0.8726496085588918
0.8726530807823197
0.8726565530057475
0.8726600252291754
0.8726634974526032
0.8726669696760312
0.8726704418994589
0.8726739141228869
0.8726773863463145
0.8726808585697425
0.8726843307931704
0.8726878030165982
0.8726912752400261
0.8726947474634539
0.872698219686882
0.8727016919103098
0.8727051641337377
0.8727086363571654
0.8727121085805932
0.8727155808040211
0.8727190530274489
0.8727225252508768
0.8727259974743046
0.8727294696977325
0.8727329419211602
0.8727364141445884
0.8727398863680161
0.872743358591444
0.8727468308148718
0.8727503030382997
0.8727537752617275
0.8727572474851553
0.8727607197085834
0.8727641919320109
0.872767664155439
0.8727711363788668
0.8727746086022947
0.8727780808257225
0.8727815530491504
0.8727850252725782
0.8727884974960061
0.8727919697194341
0.8727954419428618
0.8727989141662897
0.8728023863897175
0.8728058586131454
0.8728093308365732
0.8728128030600011
0.8728162752834289
0.8728197475068568
0.8728232197302845
0.8728266919537124
0.8728301641771404
0.8728336364005682
0.8728371086239961
0.8728405808474239
0.8728440530708518
0.8728475252942796
0.8728509975177074
0.8728544697411355
0.8728579419645631
0.8728614141879911
0.8728648864114189
0.8728683586348468
0.8728718308582746
0.8728753030817025
0.8728787753051303
0.8728822475285581
0.8728857197519861
0.8728891919754138
0.8728926641988418
0.8728961364222696
0.8728996086456975
0.8729030808691253
0.8729065530925532
0.8729100253159809
0.8729134975394088
0.8729169697628366
0.8729204419862645
0.8729239142096925
0.8729273864331203
0.8729308586565482
0.872934330879976
0.8729378031034039
0.8729412753268316
0.8729447475502595
0.8729482197736875
0.8729516919971152
0.8729551642205432
0.872958636443971
0.8729621086673989
0.8729655808908267
0.8729690531142545
0.8729725253376823
0.8729759975611102
0.8729794697845382
0.8729829420079659
0.8729864142313939
0.8729898864548218
0.8729933586782496
0.8729968309016773
0.8730003031251052
0.873003775348533
0.8730072475719609
0.8730107197953889
0.8730141920188168
0.8730176642422446
0.8730211364656725
0.8730246086891003
0.8730280809125281
0.8730315531359559
0.8730350253593838
0.8730384975828116
0.8730419698062394
0.8730454420296673
0.8730489142530953
0.8730523864765232
0.873055858699951
0.8730593309233788
0.8730628031468066
0.8730662753702345
0.8730697475936623
0.8730732198170903
0.873076692040518
0.873080164263946
0.8730836364873739
0.8730871087108016
0.8730905809342295
0.8730940531576573
0.8730975253810852
0.873100997604513
0.873104469827941
0.8731079420513689
0.8731114142747967
0.8731148864982246
0.8731183587216523
0.8731218309450802
0.873125303168508
0.8731287753919359
0.8731322476153637
0.8731357198387916
0.8731391920622193
0.8731426642856474
0.8731461365090752
0.873149608732503
0.8731530809559309
0.8731565531793587
0.8731600254027866
0.8731634976262144
0.8731669698496424
0.87317044207307
0.873173914296498
0.8731773865199259
0.8731808587433537
0.8731843309667816
0.8731878031902094
0.8731912754136373
0.8731947476370651
0.8731982198604931
0.873201692083921
0.8732051643073487
0.8732086365307766
0.8732121087542044
0.8732155809776323
0.8732190532010601
0.873222525424488
0.8732259976479158
0.8732294698713436
0.8732329420947714
0.8732364143181994
0.8732398865416273
0.8732433587650551
0.873246830988483
0.8732503032119108
0.8732537754353387
0.8732572476587664
0.8732607198821946
