0.8440975153116372
0.844100987535065
0.8441044597584929
0.8441079319819207
0.8441114042053488
0.8441148764287766
0.8441183486522044
0.8441218208756323
0.84412529309906
0.8441287653224879
0.8441322375459157
0.8441357097693438
0.8441391819927714
0.8441426542161995
0.8441461264396273
0.8441495986630552
0.844153070886483
0.8441565431099108
0.8441600153333386
0.8441634875567664
0.8441669597801945
0.8441704320036221
0.8441739042270502
0.844177376450478
0.8441808486739059
0.8441843208973336
0.8441877931207615
0.8441912653441893
0.8441947375676172
0.844198209791045
0.8442016820144729
0.8442051542379009
0.8442086264613287
0.8442120986847566
0.8442155709081843
0.8442190431316122
0.84422251535504
0.8442259875784679
0.8442294598018959
0.8442329320253236
0.8442364042487516
0.8442398764721794
0.8442433486956072
0.844246820919035
0.8442502931424629
0.8442537653658907
0.8442572375893186
0.8442607098127466
0.8442641820361744
0.8442676542596023
0.84427112648303
0.8442745987064579
0.8442780709298857
0.8442815431533136
0.8442850153767414
0.8442884876001693
0.8442919598235971
0.844295432047025
0.844298904270453
0.8443023764938807
0.8443058487173086
0.8443093209407364
0.8443127931641643
0.8443162653875921
0.84431973761102
0.844323209834448
0.8443266820578756
0.8443301542813036
0.8443336265047313
0.8443370987281593
0.8443405709515871
0.844344043175015
0.8443475153984428
0.8443509876218707
0.8443544598452987
0.8443579320687264
0.8443614042921543
0.8443648765155821
0.84436834873901
0.8443718209624378
0.8443752931858657
0.8443787654092935
0.8443822376327214
0.8443857098561491
0.844389182079577
0.844392654303005
0.8443961265264328
0.8443995987498607
0.8444030709732885
0.8444065431967164
0.8444100154201442
0.844413487643572
0.844416959867
0.8444204320904277
0.8444239043138557
0.8444273765372836
0.8444308487607114
0.8444343209841393
0.8444377932075671
0.844441265430995
0.8444447376544227
0.8444482098778507
0.8444516821012786
0.8444551543247064
0.8444586265481343
0.8444620987715621
0.84446557099499
0.8444690432184178
0.8444725154418457
0.8444759876652734
0.8444794598887013
0.8444829321121291
0.8444864043355571
0.844489876558985
0.8444933487824128
0.8444968210058407
0.8445002932292685
0.8445037654526963
0.8445072376761241
0.8445107098995521
0.8445141821229798
0.8445176543464078
0.8445211265698357
0.8445245987932635
0.8445280710166914
0.8445315432401191
0.844535015463547
0.8445384876869748
0.8445419599104028
0.8445454321338305
0.8445489043572585
0.8445523765806864
0.8445558488041142
0.844559321027542
0.8445627932509698
0.8445662654743977
0.8445697376978255
0.8445732099212534
0.8445766821446812
0.8445801543681092
0.8445836265915371
0.8445870988149649
0.8445905710383927
0.8445940432618205
0.8445975154852484
0.8446009877086762
0.8446044599321041
0.8446079321555319
0.8446114043789599
0.8446148766023878
0.8446183488258155
0.8446218210492434
0.8446252932726712
0.8446287654960991
0.8446322377195269
0.8446357099429549
0.8446391821663826
0.8446426543898106
0.8446461266132385
0.8446495988366662
0.8446530710600941
0.8446565432835219
0.8446600155069498
0.8446634877303776
0.8446669599538057
0.8446704321772333
0.8446739044006614
0.8446773766240891
0.8446808488475169
0.8446843210709448
0.8446877932943726
0.8446912655178005
0.8446947377412283
0.8446982099646562
0.844701682188084
0.8447051544115121
0.8447086266349398
0.8447120988583677
0.8447155710817955
0.8447190433052234
0.8447225155286512
0.8447259877520791
0.8447294599755071
0.8447329321989346
0.8447364044223628
0.8447398766457905
0.8447433488692184
0.8447468210926462
0.8447502933160741
0.8447537655395019
0.8447572377629298
0.8447607099863578
0.8447641822097856
0.8447676544332134
0.8447711266566412
0.8447745988800691
0.8447780711034969
0.8447815433269248
0.8447850155503526
0.8447884877737805
