0.7906252745226647
0.7906287467460926
0.7906322189695204
0.7906356911929483
0.7906391634163762
0.7906426356398041
0.7906461078632319
0.7906495800866598
0.7906530523100876
0.7906565245335154
0.7906599967569433
0.7906634689803711
0.790666941203799
0.790670413427227
0.7906738856506547
0.7906773578740827
0.7906808300975104
0.7906843023209383
0.7906877745443661
0.790691246767794
0.7906947189912219
0.7906981912146497
0.7907016634380776
0.7907051356615055
0.7907086078849334
0.7907120801083611
0.790715552331789
0.7907190245552168
0.7907224967786447
0.7907259690020725
0.7907294412255005
0.7907329134489283
0.7907363856723562
0.790739857895784
0.7907433301192118
0.7907468023426397
0.7907502745660675
0.7907537467894954
0.7907572190129232
0.7907606912363512
0.790764163459779
0.7907676356832068
0.7907711079066347
0.7907745801300625
0.7907780523534904
0.7907815245769182
0.7907849968003461
0.790788469023774
0.7907919412472018
0.7907954134706296
0.7907988856940575
0.7908023579174854
0.7908058301409132
0.7908093023643411
0.7908127745877689
0.7908162468111968
0.7908197190346246
0.7908231912580524
0.7908266634814803
0.7908301357049083
0.7908336079283361
0.790837080151764
0.7908405523751918
0.7908440245986197
0.7908474968220475
0.7908509690454754
0.7908544412689033
0.790857913492331
0.790861385715759
0.7908648579391868
0.7908683301626147
0.7908718023860425
0.7908752746094704
0.7908787468328982
0.790882219056326
0.7908856912797538
0.7908891635031817
0.7908926357266096
0.7908961079500375
0.7908995801734654
0.7909030523968932
0.7909065246203211
0.7909099968437489
0.7909134690671767
0.7909169412906045
0.7909204135140324
0.7909238857374604
0.7909273579608882
0.7909308301843161
0.7909343024077439
0.7909377746311718
0.7909412468545995
0.7909447190780274
0.7909481913014553
0.7909516635248831
0.7909551357483111
0.7909586079717389
0.7909620801951668
0.7909655524185946
0.7909690246420225
0.7909724968654502
0.7909759690888781
0.790979441312306
0.7909829135357339
0.7909863857591617
0.7909898579825896
0.7909933302060175
0.7909968024294453
0.7910002746528731
0.7910037468763009
0.7910072190997288
0.7910106913231566
0.7910141635465846
0.7910176357700125
0.7910211079934403
0.7910245802168682
0.791028052440296
0.7910315246637238
0.7910349968871516
0.7910384691105795
0.7910419413340074
0.7910454135574353
0.7910488857808632
0.791052358004291
0.7910558302277189
0.7910593024511466
0.7910627746745745
0.7910662468980023
0.7910697191214302
0.7910731913448581
0.7910766635682861
0.7910801357917138
0.7910836080151418
0.7910870802385696
0.7910905524619973
0.7910940246854252
0.791097496908853
0.791100969132281
0.7911044413557087
0.7911079135791367
0.7911113858025645
0.7911148580259925
0.7911183302494202
0.7911218024728481
0.7911252746962759
0.7911287469197038
0.7911322191431316
0.7911356913665595
0.7911391635899874
0.7911426358134153
0.7911461080368432
0.7911495802602709
0.7911530524836988
0.7911565247071266
0.7911599969305545
0.7911634691539823
0.7911669413774102
0.7911704136008382
0.7911738858242658
0.7911773580476938
0.7911808302711216
0.7911843024945495
0.7911877747179773
0.7911912469414052
0.7911947191648331
0.7911981913882609
0.7912016636116888
0.7912051358351165
0.7912086080585445
0.7912120802819723
0.7912155525054002
0.791219024728828
0.7912224969522559
0.7912259691756837
0.7912294413991117
0.7912329136225394
0.7912363858459673
0.7912398580693952
0.791243330292823
0.7912468025162509
0.7912502747396787
0.7912537469631066
0.7912572191865344
0.7912606914099624
0.7912641636333901
0.791267635856818
0.7912711080802459
0.7912745803036737
0.7912780525271016
0.7912815247505294
0.7912849969739573
0.7912884691973852
0.7912919414208129
0.7912954136442408
0.7912988858676687
0.7913023580910966
0.7913058303145244
0.7913093025379523
0.7913127747613801
0.791316246984808
