0.607291877531902
0.6072953497553297
0.6072988219787576
0.6073022942021855
0.6073057664256134
0.6073092386490412
0.6073127108724691
0.6073161830958969
0.6073196553193247
0.6073231275427526
0.6073265997661804
0.6073300719896083
0.6073335442130361
0.6073370164364641
0.6073404886598919
0.6073439608833198
0.6073474331067475
0.6073509053301754
0.6073543775536033
0.6073578497770312
0.607361322000459
0.6073647942238869
0.6073682664473148
0.6073717386707426
0.6073752108941705
0.6073786831175982
0.6073821553410261
0.607385627564454
0.6073890997878819
0.6073925720113097
0.6073960442347376
0.6073995164581655
0.6074029886815933
0.6074064609050212
0.6074099331284489
0.6074134053518768
0.6074168775753047
0.6074203497987326
0.6074238220221604
0.6074272942455883
0.6074307664690162
0.607434238692444
0.6074377109158718
0.6074411831392996
0.6074446553627275
0.6074481275861554
0.6074515998095833
0.6074550720330111
0.607458544256439
0.6074620164798669
0.6074654887032946
0.6074689609267225
0.6074724331501503
0.6074759053735782
0.6074793775970061
0.607482849820434
0.6074863220438618
0.6074897942672897
0.6074932664907176
0.6074967387141454
0.6075002109375732
0.6075036831610011
0.6075071553844289
0.6075106276078568
0.6075140998312847
0.6075175720547125
0.6075210442781405
0.6075245165015682
0.6075279887249961
0.6075314609484239
0.6075349331718518
0.6075384053952796
0.6075418776187075
0.6075453498421354
0.6075488220655632
0.6075522942889912
0.6075557665124189
0.6075592387358468
0.6075627109592746
0.6075661831827025
0.6075696554061303
0.6075731276295582
0.6075765998529861
0.6075800720764138
0.6075835442998417
0.6075870165232696
0.6075904887466975
0.6075939609701253
0.6075974331935532
0.607600905416981
0.6076043776404089
0.6076078498638368
0.6076113220872645
0.6076147943106924
0.6076182665341203
0.6076217387575482
0.607625210980976
0.6076286832044039
0.6076321554278317
0.6076356276512597
0.6076390998746874
0.6076425720981153
0.6076460443215432
0.607649516544971
0.6076529887683989
0.6076564609918267
0.6076599332152546
0.6076634054386824
0.6076668776621104
0.6076703498855381
0.607673822108966
0.6076772943323939
0.6076807665558217
0.6076842387792496
0.6076877110026774
0.6076911832261053
0.607694655449533
0.607698127672961
0.6077015998963888
0.6077050721198167
0.6077085443432445
0.6077120165666724
0.6077154887901003
0.6077189610135281
0.607722433236956
0.6077259054603837
0.6077293776838117
0.6077328499072395
0.6077363221306674
0.6077397943540952
0.6077432665775232
0.607746738800951
0.6077502110243788
0.6077536832478067
0.6077571554712344
0.6077606276946624
0.6077640999180902
0.6077675721415181
0.607771044364946
0.6077745165883739
0.6077779888118017
0.6077814610352296
0.6077849332586573
0.6077884054820852
0.6077918777055131
0.6077953499289409
0.6077988221523688
0.6078022943757967
0.6078057665992246
0.6078092388226524
0.6078127110460803
0.607816183269508
0.6078196554929359
0.6078231277163638
0.6078265999397916
0.6078300721632195
0.6078335443866473
0.6078370166100753
0.6078404888335031
0.607843961056931
0.6078474332803587
0.6078509055037866
0.6078543777272145
0.6078578499506423
0.6078613221740702
0.607864794397498
0.607868266620926
0.6078717388443537
0.6078752110677816
0.6078786832912094
0.6078821555146373
0.6078856277380652
0.607889099961493
0.6078925721849209
0.6078960444083488
0.6078995166317767
0.6079029888552044
0.6079064610786323
0.6079099333020601
0.607913405525488
0.6079168777489159
0.6079203499723438
0.6079238221957716
0.6079272944191995
0.6079307666426274
0.6079342388660551
0.607937711089483
0.6079411833129108
0.6079446555363387
0.6079481277597666
0.6079515999831945
0.6079550722066223
0.6079585444300502
0.607962016653478
0.6079654888769058
0.6079689611003337
0.6079724333237615
0.6079759055471894
0.6079793777706173
0.6079828499940452
