0.929514211636879
0.929517683860307
0.9295211560837348
0.9295246283071626
0.9295281005305904
0.9295315727540183
0.9295350449774461
0.929538517200874
0.929541989424302
0.9295454616477297
0.9295489338711577
0.9295524060945853
0.9295558783180133
0.9295593505414411
0.929562822764869
0.929566294988297
0.9295697672117247
0.9295732394351527
0.9295767116585804
0.9295801838820084
0.9295836561054361
0.929587128328864
0.9295906005522918
0.9295940727757197
0.9295975449991475
0.9296010172225754
0.9296044894460034
0.929607961669431
0.929611433892859
0.9296149061162869
0.9296183783397147
0.9296218505631425
0.9296253227865704
0.9296287950099982
0.9296322672334261
0.9296357394568541
0.9296392116802817
0.9296426839037097
0.9296461561271374
0.9296496283505654
0.9296531005739933
0.9296565727974211
0.9296600450208491
0.9296635172442768
0.9296669894677048
0.9296704616911324
0.9296739339145604
0.9296774061379883
0.9296808783614161
0.929684350584844
0.9296878228082718
0.9296912950316997
0.9296947672551275
0.9296982394785555
0.9297017117019831
0.9297051839254111
0.929708656148839
0.9297121283722668
0.9297156005956947
0.9297190728191225
0.9297225450425504
0.9297260172659781
0.9297294894894061
0.9297329617128338
0.9297364339362618
0.9297399061596895
0.9297433783831175
0.9297468506065454
0.9297503228299732
0.9297537950534012
0.9297572672768288
0.9297607395002568
0.9297642117236845
0.9297676839471125
0.9297711561705404
0.9297746283939682
0.9297781006173961
0.9297815728408239
0.9297850450642519
0.9297885172876795
0.9297919895111075
0.9297954617345352
0.9297989339579632
0.9298024061813911
0.9298058784048189
0.9298093506282468
0.9298128228516745
0.9298162950751024
0.9298197672985302
0.9298232395219582
0.9298267117453859
0.9298301839688139
0.9298336561922416
0.9298371284156696
0.9298406006390975
0.9298440728625252
0.9298475450859534
0.9298510173093809
0.929854489532809
0.9298579617562366
0.9298614339796646
0.9298649062030923
0.9298683784265203
0.9298718506499482
0.9298753228733759
0.929878795096804
0.9298822673202316
0.9298857395436597
0.9298892117670873
0.9298926839905154
0.9298961562139432
0.9298996284373711
0.9299031006607988
0.9299065728842266
0.9299100451076545
0.9299135173310823
0.9299169895545104
0.929920461777938
0.9299239340013661
0.9299274062247936
0.9299308784482218
0.9299343506716495
0.9299378228950774
0.9299412951185052
0.9299447673419331
0.9299482395653611
0.9299517117887887
0.9299551840122168
0.9299586562356443
0.9299621284590724
0.9299656006825002
0.9299690729059281
0.9299725451293561
0.9299760173527838
0.9299794895762118
0.9299829617996395
0.9299864340230675
0.9299899062464952
0.9299933784699231
0.9299968506933509
0.9300003229167788
0.9300037951402066
0.9300072673636345
0.9300107395870625
0.9300142118104902
0.9300176840339182
0.9300211562573459
0.9300246284807738
0.9300281007042016
0.9300315729276295
0.9300350451510573
0.9300385173744852
0.9300419895979132
0.9300454618213408
0.9300489340447688
0.9300524062681965
0.9300558784916245
0.9300593507150523
0.9300628229384802
0.9300662951619082
0.9300697673853359
0.9300732396087639
0.9300767118321915
0.9300801840556195
0.9300836562790473
0.9300871285024752
0.930090600725903
0.9300940729493309
0.9300975451727587
0.9301010173961866
0.9301044896196146
0.9301079618430422
0.9301114340664702
0.930114906289898
0.9301183785133259
0.9301218507367537
0.9301253229601816
0.9301287951836094
0.9301322674070372
0.9301357396304653
0.9301392118538929
0.9301426840773209
0.9301461563007486
0.9301496285241766
0.9301531007476044
0.9301565729710323
0.9301600451944603
0.9301635174178879
0.9301669896413159
0.9301704618647436
0.9301739340881716
0.9301774063115995
0.9301808785350273
0.9301843507584552
0.930187822981883
0.9301912952053107
0.9301947674287386
0.9301982396521666
0.9302017118755943
0.9302051840990223
