0.24062508355037623
0.24062855577380407
0.2406320279972319
0.24063550022065977
0.24063897244408766
0.2406424446675155
0.24064591689094336
0.24064938911437117
0.24065286133779903
0.24065633356122687
0.24065980578465476
0.24066327800808265
0.2406667502315105
0.24067022245493835
0.24067369467836613
0.24067716690179403
0.24068063912522192
0.24068411134864975
0.24068758357207762
0.24069105579550545
0.24069452801893335
0.2406980002423612
0.24070147246578902
0.24070494468921688
0.24070841691264472
0.2407118891360726
0.2407153613595005
0.2407188335829283
0.2407223058063562
0.24072577802978398
0.24072925025321187
0.2407327224766397
0.2407361947000676
0.24073966692349547
0.2407431391469233
0.24074661137035114
0.24075008359377897
0.24075355581720687
0.24075702804063473
0.24076050026406257
0.24076397248749046
0.2407674447109183
0.24077091693434613
0.240774389157774
0.24077786138120183
0.24078133360462972
0.24078480582805756
0.24078827805148542
0.2407917502749133
0.2407952224983411
0.24079869472176899
0.24080216694519682
0.2408056391686247
0.24080911139205255
0.2408125836154804
0.2408160558389083
0.24081952806233609
0.24082300028576398
0.2408264725091918
0.24082994473261968
0.24083341695604757
0.2408368891794754
0.24084036140290327
0.24084383362633108
0.24084730584975894
0.24085077807318683
0.24085425029661467
0.24085772252004256
0.24086119474347037
0.24086466696689826
0.24086813919032604
0.24087161141375393
0.24087508363718182
0.24087855586060966
0.24088202808403752
0.24088550030746536
0.2408889725308932
0.2408924447543211
0.24089591697774893
0.2408993892011768
0.24090286142460463
0.24090633364803252
0.24090980587146038
0.2409132780948882
0.24091675031831605
0.2409202225417439
0.24092369476517178
0.24092716698859967
0.24093063921202748
0.24093411143545537
0.24093758365888315
0.24094105588231104
0.24094452810573888
0.24094800032916677
0.24095147255259464
0.24095494477602247
0.24095841699945036
0.24096188922287815
0.24096536144630604
0.2409688336697339
0.24097230589316174
0.24097577811658963
0.24097925034001746
0.24098272256344533
0.24098619478687316
0.240989667010301
0.2409931392337289
0.24099661145715673
0.2410000836805846
0.24100355590401248
0.24100702812744032
0.24101050035086816
0.241013972574296
0.24101744479772388
0.24102091702115172
0.24102438924457958
0.24102786146800748
0.24103133369143526
0.24103480591486315
0.24103827813829098
0.24104175036171885
0.24104522258514674
0.24104869480857458
0.24105216703200244
0.24105563925543025
0.2410591114788581
0.241062583702286
0.24106605592571384
0.24106952814914173
0.24107300037256954
0.24107647259599743
0.2410799448194252
0.2410834170428531
0.241086889266281
0.24109036148970883
0.2410938337131367
0.24109730593656453
0.24110077815999242
0.2411042503834203
0.2411077226068481
0.24111119483027596
0.2411146670537038
0.2411181392771317
0.24112161150055955
0.2411250837239874
0.24112855594741522
0.24113202817084306
0.24113550039427095
0.24113897261769884
0.24114244484112665
0.24114591706455454
0.24114938928798232
0.24115286151141022
0.24115633373483805
0.24115980595826594
0.2411632781816938
0.24116675040512164
0.24117022262854954
0.24117369485197732
0.2411771670754052
0.24118063929883307
0.2411841115222609
0.2411875837456888
0.24119105596911664
0.2411945281925445
0.2411980004159724
0.24120147263940017
0.24120494486282806
0.2412084170862559
0.2412118893096838
0.24121536153311166
0.2412188337565395
0.24122230597996738
0.24122577820339516
0.24122925042682306
0.2412327226502509
0.24123619487367876
0.24123966709710665
0.24124313932053448
0.24124661154396232
0.24125008376739016
0.24125355599081802
0.2412570282142459
0.24126050043767375
0.2412639726611016
0.24126744488452945
0.24127091710795728
0.24127438933138518
0.241277861554813
0.2412813337782409
0.2412848060016687
0.2412882782250966
0.24129175044852438
0.24129522267195228
0.24129869489538017
0.241302167118808
0.24130563934223587
0.2413091115656637
0.2413125837890916
0.24131605601251946
