0.40937514214414655
0.4093786143675744
0.4093820865910023
0.4093855588144301
0.409389031037858
0.40939250326128585
0.40939597548471374
0.4093994477081416
0.4094029199315694
0.40940639215499725
0.4094098643784251
0.409413336601853
0.4094168088252808
0.4094202810487087
0.40942375327213654
0.4094272254955644
0.40943069771899226
0.40943416994242016
0.409437642165848
0.4094411143892758
0.40944458661270366
0.4094480588361315
0.4094515310595594
0.40945500328298723
0.40945847550641506
0.40946194772984296
0.40946541995327085
0.4094688921766987
0.4094723644001265
0.40947583662355436
0.4094793088469822
0.4094827810704101
0.4094862532938379
0.40948972551726576
0.40949319774069365
0.40949666996412154
0.4095001421875494
0.4095036144109772
0.4095070866344051
0.40951055885783294
0.4095140310812608
0.4095175033046886
0.4095209755281165
0.40952444775154434
0.4095279199749722
0.40953139219840007
0.4095348644218279
0.4095383366452558
0.40954180886868363
0.40954528109211147
0.4095487533155393
0.40955222553896714
0.40955569776239503
0.4095591699858229
0.40956264220925076
0.4095661144326786
0.4095695866561065
0.4095730588795343
0.4095765311029622
0.40958000332639005
0.40958347554981783
0.4095869477732457
0.4095904199966736
0.40959389222010145
0.4095973644435293
0.4096008366669572
0.409604308890385
0.4096077811138129
0.40961125333724074
0.4096147255606686
0.4096181977840964
0.4096216700075243
0.40962514223095214
0.40962861445438
0.40963208667780787
0.4096355589012357
0.4096390311246636
0.40964250334809144
0.4096459755715193
0.40964944779494716
0.409652920018375
0.40965639224180284
0.40965986446523067
0.40966333668865856
0.4096668089120864
0.4096702811355143
0.4096737533589421
0.40967722558236996
0.40968069780579786
0.4096841700292257
0.4096876422526535
0.40969111447608136
0.40969458669950926
0.4096980589229371
0.409701531146365
0.4097050033697928
0.40970847559322066
0.40971194781664855
0.40971542004007644
0.4097188922635043
0.4097223644869321
0.40972583671035995
0.4097293089337878
0.4097327811572157
0.4097362533806435
0.40973972560407135
0.40974319782749924
0.40974667005092713
0.40975014227435497
0.4097536144977828
0.40975708672121064
0.40976055894463853
0.40976403116806637
0.4097675033914942
0.4097709756149221
0.40977444783834993
0.40977792006177777
0.40978139228520566
0.4097848645086335
0.4097883367320614
0.4097918089554892
0.40979528117891706
0.4097987534023449
0.40980222562577273
0.4098056978492006
0.4098091700726285
0.40981264229605635
0.4098161145194842
0.4098195867429121
0.4098230589663399
0.40982653118976775
0.4098300034131956
0.4098334756366234
0.4098369478600513
0.4098404200834792
0.40984389230690704
0.4098473645303349
0.40985083675376277
0.4098543089771906
0.4098577812006185
0.40986125342404633
0.40986472564747417
0.409868197870902
0.4098716700943299
0.40987514231775773
0.40987861454118557
0.40988208676461346
0.40988555898804135
0.4098890312114692
0.409892503434897
0.40989597565832486
0.4098994478817527
0.40990292010518053
0.4099063923286084
0.40990986455203626
0.40991333677546415
0.409916808998892
0.4099202812223199
0.4099237534457477
0.40992722566917555
0.40993069789260345
0.4099341701160313
0.4099376423394591
0.40994111456288695
0.40994458678631485
0.4099480590097427
0.4099515312331706
0.4099550034565984
0.40995847568002625
0.40996194790345414
0.409965420126882
0.4099688923503098
0.40997236457373765
0.40997583679716554
0.4099793090205934
0.40998278124402127
0.4099862534674491
0.40998972569087694
0.40999319791430483
0.4099966701377327
0.41000014236116056
0.4100036145845884
0.41000708680801623
0.4100105590314441
0.41001403125487196
0.4100175034782998
0.4100209757017277
0.4100244479251555
0.41002792014858336
0.41003139237201125
0.4100348645954391
0.4100383368188669
0.41004180904229476
0.41004528126572265
0.4100487534891505
0.4100522257125783
0.4100556979360062
0.4100591701594341
0.41006264238286194
0.4100661146062898
