0.20590284927182265
0.2059063214952505
0.20590979371867835
0.20591326594210624
0.20591673816553407
0.20592021038896194
0.20592368261238975
0.2059271548358176
0.2059306270592455
0.20593409928267334
0.2059375715061012
0.20594104372952904
0.20594451595295693
0.20594798817638482
0.2059514603998126
0.20595493262324047
0.2059584048466683
0.2059618770700962
0.20596534929352409
0.20596882151695192
0.20597229374037976
0.2059757659638076
0.20597923818723546
0.2059827104106633
0.20598618263409119
0.20598965485751905
0.20599312708094686
0.20599659930437472
0.20600007152780256
0.20600354375123045
0.20600701597465831
0.20601048819808615
0.20601396042151404
0.20601743264494182
0.20602090486836971
0.20602437709179758
0.20602784931522541
0.2060313215386533
0.20603479376208114
0.20603826598550903
0.2060417382089369
0.2060452104323647
0.20604868265579257
0.2060521548792204
0.2060556271026483
0.20605909932607613
0.206062571549504
0.2060660437729319
0.20606951599635967
0.20607298821978756
0.2060764604432154
0.20607993266664326
0.20608340489007115
0.206086877113499
0.20609034933692683
0.20609382156035466
0.20609729378378253
0.20610076600721042
0.20610423823063825
0.20610771045406615
0.20611118267749398
0.20611465490092182
0.20611812712434968
0.20612159934777752
0.2061250715712054
0.20612854379463325
0.2061320160180611
0.20613548824148892
0.20613896046491678
0.20614243268834467
0.2061459049117725
0.20614937713520037
0.2061528493586282
0.2061563215820561
0.206159793805484
0.20616326602891177
0.20616673825233964
0.20617021047576747
0.20617368269919537
0.20617715492262326
0.2061806271460511
0.20618409936947896
0.20618757159290677
0.20619104381633463
0.20619451603976252
0.20619798826319036
0.20620146048661822
0.20620493271004606
0.20620840493347395
0.20621187715690173
0.20621534938032962
0.20621882160375749
0.20622229382718532
0.2062257660506132
0.20622923827404105
0.20623271049746889
0.20623618272089678
0.20623965494432459
0.20624312716775248
0.2062465993911803
0.2062500716146082
0.20625354383803607
0.20625701606146388
0.20626048828489174
0.20626396050831958
0.20626743273174747
0.2062709049551753
0.20627437717860317
0.20627784940203106
0.20628132162545884
0.20628479384888673
0.20628826607231457
0.20629173829574243
0.20629521051917032
0.20629868274259816
0.20630215496602605
0.20630562718945383
0.2063090994128817
0.2063125716363096
0.20631604385973742
0.20631951608316532
0.20632298830659315
0.20632646053002102
0.20632993275344885
0.2063334049768767
0.20633687720030458
0.20634034942373242
0.20634382164716028
0.20634729387058812
0.206350766094016
0.20635423831744384
0.20635771054087168
0.20636118276429954
0.20636465498772738
0.20636812721115527
0.20637159943458316
0.20637507165801094
0.20637854388143884
0.20638201610486664
0.20638548832829454
0.20638896055172243
0.20639243277515026
0.20639590499857813
0.20639937722200594
0.2064028494454338
0.2064063216688617
0.20640979389228953
0.2064132661157174
0.20641673833914523
0.20642021056257312
0.2064236827860009
0.2064271550094288
0.20643062723285666
0.2064340994562845
0.20643757167971238
0.20644104390314022
0.2064445161265681
0.20644798834999598
0.20645146057342376
0.20645493279685165
0.20645840502027948
0.20646187724370738
0.20646534946713524
0.20646882169056308
0.2064722939139909
0.20647576613741875
0.20647923836084664
0.20648271058427448
0.20648618280770234
0.20648965503113023
0.206493127254558
0.2064965994779859
0.20650007170141374
0.2065035439248416
0.2065070161482695
0.20651048837169733
0.20651396059512522
0.206517432818553
0.2065209050419809
0.20652437726540876
0.2065278494888366
0.2065313217122645
0.20653479393569232
0.2065382661591202
0.20654173838254808
0.20654521060597586
0.20654868282940375
0.2065521550528316
0.20655562727625945
0.2065590994996873
0.20656257172311518
0.20656604394654307
0.20656951616997085
0.20657298839339872
0.20657646061682655
0.20657993284025444
0.20658340506368233
0.20658687728711017
0.20659034951053803
0.20659382173396582
