0.9149308732398865
0.9149343454633144
0.9149378176867422
0.9149412899101701
0.9149447621335979
0.9149482343570259
0.9149517065804535
0.9149551788038816
0.9149586510273094
0.9149621232507372
0.9149655954741651
0.9149690676975929
0.9149725399210208
0.9149760121444486
0.9149794843678766
0.9149829565913042
0.9149864288147322
0.9149899010381601
0.9149933732615879
0.9149968454850158
0.9150003177084436
0.9150037899318715
0.9150072621552993
0.9150107343787272
0.9150142066021549
0.9150176788255829
0.9150211510490108
0.9150246232724386
0.9150280954958665
0.9150315677192943
0.9150350399427222
0.91503851216615
0.9150419843895781
0.9150454566130056
0.9150489288364337
0.9150524010598615
0.9150558732832894
0.9150593455067172
0.915062817730145
0.9150662899535729
0.9150697621770006
0.9150732344004288
0.9150767066238565
0.9150801788472844
0.9150836510707122
0.9150871232941401
0.9150905955175679
0.9150940677409958
0.9150975399644236
0.9151010121878514
0.9151044844112792
0.915107956634707
0.9151114288581351
0.9151149010815629
0.9151183733049908
0.9151218455284186
0.9151253177518465
0.9151287899752742
0.9151322621987021
0.9151357344221301
0.9151392066455578
0.9151426788689858
0.9151461510924136
0.9151496233158415
0.9151530955392693
0.9151565677626972
0.9151600399861249
0.9151635122095528
0.9151669844329808
0.9151704566564086
0.9151739288798365
0.9151774011032643
0.9151808733266922
0.91518434555012
0.9151878177735479
0.9151912899969756
0.9151947622204035
0.9151982344438313
0.9152017066672592
0.9152051788906872
0.915208651114115
0.9152121233375429
0.9152155955609707
0.9152190677843985
0.9152225400078263
0.9152260122312542
0.9152294844546822
0.9152329566781099
0.9152364289015379
0.9152399011249657
0.9152433733483936
0.9152468455718213
0.9152503177952492
0.915253790018677
0.9152572622421049
0.9152607344655329
0.9152642066889607
0.9152676789123886
0.9152711511358164
0.9152746233592443
0.915278095582672
0.9152815678060999
0.9152850400295277
0.9152885122529556
0.9152919844763834
0.9152954566998113
0.9152989289232393
0.915302401146667
0.915305873370095
0.9153093455935227
0.9153128178169506
0.9153162900403784
0.9153197622638063
0.9153232344872343
0.915326706710662
0.91533017893409
0.9153336511575179
0.9153371233809456
0.9153405956043735
0.9153440678278013
0.9153475400512291
0.915351012274657
0.915354484498085
0.9153579567215129
0.9153614289449407
0.9153649011683685
0.9153683733917963
0.9153718456152242
0.915375317838652
0.9153787900620799
0.9153822622855077
0.9153857345089356
0.9153892067323633
0.9153926789557914
0.9153961511792192
0.915399623402647
0.9154030956260749
0.9154065678495027
0.9154100400729306
0.9154135122963584
0.9154169845197864
0.915420456743214
0.915423928966642
0.9154274011900699
0.9154308734134977
0.9154343456369256
0.9154378178603534
0.9154412900837813
0.9154447623072091
0.9154482345306371
0.9154517067540647
0.9154551789774927
0.9154586512009206
0.9154621234243484
0.9154655956477763
0.9154690678712041
0.915472540094632
0.9154760123180598
0.9154794845414878
0.9154829567649154
0.9154864289883434
0.9154899012117713
0.9154933734351991
0.915496845658627
0.9155003178820548
0.9155037901054827
0.9155072623289104
0.9155107345523383
0.9155142067757661
0.9155176789991941
0.915521151222622
0.9155246234460498
0.9155280956694777
0.9155315678929055
0.9155350401163334
0.9155385123397611
0.9155419845631891
0.9155454567866168
0.9155489290100448
0.9155524012334727
0.9155558734569005
0.9155593456803284
0.9155628179037562
0.915566290127184
0.9155697623506118
0.9155732345740399
0.9155767067974677
0.9155801790208956
0.9155836512443234
0.9155871234677512
0.9155905956911791
0.9155940679146068
0.9155975401380347
0.9156010123614625
0.9156044845848904
0.9156079568083182
0.9156114290317463
0.9156149012551741
0.915618373478602
0.9156218457020298
