0.2996528818239173
0.29965635404734514
0.299659826270773
0.29966329849420087
0.29966677071762876
0.2996702429410566
0.29967371516448443
0.29967718738791227
0.2996806596113401
0.299684131834768
0.29968760405819583
0.29969107628162367
0.2996945485050515
0.2996980207284794
0.2997014929519073
0.2997049651753351
0.29970843739876296
0.29971190962219085
0.2997153818456187
0.2997188540690465
0.29972232629247436
0.29972579851590225
0.2997292707393301
0.299732742962758
0.2997362151861858
0.29973968740961365
0.29974315963304154
0.29974663185646944
0.2997501040798972
0.29975357630332505
0.2997570485267529
0.29976052075018084
0.2997639929736087
0.2997674651970365
0.29977093742046435
0.2997744096438922
0.29977788186732013
0.29978135409074796
0.2997848263141758
0.29978829853760364
0.2997917707610315
0.29979524298445936
0.2997987152078872
0.29980218743131504
0.29980565965474293
0.2998091318781708
0.29981260410159866
0.2998160763250265
0.29981954854845433
0.29982302077188216
0.29982649299531006
0.2998299652187379
0.29983343744216573
0.2998369096655936
0.2998403818890215
0.29984385411244935
0.2998473263358772
0.299850798559305
0.2998542707827329
0.29985774300616075
0.2998612152295886
0.2998646874530164
0.2998681596764443
0.29987163189987215
0.29987510412330004
0.2998785763467279
0.2998820485701557
0.2998855207935836
0.2998889930170115
0.2998924652404393
0.2998959374638671
0.299899409687295
0.2999028819107229
0.29990635413415073
0.29990982635757857
0.29991329858100646
0.29991677080443435
0.2999202430278622
0.29992371525129
0.29992718747471786
0.2999306596981457
0.2999341319215736
0.2999376041450014
0.29994107636842926
0.2999445485918571
0.299948020815285
0.2999514930387129
0.2999549652621407
0.29995843748556855
0.2999619097089964
0.2999653819324242
0.2999688541558521
0.29997232637927995
0.29997579860270784
0.2999792708261357
0.29998274304956357
0.2999862152729914
0.2999896874964193
0.29999315971984714
0.29999663194327497
0.3000001041667028
0.30000357639013064
0.3000070486135585
0.3000105208369864
0.30001399306041426
0.3000174652838421
0.30002093750726994
0.30002440973069777
0.30002788195412566
0.30003135417755356
0.30003482640098134
0.30003829862440917
0.30004177084783706
0.30004524307126496
0.3000487152946928
0.3000521875181206
0.3000556597415485
0.3000591319649764
0.30006260418840425
0.3000660764118321
0.3000695486352599
0.30007302085868776
0.30007649308211565
0.3000799653055435
0.3000834375289713
0.3000869097523992
0.3000903819758271
0.30009385419925494
0.3000973264226828
0.3001007986461106
0.30010427086953845
0.30010774309296634
0.3001112153163942
0.300114687539822
0.3001181597632499
0.30012163198667774
0.30012510421010563
0.30012857643353347
0.3001320486569613
0.3001355208803892
0.30013899310381703
0.30014246532724487
0.3001459375506727
0.3001494097741006
0.3001528819975285
0.3001563542209563
0.30015982644438416
0.30016329866781205
0.30016677089123994
0.3001702431146678
0.3001737153380956
0.3001771875615234
0.30018065978495123
0.3001841320083792
0.300187604231807
0.30019107645523485
0.3001945486786627
0.3001980209020906
0.30020149312551847
0.3002049653489463
0.30020843757237414
0.300211909795802
0.3002153820192298
0.3002188542426577
0.30022232646608554
0.30022579868951343
0.30022927091294127
0.30023274313636916
0.300236215359797
0.3002396875832249
0.3002431598066527
0.30024663203008056
0.3002501042535084
0.30025357647693623
0.30025704870036407
0.300260520923792
0.30026399314721985
0.3002674653706477
0.3002709375940755
0.30027440981750336
0.30027788204093125
0.3002813542643591
0.3002848264877869
0.30028829871121476
0.30029177093464265
0.30029524315807055
0.3002987153814984
0.3003021876049262
0.3003056598283541
0.300309132051782
0.30031260427520984
0.3003160764986376
0.3003195487220655
0.30032302094549335
0.30032649316892124
0.3003299653923491
0.3003334376157769
0.3003369098392048
0.3003403820626327
0.30034385428606053
