0.1211805976321519
0.12118406985557978
0.12118754207900767
0.12119101430243549
0.12119448652586338
0.12119795874929117
0.12120143097271904
0.12120490319614693
0.12120837541957477
0.12121184764300265
0.12121531986643048
0.12121879208985836
0.12122226431328624
0.12122573653671403
0.12122920876014191
0.12123268098356975
0.12123615320699763
0.12123962543042546
0.12124309765385334
0.12124656987728123
0.12125004210070901
0.12125351432413689
0.12125698654756473
0.1212604587709926
0.1212639309944205
0.12126740321784833
0.12127087544127621
0.12127434766470399
0.12127781988813188
0.12128129211155976
0.1212847643349876
0.12128823655841547
0.12129170878184331
0.12129518100527119
0.12129865322869898
0.12130212545212686
0.12130559767555474
0.12130906989898257
0.12131254212241045
0.12131601434583829
0.12131948656926612
0.121322958792694
0.12132643101612184
0.12132990323954972
0.12133337546297755
0.12133684768640544
0.12134031990983332
0.1213437921332611
0.121347264356689
0.12135073658011683
0.12135420880354471
0.12135768102697259
0.12136115325040042
0.1213646254738283
0.1213680976972561
0.12137156992068397
0.12137504214411181
0.12137851436753969
0.12138198659096756
0.1213854588143954
0.12138893103782329
0.12139240326125107
0.12139587548467895
0.12139934770810684
0.12140281993153466
0.12140629215496256
0.12140976437839039
0.12141323660181827
0.1214167088252461
0.12142018104867394
0.12142365327210182
0.12142712549552966
0.12143059771895753
0.12143406994238541
0.1214375421658132
0.12144101438924108
0.12144448661266892
0.1214479588360968
0.12145143105952463
0.12145490328295251
0.1214583755063804
0.12146184772980818
0.12146531995323606
0.1214687921766639
0.12147226440009178
0.12147573662351967
0.1214792088469475
0.12148268107037538
0.12148615329380316
0.12148962551723105
0.12149309774065893
0.12149656996408677
0.12150004218751465
0.12150351441094248
0.12150698663437036
0.12151045885779815
0.12151393108122603
0.12151740330465391
0.12152087552808175
0.12152434775150962
0.12152781997493746
0.12153129219836535
0.12153476442179317
0.12153823664522101
0.1215417088686489
0.12154518109207672
0.12154865331550462
0.12155212553893249
0.12155559776236033
0.12155906998578817
0.121562542209216
0.12156601443264388
0.12156948665607176
0.12157295887949959
0.12157643110292747
0.12157990332635527
0.12158337554978314
0.12158684777321098
0.12159031999663886
0.12159379222006673
0.12159726444349457
0.12160073666692246
0.12160420889035024
0.12160768111377812
0.12161115333720601
0.12161462556063383
0.12161809778406173
0.12162157000748956
0.12162504223091744
0.12162851445434532
0.12163198667777311
0.12163545890120099
0.12163893112462883
0.1216424033480567
0.12164587557148458
0.12164934779491242
0.1216528200183403
0.12165629224176809
0.12165976446519597
0.1216632366886238
0.12166670891205168
0.12167018113547957
0.1216736533589074
0.12167712558233523
0.12168059780576307
0.12168407002919096
0.12168754225261884
0.12169101447604667
0.12169448669947455
0.12169795892290239
0.12170143114633022
0.1217049033697581
0.12170837559318594
0.12171184781661382
0.12171532004004165
0.12171879226346953
0.12172226448689741
0.1217257367103252
0.12172920893375308
0.12173268115718092
0.1217361533806088
0.12173962560403663
0.12174309782746452
0.1217465700508924
0.12175004227432018
0.12175351449774807
0.1217569867211759
0.12176045894460379
0.12176393116803166
0.1217674033914595
0.12177087561488738
0.12177434783831517
0.12177782006174305
0.12178129228517093
0.12178476450859876
0.12178823673202664
0.12179170895545448
0.12179518117888236
0.12179865340231015
0.12180212562573803
0.1218055978491659
0.12180907007259374
0.12181254229602163
0.12181601451944946
0.12181948674287729
0.12182295896630518
0.12182643118973302
0.1218299034131609
0.12183337563658873
0.12183684786001661
0.12184032008344449
0.12184379230687228
0.12184726453030016
0.121850736753728
0.12185420897715588
0.12185768120058375
0.12186115342401159
0.12186462564743947
0.12186809787086726
0.12187157009429514
