0.15659727659627656
0.1566007488197044
0.1566042210431323
0.15660769326656013
0.156611165489988
0.15661463771341588
0.15661810993684366
0.15662158216027156
0.1566250543836994
0.15662852660712728
0.15663199883055515
0.15663547105398298
0.15663894327741087
0.15664241550083866
0.15664588772426655
0.1566493599476944
0.15665283217112225
0.15665630439455014
0.15665977661797797
0.15666324884140584
0.15666672106483373
0.1566701932882615
0.1566736655116894
0.15667713773511724
0.1566806099585451
0.15668408218197294
0.15668755440540083
0.15669102662882867
0.1566944988522565
0.1566979710756844
0.15670144329911223
0.1567049155225401
0.156708387745968
0.15671185996939582
0.15671533219282366
0.1567188044162515
0.15672227663967936
0.15672574886310725
0.1567292210865351
0.15673269330996295
0.15673616553339076
0.15673963775681862
0.15674310998024651
0.15674658220367435
0.15675005442710224
0.15675352665053005
0.15675699887395794
0.15676047109738572
0.15676394332081361
0.1567674155442415
0.15677088776766934
0.1567743599910972
0.15677783221452504
0.15678130443795293
0.1567847766613808
0.1567882488848086
0.15679172110823647
0.1567951933316643
0.1567986655550922
0.15680213777852006
0.1568056100019479
0.1568090822253758
0.15681255444880357
0.15681602667223146
0.15681949889565935
0.15682297111908716
0.15682644334251505
0.1568299155659429
0.15683338778937073
0.15683686001279856
0.15684033223622645
0.15684380445965432
0.15684727668308215
0.15685074890651005
0.15685422112993788
0.15685769335336572
0.15686116557679358
0.15686463780022142
0.1568681100236493
0.15687158224707715
0.156875054470505
0.1568785266939329
0.15688199891736068
0.15688547114078857
0.1568889433642164
0.15689241558764427
0.1568958878110721
0.1568993600345
0.1569028322579279
0.15690630448135567
0.15690977670478357
0.1569132489282114
0.15691672115163927
0.15692019337506716
0.156923665598495
0.15692713782192286
0.15693061004535067
0.15693408226877853
0.15693755449220642
0.15694102671563426
0.15694449893906212
0.15694797116248996
0.15695144338591785
0.15695491560934569
0.15695838783277352
0.1569618600562014
0.15696533227962922
0.1569688045030571
0.15697227672648495
0.15697574894991279
0.15697922117334068
0.1569826933967685
0.15698616562019638
0.1569896378436242
0.1569931100670521
0.15699658229047997
0.15700005451390778
0.15700352673733564
0.15700699896076348
0.15701047118419137
0.15701394340761923
0.15701741563104707
0.15702088785447496
0.15702436007790274
0.15702783230133063
0.15703130452475852
0.15703477674818633
0.15703824897161422
0.15704172119504206
0.15704519341846995
0.15704866564189773
0.15705213786532563
0.1570556100887535
0.15705908231218133
0.15706255453560922
0.15706602675903705
0.15706949898246492
0.15707297120589275
0.1570764434293206
0.15707991565274848
0.15708338787617632
0.15708686009960418
0.15709033232303207
0.15709380454645985
0.15709727676988774
0.15710074899331558
0.15710422121674347
0.15710769344017128
0.15711116566359917
0.15711463788702706
0.15711811011045484
0.15712158233388274
0.15712505455731057
0.15712852678073844
0.15713199900416633
0.15713547122759416
0.15713894345102203
0.15714241567444984
0.1571458878978777
0.1571493601213056
0.15715283234473343
0.1571563045681613
0.15715977679158913
0.15716324901501702
0.1571667212384449
0.1571701934618727
0.15717366568530058
0.1571771379087284
0.15718061013215628
0.15718408235558412
0.157187554579012
0.15719102680243988
0.15719449902586768
0.15719797124929555
0.15720144347272338
0.15720491569615128
0.15720838791957914
0.15721186014300698
0.1572153323664348
0.15721880458986265
0.15722227681329054
0.1572257490367184
0.15722922126014624
0.15723269348357413
0.1572361657070019
0.1572396379304298
0.1572431101538577
0.15724658237728553
0.1572500546007134
0.15725352682414123
0.15725699904756912
0.1572604712709969
0.1572639434944248
0.15726741571785266
0.1572708879412805
0.1572743601647084
0.15727783238813622
0.1572813046115641
0.15728477683499198
0.15728824905841976
