0.5878474263359119
0.5878508985593397
0.5878543707827677
0.5878578430061955
0.5878613152296234
0.5878647874530513
0.587868259676479
0.5878717318999069
0.5878752041233347
0.5878786763467626
0.5878821485701904
0.5878856207936184
0.5878890930170462
0.5878925652404741
0.5878960374639018
0.5878995096873297
0.5879029819107576
0.5879064541341854
0.5879099263576133
0.5879133985810411
0.5879168708044691
0.5879203430278969
0.5879238152513248
0.5879272874747525
0.5879307596981804
0.5879342319216083
0.5879377041450361
0.587941176368464
0.5879446485918918
0.5879481208153198
0.5879515930387476
0.5879550652621754
0.5879585374856032
0.5879620097090312
0.587965481932459
0.5879689541558869
0.5879724263793147
0.5879758986027425
0.5879793708261705
0.5879828430495982
0.5879863152730261
0.587989787496454
0.5879932597198819
0.5879967319433097
0.5880002041667376
0.5880036763901654
0.5880071486135933
0.5880106208370212
0.5880140930604489
0.5880175652838768
0.5880210375073046
0.5880245097307326
0.5880279819541604
0.5880314541775883
0.5880349264010161
0.588038398624444
0.5880418708478719
0.5880453430712996
0.5880488152947275
0.5880522875181553
0.5880557597415833
0.5880592319650111
0.588062704188439
0.5880661764118668
0.5880696486352947
0.5880731208587225
0.5880765930821503
0.5880800653055782
0.588083537529006
0.588087009752434
0.5880904819758618
0.5880939541992897
0.5880974264227175
0.5881008986461453
0.5881043708695732
0.5881078430930011
0.5881113153164289
0.5881147875398568
0.5881182597632847
0.5881217319867125
0.5881252042101404
0.5881286764335681
0.588132148656996
0.5881356208804239
0.5881390931038518
0.5881425653272796
0.5881460375507075
0.5881495097741354
0.5881529819975632
0.588156454220991
0.5881599264444188
0.5881633986678467
0.5881668708912746
0.5881703431147025
0.5881738153381303
0.5881772875615582
0.5881807597849861
0.5881842320084139
0.5881877042318417
0.5881911764552695
0.5881946486786974
0.5881981209021253
0.5882015931255532
0.588205065348981
0.5882085375724089
0.5882120097958368
0.5882154820192645
0.5882189542426924
0.5882224264661202
0.5882258986895481
0.588229370912976
0.5882328431364039
0.5882363153598317
0.5882397875832597
0.5882432598066875
0.5882467320301153
0.5882502042535431
0.588253676476971
0.5882571487003988
0.5882606209238267
0.5882640931472546
0.5882675653706824
0.5882710375941103
0.5882745098175381
0.588277982040966
0.5882814542643938
0.5882849264878217
0.5882883987112495
0.5882918709346774
0.5882953431581053
0.5882988153815331
0.588302287604961
0.5883057598283888
0.5883092320518167
0.5883127042752445
0.5883161764986724
0.5883196487221002
0.5883231209455281
0.588326593168956
0.5883300653923837
0.5883335376158116
0.5883370098392395
0.5883404820626674
0.5883439542860952
0.5883474265095231
0.5883508987329509
0.5883543709563788
0.5883578431798067
0.5883613154032344
0.5883647876266624
0.5883682598500902
0.5883717320735181
0.5883752042969459
0.5883786765203738
0.5883821487438016
0.5883856209672296
0.5883890931906574
0.5883925654140852
0.588396037637513
0.5883995098609409
0.5884029820843688
0.5884064543077966
0.5884099265312245
0.5884133987546523
0.5884168709780803
0.588420343201508
0.5884238154249359
0.5884272876483637
0.5884307598717916
0.5884342320952195
0.5884377043186473
0.5884411765420752
0.588444648765503
0.588448120988931
0.5884515932123587
0.5884550654357866
0.5884585376592144
0.5884620098826423
0.5884654821060702
0.588468954329498
0.5884724265529259
0.5884758987763536
0.5884793709997816
0.5884828432232094
0.5884863154466373
0.5884897876700652
0.588493259893493
0.5884967321169209
0.5885002043403487
0.5885036765637766
0.5885071487872043
0.5885106210106323
0.5885140932340601
0.588517565457488
0.5885210376809158
0.5885245099043438
0.5885279821277716
0.5885314543511995
0.5885349265746272
0.5885383987980551
