0.36354179289645583
0.3635452651198837
0.36354873734331156
0.3635522095667394
0.3635556817901673
0.3635591540135952
0.363562626237023
0.36356609846045085
0.3635695706838787
0.3635730429073065
0.3635765151307344
0.36357998735416225
0.3635834595775901
0.363586931801018
0.36359040402444587
0.3635938762478737
0.36359734847130154
0.3636008206947294
0.36360429291815727
0.3636077651415851
0.36361123736501294
0.3636147095884408
0.36361818181186867
0.3636216540352965
0.3636251262587244
0.36362859848215223
0.3636320707055801
0.36363554292900796
0.3636390151524358
0.36364248737586363
0.36364595959929147
0.36364943182271936
0.36365290404614725
0.3636563762695751
0.3636598484930029
0.3636633207164308
0.3636667929398587
0.36367026516328654
0.3636737373867144
0.36367720961014216
0.3636806818335701
0.36368415405699794
0.3636876262804258
0.3636910985038536
0.36369457072728145
0.36369804295070934
0.36370151517413724
0.36370498739756507
0.3637084596209929
0.36371193184442074
0.3637154040678486
0.36371887629127647
0.3637223485147043
0.3637258207381322
0.36372929296156004
0.3637327651849879
0.36373623740841576
0.36373970963184366
0.3637431818552715
0.3637466540786993
0.36375012630212716
0.363753598525555
0.36375707074898284
0.3637605429724108
0.3637640151958386
0.36376748741926646
0.3637709596426943
0.3637744318661221
0.36377790408955
0.36378137631297786
0.3637848485364057
0.36378832075983353
0.3637917929832614
0.3637952652066893
0.36379873743011715
0.363802209653545
0.3638056818769729
0.36380915410040077
0.3638126263238286
0.36381609854725644
0.3638195707706843
0.3638230429941121
0.36382651521754
0.36382998744096784
0.3638334596643957
0.36383693188782357
0.36384040411125146
0.3638438763346793
0.36384734855810713
0.36385082078153497
0.36385429300496286
0.3638577652283907
0.36386123745181853
0.36386470967524637
0.36386818189867426
0.3638716541221021
0.36387512634553
0.3638785985689578
0.3638820707923857
0.36388554301581355
0.3638890152392414
0.3638924874626692
0.36389595968609706
0.36389943190952495
0.36390290413295284
0.3639063763563807
0.3639098485798085
0.3639133208032364
0.36391679302666424
0.3639202652500921
0.3639237374735199
0.36392720969694775
0.3639306819203757
0.36393415414380353
0.36393762636723137
0.3639410985906592
0.36394457081408704
0.36394804303751493
0.3639515152609428
0.36395498748437066
0.3639584597077985
0.36396193193122633
0.36396540415465417
0.36396887637808206
0.3639723486015099
0.3639758208249378
0.3639792930483656
0.3639827652717935
0.36398623749522135
0.3639897097186492
0.363993181942077
0.3639966541655049
0.36400012638893275
0.3640035986123606
0.3640070708357884
0.3640105430592164
0.3640140152826442
0.36401748750607205
0.3640209597294999
0.3640244319529277
0.3640279041763556
0.36403137639978345
0.3640348486232113
0.3640383208466391
0.364041793070067
0.3640452652934949
0.36404873751692274
0.3640522097403506
0.36405568196377847
0.3640591541872063
0.36406262641063414
0.364066098634062
0.36406957085748987
0.3640730430809177
0.3640765153043456
0.36407998752777343
0.36408345975120127
0.36408693197462916
0.36409040419805705
0.3640938764214849
0.3640973486449127
0.36410082086834056
0.36410429309176845
0.3641077653151963
0.3641112375386241
0.36411470976205196
0.36411818198547985
0.3641216542089077
0.3641251264323356
0.3641285986557634
0.36413207087919125
0.3641355431026191
0.364139015326047
0.3641424875494748
0.36414595977290265
0.36414943199633054
0.36415290421975843
0.36415637644318627
0.3641598486666141
0.364163320890042
0.36416679311346983
0.36417026533689767
0.3641737375603255
0.36417720978375334
0.3641806820071813
0.3641841542306091
0.36418762645403696
0.3641910986774648
0.36419457090089263
0.3641980431243205
0.36420151534774836
0.3642049875711762
0.36420845979460403
0.3642119320180319
0.36421540424145976
0.36421887646488765
0.3642223486883155
0.3642258209117434
0.3642292931351712
0.3642327653585991
