0.49409739378381723
0.49410086600724507
0.494104338230673
0.49410781045410085
0.4941112826775287
0.4941147549009565
0.49411822712438447
0.4941216993478123
0.49412517157124014
0.494128643794668
0.4941321160180958
0.4941355882415237
0.49413906046495154
0.4941425326883794
0.4941460049118072
0.49414947713523516
0.494152949358663
0.49415642158209083
0.49415989380551867
0.4941633660289465
0.4941668382523744
0.49417031047580223
0.49417378269923007
0.4941772549226579
0.49418072714608585
0.4941841993695137
0.4941876715929415
0.49419114381636936
0.4941946160397972
0.4941980882632251
0.4942015604866529
0.49420503271008076
0.4942085049335086
0.49421197715693654
0.4942154493803644
0.4942189216037922
0.49422239382722005
0.4942258660506479
0.49422933827407584
0.49423281049750367
0.49423628272093145
0.4942397549443593
0.49424322716778724
0.49424669939121507
0.4942501716146429
0.49425364383807074
0.4942571160614986
0.4942605882849265
0.49426406050835436
0.4942675327317822
0.49427100495521004
0.4942744771786379
0.49427794940206576
0.4942814216254936
0.49428489384892144
0.4942883660723493
0.4942918382957772
0.49429531051920506
0.4942987827426329
0.49430225496606073
0.4943057271894886
0.49430919941291646
0.4943126716363443
0.49431614385977213
0.49431961608319996
0.4943230883066279
0.49432656053005575
0.4943300327534836
0.4943335049769114
0.4943369772003393
0.49434044942376715
0.494343921647195
0.4943473938706228
0.49435086609405066
0.4943543383174786
0.49435781054090644
0.4943612827643343
0.4943647549877621
0.49436822721119006
0.4943716994346179
0.49437517165804573
0.4943786438814735
0.49438211610490135
0.4943855883283293
0.49438906055175713
0.49439253277518497
0.4943960049986128
0.49439947722204075
0.4944029494454686
0.4944064216688964
0.49440989389232426
0.4944133661157521
0.49441683833918
0.4944203105626078
0.49442378278603566
0.4944272550094635
0.49443072723289144
0.4944341994563193
0.4944376716797471
0.49444114390317495
0.4944446161266028
0.4944480883500307
0.4944515605734585
0.49445503279688635
0.4944585050203142
0.49446197724374213
0.49446544946716997
0.4944689216905978
0.49447239391402564
0.4944758661374535
0.49447933836088137
0.4944828105843092
0.49448628280773704
0.4944897550311649
0.4944932272545928
0.49449669947802066
0.4945001717014485
0.49450364392487633
0.49450711614830417
0.4945105883717321
0.49451406059515995
0.4945175328185878
0.49452100504201557
0.4945244772654435
0.49452794948887135
0.4945314217122992
0.494534893935727
0.49453836615915486
0.4945418383825828
0.49454531060601065
0.4945487828294385
0.4945522550528663
0.4945557272762942
0.49455919949972205
0.4945626717231499
0.4945661439465777
0.49456961617000555
0.4945730883934335
0.49457656061686134
0.4945800328402892
0.494583505063717
0.4945869772871449
0.49459044951057274
0.4945939217340006
0.4945973939574284
0.49460086618085625
0.4946043384042842
0.49460781062771203
0.49461128285113987
0.4946147550745677
0.4946182272979956
0.49462169952142343
0.49462517174485127
0.4946286439682791
0.49463211619170694
0.4946355884151349
0.4946390606385627
0.49464253286199056
0.4946460050854184
0.49464947730884634
0.4946529495322742
0.494656421755702
0.49465989397912985
0.49466336620255763
0.4946668384259856
0.4946703106494134
0.49467378287284125
0.4946772550962691
0.49468072731969703
0.49468419954312487
0.4946876717665527
0.49469114398998054
0.4946946162134084
0.49469808843683627
0.4947015606602641
0.49470503288369194
0.4947085051071198
0.4947119773305477
0.49471544955397556
0.4947189217774034
0.49472239400083123
0.49472586622425907
0.49472933844768696
0.4947328106711148
0.49473628289454263
0.49473975511797047
0.4947432273413984
0.49474669956482625
0.4947501717882541
0.4947536440116819
0.49475711623510976
0.49476058845853765
0.4947640606819655
0.4947675329053933
0.49477100512882116
0.4947744773522491
0.49477794957567695
0.4947814217991048
0.4947848940225326
0.49478836624596045
