0.1947917343026855
0.19479520652611337
0.19479867874954118
0.19480215097296905
0.19480562319639694
0.19480909541982477
0.19481256764325264
0.19481603986668047
0.19481951209010837
0.19482298431353626
0.19482645653696404
0.19482992876039193
0.19483340098381974
0.19483687320724763
0.19484034543067547
0.19484381765410336
0.19484728987753122
0.19485076210095903
0.1948542343243869
0.19485770654781473
0.19486117877124262
0.19486465099467049
0.19486812321809832
0.1948715954415262
0.194875067664954
0.19487853988838189
0.19488201211180975
0.19488548433523759
0.19488895655866548
0.1948924287820933
0.19489590100552115
0.19489937322894904
0.19490284545237685
0.19490631767580474
0.19490978989923258
0.19491326212266047
0.19491673434608825
0.19492020656951614
0.194923678792944
0.19492715101637184
0.19493062323979973
0.19493409546322757
0.19493756768665543
0.19494103991008332
0.1949445121335111
0.194947984356939
0.19495145658036683
0.1949549288037947
0.1949584010272226
0.19496187325065042
0.19496534547407832
0.1949688176975061
0.194972289920934
0.1949757621443618
0.1949792343677897
0.19498270659121758
0.19498617881464542
0.19498965103807328
0.1949931232615011
0.19499659548492895
0.19500006770835684
0.19500353993178468
0.19500701215521254
0.19501048437864038
0.19501395660206822
0.1950174288254961
0.19502090104892394
0.1950243732723518
0.19502784549577964
0.19503131771920754
0.19503478994263543
0.1950382621660632
0.1950417343894911
0.1950452066129189
0.1950486788363468
0.19505215105977464
0.19505562328320253
0.1950590955066304
0.1950625677300582
0.19506603995348606
0.1950695121769139
0.1950729844003418
0.19507645662376966
0.1950799288471975
0.19508340107062538
0.19508687329405316
0.19509034551748106
0.19509381774090892
0.19509728996433676
0.19510076218776465
0.19510423441119248
0.19510770663462038
0.1951111788580482
0.19511465108147605
0.1951181233049039
0.19512159552833175
0.19512506775175964
0.19512853997518748
0.19513201219861534
0.19513548442204318
0.195138956645471
0.1951424288688989
0.19514590109232674
0.1951493733157546
0.1951528455391825
0.19515631776261028
0.19515978998603817
0.195163262209466
0.19516673443289387
0.19517020665632176
0.1951736788797496
0.1951771511031775
0.19518062332660527
0.19518409555003316
0.19518756777346097
0.19519103999688886
0.19519451222031675
0.1951979844437446
0.19520145666717245
0.19520492889060026
0.19520840111402812
0.19521187333745602
0.19521534556088385
0.19521881778431172
0.19522229000773955
0.19522576223116744
0.19522923445459534
0.19523270667802312
0.19523617890145098
0.19523965112487882
0.1952431233483067
0.1952465955717346
0.19525006779516244
0.19525354001859027
0.1952570122420181
0.19526048446544597
0.1952639566888738
0.1952674289123017
0.19527090113572956
0.1952743733591574
0.19527784558258524
0.19528131780601307
0.19528479002944096
0.19528826225286883
0.19529173447629666
0.19529520669972456
0.19529867892315234
0.19530215114658023
0.19530562337000812
0.19530909559343593
0.19531256781686382
0.19531604004029166
0.19531951226371955
0.1953229844871474
0.19532645671057522
0.19532992893400308
0.19533340115743092
0.1953368733808588
0.19534034560428665
0.1953438178277145
0.1953472900511424
0.19535076227457018
0.19535423449799807
0.1953577067214259
0.19536117894485377
0.19536465116828167
0.1953681233917095
0.1953715956151374
0.19537506783856518
0.19537854006199304
0.19538201228542093
0.19538548450884877
0.19538895673227666
0.1953924289557045
0.19539590117913233
0.19539937340256017
0.19540284562598803
0.19540631784941592
0.19540979007284376
0.19541326229627162
0.19541673451969943
0.1954202067431273
0.1954236789665552
0.19542715118998302
0.1954306234134109
0.19543409563683872
0.19543756786026661
0.1954410400836945
0.1954445123071223
0.19544798453055018
0.195451456753978
0.19545492897740588
0.19545840120083377
0.1954618734242616
0.19546534564768947
0.19546881787111728
0.19547229009454514
0.19547576231797298
0.19547923454140087
0.19548270676482873
