0.4649307169898323
0.46493418921326013
0.46493766143668797
0.4649411336601158
0.46494460588354364
0.4649480781069716
0.4649515503303994
0.46495502255382726
0.4649584947772551
0.46496196700068304
0.4649654392241109
0.4649689114475387
0.46497238367096655
0.46497585589439433
0.4649793281178223
0.4649828003412501
0.46498627256467795
0.4649897447881058
0.46499321701153373
0.46499668923496157
0.4650001614583894
0.46500363368181724
0.4650071059052451
0.46501057812867297
0.4650140503521008
0.46501752257552864
0.4650209947989565
0.4650244670223844
0.46502793924581226
0.4650314114692401
0.46503488369266793
0.46503835591609577
0.46504182813952366
0.4650453003629515
0.46504877258637933
0.46505224480980717
0.4650557170332351
0.46505918925666295
0.4650626614800908
0.4650661337035186
0.46506960592694646
0.46507307815037435
0.4650765503738022
0.46508002259723
0.46508349482065786
0.4650869670440858
0.46509043926751364
0.4650939114909415
0.4650973837143693
0.46510085593779715
0.4651043281612251
0.46510780038465294
0.4651112726080808
0.4651147448315086
0.4651182170549365
0.46512168927836434
0.4651251615017922
0.46512863372522
0.46513210594864784
0.4651355781720758
0.46513905039550363
0.46514252261893146
0.4651459948423593
0.4651494670657872
0.46515293928921503
0.46515641151264286
0.4651598837360707
0.46516335595949854
0.4651668281829265
0.4651703004063543
0.46517377262978216
0.46517724485321
0.4651807170766379
0.4651841893000657
0.46518766152349356
0.4651911337469214
0.46519460597034923
0.4651980781937772
0.465201550417205
0.46520502264063285
0.4652084948640607
0.46521196708748863
0.4652154393109164
0.46521891153434425
0.4652223837577721
0.4652258559811999
0.46522932820462787
0.4652328004280557
0.46523627265148354
0.4652397448749114
0.4652432170983393
0.46524668932176716
0.465250161545195
0.46525363376862283
0.46525710599205067
0.46526057821547856
0.4652640504389064
0.46526752266233423
0.46527099488576207
0.46527446710919
0.46527793933261785
0.4652814115560457
0.4652848837794735
0.46528835600290136
0.46529182822632925
0.4652953004497571
0.4652987726731849
0.46530224489661276
0.4653057171200407
0.46530918934346854
0.4653126615668964
0.4653161337903242
0.46531960601375205
0.46532307823717994
0.4653265504606078
0.4653300226840356
0.46533349490746345
0.4653369671308914
0.46534043935431924
0.46534391157774707
0.4653473838011749
0.46535085602460274
0.46535432824803064
0.46535780047145847
0.4653612726948863
0.46536474491831414
0.4653682171417421
0.4653716893651699
0.46537516158859776
0.4653786338120256
0.46538210603545344
0.4653855782588814
0.4653890504823092
0.46539252270573706
0.4653959949291649
0.4653994671525928
0.4654029393760206
0.46540641159944846
0.4654098838228763
0.4654133560463041
0.4654168282697321
0.4654203004931599
0.46542377271658775
0.4654272449400156
0.4654307171634435
0.4654341893868713
0.46543766161029915
0.465441133833727
0.4654446060571548
0.46544807828058277
0.4654515505040106
0.46545502272743844
0.4654584949508663
0.46546196717429417
0.465465439397722
0.46546891162114984
0.4654723838445777
0.4654758560680055
0.46547932829143346
0.4654828005148613
0.46548627273828913
0.46548974496171697
0.4654932171851449
0.4654966894085727
0.46550016163200053
0.46550363385542837
0.4655071060788562
0.46551057830228415
0.465514050525712
0.4655175227491398
0.46552099497256766
0.4655244671959956
0.46552793941942344
0.4655314116428513
0.4655348838662791
0.46553835608970695
0.46554182831313484
0.4655453005365627
0.4655487727599905
0.46555224498341835
0.4655557172068463
0.46555918943027413
0.46556266165370197
0.4655661338771298
0.46556960610055764
0.46557307832398553
0.46557655054741337
0.4655800227708412
0.46558349499426904
0.465586967217697
0.4655904394411248
0.46559391166455266
0.4655973838879805
0.46560085611140833
0.4656043283348362
0.46560780055826406
0.4656112727816919
0.46561474500511973
0.4656182172285477
0.4656216894519755
