0.2232639664110994
0.22326743863452728
0.2232709108579551
0.223274383081383
0.22327785530481084
0.22328132752823873
0.2232847997516666
0.22328827197509438
0.22329174419852227
0.2232952164219501
0.223298688645378
0.22330216086880586
0.2233056330922337
0.2233091053156616
0.22331257753908937
0.22331604976251726
0.2233195219859451
0.22332299420937296
0.22332646643280085
0.2233299386562287
0.22333341087965658
0.22333688310308436
0.22334035532651222
0.22334382754994012
0.22334729977336795
0.22335077199679584
0.22335424422022368
0.22335771644365154
0.22336118866707938
0.22336466089050722
0.2233681331139351
0.22337160533736294
0.2233750775607908
0.2233785497842187
0.22338202200764648
0.22338549423107437
0.2233889664545022
0.22339243867793007
0.2233959109013579
0.2233993831247858
0.2234028553482137
0.22340632757164147
0.22340979979506934
0.22341327201849717
0.22341674424192506
0.22342021646535296
0.2234236886887808
0.22342716091220866
0.22343063313563644
0.22343410535906433
0.22343757758249222
0.22344104980592006
0.22344452202934792
0.22344799425277576
0.22345146647620365
0.2234549386996315
0.22345841092305932
0.22346188314648718
0.22346535536991502
0.2234688275933429
0.22347229981677075
0.22347577204019864
0.22347924426362645
0.22348271648705428
0.22348618871048218
0.22348966093391
0.2234931331573379
0.22349660538076577
0.22350007760419355
0.22350354982762144
0.22350702205104928
0.22351049427447717
0.22351396649790503
0.22351743872133287
0.22352091094476076
0.22352438316818854
0.22352785539161643
0.22353132761504427
0.22353479983847213
0.22353827206190002
0.22354174428532786
0.22354521650875575
0.22354868873218353
0.2235521609556114
0.2235556331790393
0.22355910540246712
0.22356257762589501
0.22356604984932285
0.22356952207275071
0.2235729942961786
0.2235764665196064
0.22357993874303428
0.22358341096646211
0.22358688318988998
0.22359035541331787
0.2235938276367457
0.22359729986017357
0.22360077208360138
0.22360424430702924
0.22360771653045708
0.22361118875388497
0.22361466097731286
0.2236181332007407
0.2236216054241685
0.22362507764759634
0.22362854987102423
0.22363202209445213
0.22363549431787996
0.22363896654130783
0.2236424387647356
0.2236459109881635
0.2236493832115914
0.22365285543501923
0.2236563276584471
0.22365979988187493
0.22366327210530282
0.2236667443287307
0.2236702165521585
0.22367368877558635
0.2236771609990142
0.22368063322244208
0.22368410544586992
0.2236875776692978
0.22369104989272567
0.22369452211615345
0.22369799433958135
0.22370146656300918
0.22370493878643707
0.22370841100986494
0.22371188323329277
0.22371535545672067
0.22371882768014845
0.22372229990357634
0.2237257721270042
0.22372924435043204
0.22373271657385993
0.22373618879728777
0.2237396610207156
0.22374313324414347
0.2237466054675713
0.2237500776909992
0.22375354991442703
0.22375702213785492
0.22376049436128276
0.22376396658471057
0.22376743880813846
0.2237709110315663
0.22377438325499419
0.22377785547842202
0.22378132770184989
0.22378479992527778
0.22378827214870556
0.22379174437213345
0.22379521659556129
0.22379868881898915
0.22380216104241704
0.22380563326584488
0.22380910548927274
0.22381257771270055
0.22381604993612841
0.22381952215955625
0.22382299438298414
0.22382646660641203
0.22382993882983987
0.22383341105326773
0.22383688327669551
0.2238403555001234
0.2238438277235513
0.22384729994697913
0.223850772170407
0.22385424439383483
0.22385771661726273
0.22386118884069056
0.2238646610641184
0.22386813328754626
0.2238716055109741
0.223875077734402
0.22387854995782988
0.22388202218125766
0.22388549440468553
0.22388896662811336
0.22389243885154125
0.2238959110749691
0.22389938329839698
0.22390285552182485
0.22390632774525263
0.22390979996868052
0.22391327219210835
0.22391674441553625
0.2239202166389641
0.22392368886239195
0.22392716108581984
0.22393063330924762
0.2239341055326755
0.22393757775610337
0.2239410499795312
0.2239445222029591
0.22394799442638694
0.2239514666498148
0.2239549388732427
