0.9163197626110287
0.9163232348344567
0.9163267070578843
0.9163301792813123
0.9163336515047401
0.916337123728168
0.9163405959515958
0.9163440681750237
0.9163475403984515
0.9163510126218793
0.9163544848453073
0.916357957068735
0.916361429292163
0.9163649015155908
0.9163683737390187
0.9163718459624465
0.9163753181858744
0.9163787904093021
0.91638226263273
0.916385734856158
0.9163892070795857
0.9163926793030137
0.9163961515264415
0.9163996237498694
0.9164030959732972
0.9164065681967251
0.9164100404201528
0.9164135126435807
0.9164169848670087
0.9164204570904364
0.9164239293138644
0.9164274015372923
0.9164308737607201
0.9164343459841479
0.9164378182075757
0.9164412904310035
0.9164447626544314
0.9164482348778594
0.9164517071012871
0.9164551793247151
0.916458651548143
0.9164621237715708
0.9164655959949987
0.9164690682184264
0.9164725404418543
0.9164760126652821
0.9164794848887101
0.916482957112138
0.9164864293355658
0.9164899015589937
0.9164933737824215
0.9164968460058494
0.9165003182292771
0.916503790452705
0.9165072626761328
0.9165107348995607
0.9165142071229885
0.9165176793464165
0.9165211515698444
0.9165246237932722
0.9165280960167
0.9165315682401278
0.9165350404635557
0.9165385126869835
0.9165419849104115
0.9165454571338392
0.9165489293572672
0.9165524015806951
0.9165558738041228
0.9165593460275507
0.9165628182509785
0.9165662904744064
0.9165697626978342
0.9165732349212622
0.9165767071446901
0.9165801793681179
0.9165836515915458
0.9165871238149735
0.9165905960384014
0.9165940682618292
0.9165975404852571
0.9166010127086849
0.9166044849321128
0.9166079571555406
0.9166114293789686
0.9166149016023964
0.9166183738258242
0.9166218460492521
0.9166253182726799
0.9166287904961078
0.9166322627195356
0.9166357349429636
0.9166392071663912
0.9166426793898192
0.9166461516132471
0.9166496238366749
0.9166530960601028
0.9166565682835306
0.9166600405069585
0.9166635127303863
0.9166669849538144
0.9166704571772422
0.9166739294006699
0.9166774016240978
0.9166808738475256
0.9166843460709535
0.9166878182943813
0.9166912905178092
0.916694762741237
0.9166982349646648
0.9167017071880926
0.9167051794115207
0.9167086516349485
0.9167121238583764
0.9167155960818042
0.916719068305232
0.9167225405286599
0.9167260127520876
0.9167294849755158
0.9167329571989433
0.9167364294223714
0.9167399016457992
0.9167433738692271
0.9167468460926549
0.9167503183160828
0.9167537905395106
0.9167572627629385
0.9167607349863665
0.9167642072097942
0.9167676794332221
0.9167711516566499
0.9167746238800778
0.9167780961035056
0.9167815683269335
0.9167850405503613
0.9167885127737891
0.9167919849972169
0.9167954572206448
0.9167989294440728
0.9168024016675006
0.9168058738909285
0.9168093461143563
0.9168128183377842
0.9168162905612119
0.9168197627846398
0.9168232350080678
0.9168267072314955
0.9168301794549235
0.9168336516783513
0.9168371239017792
0.916840596125207
0.9168440683486349
0.9168475405720626
0.9168510127954905
0.9168544850189185
0.9168579572423462
0.9168614294657742
0.916864901689202
0.9168683739126299
0.9168718461360577
0.9168753183594855
0.9168787905829133
0.9168822628063412
0.9168857350297692
0.9168892072531969
0.9168926794766249
0.9168961517000527
0.9168996239234806
0.9169030961469083
0.9169065683703362
0.916910040593764
0.9169135128171919
0.9169169850406199
0.9169204572640476
0.9169239294874756
0.9169274017109034
0.9169308739343313
0.916934346157759
0.9169378183811869
0.9169412906046147
0.9169447628280426
0.9169482350514706
0.9169517072748983
0.9169551794983263
0.9169586517217541
0.916962123945182
0.9169655961686097
0.9169690683920376
0.9169725406154654
0.9169760128388933
0.9169794850623213
0.9169829572857492
0.916986429509177
0.9169899017326049
0.9169933739560326
0.9169968461794605
0.9170003184028883
0.9170037906263161
0.917007262849744
0.9170107350731718
