0.021875007595488747
0.021878479818916583
0.021881952042344416
0.021885424265772346
0.021888896489200088
0.021892368712628014
0.02189584093605585
0.021899313159483683
0.021902785382911613
0.021906257606339446
0.021909729829767282
0.021913202053195115
0.02191667427662295
0.021920146500050877
0.021923618723478713
0.021927090946906546
0.021930563170334382
0.02193403539376231
0.021937507617190145
0.021940979840617977
0.021944452064045813
0.02194792428747365
0.021951396510901576
0.021954868734329412
0.021958340957757245
0.02196181318118508
0.021965285404612914
0.021968757628040844
0.021972229851468676
0.021975702074896512
0.02197917429832444
0.02198264652175218
0.021986118745180108
0.021989590968607944
0.02199306319203578
0.021996535415463706
0.022000007638891542
0.022003479862319375
0.02200695208574721
0.022010424309175044
0.022013896532602974
0.022017368756030806
0.022020840979458643
0.022024313202886475
0.022027785426314405
0.022031257649742238
0.022034729873170074
0.02203820209659791
0.022041674320025743
0.022045146543453673
0.022048618766881505
0.02205209099030934
0.022055563213737268
0.02205903543716501
0.022062507660592937
0.022065979884020773
0.022069452107448605
0.022072924330876535
0.022076396554304368
0.022079868777732204
0.022083341001160037
0.022086813224587873
0.0220902854480158
0.022093757671443635
0.02209722989487147
0.022100702118299304
0.02210417434172714
0.022107646565155067
0.022111118788582903
0.022114591012010736
0.02211806323543857
0.022121535458866498
0.02212500768229424
0.022128479905722167
0.022131952129150003
0.02213542435257784
0.022138896576005766
0.0221423687994336
0.022145841022861434
0.022149313246289364
0.022152785469717103
0.022156257693145033
0.022159729916572866
0.022163202140000702
0.022166674363428628
0.022170146586856464
0.022173618810284297
0.022177091033712133
0.022180563257139966
0.022184035480567896
0.02218750770399573
0.022190979927423565
0.0221944521508514
0.022197924374279233
0.02220139659770707
0.022204868821134996
0.022208341044562832
0.022211813267990665
0.022215285491418595
0.022218757714846427
0.022222229938274263
0.022225702161702096
0.022229174385129932
0.02223264660855786
0.022236118831985695
0.02223959105541353
0.022243063278841457
0.0222465355022692
0.022250007725697126
0.022253479949124962
0.022256952172552795
0.022260424395980725
0.022263896619408557
0.022267368842836394
0.022270841066264226
0.022274313289692062
0.0222777855131199
0.022281257736547825
0.02228472995997566
0.022288202183403494
0.02229167440683142
0.022295146630259163
0.022298618853687092
0.022302091077114925
0.02230556330054276
0.022309035523970688
0.022312507747398524
0.022315979970826356
0.022319452194254193
0.022322924417682025
0.022326396641109955
0.022329868864537788
0.022333341087965624
0.02233681331139346
0.022340285534821293
0.022343757758249223
0.022347229981677055
0.02235070220510489
0.022354174428532724
0.022357646651960654
0.022361118875388487
0.022364591098816323
0.022368063322244155
0.02237153554567199
0.022375007769099918
0.022378479992527754
0.02238195221595559
0.022385424439383517
0.02238889666281126
0.022392368886239186
0.02239584110966702
0.022399313333094854
0.022402785556522784
0.022406257779950617
0.022409730003378453
0.022413202226806286
0.022416674450234122
0.022420146673662048
0.022423618897089884
0.022427091120517717
0.022430563343945553
0.02243403556737348
0.022437507790801316
0.022440980014229152
0.022444452237656985
0.02244792446108482
0.022451396684512747
0.022454868907940583
0.022458341131368416
0.022461813354796252
0.022465285578224085
0.022468757801652015
0.022472230025079847
0.022475702248507683
0.02247917447193561
0.022482646695363352
0.022486118918791282
0.022489591142219115
0.02249306336564695
0.022496535589074877
0.022500007812502713
0.022503480035930546
0.022506952259358382
0.022510424482786215
0.022513896706214145
0.022517368929641977
0.022520841153069814
0.02252431337649765
0.022527785599925576
0.02253125782335341
0.022534730046781245
0.02253820227020908
0.022541674493636914
0.022545146717064844
0.022548618940492676
0.022552091163920512
0.02255556338734844
0.02255903561077618
0.022562507834204108
0.022565980057631944
