0.170486170307698
0.17048964253112583
0.17049311475455373
0.17049658697798156
0.17050005920140945
0.17050353142483732
0.1705070036482651
0.170510475871693
0.17051394809512083
0.17051742031854872
0.17052089254197658
0.17052436476540442
0.1705278369888323
0.1705313092122601
0.17053478143568798
0.17053825365911582
0.17054172588254368
0.17054519810597157
0.1705486703293994
0.17055214255282727
0.17055561477625508
0.17055908699968295
0.17056255922311084
0.17056603144653867
0.17056950366996657
0.1705729758933944
0.1705764481168222
0.1705799203402501
0.17058339256367794
0.17058686478710583
0.17059033701053367
0.17059380923396153
0.17059728145738942
0.1706007536808172
0.1706042259042451
0.17060769812767293
0.1706111703511008
0.17061464257452863
0.17061811479795652
0.1706215870213844
0.1706250592448122
0.17062853146824006
0.1706320036916679
0.17063547591509579
0.17063894813852368
0.1706424203619515
0.17064589258537938
0.17064936480880716
0.17065283703223505
0.17065630925566294
0.17065978147909078
0.17066325370251864
0.17066672592594648
0.17067019814937437
0.17067367037280215
0.17067714259623004
0.1706806148196579
0.17068408704308574
0.17068755926651363
0.17069103148994147
0.17069450371336933
0.17069797593679717
0.170701448160225
0.1707049203836529
0.17070839260708073
0.17071186483050863
0.1707153370539365
0.17071880927736427
0.17072228150079216
0.17072575372422
0.1707292259476479
0.17073269817107575
0.1707361703945036
0.17073964261793148
0.17074311484135926
0.17074658706478715
0.170750059288215
0.17075353151164285
0.17075700373507074
0.17076047595849858
0.17076394818192647
0.17076742040535425
0.17077089262878212
0.17077436485221
0.17077783707563784
0.17078130929906574
0.17078478152249357
0.17078825374592144
0.17079172596934933
0.1707951981927771
0.170798670416205
0.17080214263963284
0.1708056148630607
0.1708090870864886
0.17081255930991643
0.17081603153334426
0.1708195037567721
0.17082297598019996
0.1708264482036278
0.1708299204270557
0.17083339265048358
0.17083686487391136
0.17084033709733923
0.17084380932076706
0.17084728154419496
0.17085075376762285
0.17085422599105068
0.17085769821447855
0.17086117043790633
0.17086464266133422
0.1708681148847621
0.17087158710818995
0.1708750593316178
0.17087853155504565
0.17088200377847354
0.1708854760019014
0.1708889482253292
0.17089242044875708
0.1708958926721849
0.1708993648956128
0.17090283711904064
0.17090630934246853
0.1709097815658964
0.17091325378932418
0.17091672601275207
0.1709201982361799
0.1709236704596078
0.17092714268303566
0.1709306149064635
0.17093408712989133
0.17093755935331917
0.17094103157674706
0.17094450380017492
0.17094797602360276
0.17095144824703065
0.1709549204704585
0.17095839269388632
0.17096186491731416
0.17096533714074202
0.17096880936416992
0.17097228158759775
0.17097575381102564
0.17097922603445342
0.1709826982578813
0.17098617048130918
0.17098964270473702
0.1709931149281649
0.17099658715159274
0.1710000593750206
0.1710035315984485
0.17100700382187628
0.17101047604530417
0.171013948268732
0.17101742049215987
0.17102089271558776
0.1710243649390156
0.17102783716244346
0.17103130938587127
0.17103478160929914
0.17103825383272697
0.17104172605615486
0.17104519827958276
0.17104867050301056
0.17105214272643846
0.17105561494986624
0.17105908717329413
0.17106255939672202
0.17106603162014986
0.17106950384357772
0.17107297606700556
0.1710764482904334
0.17107992051386128
0.17108339273728912
0.17108686496071698
0.17109033718414482
0.1710938094075727
0.17109728163100058
0.17110075385442838
0.17110422607785625
0.17110769830128408
0.17111117052471198
0.1711146427481398
0.1711181149715677
0.17112158719499557
0.17112505941842335
0.17112853164185124
0.17113200386527908
0.17113547608870697
0.17113894831213483
0.17114242053556267
0.17114589275899056
0.17114936498241834
0.17115283720584623
0.1711563094292741
0.17115978165270193
0.17116325387612982
0.17116672609955766
0.17117019832298552
0.17117367054641333
0.1711771427698412
