0.10173614643616194
0.10173961865958983
0.10174309088301761
0.10174656310644549
0.10175003532987338
0.10175350755330122
0.1017569797767291
0.10176045200015693
0.10176392422358481
0.10176739644701259
0.10177086867044048
0.10177434089386836
0.1017778131172962
0.10178128534072407
0.10178475756415191
0.10178822978757975
0.10179170201100762
0.10179517423443546
0.10179864645786334
0.10180211868129117
0.10180559090471905
0.10180906312814694
0.10181253535157472
0.1018160075750026
0.10181947979843044
0.10182295202185833
0.1018264242452862
0.10182989646871404
0.10183336869214192
0.10183684091556972
0.10184031313899759
0.10184378536242543
0.1018472575858533
0.10185072980928118
0.10185420203270902
0.1018576742561369
0.1018611464795647
0.10186461870299257
0.10186809092642045
0.10187156314984828
0.10187503537327616
0.101878507596704
0.10188197982013189
0.10188545204355973
0.10188892426698755
0.10189239649041544
0.10189586871384328
0.10189934093727115
0.10190281316069899
0.10190628538412683
0.1019097576075547
0.10191322983098254
0.10191670205441042
0.10192017427783825
0.10192364650126613
0.10192711872469401
0.1019305909481218
0.10193406317154968
0.10193753539497752
0.1019410076184054
0.10194447984183329
0.10194795206526111
0.101951424288689
0.10195489651211678
0.10195836873554466
0.10196184095897255
0.10196531318240039
0.10196878540582827
0.1019722576292561
0.10197572985268398
0.10197920207611177
0.10198267429953965
0.10198614652296753
0.10198961874639537
0.10199309096982324
0.10199656319325108
0.10200003541667896
0.1020035076401068
0.10200697986353463
0.10201045208696251
0.10201392431039034
0.10201739653381822
0.10202086875724611
0.10202434098067395
0.10202781320410177
0.10203128542752961
0.1020347576509575
0.10203822987438538
0.10204170209781321
0.10204517432124109
0.10204864654466889
0.10205211876809676
0.1020555909915246
0.10205906321495248
0.10206253543838036
0.10206600766180819
0.10206947988523607
0.10207295210866386
0.10207642433209174
0.10207989655551962
0.10208336877894746
0.10208684100237535
0.10209031322580317
0.10209378544923106
0.10209725767265894
0.10210072989608672
0.10210420211951461
0.10210767434294245
0.10211114656637033
0.1021146187897982
0.10211809101322604
0.10212156323665392
0.10212503546008171
0.10212850768350959
0.10213197990693743
0.1021354521303653
0.10213892435379318
0.10214239657722102
0.10214586880064885
0.10214934102407669
0.10215281324750457
0.10215628547093246
0.10215975769436028
0.10216322991778817
0.10216670214121601
0.10217017436464383
0.10217364658807172
0.10217711881149956
0.10218059103492744
0.10218406325835527
0.10218753548178315
0.10219100770521095
0.10219447992863882
0.1021979521520667
0.10220142437549454
0.10220489659892242
0.10220836882235025
0.10221184104577813
0.10221531326920602
0.1022187854926338
0.10222225771606168
0.10222572993948952
0.1022292021629174
0.10223267438634528
0.10223614660977312
0.102239618833201
0.10224309105662878
0.10224656328005667
0.10225003550348455
0.10225350772691238
0.10225697995034026
0.1022604521737681
0.10226392439719598
0.10226739662062377
0.10227086884405165
0.10227434106747953
0.10227781329090736
0.10228128551433524
0.10228475773776308
0.10228822996119091
0.10229170218461879
0.10229517440804663
0.10229864663147452
0.10230211885490234
0.10230559107833023
0.10230906330175811
0.10231253552518589
0.10231600774861378
0.10231947997204162
0.1023229521954695
0.10232642441889737
0.10232989664232521
0.10233336886575309
0.10233684108918088
0.10234031331260876
0.1023437855360366
0.10234725775946447
0.10235072998289235
0.10235420220632019
0.10235767442974808
0.10236114665317586
0.10236461887660374
0.10236809110003163
0.10237156332345945
0.10237503554688734
0.10237850777031518
0.10238197999374306
0.1023854522171709
0.10238892444059873
0.10239239666402661
0.10239586888745444
0.10239934111088232
0.10240281333431016
0.102406285557738
0.10240975778116587
0.10241323000459371
0.10241670222802159
0.10242017445144942
0.1024236466748773
0.10242711889830519
