0.832291955656929
0.8322954278803569
0.8322989001037848
0.8323023723272127
0.8323058445506405
0.8323093167740683
0.8323127889974962
0.832316261220924
0.8323197334443518
0.8323232056677797
0.8323266778912076
0.8323301501146355
0.8323336223380634
0.8323370945614912
0.8323405667849191
0.8323440390083469
0.8323475112317748
0.8323509834552026
0.8323544556786303
0.8323579279020583
0.8323614001254861
0.8323648723489141
0.8323683445723419
0.8323718167957698
0.8323752890191976
0.8323787612426254
0.8323822334660532
0.8323857056894811
0.832389177912909
0.8323926501363369
0.8323961223597648
0.8323995945831926
0.8324030668066205
0.8324065390300482
0.8324100112534761
0.8324134834769039
0.8324169557003318
0.8324204279237597
0.8324239001471876
0.8324273723706155
0.8324308445940433
0.8324343168174712
0.8324377890408989
0.8324412612643268
0.8324447334877547
0.8324482057111825
0.8324516779346104
0.8324551501580382
0.8324586223814662
0.832462094604894
0.8324655668283218
0.8324690390517496
0.8324725112751775
0.8324759834986053
0.8324794557220332
0.8324829279454611
0.832486400168889
0.8324898723923169
0.8324933446157446
0.8324968168391725
0.8325002890626003
0.8325037612860282
0.832507233509456
0.832510705732884
0.8325141779563118
0.8325176501797397
0.8325211224031676
0.8325245946265953
0.8325280668500232
0.832531539073451
0.8325350112968789
0.8325384835203067
0.8325419557437347
0.8325454279671626
0.8325489001905904
0.8325523724140182
0.832555844637446
0.8325593168608739
0.8325627890843017
0.8325662613077296
0.8325697335311575
0.8325732057545853
0.8325766779780132
0.8325801502014412
0.8325836224248689
0.8325870946482967
0.8325905668717246
0.8325940390951524
0.8325975113185803
0.8326009835420081
0.8326044557654361
0.8326079279888638
0.8326114002122919
0.8326148724357195
0.8326183446591475
0.8326218168825753
0.8326252891060032
0.832628761329431
0.8326322335528589
0.8326357057762868
0.8326391779997147
0.8326426502231424
0.8326461224465703
0.8326495946699982
0.832653066893426
0.8326565391168539
0.8326600113402817
0.8326634835637096
0.8326669557871373
0.8326704280105652
0.8326739002339931
0.832677372457421
0.8326808446808489
0.8326843169042767
0.8326877891277046
0.8326912613511324
0.8326947335745603
0.8326982057979881
0.8327016780214159
0.8327051502448439
0.8327086224682717
0.8327120946916996
0.8327155669151274
0.8327190391385553
0.832722511361983
0.832725983585411
0.8327294558088388
0.8327329280322667
0.8327364002556945
0.8327398724791224
0.8327433447025503
0.8327468169259781
0.832750289149406
0.8327537613728337
0.8327572335962617
0.8327607058196894
0.8327641780431174
0.8327676502665452
0.8327711224899731
0.832774594713401
0.8327780669368288
0.8327815391602567
0.8327850113836844
0.8327884836071123
0.8327919558305402
0.8327954280539681
0.832798900277396
0.8328023725008238
0.8328058447242517
0.8328093169476795
0.8328127891711073
0.8328162613945351
0.832819733617963
0.8328232058413909
0.8328266780648188
0.8328301502882467
0.8328336225116745
0.8328370947351024
0.8328405669585301
0.832844039181958
0.8328475114053858
0.8328509836288138
0.8328544558522415
0.8328579280756695
0.8328614002990973
0.8328648725225253
0.8328683447459531
0.8328718169693808
0.8328752891928087
0.8328787614162365
0.8328822336396644
0.8328857058630922
0.8328891780865202
0.8328926503099481
0.832896122533376
0.8328995947568038
0.8329030669802316
0.8329065392036594
0.8329100114270873
0.8329134836505151
0.832916955873943
0.8329204280973709
0.8329239003207988
0.8329273725442267
0.8329308447676544
0.8329343169910823
0.8329377892145101
0.832941261437938
0.8329447336613659
0.8329482058847937
0.8329516781082216
0.8329551503316494
0.8329586225550774
0.8329620947785051
0.832965567001933
0.8329690392253608
0.8329725114487887
0.8329759836722165
0.8329794558956444
0.8329829281190723
