0.7225696953366997
0.7225731675601277
0.7225766397835555
0.7225801120069834
0.7225835842304112
0.722587056453839
0.7225905286772669
0.7225940009006947
0.7225974731241226
0.7226009453475504
0.7226044175709784
0.7226078897944062
0.722611362017834
0.7226148342412619
0.7226183064646897
0.7226217786881176
0.7226252509115454
0.7226287231349733
0.7226321953584011
0.722635667581829
0.7226391398052568
0.7226426120286848
0.7226460842521126
0.7226495564755405
0.7226530286989683
0.7226565009223961
0.722659973145824
0.7226634453692518
0.7226669175926798
0.7226703898161075
0.7226738620395354
0.7226773342629633
0.7226808064863912
0.722684278709819
0.7226877509332469
0.7226912231566747
0.7226946953801026
0.7226981676035305
0.7227016398269582
0.7227051120503862
0.722708584273814
0.7227120564972419
0.7227155287206697
0.7227190009440976
0.7227224731675254
0.7227259453909533
0.722729417614381
0.7227328898378089
0.7227363620612369
0.7227398342846647
0.7227433065080926
0.7227467787315204
0.7227502509549483
0.722753723178376
0.7227571954018039
0.7227606676252318
0.7227641398486596
0.7227676120720875
0.7227710842955154
0.7227745565189433
0.7227780287423711
0.722781500965799
0.7227849731892267
0.7227884454126546
0.7227919176360824
0.7227953898595104
0.7227988620829383
0.7228023343063661
0.722805806529794
0.7228092787532218
0.7228127509766497
0.7228162232000774
0.7228196954235053
0.7228231676469332
0.7228266398703611
0.7228301120937889
0.7228335843172168
0.7228370565406447
0.7228405287640725
0.7228440009875003
0.7228474732109281
0.722850945434356
0.7228544176577839
0.7228578898812118
0.7228613621046396
0.7228648343280675
0.7228683065514954
0.7228717787749231
0.722875250998351
0.7228787232217788
0.7228821954452067
0.7228856676686345
0.7228891398920625
0.7228926121154904
0.7228960843389182
0.7228995565623461
0.7229030287857738
0.7229065010092017
0.7229099732326295
0.7229134454560574
0.7229169176794853
0.7229203899029132
0.722923862126341
0.722927334349769
0.7229308065731967
0.7229342787966246
0.7229377510200524
0.7229412232434802
0.7229446954669081
0.722948167690336
0.7229516399137639
0.7229551121371918
0.7229585843606197
0.7229620565840474
0.7229655288074753
0.7229690010309031
0.722972473254331
0.7229759454777588
0.7229794177011867
0.7229828899246146
0.7229863621480425
0.7229898343714704
0.7229933065948981
0.722996778818326
0.7230002510417538
0.7230037232651817
0.7230071954886095
0.7230106677120374
0.7230141399354653
0.723017612158893
0.723021084382321
0.7230245566057488
0.7230280288291767
0.7230315010526045
0.7230349732760324
0.7230384454994602
0.7230419177228881
0.723045389946316
0.7230488621697438
0.7230523343931717
0.7230558066165995
0.7230592788400274
0.7230627510634552
0.7230662232868831
0.7230696955103109
0.7230731677337389
0.7230766399571666
0.7230801121805945
0.7230835844040224
0.7230870566274502
0.7230905288508781
0.7230940010743059
0.7230974732977338
0.7231009455211616
0.7231044177445896
0.7231078899680173
0.7231113621914452
0.7231148344148731
0.7231183066383009
0.7231217788617288
0.7231252510851566
0.7231287233085845
0.7231321955320122
0.7231356677554401
0.723139139978868
0.7231426122022959
0.7231460844257238
0.7231495566491516
0.7231530288725795
0.7231565010960073
0.7231599733194352
0.7231634455428629
0.7231669177662909
0.7231703899897187
0.7231738622131466
0.7231773344365745
0.7231808066600023
0.7231842788834302
0.723187751106858
0.7231912233302858
0.7231946955537136
0.7231981677771416
0.7232016400005694
0.7232051122239974
0.7232085844474252
0.7232120566708531
0.7232155288942809
0.7232190011177088
0.7232224733411365
0.7232259455645643
0.7232294177879922
0.7232328900114201
0.7232363622348481
0.7232398344582759
0.7232433066817038
0.7232467789051316
0.7232502511285595
0.7232537233519872
0.7232571955754151
0.723260667798843
