0.9649308906010037
0.9649343628244316
0.9649378350478593
0.9649413072712874
0.964944779494715
0.964948251718143
0.9649517239415707
0.9649551961649987
0.9649586683884266
0.9649621406118544
0.9649656128352823
0.96496908505871
0.9649725572821379
0.9649760295055657
0.9649795017289937
0.9649829739524214
0.9649864461758494
0.9649899183992771
0.9649933906227051
0.964996862846133
0.9650003350695607
0.9650038072929887
0.9650072795164164
0.9650107517398444
0.9650142239632721
0.9650176961867001
0.965021168410128
0.9650246406335558
0.9650281128569836
0.9650315850804114
0.9650350573038395
0.9650385295272671
0.9650420017506952
0.9650454739741228
0.9650489461975508
0.9650524184209787
0.9650558906444064
0.9650593628678343
0.9650628350912621
0.96506630731469
0.9650697795381178
0.9650732517615459
0.9650767239849735
0.9650801962084016
0.9650836684318291
0.9650871406552572
0.965090612878685
0.9650940851021128
0.9650975573255407
0.9651010295489685
0.9651045017723966
0.9651079739958242
0.9651114462192523
0.9651149184426798
0.9651183906661079
0.9651218628895357
0.9651253351129636
0.9651288073363916
0.9651322795598193
0.9651357517832473
0.9651392240066748
0.965142696230103
0.9651461684535307
0.9651496406769586
0.9651531129003864
0.9651565851238143
0.9651600573472421
0.96516352957067
0.965167001794098
0.9651704740175256
0.9651739462409537
0.9651774184643814
0.9651808906878093
0.9651843629112371
0.965187835134665
0.9651913073580928
0.9651947795815207
0.9651982518049487
0.9652017240283763
0.9652051962518043
0.965208668475232
0.96521214069866
0.9652156129220878
0.9652190851455157
0.9652225573689437
0.9652260295923714
0.9652295018157994
0.965232974039227
0.965236446262655
0.9652399184860828
0.9652433907095107
0.9652468629329385
0.9652503351563664
0.9652538073797942
0.965257279603222
0.96526075182665
0.9652642240500777
0.9652676962735057
0.9652711684969335
0.9652746407203614
0.9652781129437892
0.9652815851672171
0.9652850573906449
0.9652885296140727
0.9652920018375007
0.9652954740609284
0.9652989462843564
0.9653024185077841
0.9653058907312121
0.9653093629546399
0.9653128351780678
0.9653163074014958
0.9653197796249234
0.9653232518483514
0.9653267240717791
0.9653301962952071
0.9653336685186349
0.9653371407420628
0.9653406129654906
0.9653440851889185
0.9653475574123462
0.9653510296357741
0.9653545018592021
0.9653579740826298
0.9653614463060578
0.9653649185294857
0.9653683907529135
0.9653718629763414
0.9653753351997691
0.9653788074231969
0.9653822796466248
0.9653857518700528
0.9653892240934805
0.9653926963169085
0.9653961685403362
0.9653996407637642
0.9654031129871921
0.9654065852106198
0.9654100574340478
0.9654135296574755
0.9654170018809035
0.9654204741043312
0.9654239463277592
0.9654274185511871
0.9654308907746149
0.9654343629980427
0.9654378352214705
0.9654413074448985
0.9654447796683262
0.9654482518917542
0.9654517241151819
0.9654551963386099
0.9654586685620378
0.9654621407854656
0.9654656130088934
0.9654690852323212
0.9654725574557491
0.9654760296791769
0.9654795019026049
0.9654829741260326
0.9654864463494606
0.9654899185728882
0.9654933907963162
0.9654968630197441
0.9655003352431719
0.9655038074665999
0.9655072796900276
0.9655107519134556
0.9655142241368833
0.9655176963603113
0.9655211685837389
0.9655246408071669
0.9655281130305948
0.9655315852540226
0.9655350574774506
0.9655385297008783
0.9655420019243063
0.965545474147734
0.965548946371162
0.9655524185945898
0.9655558908180176
0.9655593630414455
0.9655628352648733
0.9655663074883012
0.965569779711729
0.965573251935157
0.9655767241585846
0.9655801963820126
0.9655836686054405
0.9655871408288683
0.9655906130522962
0.965594085275724
0.9655975574991519
0.9656010297225797
0.9656045019460078
0.9656079741694353
0.9656114463928634
0.965614918616291
0.965618390839719
0.9656218630631469
