0.09340281020930911
0.09340628243273691
0.09340975465616479
0.09341322687959262
0.0934166991030205
0.09342017132644839
0.09342364354987621
0.0934271157733041
0.09343058799673189
0.09343406022015976
0.09343753244358766
0.09344100466701549
0.09344447689044337
0.0934479491138712
0.09345142133729904
0.09345489356072688
0.09345836578415476
0.09346183800758263
0.09346531023101047
0.09346878245443835
0.09347225467786618
0.09347572690129402
0.0934791991247219
0.09348267134814973
0.09348614357157761
0.09348961579500545
0.09349308801843333
0.09349656024186122
0.093500032465289
0.09350350468871688
0.09350697691214471
0.0935104491355726
0.09351392135900048
0.09351739358242832
0.0935208658058562
0.09352433802928399
0.09352781025271187
0.0935312824761397
0.09353475469956758
0.09353822692299546
0.0935416991464233
0.09354517136985117
0.09354864359327897
0.09355211581670685
0.09355558804013472
0.09355906026356256
0.09356253248699045
0.09356600471041827
0.09356947693384617
0.093572949157274
0.09357642138070182
0.09357989360412972
0.09358336582755755
0.09358683805098543
0.09359031027441327
0.0935937824978411
0.09359725472126898
0.09360072694469682
0.0936041991681247
0.09360767139155253
0.09361114361498041
0.09361461583840829
0.09361808806183608
0.09362156028526396
0.0936250325086918
0.09362850473211967
0.09363197695554756
0.09363544917897539
0.09363892140240328
0.09364239362583106
0.09364586584925894
0.09364933807268683
0.09365281029611466
0.09365628251954254
0.09365975474297038
0.09366322696639826
0.09366669918982605
0.09367017141325393
0.0936736436366818
0.09367711586010964
0.09368058808353752
0.09368406030696536
0.09368753253039323
0.09369100475382107
0.0936944769772489
0.09369794920067678
0.09370142142410462
0.0937048936475325
0.09370836587096039
0.09371183809438823
0.09371531031781606
0.09371878254124388
0.09372225476467178
0.09372572698809965
0.09372919921152749
0.09373267143495537
0.09373614365838316
0.09373961588181104
0.09374308810523888
0.09374656032866675
0.09375003255209463
0.09375350477552247
0.09375697699895034
0.09376044922237814
0.09376392144580602
0.0937673936692339
0.09377086589266173
0.09377433811608962
0.09377781033951745
0.09378128256294534
0.09378475478637321
0.093788227009801
0.09379169923322889
0.09379517145665672
0.0937986436800846
0.09380211590351248
0.09380558812694031
0.09380906035036819
0.09381253257379599
0.09381600479722386
0.0938194770206517
0.09382294924407958
0.09382642146750746
0.09382989369093529
0.09383336591436313
0.09383683813779096
0.09384031036121884
0.09384378258464673
0.09384725480807456
0.09385072703150245
0.09385419925493023
0.09385767147835812
0.093861143701786
0.09386461592521383
0.09386808814864171
0.09387156037206955
0.09387503259549743
0.09387850481892522
0.0938819770423531
0.09388544926578098
0.09388892148920881
0.09389239371263669
0.09389586593606453
0.0938993381594924
0.0939028103829203
0.09390628260634808
0.09390975482977595
0.09391322705320379
0.09391669927663168
0.09392017150005956
0.0939236437234874
0.09392711594691527
0.09393058817034305
0.09393406039377095
0.09393753261719882
0.09394100484062666
0.09394447706405454
0.09394794928748237
0.09395142151091025
0.09395489373433805
0.09395836595776592
0.0939618381811938
0.09396531040462164
0.09396878262804952
0.09397225485147735
0.09397572707490519
0.09397919929833307
0.0939826715217609
0.0939861437451888
0.09398961596861662
0.09399308819204451
0.09399656041547239
0.09400003263890018
0.09400350486232806
0.0940069770857559
0.09401044930918377
0.09401392153261165
0.09401739375603949
0.09402086597946736
0.09402433820289516
0.09402781042632304
0.09403128264975087
0.09403475487317875
0.09403822709660663
0.09404169932003446
0.09404517154346236
0.09404864376689014
0.09405211599031801
0.0940555882137459
0.09405906043717374
0.09406253266060162
0.09406600488402946
0.09406947710745733
0.09407294933088517
0.094076421554313
0.09407989377774088
0.09408336600116872
0.0940868382245966
0.09409031044802443
0.09409378267145227
