0.6552085608363059
0.6552120330597337
0.6552155052831615
0.6552189775065894
0.6552224497300172
0.6552259219534451
0.655229394176873
0.6552328664003009
0.6552363386237287
0.6552398108471565
0.6552432830705844
0.6552467552940122
0.6552502275174401
0.6552536997408679
0.6552571719642959
0.6552606441877237
0.6552641164111516
0.6552675886345793
0.6552710608580072
0.6552745330814351
0.6552780053048629
0.6552814775282908
0.6552849497517186
0.6552884219751465
0.6552918941985743
0.6552953664220023
0.65529883864543
0.655302310868858
0.6553057830922858
0.6553092553157137
0.6553127275391415
0.6553161997625693
0.6553196719859972
0.6553231442094251
0.655326616432853
0.6553300886562807
0.6553335608797087
0.6553370331031365
0.6553405053265644
0.6553439775499922
0.6553474497734201
0.655350921996848
0.6553543942202757
0.6553578664437036
0.6553613386671314
0.6553648108905593
0.6553682831139872
0.6553717553374151
0.6553752275608429
0.6553786997842708
0.6553821720076985
0.6553856442311264
0.6553891164545543
0.6553925886779821
0.6553960609014101
0.6553995331248379
0.6554030053482658
0.6554064775716936
0.6554099497951215
0.6554134220185492
0.6554168942419771
0.655420366465405
0.6554238386888328
0.6554273109122608
0.6554307831356886
0.6554342553591165
0.6554377275825443
0.6554411998059722
0.6554446720293999
0.6554481442528279
0.6554516164762557
0.6554550886996835
0.6554585609231115
0.6554620331465393
0.6554655053699672
0.655468977593395
0.6554724498168228
0.6554759220402506
0.6554793942636786
0.6554828664871064
0.6554863387105343
0.6554898109339622
0.65549328315739
0.6554967553808179
0.6555002276042456
0.6555036998276735
0.6555071720511014
0.6555106442745293
0.6555141164979571
0.655517588721385
0.6555210609448128
0.6555245331682407
0.6555280053916686
0.6555314776150963
0.6555349498385242
0.655538422061952
0.6555418942853799
0.6555453665088078
0.6555488387322357
0.6555523109556636
0.6555557831790914
0.6555592554025192
0.655562727625947
0.6555661998493749
0.6555696720728027
0.6555731442962307
0.6555766165196585
0.6555800887430864
0.6555835609665143
0.6555870331899422
0.6555905054133699
0.6555939776367978
0.6555974498602256
0.6556009220836535
0.6556043943070814
0.6556078665305092
0.6556113387539371
0.6556148109773648
0.6556182832007929
0.6556217554242206
0.6556252276476485
0.6556286998710763
0.6556321720945042
0.6556356443179321
0.6556391165413599
0.6556425887647878
0.6556460609882157
0.6556495332116435
0.6556530054350713
0.6556564776584992
0.655659949881927
0.6556634221053549
0.6556668943287828
0.6556703665522106
0.6556738387756385
0.6556773109990662
0.6556807832224942
0.655684255445922
0.6556877276693499
0.6556911998927777
0.6556946721162056
0.6556981443396335
0.6557016165630613
0.6557050887864891
0.655708561009917
0.6557120332333449
0.6557155054567727
0.6557189776802006
0.6557224499036284
0.6557259221270563
0.6557293943504842
0.655732866573912
0.6557363387973398
0.6557398110207677
0.6557432832441956
0.6557467554676234
0.6557502276910513
0.6557536999144791
0.6557571721379071
0.6557606443613349
0.6557641165847627
0.6557675888081905
0.6557710610316184
0.6557745332550463
0.6557780054784741
0.655781477701902
0.6557849499253298
0.6557884221487577
0.6557918943721854
0.6557953665956134
0.6557988388190412
0.6558023110424691
0.655805783265897
0.6558092554893248
0.6558127277127527
0.6558161999361805
0.6558196721596083
0.6558231443830362
0.6558266166064641
0.6558300888298919
0.6558335610533199
0.6558370332767477
0.6558405055001755
0.6558439777236034
0.6558474499470311
0.6558509221704591
0.6558543943938869
0.6558578666173148
0.6558613388407426
0.6558648110641705
0.6558682832875984
0.6558717555110263
0.6558752277344541
0.655878699957882
0.6558821721813097
0.6558856444047376
0.6558891166281655
0.6558925888515933
0.6558960610750213
0.6558995332984491
