0.4739584979022562
0.4739619701256841
0.4739654423491119
0.47396891457253976
0.4739723867959676
0.47397585901939543
0.4739793312428234
0.4739828034662512
0.47398627568967905
0.4739897479131069
0.4739932201365348
0.4739966923599626
0.47400016458339045
0.4740036368068183
0.4740071090302461
0.47401058125367407
0.4740140534771019
0.47401752570052974
0.4740209979239576
0.4740244701473855
0.47402794237081336
0.4740314145942412
0.474034886817669
0.4740383590410968
0.47404183126452476
0.4740453034879526
0.47404877571138043
0.47405224793480827
0.4740557201582362
0.47405919238166405
0.4740626646050919
0.4740661368285197
0.47406960905194756
0.47407308127537545
0.4740765534988033
0.4740800257222311
0.47408349794565896
0.4740869701690869
0.47409044239251474
0.4740939146159426
0.4740973868393704
0.47410085906279825
0.47410433128622614
0.474107803509654
0.4741112757330818
0.47411474795650965
0.4741182201799376
0.47412169240336544
0.47412516462679327
0.4741286368502211
0.47413210907364894
0.47413558129707684
0.47413905352050467
0.4741425257439325
0.47414599796736034
0.4741494701907883
0.4741529424142161
0.47415641463764396
0.4741598868610718
0.47416335908449964
0.4741668313079276
0.4741703035313554
0.47417377575478326
0.47417724797821104
0.474180720201639
0.4741841924250668
0.47418766464849466
0.4741911368719225
0.47419460909535033
0.4741980813187783
0.4742015535422061
0.47420502576563395
0.4742084979890618
0.4742119702124897
0.4742154424359175
0.47421891465934535
0.4742223868827732
0.474225859106201
0.47422933132962897
0.4742328035530568
0.47423627577648464
0.4742397479999125
0.47424322022334037
0.4742466924467682
0.47425016467019604
0.4742536368936239
0.4742571091170517
0.47426058134047966
0.4742640535639075
0.47426752578733533
0.47427099801076317
0.47427447023419106
0.4742779424576189
0.47428141468104673
0.47428488690447457
0.4742883591279024
0.47429183135133035
0.4742953035747582
0.474298775798186
0.47430224802161386
0.4743057202450418
0.47430919246846964
0.4743126646918975
0.4743161369153253
0.4743196091387531
0.47432308136218104
0.4743265535856089
0.4743300258090367
0.47433349803246455
0.4743369702558925
0.47434044247932033
0.47434391470274817
0.474347386926176
0.47435085914960384
0.47435433137303173
0.47435780359645957
0.4743612758198874
0.47436474804331524
0.4743682202667432
0.474371692490171
0.47437516471359886
0.4743786369370267
0.47438210916045453
0.4743855813838824
0.47438905360731026
0.4743925258307381
0.47439599805416593
0.4743994702775939
0.4744029425010217
0.47440641472444955
0.4744098869478774
0.4744133591713052
0.4744168313947331
0.47442030361816095
0.4744237758415888
0.4744272480650166
0.4744307202884446
0.4744341925118724
0.47443766473530025
0.4744411369587281
0.4744446091821559
0.47444808140558387
0.4744515536290117
0.47445502585243954
0.4744584980758674
0.47446197029929527
0.4744654425227231
0.47446891474615094
0.4744723869695788
0.4744758591930066
0.47447933141643456
0.4744828036398624
0.47448627586329023
0.47448974808671807
0.47449322031014596
0.4744966925335738
0.47450016475700163
0.47450363698042947
0.4745071092038573
0.47451058142728525
0.4745140536507131
0.4745175258741409
0.47452099809756876
0.47452447032099665
0.4745279425444245
0.4745314147678523
0.47453488699128016
0.474538359214708
0.47454183143813594
0.4745453036615638
0.4745487758849916
0.47455224810841945
0.47455572033184734
0.4745591925552752
0.474562664778703
0.47456613700213085
0.4745696092255587
0.47457308144898663
0.47457655367241447
0.4745800258958423
0.47458349811927014
0.4745869703426981
0.4745904425661259
0.47459391478955376
0.4745973870129816
0.47460085923640943
0.4746043314598373
0.47460780368326516
0.474611275906693
0.47461474813012083
0.4746182203535488
0.4746216925769766
0.47462516480040445
0.4746286370238323
0.4746321092472601
0.474635581470688
0.47463905369411585
0.4746425259175437
0.4746459981409715
0.4746494703643995
