0.9107642051264602
0.9107676773498881
0.9107711495733158
0.9107746217967437
0.9107780940201715
0.9107815662435994
0.9107850384670272
0.9107885106904551
0.9107919829138829
0.9107954551373107
0.9107989273607388
0.9108023995841665
0.9108058718075944
0.9108093440310222
0.9108128162544501
0.9108162884778779
0.9108197607013058
0.9108232329247338
0.9108267051481614
0.9108301773715894
0.9108336495950172
0.9108371218184451
0.9108405940418729
0.9108440662653008
0.9108475384887286
0.9108510107121565
0.9108544829355845
0.9108579551590122
0.9108614273824401
0.9108648996058679
0.9108683718292958
0.9108718440527236
0.9108753162761515
0.9108787884995793
0.9108822607230072
0.9108857329464349
0.9108892051698628
0.9108926773932908
0.9108961496167186
0.9108996218401465
0.9109030940635743
0.9109065662870022
0.91091003851043
0.9109135107338578
0.9109169829572858
0.9109204551807135
0.9109239274041415
0.9109273996275694
0.9109308718509972
0.910934344074425
0.9109378162978529
0.9109412885212806
0.9109447607447085
0.9109482329681365
0.9109517051915644
0.9109551774149922
0.9109586496384201
0.9109621218618479
0.9109655940852758
0.9109690663087036
0.9109725385321314
0.9109760107555592
0.910979482978987
0.9109829552024149
0.9109864274258429
0.9109898996492708
0.9109933718726986
0.9109968440961265
0.9110003163195542
0.9110037885429821
0.9110072607664099
0.9110107329898379
0.9110142052132656
0.9110176774366936
0.9110211496601215
0.9110246218835493
0.9110280941069772
0.9110315663304049
0.9110350385538328
0.9110385107772606
0.9110419830006886
0.9110454552241163
0.9110489274475443
0.9110523996709722
0.9110558718944
0.9110593441178279
0.9110628163412556
0.9110662885646835
0.9110697607881113
0.9110732330115393
0.911076705234967
0.911080177458395
0.9110836496818229
0.9110871219052507
0.9110905941286785
0.9110940663521063
0.9110975385755342
0.911101010798962
0.9111044830223899
0.9111079552458177
0.9111114274692457
0.9111148996926736
0.9111183719161013
0.9111218441395292
0.911125316362957
0.9111287885863849
0.9111322608098127
0.9111357330332407
0.9111392052566684
0.9111426774800964
0.9111461497035243
0.911149621926952
0.9111530941503799
0.9111565663738077
0.9111600385972356
0.9111635108206634
0.9111669830440915
0.9111704552675193
0.911173927490947
0.911177399714375
0.9111808719378027
0.9111843441612306
0.9111878163846584
0.9111912886080863
0.9111947608315141
0.911198233054942
0.9112017052783697
0.9112051775017979
0.9112086497252256
0.9112121219486535
0.9112155941720813
0.9112190663955091
0.911222538618937
0.9112260108423648
0.9112294830657929
0.9112329552892204
0.9112364275126486
0.9112398997360763
0.9112433719595042
0.911246844182932
0.9112503164063599
0.9112537886297877
0.9112572608532156
0.9112607330766436
0.9112642053000714
0.9112676775234992
0.911271149746927
0.9112746219703549
0.9112780941937827
0.9112815664172106
0.9112850386406384
0.9112885108640663
0.911291983087494
0.9112954553109219
0.9112989275343499
0.9113023997577777
0.9113058719812056
0.9113093442046334
0.9113128164280613
0.9113162886514891
0.911319760874917
0.911323233098345
0.9113267053217726
0.9113301775452006
0.9113336497686284
0.9113371219920563
0.9113405942154841
0.911344066438912
0.9113475386623398
0.9113510108857676
0.9113544831091956
0.9113579553326234
0.9113614275560513
0.9113648997794791
0.911368372002907
0.9113718442263348
0.9113753164497627
0.9113787886731904
0.9113822608966183
0.9113857331200461
0.911389205343474
0.911392677566902
0.9113961497903298
0.9113996220137577
0.9114030942371855
0.9114065664606134
0.9114100386840411
0.911413510907469
0.911416983130897
0.9114204553543247
0.9114239275777527
0.9114273998011805
0.9114308720246084
0.9114343442480362
0.911437816471464
0.9114412886948918
0.9114447609183197
0.9114482331417477
0.9114517053651756
0.9114551775886034
