0.09201392083816697
0.0920173930615948
0.09202086528502268
0.09202433750845047
0.09202780973187835
0.09203128195530619
0.09203475417873407
0.09203822640216194
0.09204169862558978
0.09204517084901767
0.09204864307244545
0.09205211529587333
0.09205558751930122
0.09205905974272904
0.09206253196615694
0.09206600418958477
0.0920694764130126
0.09207294863644049
0.09207642085986832
0.0920798930832962
0.09208336530672404
0.09208683753015191
0.09209030975357979
0.09209378197700759
0.09209725420043546
0.0921007264238633
0.09210419864729118
0.09210767087071901
0.09211114309414689
0.09211461531757478
0.09211808754100256
0.09212155976443044
0.09212503198785828
0.09212850421128616
0.09213197643471405
0.09213544865814188
0.09213892088156976
0.09214239310499754
0.09214586532842543
0.09214933755185331
0.09215280977528115
0.09215628199870902
0.09215975422213686
0.09216322644556474
0.09216669866899262
0.09217017089242041
0.09217364311584829
0.09217711533927612
0.092180587562704
0.09218405978613184
0.09218753200955972
0.09219100423298755
0.09219447645641539
0.09219794867984328
0.0922014209032711
0.092204893126699
0.09220836535012687
0.09221183757355465
0.09221530979698254
0.09221878202041038
0.09222225424383826
0.09222572646726614
0.09222919869069397
0.09223267091412185
0.09223614313754964
0.09223961536097752
0.09224308758440536
0.09224655980783324
0.09225003203126111
0.09225350425468895
0.09225697647811684
0.09226044870154462
0.0922639209249725
0.09226739314840039
0.09227086537182821
0.0922743375952561
0.09227780981868394
0.09228128204211182
0.0922847542655397
0.09228822648896749
0.09229169871239537
0.0922951709358232
0.09229864315925108
0.09230211538267896
0.0923055876061068
0.09230905982953463
0.09231253205296247
0.09231600427639035
0.09231947649981818
0.09232294872324606
0.09232642094667395
0.09232989317010178
0.09233336539352961
0.09233683761695745
0.09234030984038534
0.09234378206381322
0.09234725428724105
0.09235072651066893
0.09235419873409671
0.0923576709575246
0.09236114318095248
0.09236461540438032
0.0923680876278082
0.09237155985123603
0.09237503207466391
0.09237850429809179
0.09238197652151958
0.09238544874494746
0.0923889209683753
0.09239239319180317
0.09239586541523101
0.0923993376386589
0.09240280986208678
0.09240628208551456
0.09240975430894245
0.09241322653237027
0.09241669875579817
0.09242017097922604
0.09242364320265388
0.09242711542608176
0.09243058764950955
0.09243405987293743
0.09243753209636531
0.09244100431979314
0.09244447654322102
0.09244794876664886
0.0924514209900767
0.09245489321350453
0.09245836543693241
0.09246183766036029
0.09246530988378812
0.09246878210721601
0.0924722543306438
0.09247572655407167
0.09247919877749956
0.0924826710009274
0.09248614322435528
0.09248961544778311
0.09249308767121099
0.09249655989463887
0.09250003211806666
0.09250350434149454
0.09250697656492238
0.09251044878835026
0.09251392101177813
0.09251739323520597
0.09252086545863385
0.09252433768206164
0.09252780990548952
0.09253128212891736
0.09253475435234523
0.09253822657577312
0.09254169879920096
0.09254517102262884
0.09254864324605662
0.09255211546948451
0.09255558769291239
0.09255905991634023
0.0925625321397681
0.09256600436319594
0.09256947658662382
0.09257294881005165
0.09257642103347949
0.09257989325690737
0.0925833654803352
0.09258683770376308
0.09259030992719097
0.09259378215061875
0.09259725437404663
0.09260072659747447
0.09260419882090234
0.09260767104433018
0.09261114326775807
0.09261461549118595
0.09261808771461373
0.09262155993804162
0.09262503216146946
0.09262850438489734
0.09263197660832521
0.09263544883175305
0.09263892105518093
0.09264239327860872
0.0926458655020366
0.09264933772546448
0.09265280994889231
0.09265628217232019
0.09265975439574803
0.0926632266191759
0.0926666988426037
0.09267017106603158
0.09267364328945946
0.09267711551288729
0.09268058773631518
0.09268405995974302
0.0926875321831709
0.09269100440659873
0.09269447663002657
0.09269794885345445
0.09270142107688228
0.09270489330031016
