0.7524308168162559
0.7524342890396837
0.7524377612631116
0.7524412334865394
0.7524447057099672
0.752448177933395
0.7524516501568229
0.7524551223802509
0.7524585946036787
0.7524620668271066
0.7524655390505344
0.7524690112739623
0.75247248349739
0.7524759557208179
0.7524794279442458
0.7524829001676737
0.7524863723911016
0.7524898446145293
0.7524933168379573
0.7524967890613851
0.752500261284813
0.7525037335082407
0.7525072057316686
0.7525106779550965
0.7525141501785244
0.7525176224019522
0.7525210946253801
0.752524566848808
0.7525280390722358
0.7525315112956636
0.7525349835190914
0.7525384557425194
0.7525419279659471
0.7525454001893751
0.7525488724128029
0.7525523446362308
0.7525558168596587
0.7525592890830864
0.7525627613065143
0.7525662335299421
0.75256970575337
0.7525731779767979
0.7525766502002258
0.7525801224236537
0.7525835946470815
0.7525870668705094
0.7525905390939371
0.752594011317365
0.7525974835407928
0.7526009557642207
0.7526044279876486
0.7526079002110764
0.7526113724345043
0.7526148446579323
0.75261831688136
0.7526217891047879
0.7526252613282157
0.7526287335516435
0.7526322057750715
0.7526356779984992
0.7526391502219272
0.752642622445355
0.752646094668783
0.7526495668922107
0.7526530391156386
0.7526565113390664
0.7526599835624943
0.7526634557859221
0.75266692800935
0.7526704002327779
0.7526738724562058
0.7526773446796337
0.7526808169030614
0.7526842891264893
0.7526877613499171
0.752691233573345
0.7526947057967728
0.7526981780202007
0.7527016502436286
0.7527051224670563
0.7527085946904843
0.7527120669139121
0.75271553913734
0.7527190113607678
0.7527224835841957
0.7527259558076236
0.7527294280310514
0.7527329002544793
0.752736372477907
0.752739844701335
0.7527433169247628
0.7527467891481907
0.7527502613716185
0.7527537335950464
0.7527572058184742
0.752760678041902
0.75276415026533
0.7527676224887578
0.7527710947121857
0.7527745669356135
0.7527780391590414
0.7527815113824692
0.7527849836058971
0.7527884558293249
0.7527919280527529
0.7527954002761806
0.7527988724996085
0.7528023447230364
0.7528058169464642
0.7528092891698921
0.7528127613933199
0.7528162336167478
0.7528197058401755
0.7528231780636035
0.7528266502870313
0.7528301225104592
0.7528335947338871
0.7528370669573149
0.7528405391807428
0.7528440114041706
0.7528474836275985
0.7528509558510262
0.7528544280744541
0.752857900297882
0.75286137252131
0.7528648447447378
0.7528683169681656
0.7528717891915935
0.7528752614150213
0.7528787336384491
0.7528822058618769
0.7528856780853049
0.7528891503087327
0.7528926225321607
0.7528960947555884
0.7528995669790164
0.7529030392024442
0.7529065114258721
0.7529099836492998
0.7529134558727276
0.7529169280961556
0.7529204003195835
0.7529238725430113
0.7529273447664392
0.7529308169898671
0.7529342892132949
0.7529377614367228
0.7529412336601505
0.7529447058835784
0.7529481781070062
0.7529516503304341
0.752955122553862
0.7529585947772899
0.7529620670007178
0.7529655392241456
0.7529690114475734
0.7529724836710012
0.7529759558944291
0.752979428117857
0.7529829003412848
0.7529863725647128
0.7529898447881405
0.7529933170115685
0.7529967892349962
0.7530002614584241
0.7530037336818519
0.7530072059052798
0.7530106781287077
0.7530141503521356
0.7530176225755634
0.7530210947989913
0.7530245670224192
0.7530280392458469
0.7530315114692748
0.7530349836927026
0.7530384559161306
0.7530419281395583
0.7530454003629863
0.7530488725864141
0.753052344809842
0.7530558170332698
0.7530592892566976
0.7530627614801255
0.7530662337035533
0.7530697059269812
0.7530731781504091
0.753076650373837
0.7530801225972649
0.7530835948206926
0.7530870670441205
0.7530905392675483
0.7530940114909762
0.753097483714404
0.7531009559378319
0.7531044281612598
0.7531079003846876
0.7531113726081154
0.7531148448315433
0.7531183170549712
0.753121789278399
