0.5920140944493384
0.5920175666727662
0.5920210388961941
0.592024511119622
0.5920279833430497
0.5920314555664776
0.5920349277899054
0.5920384000133333
0.5920418722367612
0.5920453444601891
0.5920488166836169
0.5920522889070448
0.5920557611304726
0.5920592333539004
0.5920627055773283
0.5920661778007561
0.592069650024184
0.5920731222476119
0.5920765944710398
0.5920800666944676
0.5920835389178954
0.5920870111413233
0.5920904833647512
0.592093955588179
0.5920974278116068
0.5921009000350347
0.5921043722584626
0.5921078444818905
0.5921113167053182
0.5921147889287461
0.592118261152174
0.5921217333756019
0.5921252055990297
0.5921286778224576
0.5921321500458854
0.5921356222693133
0.5921390944927412
0.5921425667161689
0.5921460389395969
0.5921495111630247
0.5921529833864526
0.5921564556098804
0.5921599278333083
0.5921634000567361
0.592166872280164
0.5921703445035919
0.5921738167270196
0.5921772889504475
0.5921807611738754
0.5921842333973033
0.5921877056207311
0.592191177844159
0.5921946500675868
0.5921981222910147
0.5922015945144425
0.5922050667378703
0.5922085389612982
0.5922120111847261
0.592215483408154
0.5922189556315818
0.5922224278550097
0.5922259000784375
0.5922293723018655
0.5922328445252932
0.5922363167487211
0.5922397889721489
0.5922432611955768
0.5922467334190047
0.5922502056424325
0.5922536778658604
0.5922571500892881
0.5922606223127161
0.5922640945361439
0.5922675667595718
0.5922710389829997
0.5922745112064275
0.5922779834298554
0.5922814556532832
0.592284927876711
0.5922884001001388
0.5922918723235668
0.5922953445469946
0.5922988167704225
0.5923022889938503
0.5923057612172782
0.5923092334407061
0.5923127056641339
0.5923161778875617
0.5923196501109895
0.5923231223344175
0.5923265945578453
0.5923300667812732
0.592333539004701
0.5923370112281289
0.5923404834515568
0.5923439556749845
0.5923474278984124
0.5923509001218402
0.5923543723452682
0.592357844568696
0.5923613167921239
0.5923647890155517
0.5923682612389797
0.5923717334624075
0.5923752056858353
0.5923786779092631
0.5923821501326909
0.5923856223561189
0.5923890945795467
0.5923925668029746
0.5923960390264025
0.5923995112498304
0.5924029834732581
0.592406455696686
0.5924099279201138
0.5924134001435417
0.5924168723669696
0.5924203445903974
0.5924238168138253
0.5924272890372531
0.5924307612606811
0.5924342334841088
0.5924377057075367
0.5924411779309645
0.5924446501543924
0.5924481223778203
0.5924515946012481
0.592455066824676
0.5924585390481037
0.5924620112715318
0.5924654834949595
0.5924689557183874
0.5924724279418152
0.5924759001652431
0.592479372388671
0.5924828446120988
0.5924863168355267
0.5924897890589544
0.5924932612823824
0.5924967335058102
0.5925002057292381
0.5925036779526659
0.5925071501760938
0.5925106223995217
0.5925140946229496
0.5925175668463774
0.5925210390698052
0.5925245112932331
0.5925279835166609
0.5925314557400888
0.5925349279635166
0.5925384001869445
0.5925418724103724
0.5925453446338003
0.592548816857228
0.5925522890806559
0.5925557613040838
0.5925592335275116
0.5925627057509395
0.5925661779743673
0.5925696501977952
0.5925731224212231
0.592576594644651
0.5925800668680787
0.5925835390915066
0.5925870113149345
0.5925904835383623
0.5925939557617902
0.592597427985218
0.5926009002086459
0.5926043724320738
0.5926078446555016
0.5926113168789294
0.5926147891023573
0.5926182613257852
0.592621733549213
0.5926252057726409
0.5926286779960687
0.5926321502194966
0.5926356224429244
0.5926390946663523
0.5926425668897801
0.5926460391132081
0.5926495113366359
0.5926529835600638
0.5926564557834916
0.5926599280069195
0.5926634002303472
0.5926668724537751
0.592670344677203
0.5926738169006308
0.5926772891240587
0.5926807613474866
0.5926842335709145
0.5926877057943423
0.5926911780177702
0.5926946502411979
0.5926981224646258
0.5927015946880537
0.5927050669114815
