0.7593752636719665
0.7593787358953944
0.7593822081188222
0.7593856803422502
0.759389152565678
0.7593926247891059
0.7593960970125336
0.7593995692359615
0.7594030414593894
0.7594065136828172
0.7594099859062451
0.7594134581296729
0.7594169303531009
0.7594204025765285
0.7594238747999565
0.7594273470233844
0.7594308192468122
0.7594342914702401
0.7594377636936679
0.7594412359170958
0.7594447081405237
0.7594481803639515
0.7594516525873793
0.7594551248108072
0.7594585970342351
0.7594620692576629
0.7594655414810908
0.7594690137045186
0.7594724859279465
0.7594759581513743
0.7594794303748023
0.75948290259823
0.759486374821658
0.7594898470450858
0.7594933192685137
0.7594967914919415
0.7595002637153694
0.7595037359387972
0.759507208162225
0.759510680385653
0.7595141526090807
0.7595176248325086
0.7595210970559365
0.7595245692793644
0.7595280415027922
0.7595315137262201
0.7595349859496479
0.7595384581730757
0.7595419303965035
0.7595454026199314
0.7595488748433593
0.7595523470667872
0.7595558192902151
0.7595592915136429
0.7595627637370708
0.7595662359604985
0.7595697081839264
0.7595731804073542
0.7595766526307821
0.7595801248542101
0.7595835970776379
0.7595870693010658
0.7595905415244936
0.7595940137479215
0.7595974859713492
0.7596009581947771
0.759604430418205
0.7596079026416328
0.7596113748650608
0.7596148470884886
0.7596183193119165
0.7596217915353443
0.7596252637587722
0.7596287359821999
0.7596322082056279
0.7596356804290556
0.7596391526524836
0.7596426248759114
0.7596460970993393
0.7596495693227672
0.759653041546195
0.7596565137696228
0.7596599859930506
0.7596634582164785
0.7596669304399063
0.7596704026633343
0.7596738748867622
0.75967734711019
0.7596808193336179
0.7596842915570456
0.7596877637804735
0.7596912360039013
0.7596947082273292
0.7596981804507571
0.759701652674185
0.7597051248976129
0.7597085971210407
0.7597120693444686
0.7597155415678963
0.7597190137913242
0.759722486014752
0.7597259582381799
0.7597294304616078
0.7597329026850358
0.7597363749084635
0.7597398471318915
0.7597433193553192
0.759746791578747
0.7597502638021749
0.7597537360256027
0.7597572082490306
0.7597606804724584
0.7597641526958864
0.7597676249193143
0.7597710971427422
0.7597745693661699
0.7597780415895978
0.7597815138130256
0.7597849860364535
0.7597884582598813
0.7597919304833092
0.7597954027067371
0.759798874930165
0.7598023471535927
0.7598058193770206
0.7598092916004485
0.7598127638238763
0.7598162360473042
0.759819708270732
0.7598231804941599
0.7598266527175879
0.7598301249410155
0.7598335971644435
0.7598370693878713
0.7598405416112992
0.759844013834727
0.7598474860581549
0.7598509582815828
0.7598544305050106
0.7598579027284385
0.7598613749518662
0.7598648471752942
0.759868319398722
0.7598717916221499
0.7598752638455777
0.7598787360690056
0.7598822082924334
0.7598856805158613
0.7598891527392891
0.759892624962717
0.7598960971861449
0.7598995694095727
0.7599030416330006
0.7599065138564284
0.7599099860798563
0.759913458303284
0.759916930526712
0.7599204027501397
0.7599238749735677
0.7599273471969956
0.7599308194204234
0.7599342916438513
0.7599377638672791
0.759941236090707
0.7599447083141349
0.7599481805375626
0.7599516527609905
0.7599551249844184
0.7599585972078463
0.7599620694312741
0.759965541654702
0.7599690138781298
0.7599724861015577
0.7599759583249854
0.7599794305484134
0.7599829027718412
0.7599863749952691
0.759989847218697
0.7599933194421248
0.7599967916655527
0.7600002638889805
0.7600037361124083
0.7600072083358361
0.7600106805592641
0.7600141527826919
0.7600176250061198
0.7600210972295477
0.7600245694529756
0.7600280416764034
0.7600315138998311
0.760034986123259
0.7600384583466869
0.7600419305701147
0.7600454027935426
0.7600488750169705
0.7600523472403984
0.7600558194638263
0.7600592916872541
0.760062763910682
0.7600662361341097
