0.6038196541040465
0.6038231263274745
0.6038265985509023
0.6038300707743302
0.6038335429977579
0.6038370152211858
0.6038404874446137
0.6038439596680415
0.6038474318914694
0.6038509041148972
0.6038543763383252
0.603857848561753
0.6038613207851808
0.6038647930086087
0.6038682652320365
0.6038717374554644
0.6038752096788922
0.6038786819023201
0.6038821541257479
0.6038856263491759
0.6038890985726036
0.6038925707960315
0.6038960430194593
0.6038995152428873
0.6039029874663151
0.6039064596897429
0.6039099319131708
0.6039134041365986
0.6039168763600266
0.6039203485834543
0.6039238208068822
0.60392729303031
0.603930765253738
0.6039342374771658
0.6039377097005937
0.6039411819240215
0.6039446541474494
0.6039481263708772
0.603951598594305
0.6039550708177329
0.6039585430411607
0.6039620152645887
0.6039654874880165
0.6039689597114444
0.6039724319348722
0.6039759041583
0.6039793763817279
0.6039828486051557
0.6039863208285836
0.6039897930520115
0.6039932652754394
0.6039967374988672
0.6040002097222951
0.6040036819457228
0.6040071541691507
0.6040106263925786
0.6040140986160064
0.6040175708394343
0.6040210430628621
0.6040245152862901
0.6040279875097179
0.6040314597331458
0.6040349319565735
0.6040384041800014
0.6040418764034293
0.6040453486268572
0.604048820850285
0.6040522930737128
0.6040557652971408
0.6040592375205686
0.6040627097439965
0.6040661819674242
0.6040696541908521
0.60407312641428
0.6040765986377079
0.6040800708611357
0.6040835430845636
0.6040870153079915
0.6040904875314193
0.6040939597548471
0.6040974319782749
0.6041009042017028
0.6041043764251307
0.6041078486485586
0.6041113208719864
0.6041147930954143
0.6041182653188422
0.6041217375422699
0.6041252097656978
0.6041286819891256
0.6041321542125535
0.6041356264359814
0.6041390986594093
0.6041425708828371
0.604146043106265
0.6041495153296929
0.6041529875531206
0.6041564597765485
0.6041599319999763
0.6041634042234042
0.6041668764468321
0.60417034867026
0.6041738208936878
0.6041772931171157
0.6041807653405435
0.6041842375639714
0.6041877097873992
0.604191182010827
0.6041946542342549
0.6041981264576828
0.6042015986811107
0.6042050709045385
0.6042085431279663
0.6042120153513942
0.6042154875748221
0.6042189597982499
0.6042224320216778
0.6042259042451056
0.6042293764685335
0.6042328486919614
0.6042363209153891
0.6042397931388171
0.6042432653622449
0.6042467375856728
0.6042502098091006
0.6042536820325285
0.6042571542559563
0.6042606264793842
0.6042640987028121
0.6042675709262398
0.6042710431496677
0.6042745153730956
0.6042779875965235
0.6042814598199513
0.6042849320433792
0.604288404266807
0.6042918764902349
0.6042953487136627
0.6042988209370905
0.6043022931605184
0.6043057653839463
0.6043092376073742
0.604312709830802
0.6043161820542299
0.6043196542776577
0.6043231265010857
0.6043265987245134
0.6043300709479413
0.6043335431713691
0.604337015394797
0.6043404876182249
0.6043439598416527
0.6043474320650806
0.6043509042885084
0.6043543765119364
0.6043578487353641
0.604361320958792
0.6043647931822199
0.6043682654056477
0.6043717376290756
0.6043752098525034
0.6043786820759313
0.604382154299359
0.604385626522787
0.6043890987462148
0.6043925709696427
0.6043960431930705
0.6043995154164984
0.6044029876399263
0.6044064598633541
0.604409932086782
0.6044134043102097
0.6044168765336377
0.6044203487570655
0.6044238209804934
0.6044272932039212
0.6044307654273491
0.604434237650777
0.6044377098742048
0.6044411820976326
0.6044446543210604
0.6044481265444884
0.6044515987679162
0.6044550709913441
0.6044585432147719
0.6044620154381999
0.6044654876616277
0.6044689598850556
0.6044724321084833
0.6044759043319111
0.6044793765553391
0.6044828487787669
0.6044863210021948
0.6044897932256227
0.6044932654490506
0.6044967376724784
0.6045002098959062
0.604503682119334
0.6045071543427619
0.6045106265661898
