0.04618057159047629
0.04618404381390403
0.046187516037331955
0.04619098826075979
0.04619446048418763
0.046197932707615554
0.04620140493104339
0.046204877154471226
0.046208349377899055
0.04621182160132689
0.04621529382475473
0.046218766048182654
0.04622223827161049
0.046225710495038326
0.04622918271846625
0.04623265494189399
0.04623612716532192
0.046239599388749754
0.04624307161217759
0.046246543835605516
0.04625001605903335
0.04625348828246119
0.046256960505889025
0.046260432729316854
0.04626390495274479
0.04626737717617262
0.04627084939960045
0.04627432162302829
0.046277793846456125
0.04628126606988405
0.04628473829331189
0.046288210516739724
0.04629168274016755
0.046295154963595486
0.046298627187023315
0.04630209941045115
0.04630557163387899
0.046309043857306824
0.04631251608073475
0.046315988304162586
0.046319460527590416
0.04632293275101835
0.04632640497444609
0.046329877197874014
0.04633334942130185
0.04633682164472969
0.04634029386815761
0.04634376609158545
0.046347238315013285
0.046350710538441114
0.04635418276186895
0.04635765498529688
0.04636112720872471
0.04636459943215255
0.046368071655580385
0.04637154387900831
0.04637501610243615
0.04637848832586398
0.04638196054929181
0.04638543277271965
0.046388904996147576
0.04639237721957541
0.04639584944300325
0.046399321666431084
0.04640279388985891
0.04640626611328685
0.046409738336714676
0.04641321056014251
0.04641668278357044
0.046420155006998184
0.04642362723042611
0.04642709945385395
0.04643057167728178
0.04643404390070971
0.046437516124137546
0.046440988347565375
0.04644446057099321
0.04644793279442105
0.04645140501784897
0.04645487724127681
0.046458349464704646
0.046461821688132475
0.04646529391156041
0.04646876613498824
0.046472238358416074
0.04647571058184391
0.046479182805271746
0.04648265502869967
0.04648612725212751
0.046489599475555345
0.04649307169898327
0.04649654392241101
0.046500016145838936
0.04650348836926677
0.04650696059269461
0.046510432816122535
0.04651390503955037
0.04651737726297821
0.046520849486406037
0.04652432170983387
0.0465277939332618
0.046531266156689635
0.04653473838011747
0.04653821060354531
0.046541682826973144
0.04654515505040107
0.046548627273828906
0.046552099497256735
0.04655557172068457
0.0465590439441125
0.046562516167540244
0.04656598839096817
0.046569460614396006
0.046572932837823836
0.04657640506125177
0.0465798772846796
0.046583349508107434
0.04658682173153536
0.046590293954963106
0.04659376617839103
0.04659723840181887
0.046600710625246705
0.04660418284867463
0.04660765507210247
0.0466111272955303
0.04661459951895813
0.04661807174238597
0.046621543965813896
0.04662501618924173
0.04662848841266957
0.046631960636097404
0.04663543285952533
0.04663890508295307
0.046642377306380996
0.04664584952980883
0.04664932175323667
0.046652793976664594
0.04665626620009243
0.04665973842352027
0.046663210646948096
0.04666668287037593
0.04667015509380386
0.046673627317231695
0.04667709954065953
0.04668057176408746
0.0466840439875152
0.04668751621094313
0.046690988434370966
0.046694460657798795
0.04669793288122673
0.04670140510465456
0.04670487732808239
0.04670834955151023
0.046711821774938066
0.046715293998365895
0.04671876622179383
0.04672223844522166
0.046725710668649494
0.04672918289207742
0.046732655115505166
0.04673612733893309
0.04673959956236093
0.046743071785788765
0.04674654400921669
0.04675001623264453
0.046753488456072356
0.04675696067950019
0.04676043290292803
0.046763905126355955
0.04676737734978379
0.04677084957321163
0.04677432179663946
0.04677779402006729
0.046781266243495226
0.046784738466923055
0.04678821069035089
0.04679168291377873
0.046795155137206654
0.04679862736063449
0.046802099584062326
0.046805571807490155
0.04680904403091799
0.04681251625434592
0.046815988477773754
0.04681946070120159
0.046822932924629516
0.04682640514805726
0.04682987737148519
0.046833349594913025
0.046836821818340854
0.04684029404176879
0.04684376626519662
0.04684723848862445
0.04685071071205229
0.046854182935480125
0.04685765515890805
0.04686112738233589
0.04686459960576372
0.04686807182919155
0.04687154405261948
