0.8427086259404951
0.842712098163923
0.8427155703873508
0.8427190426107787
0.8427225148342065
0.8427259870576344
0.8427294592810624
0.84273293150449
0.842736403727918
0.8427398759513458
0.8427433481747737
0.8427468203982015
0.8427502926216294
0.8427537648450572
0.842757237068485
0.842760709291913
0.8427641815153409
0.8427676537387687
0.8427711259621966
0.8427745981856244
0.8427780704090523
0.8427815426324801
0.8427850148559078
0.8427884870793357
0.8427919593027635
0.8427954315261914
0.8427989037496194
0.8428023759730473
0.8428058481964751
0.842809320419903
0.8428127926433308
0.8428162648667586
0.8428197370901864
0.8428232093136144
0.8428266815370421
0.8428301537604701
0.8428336259838978
0.8428370982073258
0.8428405704307537
0.8428440426541814
0.8428475148776093
0.8428509871010371
0.8428544593244651
0.842857931547893
0.8428614037713208
0.8428648759947487
0.8428683482181765
0.8428718204416044
0.8428752926650321
0.84287876488846
0.8428822371118878
0.8428857093353157
0.8428891815587435
0.8428926537821715
0.8428961260055994
0.8428995982290272
0.842903070452455
0.8429065426758828
0.8429100148993107
0.8429134871227385
0.8429169593461665
0.8429204315695942
0.8429239037930222
0.8429273760164501
0.8429308482398779
0.8429343204633057
0.8429377926867335
0.8429412649101614
0.8429447371335892
0.8429482093570172
0.8429516815804451
0.8429551538038729
0.8429586260273008
0.8429620982507285
0.8429655704741564
0.8429690426975842
0.8429725149210121
0.8429759871444399
0.8429794593678678
0.8429829315912956
0.8429864038147236
0.8429898760381515
0.8429933482615792
0.8429968204850071
0.8430002927084349
0.8430037649318628
0.8430072371552906
0.8430107093787187
0.8430141816021463
0.8430176538255744
0.8430211260490021
0.8430245982724299
0.8430280704958578
0.8430315427192856
0.8430350149427135
0.8430384871661413
0.8430419593895694
0.8430454316129969
0.8430489038364251
0.8430523760598528
0.8430558482832807
0.8430593205067085
0.8430627927301364
0.8430662649535642
0.843069737176992
0.8430732094004199
0.8430766816238476
0.8430801538472757
0.8430836260707035
0.8430870982941314
0.8430905705175592
0.8430940427409871
0.8430975149644149
0.8431009871878428
0.8431044594112708
0.8431079316346984
0.8431114038581264
0.8431148760815542
0.8431183483049821
0.8431218205284099
0.8431252927518378
0.8431287649752656
0.8431322371986935
0.8431357094221215
0.8431391816455491
0.8431426538689771
0.8431461260924049
0.8431495983158328
0.8431530705392606
0.8431565427626885
0.8431600149861163
0.8431634872095441
0.8431669594329722
0.8431704316563998
0.8431739038798278
0.8431773761032556
0.8431808483266835
0.8431843205501113
0.8431877927735392
0.843191264996967
0.8431947372203948
0.8431982094438226
0.8432016816672505
0.8432051538906785
0.8432086261141063
0.8432120983375342
0.843215570560962
0.8432190427843899
0.8432225150078176
0.8432259872312455
0.8432294594546735
0.8432329316781012
0.8432364039015292
0.843239876124957
0.8432433483483849
0.8432468205718127
0.8432502927952406
0.8432537650186683
0.8432572372420962
0.8432607094655242
0.843264181688952
0.8432676539123799
0.8432711261358077
0.8432745983592356
0.8432780705826634
0.8432815428060912
0.843285015029519
0.8432884872529469
0.8432919594763747
0.8432954316998026
0.8432989039232306
0.8433023761466585
0.8433058483700863
0.843309320593514
0.8433127928169419
0.8433162650403697
0.8433197372637976
0.8433232094872256
0.8433266817106533
0.8433301539340813
0.843333626157509
0.843337098380937
0.8433405706043648
0.8433440428277926
0.8433475150512205
0.8433509872746483
0.8433544594980763
0.8433579317215042
0.843361403944932
0.8433648761683599
0.8433683483917876
0.8433718206152155
0.8433752928386433
0.8433787650620712
0.843382237285499
0.8433857095089269
0.8433891817323547
0.8433926539557827
0.8433961261792106
0.8433995984026383
