0.5850696475936276
0.5850731198170556
0.5850765920404833
0.5850800642639111
0.5850835364873391
0.5850870087107669
0.5850904809341948
0.5850939531576226
0.5850974253810505
0.5851008976044783
0.5851043698279063
0.585107842051334
0.5851113142747619
0.5851147864981897
0.5851182587216176
0.5851217309450455
0.5851252031684733
0.5851286753919012
0.585132147615329
0.585135619838757
0.5851390920621847
0.5851425642856126
0.5851460365090404
0.5851495087324683
0.5851529809558962
0.585156453179324
0.5851599254027519
0.5851633976261796
0.5851668698496076
0.5851703420730354
0.5851738142964633
0.5851772865198911
0.585180758743319
0.5851842309667469
0.5851877031901747
0.5851911754136025
0.5851946476370303
0.5851981198604583
0.5852015920838861
0.585205064307314
0.5852085365307419
0.5852120087541698
0.5852154809775976
0.5852189532010255
0.5852224254244532
0.585225897647881
0.585229369871309
0.5852328420947368
0.5852363143181647
0.5852397865415925
0.5852432587650205
0.5852467309884483
0.5852502032118762
0.5852536754353039
0.5852571476587318
0.5852606198821597
0.5852640921055875
0.5852675643290154
0.5852710365524432
0.5852745087758712
0.585277980999299
0.5852814532227268
0.5852849254461546
0.5852883976695825
0.5852918698930104
0.5852953421164382
0.5852988143398661
0.5853022865632939
0.5853057587867219
0.5853092310101496
0.5853127032335775
0.5853161754570053
0.5853196476804332
0.5853231199038611
0.5853265921272889
0.5853300643507168
0.5853335365741447
0.5853370087975726
0.5853404810210003
0.5853439532444282
0.585347425467856
0.5853508976912839
0.5853543699147118
0.5853578421381397
0.5853613143615675
0.5853647865849952
0.5853682588084232
0.585371731031851
0.5853752032552789
0.5853786754787067
0.5853821477021346
0.5853856199255625
0.5853890921489904
0.5853925643724182
0.585396036595846
0.5853995088192739
0.5854029810427017
0.5854064532661296
0.5854099254895574
0.5854133977129853
0.5854168699364132
0.5854203421598411
0.5854238143832688
0.5854272866066967
0.5854307588301246
0.5854342310535524
0.5854377032769803
0.5854411755004081
0.585444647723836
0.5854481199472639
0.5854515921706918
0.5854550643941195
0.5854585366175474
0.5854620088409753
0.5854654810644031
0.585468953287831
0.5854724255112588
0.5854758977346867
0.5854793699581146
0.5854828421815425
0.5854863144049702
0.5854897866283981
0.585493258851826
0.5854967310752539
0.5855002032986817
0.5855036755221095
0.5855071477455374
0.5855106199689653
0.5855140921923931
0.5855175644158209
0.5855210366392488
0.5855245088626767
0.5855279810861046
0.5855314533095324
0.5855349255329603
0.585538397756388
0.5855418699798159
0.5855453422032438
0.5855488144266716
0.5855522866500995
0.5855557588735274
0.5855592310969553
0.5855627033203831
0.585566175543811
0.5855696477672387
0.5855731199906666
0.5855765922140945
0.5855800644375223
0.5855835366609502
0.5855870088843781
0.585590481107806
0.5855939533312338
0.5855974255546617
0.5856008977780894
0.5856043700015173
0.5856078422249452
0.585611314448373
0.5856147866718009
0.5856182588952288
0.5856217311186567
0.5856252033420845
0.5856286755655123
0.5856321477889401
0.5856356200123681
0.5856390922357959
0.5856425644592238
0.5856460366826516
0.5856495089060795
0.5856529811295074
0.5856564533529351
0.585659925576363
0.5856633977997908
0.5856668700232188
0.5856703422466466
0.5856738144700745
0.5856772866935023
0.5856807589169302
0.5856842311403581
0.5856877033637858
0.5856911755872137
0.5856946478106415
0.5856981200340695
0.5857015922574973
0.5857050644809252
0.585708536704353
0.5857120089277809
0.5857154811512087
0.5857189533746365
0.5857224255980644
0.5857258978214922
0.5857293700449202
0.585732842268348
0.5857363144917759
0.5857397867152037
0.5857432589386316
0.5857467311620594
0.5857502033854872
0.5857536756089151
0.5857571478323429
0.5857606200557709
