0.549652968629503
0.5496564408529309
0.5496599130763586
0.5496633852997865
0.5496668575232144
0.5496703297466423
0.5496738019700701
0.549677274193498
0.5496807464169259
0.5496842186403537
0.5496876908637816
0.5496911630872093
0.5496946353106372
0.5496981075340651
0.549701579757493
0.5497050519809208
0.5497085242043487
0.5497119964277766
0.5497154686512044
0.5497189408746322
0.54972241309806
0.5497258853214879
0.5497293575449158
0.5497328297683437
0.5497363019917715
0.5497397742151994
0.5497432464386273
0.549746718662055
0.5497501908854829
0.5497536631089107
0.5497571353323386
0.5497606075557665
0.5497640797791944
0.5497675520026222
0.5497710242260501
0.549774496449478
0.5497779686729058
0.5497814408963336
0.5497849131197615
0.5497883853431893
0.5497918575666172
0.5497953297900451
0.5497988020134729
0.5498022742369008
0.5498057464603286
0.5498092186837565
0.5498126909071843
0.5498161631306122
0.54981963535404
0.5498231075774679
0.5498265798008958
0.5498300520243236
0.5498335242477514
0.5498369964711793
0.5498404686946072
0.549843940918035
0.5498474131414629
0.5498508853648907
0.5498543575883186
0.5498578298117465
0.5498613020351742
0.5498647742586021
0.54986824648203
0.5498717187054579
0.5498751909288857
0.5498786631523136
0.5498821353757414
0.5498856075991694
0.5498890798225972
0.5498925520460249
0.5498960242694528
0.5498994964928807
0.5499029687163086
0.5499064409397364
0.5499099131631643
0.5499133853865921
0.5499168576100201
0.5499203298334479
0.5499238020568757
0.5499272742803035
0.5499307465037314
0.5499342187271593
0.5499376909505871
0.549941163174015
0.5499446353974428
0.5499481076208708
0.5499515798442985
0.5499550520677264
0.5499585242911542
0.5499619965145821
0.54996546873801
0.5499689409614378
0.5499724131848657
0.5499758854082935
0.5499793576317215
0.5499828298551492
0.5499863020785771
0.5499897743020049
0.5499932465254328
0.5499967187488607
0.5500001909722885
0.5500036631957164
0.5500071354191441
0.5500106076425721
0.5500140798659999
0.5500175520894278
0.5500210243128556
0.5500244965362836
0.5500279687597114
0.5500314409831392
0.550034913206567
0.5500383854299948
0.5500418576534228
0.5500453298768506
0.5500488021002785
0.5500522743237063
0.5500557465471343
0.5500592187705621
0.55006269099399
0.5500661632174177
0.5500696354408456
0.5500731076642735
0.5500765798877013
0.5500800521111292
0.550083524334557
0.550086996557985
0.5500904687814128
0.5500939410048407
0.5500974132282684
0.5501008854516963
0.5501043576751242
0.550107829898552
0.5501113021219799
0.5501147743454077
0.5501182465688357
0.5501217187922635
0.5501251910156914
0.5501286632391191
0.550132135462547
0.5501356076859749
0.5501390799094027
0.5501425521328306
0.5501460243562584
0.5501494965796864
0.5501529688031142
0.550156441026542
0.5501599132499698
0.5501633854733977
0.5501668576968256
0.5501703299202535
0.5501738021436813
0.5501772743671091
0.5501807465905371
0.5501842188139648
0.5501876910373927
0.5501911632608205
0.5501946354842484
0.5501981077076763
0.5502015799311042
0.550205052154532
0.5502085243779599
0.5502119966013878
0.5502154688248155
0.5502189410482434
0.5502224132716712
0.5502258854950991
0.550229357718527
0.5502328299419549
0.5502363021653827
0.5502397743888106
0.5502432466122384
0.5502467188356662
0.5502501910590941
0.5502536632825219
0.5502571355059498
0.5502606077293777
0.5502640799528056
0.5502675521762334
0.5502710243996612
0.5502744966230891
0.5502779688465169
0.5502814410699448
0.5502849132933726
0.5502883855168005
0.5502918577402284
0.5502953299636563
0.550298802187084
0.5503022744105119
0.5503057466339398
0.5503092188573677
0.5503126910807955
0.5503161633042233
0.5503196355276512
0.5503231077510791
0.550326579974507
0.5503300521979347
0.5503335244213626
0.5503369966447905
0.5503404688682184
0.5503439410916462
