0.726041918764555
0.7260453909879829
0.7260488632114109
0.7260523354348387
0.7260558076582666
0.7260592798816944
0.7260627521051223
0.7260662243285501
0.726069696551978
0.7260731687754058
0.7260766409988336
0.7260801132222615
0.7260835854456894
0.7260870576691173
0.7260905298925451
0.726094002115973
0.7260974743394008
0.7261009465628286
0.7261044187862565
0.7261078910096844
0.7261113632331122
0.7261148354565401
0.726118307679968
0.7261217799033958
0.7261252521268237
0.7261287243502514
0.7261321965736793
0.7261356687971071
0.7261391410205351
0.726142613243963
0.7261460854673908
0.7261495576908187
0.7261530299142465
0.7261565021376744
0.7261599743611021
0.72616344658453
0.7261669188079579
0.7261703910313858
0.7261738632548136
0.7261773354782415
0.7261808077016694
0.7261842799250972
0.726187752148525
0.7261912243719528
0.7261946965953807
0.7261981688188085
0.7262016410422365
0.7262051132656644
0.7262085854890923
0.7262120577125201
0.7262155299359478
0.7262190021593757
0.7262224743828035
0.7262259466062314
0.7262294188296593
0.7262328910530872
0.726236363276515
0.726239835499943
0.7262433077233708
0.7262467799467986
0.7262502521702264
0.7262537243936543
0.7262571966170821
0.72626066884051
0.7262641410639379
0.7262676132873657
0.7262710855107937
0.7262745577342214
0.7262780299576493
0.7262815021810771
0.726284974404505
0.7262884466279328
0.7262919188513607
0.7262953910747886
0.7262988632982165
0.7263023355216444
0.7263058077450721
0.7263092799685
0.7263127521919278
0.7263162244153557
0.7263196966387835
0.7263231688622114
0.7263266410856393
0.726330113309067
0.726333585532495
0.7263370577559228
0.7263405299793507
0.7263440022027785
0.7263474744262064
0.7263509466496342
0.7263544188730622
0.72635789109649
0.7263613633199177
0.7263648355433457
0.7263683077667735
0.7263717799902014
0.7263752522136292
0.7263787244370571
0.7263821966604849
0.7263856688839128
0.7263891411073407
0.7263926133307685
0.7263960855541964
0.7263995577776242
0.7264030300010521
0.7264065022244799
0.7264099744479078
0.7264134466713356
0.7264169188947636
0.7264203911181913
0.7264238633416192
0.7264273355650471
0.7264308077884749
0.7264342800119028
0.7264377522353306
0.7264412244587585
0.7264446966821863
0.7264481689056141
0.726451641129042
0.7264551133524699
0.7264585855758978
0.7264620577993256
0.7264655300227535
0.7264690022461813
0.7264724744696092
0.726475946693037
0.726479418916465
0.7264828911398927
0.7264863633633206
0.7264898355867485
0.7264933078101764
0.7264967800336042
0.726500252257032
0.7265037244804599
0.7265071967038876
0.7265106689273156
0.7265141411507434
0.7265176133741713
0.7265210855975992
0.7265245578210271
0.7265280300444549
0.7265315022678828
0.7265349744913105
0.7265384467147384
0.7265419189381662
0.7265453911615941
0.7265488633850221
0.7265523356084499
0.7265558078318778
0.7265592800553056
0.7265627522787335
0.7265662245021612
0.7265696967255891
0.726573168949017
0.7265766411724448
0.7265801133958727
0.7265835856193006
0.7265870578427285
0.7265905300661563
0.7265940022895842
0.7265974745130119
0.7266009467364398
0.7266044189598677
0.7266078911832955
0.7266113634067235
0.7266148356301513
0.7266183078535792
0.726621780077007
0.7266252523004348
0.7266287245238626
0.7266321967472905
0.7266356689707183
0.7266391411941463
0.7266426134175742
0.726646085641002
0.7266495578644299
0.7266530300878576
0.7266565023112855
0.7266599745347133
0.7266634467581412
0.7266669189815691
0.726670391204997
0.7266738634284248
0.7266773356518527
0.7266808078752806
0.7266842800987083
0.7266877523221362
0.726691224545564
0.7266946967689919
0.7266981689924197
0.7267016412158477
0.7267051134392756
0.7267085856627034
0.7267120578861312
0.726715530109559
0.7267190023329869
0.7267224745564147
0.7267259467798426
0.7267294190032705
0.7267328912266984
