0.1593750553385609
0.15937852756198873
0.15938199978541653
0.15938547200884443
0.15938894423227226
0.15939241645570015
0.159395888679128
0.15939936090255585
0.15940283312598374
0.15940630534941153
0.15940977757283942
0.15941324979626725
0.15941672201969512
0.159420194243123
0.15942366646655085
0.15942713868997874
0.15943061091340652
0.15943408313683438
0.15943755536026227
0.1594410275836901
0.159444499807118
0.15944797203054584
0.1594514442539737
0.15945491647740148
0.15945838870082937
0.15946186092425726
0.1594653331476851
0.15946880537111296
0.1594722775945408
0.1594757498179687
0.15947922204139653
0.15948269426482437
0.15948616648825223
0.15948963871168007
0.15949311093510796
0.15949658315853585
0.15950005538196363
0.1595035276053915
0.15950699982881933
0.15951047205224722
0.1595139442756751
0.15951741649910295
0.1595208887225308
0.1595243609459586
0.15952783316938648
0.15953130539281432
0.1595347776162422
0.15953824983967008
0.1595417220630979
0.1595451942865258
0.15954866650995359
0.15955213873338148
0.15955561095680934
0.15955908318023718
0.15956255540366507
0.1595660276270929
0.1595694998505208
0.15957297207394866
0.15957644429737644
0.15957991652080433
0.15958338874423217
0.15958686096766006
0.1595903331910879
0.15959380541451576
0.1595972776379436
0.15960074986137143
0.15960422208479932
0.15960769430822716
0.15961116653165502
0.15961463875508292
0.1596181109785107
0.1596215832019386
0.15962505542536642
0.1596285276487943
0.15963199987222218
0.15963547209565002
0.1596389443190779
0.1596424165425057
0.15964588876593355
0.15964936098936144
0.15965283321278928
0.15965630543621717
0.159659777659645
0.15966324988307287
0.15966672210650065
0.15967019432992854
0.15967366655335644
0.15967713877678427
0.15968061100021214
0.15968408322363997
0.15968755544706786
0.15969102767049573
0.15969449989392354
0.1596979721173514
0.15970144434077924
0.15970491656420713
0.15970838878763502
0.15971186101106286
0.15971533323449072
0.1597188054579185
0.1597222776813464
0.15972574990477428
0.15972922212820212
0.15973269435162998
0.15973616657505782
0.15973963879848566
0.1597431110219135
0.15974658324534138
0.15975005546876925
0.15975352769219708
0.15975699991562498
0.15976047213905276
0.15976394436248065
0.1597674165859085
0.15977088880933635
0.15977436103276424
0.15977783325619208
0.15978130547961997
0.15978477770304783
0.1597882499264756
0.1597917221499035
0.15979519437333134
0.15979866659675923
0.1598021388201871
0.15980561104361493
0.15980908326704282
0.1598125554904706
0.1598160277138985
0.15981949993732633
0.1598229721607542
0.1598264443841821
0.15982991660760992
0.1598333888310378
0.1598368610544656
0.15984033327789346
0.15984380550132135
0.1598472777247492
0.15985074994817708
0.15985422217160491
0.15985769439503272
0.15986116661846062
0.15986463884188845
0.15986811106531634
0.15987158328874418
0.15987505551217204
0.15987852773559988
0.15988199995902772
0.1598854721824556
0.15988894440588344
0.1598924166293113
0.15989588885273914
0.15989936107616703
0.15990283329959493
0.1599063055230227
0.15990977774645057
0.1599132499698784
0.1599167221933063
0.1599201944167342
0.15992366664016203
0.1599271388635899
0.15993061108701767
0.15993408331044556
0.15993755553387345
0.1599410277573013
0.15994449998072915
0.159947972204157
0.15995144442758488
0.15995491665101266
0.15995838887444055
0.15996186109786842
0.15996533332129625
0.15996880554472415
0.15997227776815198
0.15997574999157985
0.15997922221500768
0.15998269443843552
0.1599861666618634
0.15998963888529125
0.15999311110871914
0.159996583332147
0.16000005555557478
0.16000352777900267
0.1600070000024305
0.1600104722258584
0.16001394444928627
0.1600174166727141
0.160020888896142
0.16002436111956977
0.16002783334299767
0.1600313055664255
0.16003477778985337
0.16003825001328126
0.1600417222367091
0.16004519446013699
0.16004866668356477
0.16005213890699263
0.16005561113042052
0.16005908335384836
0.16006255557727625
0.16006602780070409
