0.7781252701823854
0.7781287424058133
0.7781322146292411
0.7781356868526691
0.7781391590760969
0.7781426312995249
0.7781461035229527
0.7781495757463804
0.7781530479698083
0.7781565201932361
0.778159992416664
0.7781634646400919
0.7781669368635197
0.7781704090869476
0.7781738813103755
0.7781773535338034
0.7781808257572312
0.778184297980659
0.7781877702040869
0.7781912424275147
0.7781947146509425
0.7781981868743704
0.7782016590977983
0.7782051313212263
0.778208603544654
0.7782120757680819
0.7782155479915097
0.7782190202149376
0.7782224924383654
0.7782259646617933
0.7782294368852212
0.778232909108649
0.778236381332077
0.7782398535555047
0.7782433257789326
0.7782467980023604
0.7782502702257883
0.7782537424492161
0.778257214672644
0.7782606868960719
0.7782641591194996
0.7782676313429275
0.7782711035663554
0.7782745757897833
0.7782780480132111
0.778281520236639
0.7782849924600668
0.7782884646834947
0.7782919369069224
0.7782954091303503
0.7782988813537783
0.7783023535772061
0.778305825800634
0.7783092980240618
0.7783127702474897
0.7783162424709175
0.7783197146943454
0.7783231869177732
0.7783266591412011
0.778330131364629
0.7783336035880567
0.7783370758114847
0.7783405480349125
0.7783440202583404
0.7783474924817682
0.778350964705196
0.7783544369286239
0.7783579091520518
0.7783613813754796
0.7783648535989075
0.7783683258223354
0.7783717980457632
0.7783752702691911
0.7783787424926188
0.7783822147160468
0.7783856869394745
0.7783891591629025
0.7783926313863303
0.7783961036097582
0.7783995758331861
0.7784030480566139
0.7784065202800418
0.7784099925034695
0.7784134647268974
0.7784169369503253
0.7784204091737532
0.7784238813971811
0.7784273536206089
0.7784308258440368
0.7784342980674646
0.7784377702908925
0.7784412425143202
0.7784447147377481
0.778448186961176
0.778451659184604
0.7784551314080317
0.7784586036314597
0.7784620758548875
0.7784655480783154
0.7784690203017431
0.778472492525171
0.7784759647485989
0.7784794369720266
0.7784829091954546
0.7784863814188824
0.7784898536423104
0.7784933258657382
0.778496798089166
0.7785002703125938
0.7785037425360217
0.7785072147594495
0.7785106869828774
0.7785141592063053
0.7785176314297332
0.7785211036531611
0.7785245758765889
0.7785280481000167
0.7785315203234445
0.7785349925468724
0.7785384647703002
0.7785419369937281
0.778545409217156
0.7785488814405838
0.7785523536640118
0.7785558258874395
0.7785592981108674
0.7785627703342952
0.7785662425577231
0.778569714781151
0.7785731870045788
0.7785766592280067
0.7785801314514345
0.7785836036748625
0.7785870758982902
0.7785905481217181
0.7785940203451459
0.7785974925685738
0.7786009647920016
0.7786044370154295
0.7786079092388574
0.7786113814622853
0.7786148536857131
0.7786183259091409
0.7786217981325688
0.7786252703559966
0.7786287425794245
0.7786322148028523
0.7786356870262803
0.7786391592497081
0.778642631473136
0.7786461036965638
0.7786495759199916
0.7786530481434195
0.7786565203668473
0.7786599925902752
0.7786634648137031
0.7786669370371309
0.7786704092605587
0.7786738814839866
0.7786773537074145
0.7786808259308423
0.7786842981542702
0.778687770377698
0.7786912426011259
0.7786947148245537
0.7786981870479815
0.7787016592714094
0.7787051314948374
0.7787086037182652
0.7787120759416931
0.7787155481651209
0.7787190203885487
0.7787224926119766
0.7787259648354043
0.7787294370588324
0.7787329092822601
0.7787363815056881
0.7787398537291159
0.7787433259525438
0.7787467981759716
0.7787502703993995
0.7787537426228273
0.7787572148462552
0.778760687069683
0.7787641592931108
0.7787676315165387
0.7787711037399666
0.7787745759633945
0.7787780481868223
0.7787815204102502
0.778784992633678
0.7787884648571058
0.7787919370805336
0.7787954093039615
0.7787988815273895
0.7788023537508173
0.7788058259742452
0.778809298197673
0.7788127704211009
0.7788162426445286
