0.40659736340186226
0.40660083562529015
0.406604307848718
0.4066077800721459
0.4066112522955737
0.4066147245190016
0.40661819674242944
0.4066216689658572
0.4066251411892851
0.40662861341271295
0.40663208563614084
0.4066355578595687
0.40663903008299657
0.4066425023064244
0.40664597452985224
0.40664944675328013
0.40665291897670797
0.4066563912001358
0.40665986342356364
0.40666333564699153
0.40666680787041937
0.40667028009384726
0.4066737523172751
0.40667722454070293
0.4066806967641308
0.4066841689875587
0.40668764121098655
0.40669111343441433
0.4066945856578422
0.40669805788127006
0.40670153010469795
0.4067050023281258
0.4067084745515536
0.4067119467749815
0.4067154189984094
0.40671889122183724
0.4067223634452651
0.4067258356686929
0.40672930789212075
0.40673278011554864
0.4067362523389765
0.40673972456240437
0.4067431967858322
0.40674666900926004
0.40675014123268793
0.40675361345611577
0.40675708567954366
0.40676055790297144
0.40676403012639933
0.40676750234982717
0.40677097457325506
0.4067744467966829
0.4067779190201108
0.4067813912435386
0.40678486346696646
0.40678833569039435
0.4067918079138222
0.40679528013725
0.40679875236067786
0.4068022245841057
0.4068056968075336
0.4068091690309615
0.4068126412543893
0.40681611347781715
0.40681958570124505
0.4068230579246729
0.4068265301481008
0.4068300023715286
0.4068334745949564
0.4068369468183843
0.4068404190418122
0.40684389126524
0.40684736348866785
0.40685083571209574
0.4068543079355236
0.40685778015895147
0.4068612523823793
0.40686472460580714
0.406868196829235
0.40687166905266287
0.4068751412760907
0.40687861349951854
0.40688208572294643
0.40688555794637427
0.40688903016980216
0.40689250239323
0.4068959746166579
0.4068994468400857
0.40690291906351356
0.4069063912869414
0.40690986351036923
0.4069133357337971
0.40691680795722496
0.40692028018065285
0.4069237524040807
0.4069272246275085
0.4069306968509364
0.40693416907436425
0.4069376412977921
0.4069411135212199
0.4069445857446478
0.40694805796807565
0.40695153019150354
0.4069550024149314
0.4069584746383592
0.4069619468617871
0.406965419085215
0.40696889130864283
0.40697236353207067
0.4069758357554985
0.40697930797892634
0.40698278020235423
0.40698625242578207
0.40698972464920996
0.4069931968726378
0.4069966690960657
0.4070001413194935
0.40700361354292136
0.4070070857663492
0.40701055798977703
0.4070140302132049
0.40701750243663276
0.40702097466006065
0.4070244468834885
0.4070279191069164
0.4070313913303442
0.40703486355377205
0.40703833577719994
0.4070418080006278
0.4070452802240556
0.40704875244748345
0.4070522246709113
0.4070556968943392
0.4070591691177671
0.4070626413411949
0.40706611356462274
0.40706958578805064
0.4070730580114785
0.4070765302349063
0.40708000245833414
0.407083474681762
0.4070869469051899
0.40709041912861776
0.4070938913520456
0.40709736357547344
0.40710083579890133
0.40710430802232916
0.40710778024575706
0.4071112524691849
0.40711472469261273
0.40711819691604056
0.40712166913946846
0.4071251413628963
0.40712861358632413
0.407132085809752
0.40713555803317986
0.40713903025660775
0.4071425024800356
0.4071459747034634
0.40714944692689126
0.40715291915031915
0.407156391373747
0.4071598635971748
0.4071633358206027
0.40716680804403055
0.40717028026745844
0.4071737524908863
0.4071772247143141
0.407180696937742
0.40718416916116984
0.4071876413845977
0.4071911136080255
0.4071945858314534
0.40719805805488124
0.40720153027830913
0.40720500250173697
0.4072084747251648
0.4072119469485927
0.40721541917202053
0.40721889139544837
0.4072223636188762
0.4072258358423041
0.40722930806573193
0.4072327802891598
0.40723625251258766
0.40723972473601555
0.4072431969594434
0.4072466691828713
0.4072501414062991
0.40725361362972695
0.4072570858531548
0.4072605580765826
0.4072640303000105
0.40726750252343835
0.40727097474686624
0.4072744469702941
0.40727791919372197
0.4072813914171498
0.40728486364057764
0.4072883358640055
