0.6406252224393133
0.6406286946627412
0.6406321668861691
0.640635639109597
0.6406391113330248
0.6406425835564526
0.6406460557798804
0.6406495280033083
0.6406530002267362
0.640656472450164
0.6406599446735919
0.6406634168970197
0.6406668891204476
0.6406703613438754
0.6406738335673033
0.6406773057907312
0.640680778014159
0.6406842502375869
0.6406877224610147
0.6406911946844426
0.6406946669078704
0.6406981391312984
0.6407016113547261
0.640705083578154
0.6407085558015819
0.6407120280250097
0.6407155002484376
0.6407189724718654
0.6407224446952933
0.640725916918721
0.640729389142149
0.6407328613655768
0.6407363335890047
0.6407398058124325
0.6407432780358605
0.6407467502592883
0.6407502224827162
0.640753694706144
0.6407571669295717
0.6407606391529997
0.6407641113764275
0.6407675835998554
0.6407710558232833
0.6407745280467112
0.640778000270139
0.6407814724935669
0.6407849447169947
0.6407884169404225
0.6407918891638504
0.6407953613872782
0.6407988336107061
0.6408023058341339
0.6408057780575619
0.6408092502809897
0.6408127225044176
0.6408161947278453
0.6408196669512732
0.6408231391747011
0.6408266113981289
0.6408300836215568
0.6408335558449847
0.6408370280684126
0.6408405002918404
0.6408439725152683
0.640847444738696
0.6408509169621239
0.6408543891855518
0.6408578614089796
0.6408613336324075
0.6408648058558354
0.6408682780792633
0.6408717503026911
0.640875222526119
0.6408786947495467
0.6408821669729747
0.6408856391964025
0.6408891114198304
0.6408925836432582
0.640896055866686
0.640899528090114
0.6409030003135417
0.6409064725369696
0.6409099447603974
0.6409134169838253
0.6409168892072531
0.6409203614306811
0.6409238336541089
0.6409273058775368
0.6409307781009647
0.6409342503243924
0.6409377225478203
0.6409411947712481
0.640944666994676
0.6409481392181039
0.6409516114415318
0.6409550836649596
0.6409585558883875
0.6409620281118154
0.6409655003352431
0.640968972558671
0.6409724447820988
0.6409759170055267
0.6409793892289546
0.6409828614523825
0.6409863336758103
0.6409898058992382
0.640993278122666
0.6409967503460938
0.6410002225695217
0.6410036947929495
0.6410071670163774
0.6410106392398053
0.6410141114632332
0.641017583686661
0.641021055910089
0.6410245281335167
0.6410280003569446
0.6410314725803724
0.6410349448038003
0.6410384170272281
0.641041889250656
0.6410453614740839
0.6410488336975116
0.6410523059209395
0.6410557781443674
0.6410592503677953
0.6410627225912231
0.641066194814651
0.6410696670380788
0.6410731392615067
0.6410766114849346
0.6410800837083623
0.6410835559317903
0.6410870281552181
0.641090500378646
0.6410939726020738
0.6410974448255017
0.6411009170489295
0.6411043892723574
0.6411078614957852
0.641111333719213
0.641114805942641
0.6411182781660688
0.6411217503894967
0.6411252226129245
0.6411286948363524
0.6411321670597803
0.641135639283208
0.6411391115066359
0.6411425837300637
0.6411460559534916
0.6411495281769195
0.6411530004003474
0.6411564726237752
0.6411599448472031
0.6411634170706308
0.6411668892940587
0.6411703615174866
0.6411738337409145
0.6411773059643424
0.6411807781877702
0.6411842504111981
0.6411877226346259
0.6411911948580538
0.6411946670814815
0.6411981393049095
0.6412016115283373
0.6412050837517652
0.6412085559751931
0.6412120281986209
0.6412155004220488
0.6412189726454766
0.6412224448689045
0.6412259170923322
0.6412293893157602
0.641232861539188
0.6412363337626159
0.6412398059860437
0.6412432782094716
0.6412467504328995
0.6412502226563273
0.6412536948797551
0.6412571671031829
0.6412606393266109
0.6412641115500387
0.6412675837734666
0.6412710559968945
0.6412745282203224
0.6412780004437502
0.6412814726671779
0.6412849448906058
0.6412884171140336
0.6412918893374616
0.6412953615608894
0.6412988337843173
0.6413023060077451
0.6413057782311731
0.6413092504546009
0.6413127226780287
0.6413161949014565
