0.7850697170380961
0.785073189261524
0.7850766614849519
0.7850801337083797
0.7850836059318077
0.7850870781552355
0.7850905503786634
0.7850940226020912
0.785097494825519
0.7851009670489468
0.7851044392723747
0.7851079114958026
0.7851113837192305
0.7851148559426584
0.7851183281660862
0.7851218003895141
0.7851252726129418
0.7851287448363697
0.7851322170597975
0.7851356892832254
0.7851391615066533
0.7851426337300812
0.785146105953509
0.7851495781769369
0.7851530504003648
0.7851565226237925
0.7851599948472204
0.7851634670706482
0.7851669392940761
0.7851704115175041
0.7851738837409318
0.7851773559643598
0.7851808281877876
0.7851843004112155
0.7851877726346432
0.7851912448580711
0.7851947170814989
0.7851981893049268
0.7852016615283547
0.7852051337517826
0.7852086059752105
0.7852120781986383
0.7852155504220661
0.7852190226454939
0.7852224948689218
0.7852259670923496
0.7852294393157776
0.7852329115392054
0.7852363837626333
0.785239855986061
0.7852433282094889
0.7852468004329168
0.7852502726563446
0.7852537448797725
0.7852572171032003
0.7852606893266283
0.7852641615500562
0.785267633773484
0.7852711059969119
0.7852745782203396
0.7852780504437675
0.7852815226671953
0.7852849948906232
0.7852884671140511
0.7852919393374789
0.7852954115609068
0.7852988837843347
0.7853023560077625
0.7853058282311903
0.7853093004546182
0.785312772678046
0.7853162449014739
0.7853197171249017
0.7853231893483297
0.7853266615717575
0.7853301337951855
0.7853336060186132
0.7853370782420411
0.7853405504654689
0.7853440226888968
0.7853474949123246
0.7853509671357524
0.7853544393591804
0.7853579115826081
0.785361383806036
0.7853648560294639
0.7853683282528918
0.7853718004763196
0.7853752726997475
0.7853787449231753
0.7853822171466032
0.785385689370031
0.7853891615934588
0.7853926338168867
0.7853961060403146
0.7853995782637425
0.7854030504871703
0.7854065227105982
0.785409994934026
0.7854134671574539
0.7854169393808818
0.7854204116043095
0.7854238838277375
0.7854273560511653
0.7854308282745932
0.785434300498021
0.7854377727214489
0.7854412449448767
0.7854447171683046
0.7854481893917324
0.7854516616151602
0.7854551338385882
0.785458606062016
0.7854620782854439
0.7854655505088717
0.7854690227322996
0.7854724949557274
0.7854759671791554
0.785479439402583
0.785482911626011
0.7854863838494388
0.7854898560728667
0.7854933282962946
0.7854968005197224
0.7855002727431503
0.785503744966578
0.7855072171900059
0.7855106894134337
0.7855141616368617
0.7855176338602896
0.7855211060837174
0.7855245783071453
0.7855280505305731
0.785531522754001
0.7855349949774287
0.7855384672008566
0.7855419394242845
0.7855454116477124
0.7855488838711403
0.7855523560945681
0.785555828317996
0.7855593005414238
0.7855627727648516
0.7855662449882794
0.7855697172117073
0.7855731894351352
0.7855766616585631
0.7855801338819909
0.7855836061054189
0.7855870783288467
0.7855905505522744
0.7855940227757023
0.7855974949991301
0.785600967222558
0.7856044394459858
0.7856079116694138
0.7856113838928417
0.7856148561162696
0.7856183283396974
0.7856218005631252
0.785625272786553
0.7856287450099809
0.7856322172334087
0.7856356894568366
0.7856391616802645
0.7856426339036924
0.7856461061271202
0.785649578350548
0.7856530505739759
0.7856565227974037
0.7856599950208316
0.7856634672442594
0.7856669394676873
0.7856704116911153
0.785673883914543
0.785677356137971
0.7856808283613987
0.7856843005848266
0.7856877728082544
0.7856912450316823
0.7856947172551102
0.785698189478538
0.7857016617019659
0.7857051339253938
0.7857086061488217
0.7857120783722494
0.7857155505956773
0.7857190228191051
0.785722495042533
0.7857259672659608
0.7857294394893888
0.7857329117128166
0.7857363839362445
0.7857398561596722
0.7857433283831001
0.785746800606528
0.7857502728299558
0.7857537450533837
0.7857572172768115
0.7857606895002395
