0.2982639924527752
0.298267464676203
0.29827093689963086
0.2982744091230587
0.2982778813464866
0.2982813535699144
0.29828482579334226
0.2982882980167701
0.298291770240198
0.2982952424636259
0.2982987146870537
0.29830218691048155
0.2983056591339094
0.2983091313573372
0.2983126035807651
0.29831607580419295
0.29831954802762084
0.2983230202510487
0.29832649247447657
0.2983299646979044
0.29833343692133224
0.29833690914476013
0.29834038136818797
0.2983438535916158
0.29834732581504364
0.2983507980384715
0.2983542702618994
0.29835774248532726
0.2983612147087551
0.29836468693218293
0.2983681591556108
0.29837163137903866
0.2983751036024665
0.29837857582589433
0.29838204804932217
0.29838552027275006
0.29838899249617795
0.2983924647196058
0.2983959369430336
0.2983994091664615
0.2984028813898894
0.29840635361331724
0.2984098258367451
0.2984132980601729
0.2984167702836008
0.29842024250702864
0.2984237147304565
0.2984271869538843
0.29843065917731215
0.2984341314007401
0.29843760362416794
0.29844107584759577
0.2984445480710236
0.29844802029445144
0.29845149251787934
0.29845496474130717
0.298458436964735
0.2984619091881629
0.29846538141159074
0.2984688536350186
0.29847232585844646
0.29847579808187436
0.2984792703053022
0.29848274252873
0.29848621475215786
0.2984896869755857
0.2984931591990136
0.2984966314224415
0.2985001036458693
0.29850357586929716
0.298507048092725
0.29851052031615294
0.2985139925395808
0.29851746476300856
0.2985209369864364
0.2985244092098642
0.2985278814332922
0.29853135365672
0.29853482588014785
0.2985382981035757
0.2985417703270036
0.29854524255043147
0.2985487147738593
0.29855218699728714
0.298555659220715
0.2985591314441428
0.2985626036675707
0.29856607589099854
0.29856954811442643
0.29857302033785427
0.29857649256128216
0.29857996478471
0.29858343700813783
0.29858690923156567
0.29859038145499356
0.2985938536784214
0.29859732590184923
0.29860079812527707
0.298604270348705
0.29860774257213285
0.2986112147955607
0.2986146870189885
0.2986181592424164
0.29862163146584425
0.2986251036892721
0.2986285759126999
0.29863204813612776
0.29863552035955565
0.29863899258298354
0.2986424648064114
0.2986459370298392
0.2986494092532671
0.298652881476695
0.29865635370012283
0.2986598259235506
0.2986632981469785
0.2986667703704064
0.29867024259383423
0.29867371481726207
0.2986771870406899
0.29868065926411774
0.2986841314875457
0.2986876037109735
0.29869107593440136
0.2986945481578292
0.29869802038125703
0.2987014926046849
0.29870496482811276
0.2987084370515406
0.2987119092749685
0.2987153814983963
0.2987188537218242
0.29872232594525205
0.29872579816867995
0.2987292703921077
0.2987327426155356
0.29873621483896345
0.2987396870623913
0.2987431592858192
0.2987466315092471
0.2987501037326749
0.29875357595610275
0.2987570481795306
0.2987605204029585
0.2987639926263863
0.29876746484981415
0.298770937073242
0.2987744092966698
0.29877788152009777
0.2987813537435256
0.29878482596695344
0.2987882981903813
0.29879177041380917
0.29879524263723706
0.29879871486066484
0.2988021870840927
0.29880565930752057
0.29880913153094846
0.2988126037543763
0.29881607597780413
0.298819548201232
0.29882302042465986
0.29882649264808775
0.2988299648715156
0.2988334370949434
0.29883690931837126
0.29884038154179915
0.298843853765227
0.2988473259886548
0.29885079821208266
0.2988542704355106
0.29885774265893844
0.2988612148823663
0.2988646871057941
0.298868159329222
0.2988716315526498
0.2988751037760777
0.2988785759995055
0.29888204822293335
0.29888552044636124
0.29888899266978913
0.29889246489321697
0.2988959371166448
0.2988994093400727
0.29890288156350053
0.29890635378692837
0.2989098260103562
0.2989132982337841
0.298916770457212
0.2989202426806398
0.29892371490406766
0.2989271871274955
0.29893065935092333
0.2989341315743513
0.2989376037977791
0.2989410760212069
0.29894454824463473
0.2989480204680626
0.2989514926914905
0.29895496491491835
