0.5420140770882212
0.542017549311649
0.5420210215350769
0.5420244937585048
0.5420279659819326
0.5420314382053605
0.5420349104287883
0.5420383826522162
0.542041854875644
0.5420453270990719
0.5420487993224997
0.5420522715459276
0.5420557437693555
0.5420592159927834
0.5420626882162112
0.542066160439639
0.5420696326630668
0.5420731048864947
0.5420765771099226
0.5420800493333504
0.5420835215567783
0.5420869937802062
0.5420904660036341
0.5420939382270619
0.5420974104504898
0.5421008826739175
0.5421043548973454
0.5421078271207733
0.5421112993442011
0.542114771567629
0.5421182437910569
0.5421217160144848
0.5421251882379126
0.5421286604613405
0.5421321326847682
0.5421356049081961
0.542139077131624
0.5421425493550518
0.5421460215784797
0.5421494938019076
0.5421529660253355
0.5421564382487633
0.5421599104721911
0.5421633826956189
0.5421668549190468
0.5421703271424747
0.5421737993659025
0.5421772715893304
0.5421807438127583
0.5421842160361862
0.5421876882596139
0.5421911604830418
0.5421946327064696
0.5421981049298976
0.5422015771533254
0.5422050493767533
0.5422085216001811
0.542211993823609
0.5422154660470369
0.5422189382704646
0.5422224104938925
0.5422258827173203
0.5422293549407483
0.5422328271641761
0.542236299387604
0.5422397716110318
0.5422432438344597
0.5422467160578875
0.5422501882813153
0.5422536605047432
0.542257132728171
0.542260604951599
0.5422640771750268
0.5422675493984547
0.5422710216218825
0.5422744938453103
0.5422779660687382
0.542281438292166
0.5422849105155939
0.5422883827390217
0.5422918549624497
0.5422953271858775
0.5422987994093054
0.5423022716327331
0.542305743856161
0.5423092160795889
0.5423126883030167
0.5423161605264446
0.5423196327498724
0.5423231049733004
0.5423265771967282
0.5423300494201561
0.5423335216435838
0.5423369938670118
0.5423404660904396
0.5423439383138675
0.5423474105372953
0.5423508827607231
0.5423543549841511
0.5423578272075789
0.5423612994310067
0.5423647716544345
0.5423682438778625
0.5423717161012903
0.5423751883247182
0.542378660548146
0.5423821327715739
0.5423856049950018
0.5423890772184295
0.5423925494418574
0.5423960216652852
0.5423994938887132
0.542402966112141
0.5424064383355689
0.5424099105589967
0.5424133827824246
0.5424168550058525
0.5424203272292802
0.5424237994527081
0.5424272716761359
0.5424307438995639
0.5424342161229917
0.5424376883464196
0.5424411605698474
0.5424446327932753
0.5424481050167032
0.5424515772401309
0.5424550494635588
0.5424585216869866
0.5424619939104146
0.5424654661338424
0.5424689383572703
0.5424724105806981
0.542475882804126
0.5424793550275538
0.5424828272509817
0.5424862994744095
0.5424897716978373
0.5424932439212653
0.5424967161446931
0.542500188368121
0.5425036605915488
0.5425071328149766
0.5425106050384045
0.5425140772618324
0.5425175494852602
0.5425210217086881
0.542524493932116
0.5425279661555438
0.5425314383789717
0.5425349106023994
0.5425383828258273
0.5425418550492552
0.5425453272726831
0.5425487994961109
0.5425522717195388
0.5425557439429667
0.5425592161663945
0.5425626883898224
0.5425661606132501
0.542569632836678
0.5425731050601059
0.5425765772835338
0.5425800495069616
0.5425835217303895
0.5425869939538174
0.5425904661772452
0.542593938400673
0.5425974106241008
0.5426008828475287
0.5426043550709566
0.5426078272943845
0.5426112995178123
0.5426147717412402
0.5426182439646681
0.542621716188096
0.5426251884115237
0.5426286606349516
0.5426321328583794
0.5426356050818073
0.5426390773052352
0.542642549528663
0.5426460217520909
0.5426494939755188
0.5426529661989467
0.5426564384223744
0.5426599106458023
0.5426633828692301
0.542666855092658
0.5426703273160859
0.5426737995395137
0.5426772717629416
0.5426807439863695
0.5426842162097973
0.5426876884332251
0.542691160656653
0.5426946328800808
0.5426981051035087
0.5427015773269366
0.5427050495503644
