0.030902788507912695
0.03090626073134053
0.030909732954768367
0.0309132051781962
0.030916677401624036
0.030920149625051963
0.0309236218484798
0.03092709407190763
0.030930566295335468
0.030934038518763394
0.030937510742191136
0.030940982965619063
0.0309444551890469
0.030947927412474735
0.03095139963590266
0.030954871859330494
0.03095834408275833
0.030961816306186257
0.030965288529614
0.03096876075304193
0.03097223297646976
0.030975705199897598
0.030979177423325524
0.03098264964675336
0.030986121870181193
0.03098959409360903
0.03099306631703686
0.03099653854046479
0.031000010763892624
0.03100348298732046
0.031006955210748297
0.031010427434176223
0.031013899657603965
0.03101737188103189
0.031020844104459728
0.03102431632788756
0.03102778855131549
0.031031260774743323
0.03103473299817116
0.031038205221598992
0.031041677445026828
0.031045149668454754
0.03104862189188259
0.031052094115310427
0.031055566338738353
0.031059038562166096
0.031062510785594022
0.031065983009021858
0.03106945523244969
0.031072927455877527
0.031076399679305453
0.03107987190273329
0.031083344126161122
0.031086816349588958
0.03109028857301679
0.03109376079644472
0.031097233019872553
0.03110070524330039
0.031104177466728316
0.03110764969015606
0.031111121913583988
0.03111459413701182
0.031118066360439657
0.031121538583867583
0.03112501080729542
0.031128483030723252
0.03113195525415109
0.03113542747757892
0.03113889970100685
0.031142371924434684
0.03114584414786252
0.031149316371290356
0.03115278859471819
0.03115626081814612
0.03115973304157395
0.031163205265001787
0.03116667748842962
0.03117014971185755
0.031173621935285382
0.03117709415871322
0.03118056638214105
0.031184038605568887
0.031187510828996814
0.03119098305242465
0.031194455275852483
0.031197927499280412
0.031201399722708155
0.03120487194613608
0.031208344169563917
0.03121181639299175
0.03121528861641968
0.031218760839847513
0.03122223306327535
0.03122570528670318
0.031229177510131018
0.031232649733558944
0.03123612195698678
0.031239594180414613
0.03124306640384245
0.031246538627270375
0.03125001085069821
0.031253483074126044
0.03125695529755388
0.031260427520981716
0.03126389974440964
0.03126737196783748
0.031270844191265315
0.031274316414693144
0.03127778863812098
0.03128126086154891
0.03128473308497674
0.03128820530840458
0.031291677531832505
0.03129514975526025
0.03129862197868818
0.031302094202116014
0.03130556642554384
0.031309038648971776
0.031312510872399606
0.03131598309582744
0.03131945531925528
0.031322927542683114
0.03132639976611104
0.03132987198953888
0.031333344212966706
0.03133681643639454
0.03134028865982247
0.031343760883250305
0.03134723310667814
0.03135070533010598
0.03135417755353381
0.03135764977696174
0.031361122000389575
0.031364594223817405
0.03136806644724534
0.03137153867067308
0.031375010894101
0.03137848311752884
0.031381955340956676
0.0313854275643846
0.03138889978781244
0.03139237201124027
0.031395844234668104
0.03139931645809594
0.031402788681523866
0.0314062609049517
0.03140973312837954
0.031413205351807374
0.031416677575235204
0.03142014979866314
0.031423622022090966
0.0314270942455188
0.03143056646894664
0.031434038692374565
0.03143751091580231
0.03144098313923024
0.03144445536265807
0.0314479275860859
0.031451399809513836
0.031454872032941665
0.0314583442563695
0.03146181647979743
0.031465288703225174
0.0314687609266531
0.031472233150080936
0.031475705373508765
0.0314791775969367
0.03148264982036453
0.031486122043792364
0.0314895942672202
0.031493066490648036
0.03149653871407596
0.0315000109375038
0.031503483160931635
0.031506955384359464
0.0315104276077874
0.031513899831215136
0.03151737205464306
0.0315208442780709
0.031524316501498735
0.03152778872492666
0.0315312609483545
0.03153473317178233
0.03153820539521016
0.031541677618638
0.031545149842065925
0.03154862206549376
0.0315520942889216
0.031555566512349524
0.03155903873577726
0.031562510959205196
0.031565983182633026
0.03156945540606086
0.0315729276294887
0.031576399852916624
0.03157987207634446
0.0315833442997723
0.03158681652320013
0.03159028874662796
0.03159376097005589
