0.510764066237523
0.5107675384609508
0.5107710106843787
0.5107744829078066
0.5107779551312345
0.5107814273546623
0.5107848995780901
0.5107883718015179
0.5107918440249458
0.5107953162483737
0.5107987884718015
0.5108022606952294
0.5108057329186573
0.5108092051420852
0.510812677365513
0.5108161495889408
0.5108196218123686
0.5108230940357965
0.5108265662592244
0.5108300384826522
0.5108335107060801
0.510836982929508
0.5108404551529359
0.5108439273763636
0.5108473995997915
0.5108508718232193
0.5108543440466473
0.5108578162700751
0.5108612884935029
0.5108647607169308
0.5108682329403587
0.5108717051637865
0.5108751773872143
0.5108786496106422
0.51088212183407
0.510885594057498
0.5108890662809258
0.5108925385043537
0.5108960107277815
0.5108994829512093
0.5109029551746372
0.510906427398065
0.5109098996214929
0.5109133718449207
0.5109168440683487
0.5109203162917765
0.5109237885152044
0.5109272607386321
0.51093073296206
0.5109342051854879
0.5109376774089157
0.5109411496323436
0.5109446218557714
0.5109480940791994
0.5109515663026272
0.5109550385260551
0.5109585107494828
0.5109619829729107
0.5109654551963386
0.5109689274197664
0.5109723996431943
0.5109758718666221
0.5109793440900501
0.5109828163134779
0.5109862885369058
0.5109897607603335
0.5109932329837615
0.5109967052071893
0.5110001774306171
0.511003649654045
0.5110071218774728
0.5110105941009008
0.5110140663243286
0.5110175385477564
0.5110210107711842
0.5110244829946122
0.51102795521804
0.5110314274414679
0.5110348996648957
0.5110383718883236
0.5110418441117515
0.5110453163351792
0.5110487885586071
0.5110522607820349
0.5110557330054629
0.5110592052288907
0.5110626774523186
0.5110661496757464
0.5110696218991743
0.5110730941226022
0.5110765663460299
0.5110800385694578
0.5110835107928856
0.5110869830163136
0.5110904552397414
0.5110939274631693
0.5110973996865971
0.511100871910025
0.5111043441334528
0.5111078163568806
0.5111112885803085
0.5111147608037363
0.5111182330271643
0.5111217052505921
0.51112517747402
0.5111286496974478
0.5111321219208756
0.5111355941443035
0.5111390663677314
0.5111425385911592
0.511146010814587
0.511149483038015
0.5111529552614428
0.5111564274848707
0.5111598997082984
0.5111633719317263
0.5111668441551542
0.5111703163785821
0.5111737886020099
0.5111772608254378
0.5111807330488657
0.5111842052722935
0.5111876774957214
0.5111911497191491
0.511194621942577
0.5111980941660049
0.5112015663894328
0.5112050386128606
0.5112085108362885
0.5112119830597164
0.5112154552831442
0.511218927506572
0.5112223997299998
0.5112258719534277
0.5112293441768556
0.5112328164002835
0.5112362886237113
0.5112397608471392
0.5112432330705671
0.5112467052939949
0.5112501775174227
0.5112536497408505
0.5112571219642784
0.5112605941877063
0.5112640664111342
0.511267538634562
0.5112710108579899
0.5112744830814178
0.5112779553048457
0.5112814275282734
0.5112848997517012
0.5112883719751291
0.511291844198557
0.5112953164219849
0.5112987886454127
0.5113022608688406
0.5113057330922685
0.5113092053156963
0.5113126775391241
0.511316149762552
0.5113196219859798
0.5113230942094077
0.5113265664328356
0.5113300386562634
0.5113335108796913
0.5113369831031191
0.511340455326547
0.5113439275499748
0.5113473997734027
0.5113508719968305
0.5113543442202584
0.5113578164436863
0.5113612886671141
0.511364760890542
0.5113682331139698
0.5113717053373977
0.5113751775608255
0.5113786497842534
0.5113821220076812
0.5113855942311091
0.511389066454537
0.5113925386779647
0.5113960109013926
0.5113994831248205
0.5114029553482484
0.5114064275716762
0.5114098997951041
0.5114133720185319
0.5114168442419599
0.5114203164653877
0.5114237886888156
0.5114272609122433
0.5114307331356712
0.5114342053590991
0.5114376775825269
0.5114411498059548
0.5114446220293826
0.5114480942528106
0.5114515664762384
0.5114550386996662
