0.6225696606144654
0.6225731328378934
0.6225766050613212
0.6225800772847491
0.6225835495081768
0.6225870217316049
0.6225904939550326
0.6225939661784604
0.6225974384018883
0.6226009106253161
0.6226043828487441
0.6226078550721719
0.6226113272955998
0.6226147995190275
0.6226182717424555
0.6226217439658833
0.6226252161893112
0.622628688412739
0.6226321606361669
0.6226356328595948
0.6226391050830226
0.6226425773064505
0.6226460495298783
0.6226495217533062
0.622652993976734
0.6226564662001619
0.6226599384235897
0.6226634106470176
0.6226668828704455
0.6226703550938733
0.6226738273173011
0.622677299540729
0.6226807717641569
0.6226842439875847
0.6226877162110126
0.6226911884344404
0.6226946606578683
0.6226981328812962
0.6227016051047239
0.6227050773281518
0.6227085495515796
0.6227120217750076
0.6227154939984354
0.6227189662218633
0.6227224384452911
0.622725910668719
0.6227293828921469
0.6227328551155746
0.6227363273390025
0.6227397995624303
0.6227432717858583
0.6227467440092861
0.622750216232714
0.6227536884561418
0.6227571606795697
0.6227606329029975
0.6227641051264254
0.6227675773498532
0.6227710495732811
0.622774521796709
0.6227779940201368
0.6227814662435647
0.6227849384669925
0.6227884106904203
0.6227918829138482
0.6227953551372761
0.6227988273607039
0.6228022995841318
0.6228057718075597
0.6228092440309875
0.6228127162544154
0.6228161884778431
0.622819660701271
0.6228231329246989
0.6228266051481268
0.6228300773715546
0.6228335495949825
0.6228370218184104
0.6228404940418382
0.6228439662652661
0.6228474384886938
0.6228509107121217
0.6228543829355496
0.6228578551589775
0.6228613273824053
0.6228647996058332
0.6228682718292611
0.622871744052689
0.6228752162761167
0.6228786884995445
0.6228821607229724
0.6228856329464003
0.6228891051698282
0.622892577393256
0.622896049616684
0.6228995218401118
0.6229029940635397
0.6229064662869674
0.6229099385103953
0.6229134107338231
0.622916882957251
0.6229203551806789
0.6229238274041067
0.6229272996275347
0.6229307718509625
0.6229342440743904
0.6229377162978181
0.622941188521246
0.6229446607446738
0.6229481329681017
0.6229516051915296
0.6229550774149574
0.6229585496383853
0.6229620218618132
0.622965494085241
0.6229689663086688
0.6229724385320967
0.6229759107555245
0.6229793829789524
0.6229828552023803
0.6229863274258081
0.622989799649236
0.6229932718726638
0.6229967440960917
0.6230002163195195
0.6230036885429474
0.6230071607663752
0.6230106329898032
0.623014105213231
0.6230175774366588
0.6230210496600868
0.6230245218835145
0.6230279941069424
0.6230314663303702
0.6230349385537981
0.6230384107772259
0.6230418830006539
0.6230453552240817
0.6230488274475096
0.6230522996709374
0.6230557718943652
0.6230592441177931
0.6230627163412209
0.6230661885646488
0.6230696607880766
0.6230731330115046
0.6230766052349324
0.6230800774583602
0.623083549681788
0.6230870219052159
0.6230904941286438
0.6230939663520716
0.6230974385754995
0.6231009107989273
0.6231043830223553
0.623107855245783
0.6231113274692109
0.6231147996926387
0.6231182719160666
0.6231217441394945
0.6231252163629223
0.6231286885863502
0.623132160809778
0.623135633033206
0.6231391052566337
0.6231425774800616
0.6231460497034895
0.6231495219269174
0.6231529941503452
0.6231564663737731
0.6231599385972009
0.6231634108206286
0.6231668830440567
0.6231703552674844
0.6231738274909123
0.6231772997143402
0.6231807719377681
0.6231842441611959
0.6231877163846238
0.6231911886080516
0.6231946608314795
0.6231981330549073
0.6232016052783351
0.623205077501763
0.6232085497251908
0.6232120219486188
0.6232154941720466
0.6232189663954745
0.6232224386189023
0.6232259108423301
0.623229383065758
0.6232328552891858
0.6232363275126137
0.6232397997360415
0.6232432719594695
0.6232467441828973
0.6232502164063252
0.6232536886297529
0.6232571608531808
0.6232606330766087
