0.2593750900607952
0.259378562284223
0.25938203450765085
0.2593855067310787
0.2593889789545066
0.2593924511779344
0.25939592340136225
0.25939939562479014
0.259402867848218
0.25940634007164587
0.2594098122950737
0.25941328451850154
0.2594167567419294
0.2594202289653572
0.2594237011887851
0.25942717341221294
0.25943064563564083
0.25943411785906867
0.25943759008249656
0.2594410623059244
0.25944453452935223
0.2594480067527801
0.25945147897620796
0.2594549511996358
0.25945842342306363
0.2594618956464915
0.25946536786991936
0.25946884009334725
0.2594723123167751
0.259475784540203
0.2594792567636308
0.25948272898705865
0.2594862012104865
0.2594896734339144
0.2594931456573422
0.25949661788077005
0.25950009010419794
0.2595035623276258
0.2595070345510537
0.2595105067744815
0.2595139789979094
0.25951745122133724
0.2595209234447651
0.2595243956681929
0.25952786789162074
0.25953134011504864
0.2595348123384765
0.2595382845619043
0.2595417567853322
0.2595452290087601
0.25954870123218793
0.25955217345561576
0.2595556456790436
0.25955911790247144
0.25956259012589933
0.25956606234932716
0.25956953457275506
0.2595730067961829
0.25957647901961073
0.2595799512430386
0.2595834234664665
0.25958689568989435
0.2595903679133222
0.25959384013675
0.25959731236017786
0.25960078458360575
0.2596042568070336
0.2596077290304615
0.2596112012538893
0.25961467347731715
0.25961814570074504
0.25962161792417293
0.25962509014760077
0.25962856237102855
0.25963203459445644
0.2596355068178843
0.2596389790413121
0.25964245126474
0.2596459234881679
0.25964939571159573
0.25965286793502357
0.25965634015845146
0.2596598123818793
0.25966328460530713
0.25966675682873497
0.2596702290521628
0.2596737012755907
0.25967717349901853
0.2596806457224464
0.25968411794587426
0.25968759016930215
0.25969106239273
0.2596945346161578
0.25969800683958566
0.25970147906301355
0.2597049512864414
0.2597084235098692
0.2597118957332971
0.25971536795672495
0.25971884018015284
0.2597223124035807
0.25972578462700857
0.2597292568504364
0.25973272907386424
0.2597362012972921
0.25973967352071997
0.2597431457441478
0.25974661796757564
0.25975009019100354
0.25975356241443137
0.25975703463785926
0.2597605068612871
0.259763979084715
0.2597674513081428
0.2597709235315706
0.2597743957549985
0.25977786797842634
0.2597813402018542
0.25978481242528206
0.2597882846487099
0.2597917568721378
0.2597952290955657
0.2597987013189935
0.25980217354242136
0.2598056457658492
0.259809117989277
0.2598125902127049
0.25981606243613276
0.25981953465956065
0.2598230068829885
0.2598264791064163
0.2598299513298442
0.2598334235532721
0.25983689577669994
0.2598403680001277
0.2598438402235556
0.25984731244698345
0.25985078467041134
0.2598542568938392
0.25985772911726707
0.2598612013406949
0.25986467356412274
0.25986814578755063
0.25987161801097847
0.2598750902344063
0.25987856245783414
0.25988203468126203
0.25988550690468987
0.2598889791281177
0.2598924513515456
0.2598959235749735
0.2598993957984013
0.25990286802182916
0.25990634024525705
0.2599098124686849
0.2599132846921127
0.25991675691554056
0.2599202291389684
0.2599237013623963
0.2599271735858241
0.259930645809252
0.25993411803267985
0.25993759025610774
0.2599410624795356
0.2599445347029634
0.25994800692639125
0.25995147914981914
0.259954951373247
0.2599584235966748
0.2599618958201027
0.25996536804353054
0.25996884026695843
0.25997231249038627
0.25997578471381416
0.259979256937242
0.2599827291606698
0.25998620138409767
0.25998967360752556
0.2599931458309534
0.25999661805438123
0.2600000902778091
0.26000356250123696
0.26000703472466485
0.2600105069480927
0.2600139791715205
0.26001745139494836
0.2600209236183762
0.2600243958418041
0.2600278680652319
0.2600313402886598
0.26003481251208765
0.2600382847355155
0.2600417569589434
0.2600452291823713
0.2600487014057991
0.26005217362922695
0.2600556458526548
0.2600591180760826
0.2600625902995105
0.26006606252293835
