0.4538196020206951
0.45382307424412305
0.4538265464675509
0.45383001869097866
0.4538334909144065
0.45383696313783445
0.4538404353612623
0.4538439075846901
0.45384737980811796
0.4538508520315458
0.45385432425497374
0.4538577964784016
0.4538612687018294
0.45386474092525725
0.45386821314868514
0.453871685372113
0.4538751575955408
0.45387862981896865
0.4538821020423965
0.45388557426582443
0.45388904648925227
0.4538925187126801
0.45389599093610794
0.45389946315953583
0.45390293538296367
0.4539064076063915
0.45390987982981934
0.4539133520532472
0.4539168242766751
0.45392029650010296
0.4539237687235308
0.45392724094695863
0.4539307131703865
0.45393418539381436
0.4539376576172422
0.45394112984067003
0.45394460206409787
0.4539480742875258
0.45395154651095365
0.4539550187343815
0.4539584909578093
0.45396196318123727
0.4539654354046651
0.45396890762809294
0.4539723798515207
0.45397585207494856
0.4539793242983765
0.45398279652180434
0.4539862687452322
0.45398974096866
0.45399321319208796
0.4539966854155158
0.45400015763894364
0.45400362986237147
0.4540071020857993
0.4540105743092272
0.45401404653265504
0.45401751875608287
0.4540209909795107
0.45402446320293866
0.4540279354263665
0.4540314076497943
0.45403487987322216
0.45403835209665
0.4540418243200779
0.4540452965435057
0.45404876876693356
0.4540522409903614
0.45405571321378935
0.4540591854372172
0.454062657660645
0.45406612988407286
0.4540696021075007
0.4540730743309286
0.4540765465543564
0.45408001877778426
0.4540834910012121
0.45408696322464004
0.4540904354480679
0.4540939076714957
0.45409737989492355
0.4541008521183514
0.45410432434177933
0.45410779656520717
0.454111268788635
0.4541147410120628
0.45411821323549073
0.45412168545891857
0.4541251576823464
0.45412862990577424
0.4541321021292021
0.45413557435263
0.45413904657605786
0.4541425187994857
0.45414599102291353
0.4541494632463414
0.45415293546976926
0.4541564076931971
0.45415987991662493
0.45416335214005277
0.4541668243634807
0.45417029658690855
0.4541737688103364
0.4541772410337642
0.4541807132571921
0.45418418548061995
0.4541876577040478
0.4541911299274756
0.45419460215090346
0.4541980743743314
0.45420154659775924
0.4542050188211871
0.4542084910446149
0.4542119632680428
0.45421543549147064
0.4542189077148985
0.4542223799383263
0.45422585216175415
0.4542293243851821
0.45423279660860993
0.45423626883203777
0.4542397410554656
0.45424321327889355
0.4542466855023214
0.4542501577257492
0.45425362994917706
0.45425710217260484
0.4542605743960328
0.4542640466194606
0.45426751884288846
0.4542709910663163
0.45427446328974425
0.4542779355131721
0.4542814077365999
0.45428487996002775
0.4542883521834556
0.4542918244068835
0.4542952966303113
0.45429876885373915
0.454302241077167
0.45430571330059494
0.4543091855240228
0.4543126577474506
0.45431612997087845
0.4543196021943063
0.4543230744177342
0.454326546641162
0.45433001886458985
0.4543334910880177
0.45433696331144563
0.45434043553487347
0.4543439077583013
0.45434737998172914
0.454350852205157
0.45435432442858487
0.4543577966520127
0.45436126887544054
0.4543647410988684
0.4543682133222963
0.45437168554572416
0.454375157769152
0.45437862999257983
0.45438210221600767
0.4543855744394356
0.45438904666286345
0.4543925188862913
0.4543959911097191
0.454399463333147
0.45440293555657485
0.4544064077800027
0.4544098800034305
0.45441335222685836
0.4544168244502863
0.45442029667371414
0.454423768897142
0.4544272411205698
0.4544307133439977
0.45443418556742554
0.4544376577908534
0.4544411300142812
0.45444460223770905
0.454448074461137
0.45445154668456483
0.45445501890799267
0.4544584911314205
0.4544619633548484
0.45446543557827623
0.45446890780170407
0.4544723800251319
0.45447585224855974
0.4544793244719877
0.4544827966954155
0.45448626891884336
0.4544897411422712
0.45449321336569914
0.4544966855891269
0.45450015781255476
0.4545036300359826
0.45450710225941043
0.4545105744828384
