0.15381949785399232
0.15382297007742016
0.15382644230084802
0.15382991452427583
0.1538333867477037
0.15383685897113153
0.15384033119455942
0.15384380341798728
0.15384727564141512
0.153850747864843
0.1538542200882708
0.15385769231169868
0.15386116453512655
0.15386463675855439
0.15386810898198228
0.1538715812054101
0.153875053428838
0.15387852565226587
0.15388199787569365
0.15388547009912154
0.15388894232254938
0.15389241454597727
0.15389588676940513
0.15389935899283297
0.15390283121626086
0.15390630343968864
0.15390977566311653
0.15391324788654437
0.15391672010997223
0.15392019233340012
0.15392366455682796
0.1539271367802558
0.15393060900368363
0.1539340812271115
0.1539375534505394
0.15394102567396722
0.15394449789739512
0.15394797012082295
0.1539514423442508
0.15395491456767865
0.1539583867911065
0.15396185901453438
0.15396533123796222
0.15396880346139008
0.15397227568481797
0.15397574790824575
0.15397922013167364
0.15398269235510148
0.15398616457852934
0.15398963680195718
0.15399310902538507
0.15399658124881296
0.15400005347224074
0.1540035256956686
0.15400699791909644
0.15401047014252434
0.15401394236595223
0.15401741458938006
0.15402088681280793
0.1540243590362357
0.1540278312596636
0.1540313034830915
0.15403477570651933
0.1540382479299472
0.15404172015337503
0.15404519237680292
0.15404866460023076
0.1540521368236586
0.15405560904708646
0.1540590812705143
0.15406255349394218
0.15406602571737002
0.15406949794079786
0.15407297016422572
0.15407644238765356
0.15407991461108145
0.15408338683450928
0.15408685905793718
0.15409033128136504
0.15409380350479282
0.1540972757282207
0.15410074795164855
0.15410422017507644
0.1541076923985043
0.15411116462193214
0.15411463684536003
0.1541181090687878
0.1541215812922157
0.15412505351564354
0.1541285257390714
0.1541319979624993
0.15413547018592713
0.15413894240935502
0.1541424146327828
0.15414588685621067
0.15414935907963856
0.1541528313030664
0.1541563035264943
0.15415977574992212
0.15416324797335
0.15416672019677782
0.15417019242020566
0.15417366464363355
0.1541771368670614
0.15418060909048925
0.15418408131391714
0.15418755353734498
0.15419102576077282
0.15419449798420065
0.15419797020762852
0.15420144243105635
0.15420491465448424
0.15420838687791213
0.15421185910133992
0.15421533132476778
0.15421880354819562
0.1542222757716235
0.1542257479950514
0.15422922021847923
0.1542326924419071
0.15423616466533488
0.15423963688876277
0.15424310911219066
0.1542465813356185
0.15425005355904636
0.1542535257824742
0.1542569980059021
0.15426047022932998
0.15426394245275776
0.15426741467618563
0.15427088689961346
0.15427435912304135
0.1542778313464692
0.15428130356989708
0.15428477579332495
0.15428824801675273
0.15429172024018062
0.15429519246360845
0.15429866468703635
0.1543021369104642
0.15430560913389205
0.15430908135731988
0.15431255358074772
0.1543160258041756
0.15431949802760347
0.1543229702510313
0.1543264424744592
0.15432991469788698
0.15433338692131487
0.1543368591447427
0.15434033136817057
0.15434380359159847
0.1543472758150263
0.1543507480384542
0.15435422026188197
0.15435769248530984
0.15436116470873773
0.15436463693216557
0.15436810915559346
0.1543715813790213
0.15437505360244916
0.15437852582587705
0.15438199804930483
0.15438547027273272
0.15438894249616056
0.15439241471958842
0.15439588694301631
0.15439935916644415
0.15440283138987204
0.15440630361329982
0.1544097758367277
0.15441324806015552
0.15441672028358341
0.1544201925070113
0.15442366473043914
0.154427136953867
0.1544306091772948
0.15443408140072268
0.15443755362415057
0.1544410258475784
0.15444449807100627
0.1544479702944341
0.15445144251786194
0.15445491474128983
0.15445838696471767
0.15446185918814553
0.15446533141157337
0.15446880363500126
0.15447227585842915
0.15447574808185693
0.1544792203052848
0.15448269252871263
0.15448616475214053
0.15448963697556836
0.15449310919899625
0.15449658142242412
0.1545000536458519
0.1545035258692798
0.15450699809270763
0.15451047031613552
