0.9510419968895824
0.95104546911301
0.951048941336438
0.9510524135598659
0.9510558857832937
0.9510593580067215
0.9510628302301494
0.9510663024535772
0.951069774677005
0.951073246900433
0.9510767191238607
0.9510801913472887
0.9510836635707164
0.9510871357941444
0.9510906080175723
0.9510940802410001
0.9510975524644281
0.9511010246878557
0.9511044969112837
0.9511079691347114
0.9511114413581394
0.9511149135815673
0.9511183858049951
0.951121858028423
0.9511253302518508
0.9511288024752786
0.9511322746987064
0.9511357469221344
0.9511392191455621
0.9511426913689901
0.951146163592418
0.9511496358158458
0.9511531080392737
0.9511565802627014
0.9511600524861293
0.9511635247095571
0.9511669969329851
0.9511704691564128
0.9511739413798408
0.9511774136032685
0.9511808858266965
0.9511843580501244
0.9511878302735521
0.9511913024969801
0.9511947747204078
0.9511982469438358
0.9512017191672635
0.9512051913906915
0.9512086636141194
0.9512121358375472
0.951215608060975
0.9512190802844028
0.9512225525078307
0.9512260247312585
0.9512294969546865
0.9512329691781142
0.9512364414015422
0.9512399136249701
0.9512433858483978
0.9512468580718257
0.9512503302952535
0.9512538025186814
0.9512572747421092
0.9512607469655372
0.9512642191889649
0.9512676914123929
0.9512711636358205
0.9512746358592485
0.9512781080826764
0.9512815803061042
0.9512850525295323
0.9512885247529599
0.9512919969763879
0.9512954691998156
0.9512989414232436
0.9513024136466715
0.9513058858700992
0.9513093580935271
0.9513128303169549
0.951316302540383
0.9513197747638106
0.9513232469872387
0.9513267192106662
0.9513301914340944
0.9513336636575221
0.95133713588095
0.9513406081043778
0.9513440803278056
0.9513475525512335
0.9513510247746613
0.9513544969980894
0.9513579692215169
0.951361441444945
0.9513649136683726
0.9513683858918007
0.9513718581152285
0.9513753303386564
0.9513788025620844
0.9513822747855121
0.9513857470089401
0.9513892192323676
0.9513926914557957
0.9513961636792233
0.9513996359026514
0.9514031081260792
0.9514065803495071
0.9514100525729351
0.9514135247963628
0.9514169970197908
0.9514204692432184
0.9514239414666464
0.9514274136900742
0.9514308859135021
0.9514343581369299
0.9514378303603578
0.9514413025837856
0.9514447748072135
0.9514482470306415
0.9514517192540691
0.9514551914774971
0.9514586637009249
0.9514621359243528
0.9514656081477806
0.9514690803712085
0.9514725525946363
0.9514760248180641
0.9514794970414922
0.9514829692649198
0.9514864414883478
0.9514899137117755
0.9514933859352035
0.9514968581586313
0.9515003303820592
0.9515038026054872
0.9515072748289148
0.9515107470523428
0.9515142192757705
0.9515176914991985
0.9515211637226263
0.9515246359460542
0.951528108169482
0.9515315803929099
0.9515350526163376
0.9515385248397655
0.9515419970631935
0.9515454692866212
0.9515489415100492
0.951552413733477
0.9515558859569049
0.9515593581803327
0.9515628304037606
0.9515663026271883
0.9515697748506162
0.9515732470740442
0.9515767192974719
0.9515801915208999
0.9515836637443276
0.9515871359677556
0.9515906081911834
0.9515940804146112
0.9515975526380392
0.9516010248614669
0.9516044970848949
0.9516079693083226
0.9516114415317506
0.9516149137551785
0.9516183859786063
0.9516218582020342
0.9516253304254619
0.9516288026488897
0.9516322748723176
0.9516357470957456
0.9516392193191733
0.9516426915426013
0.9516461637660292
0.951649635989457
0.9516531082128848
0.9516565804363126
0.9516600526597405
0.9516635248831683
0.9516669971065963
0.951670469330024
0.951673941553452
0.9516774137768796
0.9516808860003076
0.9516843582237355
0.9516878304471633
0.9516913026705913
0.951694774894019
0.951698247117447
0.9517017193408747
0.9517051915643027
0.9517086637877306
0.9517121360111583
0.9517156082345862
0.951719080458014
0.9517225526814419
0.9517260249048697
0.9517294971282977
0.9517329693517254
