0.31493066490648086
0.31493413712990875
0.3149376093533366
0.3149410815767644
0.3149445538001923
0.3149480260236201
0.314951498247048
0.3149549704704758
0.31495844269390366
0.31496191491733155
0.31496538714075945
0.3149688593641873
0.3149723315876151
0.31497580381104295
0.31497927603447085
0.3149827482578987
0.3149862204813265
0.31498969270475435
0.31499316492818225
0.3149966371516101
0.315000109375038
0.3150035815984658
0.31500705382189365
0.31501052604532154
0.31501399826874943
0.31501747049217727
0.31502094271560505
0.31502441493903294
0.31502788716246083
0.31503135938588867
0.3150348316093165
0.3150383038327444
0.3150417760561723
0.3150452482796001
0.31504872050302796
0.3150521927264558
0.31505566494988363
0.3150591371733115
0.31506260939673936
0.3150660816201672
0.31506955384359503
0.3150730260670229
0.3150764982904508
0.31507997051387865
0.3150834427373065
0.3150869149607344
0.31509038718416216
0.31509385940759005
0.3150973316310179
0.3151008038544458
0.3151042760778736
0.3151077483013015
0.31511122052472934
0.3151146927481572
0.31511816497158507
0.3151216371950129
0.31512510941844074
0.3151285816418686
0.3151320538652964
0.31513552608872436
0.3151389983121522
0.31514247053558003
0.31514594275900787
0.3151494149824357
0.31515288720586365
0.3151563594292915
0.31515983165271927
0.3151633038761471
0.315166776099575
0.3151702483230029
0.3151737205464307
0.31517719276985856
0.31518066499328645
0.31518413721671434
0.3151876094401422
0.31519108166357
0.31519455388699785
0.3151980261104257
0.3152014983338536
0.3152049705572814
0.31520844278070925
0.31521191500413714
0.31521538722756504
0.31521885945099287
0.3152223316744207
0.31522580389784854
0.31522927612127644
0.31523274834470427
0.3152362205681321
0.31523969279155994
0.31524316501498784
0.3152466372384157
0.31525010946184356
0.3152535816852714
0.31525705390869924
0.31526052613212713
0.31526399835555496
0.3152674705789828
0.31527094280241064
0.31527441502583853
0.3152778872492664
0.31528135947269426
0.3152848316961221
0.31528830391955
0.3152917761429779
0.3152952483664057
0.31529872058983355
0.31530219281326133
0.31530566503668916
0.3153091372601171
0.31531260948354495
0.3153160817069728
0.3153195539304006
0.3153230261538285
0.3153264983772564
0.31532997060068424
0.3153334428241121
0.3153369150475399
0.31534038727096775
0.31534385949439564
0.3153473317178235
0.31535080394125137
0.3153542761646792
0.3153577483881071
0.31536122061153493
0.31536469283496277
0.31536816505839066
0.3153716372818185
0.31537510950524633
0.31537858172867417
0.315382053952102
0.31538552617552995
0.3153889983989578
0.3153924706223856
0.31539594284581346
0.3153994150692413
0.3154028872926692
0.315406359516097
0.31540983173952486
0.3154133039629527
0.3154167761863806
0.3154202484098085
0.3154237206332363
0.31542719285666415
0.31543066508009204
0.31543413730351993
0.31543760952694777
0.3154410817503756
0.31544455397380344
0.3154480261972313
0.31545149842065917
0.315454970644087
0.31545844286751484
0.31546191509094273
0.3154653873143706
0.31546885953779846
0.3154723317612263
0.31547580398465414
0.315479276208082
0.31548274843150986
0.3154862206549377
0.31548969287836554
0.3154931651017934
0.31549663732522126
0.31550010954864915
0.315503581772077
0.3155070539955048
0.3155105262189327
0.31551399844236055
0.3155174706657884
0.3155209428892162
0.3155244151126441
0.315527887336072
0.31553135955949985
0.3155348317829277
0.3155383040063556
0.3155417762297834
0.31554524845321125
0.3155487206766391
0.3155521929000669
0.31555566512349476
0.3155591373469227
0.31556260957035054
0.3155660817937784
0.3155695540172062
0.3155730262406341
0.315576498464062
0.31557997068748983
0.31558344291091767
0.3155869151343455
0.31559038735777334
0.31559385958120123
0.31559733180462907
0.31560080402805696
0.3156042762514848
0.3156077484749127
0.3156112206983405
0.31561469292176836
0.3156181651451962
0.3156216373686241
