0.8843753070747594
0.8843787792981872
0.8843822515216151
0.8843857237450431
0.8843891959684708
0.8843926681918988
0.8843961404153264
0.8843996126387544
0.8844030848621822
0.8844065570856101
0.8844100293090379
0.8844135015324658
0.8844169737558938
0.8844204459793216
0.8844239182027495
0.8844273904261772
0.8844308626496051
0.8844343348730329
0.8844378070964608
0.8844412793198886
0.8844447515433165
0.8844482237667443
0.8844516959901721
0.8844551682136002
0.8844586404370279
0.8844621126604558
0.8844655848838836
0.8844690571073115
0.8844725293307393
0.8844760015541672
0.8844794737775952
0.8844829460010228
0.8844864182244508
0.8844898904478786
0.8844933626713065
0.8844968348947343
0.8845003071181622
0.88450377934159
0.8845072515650179
0.8845107237884459
0.8845141960118738
0.8845176682353015
0.8845211404587293
0.8845246126821572
0.884528084905585
0.8845315571290129
0.8845350293524407
0.8845385015758686
0.8845419737992963
0.8845454460227242
0.8845489182461522
0.8845523904695801
0.8845558626930079
0.8845593349164358
0.8845628071398636
0.8845662793632914
0.8845697515867192
0.8845732238101472
0.8845766960335749
0.8845801682570029
0.8845836404804308
0.8845871127038586
0.8845905849272865
0.8845940571507143
0.8845975293741422
0.8846010015975699
0.8846044738209979
0.8846079460444256
0.8846114182678536
0.8846148904912815
0.8846183627147093
0.8846218349381372
0.884625307161565
0.8846287793849928
0.8846322516084206
0.8846357238318485
0.8846391960552763
0.8846426682787043
0.8846461405021322
0.88464961272556
0.8846530849489879
0.8846565571724156
0.8846600293958435
0.8846635016192713
0.8846669738426993
0.884670446066127
0.884673918289555
0.8846773905129829
0.8846808627364107
0.8846843349598386
0.8846878071832663
0.8846912794066942
0.884694751630122
0.88469822385355
0.8847016960769777
0.8847051683004057
0.8847086405238336
0.8847121127472614
0.8847155849706893
0.884719057194117
0.8847225294175449
0.8847260016409727
0.8847294738644007
0.8847329460878286
0.8847364183112564
0.8847398905346843
0.884743362758112
0.8847468349815399
0.8847503072049677
0.8847537794283956
0.8847572516518234
0.8847607238752513
0.8847641960986791
0.8847676683221071
0.884771140545535
0.8847746127689627
0.8847780849923906
0.8847815572158184
0.8847850294392463
0.8847885016626741
0.8847919738861022
0.8847954461095298
0.8847989183329579
0.8848023905563857
0.8848058627798134
0.8848093350032413
0.8848128072266691
0.884816279450097
0.8848197516735248
0.8848232238969529
0.8848266961203807
0.8848301683438086
0.8848336405672363
0.8848371127906642
0.884840585014092
0.8848440572375199
0.8848475294609477
0.8848510016843755
0.8848544739078034
0.8848579461312311
0.8848614183546593
0.884864890578087
0.8848683628015149
0.8848718350249427
0.8848753072483706
0.8848787794717984
0.8848822516952263
0.8848857239186543
0.884889196142082
0.88489266836551
0.8848961405889377
0.8848996128123656
0.8849030850357934
0.8849065572592213
0.8849100294826491
0.884913501706077
0.884916973929505
0.8849204461529327
0.8849239183763606
0.8849273905997884
0.8849308628232163
0.8849343350466441
0.884937807270072
0.8849412794934998
0.8849447517169277
0.8849482239403554
0.8849516961637833
0.8849551683872113
0.8849586406106391
0.884962112834067
0.8849655850574948
0.8849690572809227
0.8849725295043505
0.8849760017277783
0.8849794739512064
0.884982946174634
0.884986418398062
0.8849898906214898
0.8849933628449177
0.8849968350683455
0.8850003072917734
0.8850037795152011
0.885007251738629
0.885010723962057
0.8850141961854848
0.8850176684089127
0.8850211406323405
0.8850246128557684
0.8850280850791962
0.8850315573026241
0.8850350295260518
0.8850385017494797
0.8850419739729075
0.8850454461963354
0.8850489184197634
0.8850523906431912
0.8850558628666191
0.8850593350900469
0.8850628073134748
0.8850662795369025
