0.8864586411314727
0.8864621133549004
0.8864655855783283
0.8864690578017561
0.886472530025184
0.8864760022486118
0.8864794744720399
0.8864829466954675
0.8864864189188956
0.8864898911423233
0.8864933633657512
0.886496835589179
0.8865003078126069
0.8865037800360347
0.8865072522594625
0.8865107244828906
0.8865141967063184
0.8865176689297463
0.886521141153174
0.8865246133766019
0.8865280856000297
0.8865315578234576
0.8865350300468854
0.8865385022703133
0.8865419744937411
0.886545446717169
0.886548918940597
0.8865523911640247
0.8865558633874526
0.8865593356108804
0.8865628078343083
0.8865662800577361
0.886569752281164
0.886573224504592
0.8865766967280196
0.8865801689514476
0.8865836411748754
0.8865871133983033
0.8865905856217311
0.886594057845159
0.8865975300685868
0.8866010022920147
0.8866044745154427
0.8866079467388703
0.8866114189622983
0.8866148911857261
0.886618363409154
0.8866218356325818
0.8866253078560097
0.8866287800794375
0.8866322523028654
0.8866357245262934
0.886639196749721
0.886642668973149
0.8866461411965768
0.8866496134200047
0.8866530856434325
0.8866565578668604
0.8866600300902882
0.886663502313716
0.8866669745371438
0.8866704467605717
0.8866739189839997
0.8866773912074275
0.8866808634308554
0.8866843356542832
0.8866878078777111
0.8866912801011388
0.8866947523245667
0.8866982245479947
0.8867016967714224
0.8867051689948504
0.8867086412182782
0.8867121134417061
0.8867155856651339
0.8867190578885618
0.8867225301119895
0.8867260023354174
0.8867294745588454
0.8867329467822733
0.8867364190057011
0.886739891229129
0.8867433634525568
0.8867468356759846
0.8867503078994124
0.8867537801228402
0.8867572523462681
0.8867607245696959
0.8867641967931238
0.8867676690165518
0.8867711412399797
0.8867746134634075
0.8867780856868354
0.8867815579102631
0.886785030133691
0.8867885023571188
0.8867919745805468
0.8867954468039745
0.8867989190274025
0.8868023912508302
0.8868058634742582
0.886809335697686
0.8868128079211138
0.8868162801445417
0.8868197523679695
0.8868232245913975
0.8868266968148254
0.8868301690382532
0.8868336412616811
0.8868371134851089
0.8868405857085367
0.8868440579319645
0.8868475301553924
0.8868510023788202
0.8868544746022481
0.8868579468256759
0.8868614190491039
0.8868648912725318
0.8868683634959595
0.8868718357193874
0.8868753079428152
0.8868787801662431
0.8868822523896709
0.8868857246130989
0.8868891968365266
0.8868926690599546
0.8868961412833825
0.8868996135068102
0.8869030857302381
0.8869065579536659
0.8869100301770938
0.8869135024005216
0.8869169746239496
0.8869204468473775
0.8869239190708053
0.8869273912942331
0.8869308635176609
0.8869343357410888
0.8869378079645166
0.8869412801879445
0.8869447524113723
0.8869482246348002
0.886951696858228
0.886955169081656
0.8869586413050838
0.8869621135285116
0.8869655857519395
0.8869690579753673
0.8869725301987952
0.886976002422223
0.8869794746456511
0.8869829468690786
0.8869864190925066
0.8869898913159345
0.8869933635393623
0.8869968357627902
0.887000307986218
0.8870037802096459
0.8870072524330737
0.8870107246565018
0.8870141968799296
0.8870176691033574
0.8870211413267852
0.8870246135502131
0.8870280857736409
0.8870315579970687
0.8870350302204966
0.8870385024439243
0.8870419746673522
0.88704544689078
0.8870489191142081
0.8870523913376359
0.8870558635610638
0.8870593357844916
0.8870628080079195
0.8870662802313473
0.8870697524547752
0.8870732246782032
0.8870766969016307
0.8870801691250588
0.8870836413484866
0.8870871135719145
0.8870905857953423
0.8870940580187702
0.887097530242198
0.8871010024656258
0.8871044746890538
0.8871079469124815
0.8871114191359095
0.8871148913593373
0.8871183635827652
0.887121835806193
0.8871253080296209
0.8871287802530486
0.8871322524764765
0.8871357246999045
0.8871391969233322
0.8871426691467602
0.887146141370188
0.8871496135936159
