0.7920141638938069
0.7920176361172349
0.7920211083406626
0.7920245805640905
0.7920280527875183
0.7920315250109462
0.792034997234374
0.7920384694578019
0.7920419416812298
0.7920454139046575
0.7920488861280855
0.7920523583515132
0.7920558305749412
0.792059302798369
0.7920627750217969
0.7920662472452247
0.7920697194686526
0.7920731916920805
0.7920766639155083
0.7920801361389361
0.792083608362364
0.7920870805857919
0.7920905528092197
0.7920940250326476
0.7920974972560754
0.7921009694795034
0.792104441702931
0.792107913926359
0.7921113861497868
0.7921148583732147
0.7921183305966426
0.7921218028200704
0.7921252750434983
0.7921287472669261
0.792132219490354
0.7921356917137818
0.7921391639372097
0.7921426361606376
0.7921461083840654
0.7921495806074933
0.7921530528309211
0.792156525054349
0.7921599972777768
0.7921634695012046
0.7921669417246325
0.7921704139480605
0.7921738861714882
0.7921773583949162
0.792180830618344
0.7921843028417718
0.7921877750651997
0.7921912472886274
0.7921947195120554
0.7921981917354831
0.7922016639589111
0.7922051361823389
0.7922086084057669
0.7922120806291947
0.7922155528526226
0.7922190250760504
0.7922224972994782
0.792225969522906
0.7922294417463339
0.7922329139697618
0.7922363861931897
0.7922398584166176
0.7922433306400454
0.7922468028634733
0.792250275086901
0.7922537473103289
0.7922572195337567
0.7922606917571846
0.7922641639806125
0.7922676362040403
0.7922711084274683
0.7922745806508961
0.792278052874324
0.7922815250977517
0.7922849973211796
0.7922884695446075
0.7922919417680353
0.7922954139914632
0.792298886214891
0.792302358438319
0.7923058306617468
0.7923093028851746
0.7923127751086024
0.7923162473320303
0.7923197195554581
0.792323191778886
0.7923266640023139
0.7923301362257418
0.7923336084491697
0.7923370806725974
0.7923405528960253
0.7923440251194531
0.792347497342881
0.7923509695663088
0.7923544417897368
0.7923579140131646
0.7923613862365925
0.7923648584600204
0.7923683306834481
0.792371802906876
0.7923752751303038
0.7923787473537317
0.7923822195771596
0.7923856918005875
0.7923891640240153
0.7923926362474432
0.792396108470871
0.7923995806942988
0.7924030529177267
0.7924065251411545
0.7924099973645824
0.7924134695880102
0.7924169418114381
0.792420414034866
0.7924238862582939
0.7924273584817217
0.7924308307051495
0.7924343029285774
0.7924377751520052
0.7924412473754331
0.7924447195988609
0.7924481918222889
0.7924516640457167
0.7924551362691447
0.7924586084925723
0.7924620807160003
0.7924655529394281
0.7924690251628559
0.7924724973862838
0.7924759696097116
0.7924794418331396
0.7924829140565675
0.7924863862799952
0.7924898585034231
0.792493330726851
0.7924968029502788
0.7925002751737067
0.7925037473971345
0.7925072196205624
0.7925106918439901
0.792514164067418
0.792517636290846
0.7925211085142738
0.7925245807377017
0.7925280529611295
0.7925315251845574
0.7925349974079852
0.7925384696314131
0.792541941854841
0.7925454140782687
0.7925488863016967
0.7925523585251244
0.7925558307485524
0.7925593029719802
0.7925627751954081
0.7925662474188359
0.7925697196422637
0.7925731918656916
0.7925766640891195
0.7925801363125473
0.7925836085359752
0.7925870807594031
0.7925905529828309
0.7925940252062588
0.7925974974296865
0.7926009696531146
0.7926044418765422
0.7926079140999701
0.792611386323398
0.7926148585468259
0.7926183307702538
0.7926218029936816
0.7926252752171095
0.7926287474405372
0.7926322196639651
0.792635691887393
0.7926391641108209
0.7926426363342488
0.7926461085576766
0.7926495807811045
0.7926530530045323
0.7926565252279602
0.7926599974513879
0.7926634696748158
0.7926669418982437
0.7926704141216715
0.7926738863450994
0.7926773585685273
0.7926808307919552
0.792684303015383
0.7926877752388108
0.7926912474622386
0.7926947196856666
0.7926981919090943
0.7927016641325223
0.7927051363559501
