0.5031251746962412
0.5031286469196691
0.5031321191430969
0.5031355913665247
0.5031390635899526
0.5031425358133804
0.5031460080368083
0.5031494802602362
0.5031529524836641
0.5031564247070919
0.5031598969305198
0.5031633691539475
0.5031668413773756
0.5031703136008033
0.5031737858242312
0.503177258047659
0.5031807302710869
0.5031842024945148
0.5031876747179426
0.5031911469413705
0.5031946191647982
0.5031980913882262
0.503201563611654
0.5032050358350819
0.5032085080585097
0.5032119802819376
0.5032154525053655
0.5032189247287933
0.5032223969522212
0.5032258691756489
0.5032293413990769
0.5032328136225047
0.5032362858459326
0.5032397580693604
0.5032432302927883
0.5032467025162162
0.503250174739644
0.5032536469630718
0.5032571191864996
0.5032605914099276
0.5032640636333554
0.5032675358567833
0.5032710080802111
0.503274480303639
0.5032779525270669
0.5032814247504946
0.5032848969739225
0.5032883691973503
0.5032918414207783
0.5032953136442061
0.503298785867634
0.5033022580910618
0.5033057303144898
0.5033092025379176
0.5033126747613454
0.5033161469847732
0.503319619208201
0.503323091431629
0.5033265636550568
0.5033300358784847
0.5033335081019125
0.5033369803253405
0.5033404525487682
0.5033439247721961
0.5033473969956239
0.5033508692190518
0.5033543414424797
0.5033578136659075
0.5033612858893354
0.5033647581127632
0.5033682303361912
0.5033717025596189
0.5033751747830468
0.5033786470064746
0.5033821192299025
0.5033855914533304
0.5033890636767582
0.5033925359001861
0.5033960081236138
0.5033994803470418
0.5034029525704696
0.5034064247938975
0.5034098970173253
0.5034133692407532
0.5034168414641811
0.5034203136876089
0.5034237859110368
0.5034272581344645
0.5034307303578925
0.5034342025813203
0.5034376748047482
0.503441147028176
0.5034446192516039
0.5034480914750318
0.5034515636984597
0.5034550359218875
0.5034585081453153
0.5034619803687432
0.503465452592171
0.5034689248155989
0.5034723970390267
0.5034758692624546
0.5034793414858825
0.5034828137093104
0.5034862859327381
0.503489758156166
0.5034932303795939
0.5034967026030217
0.5035001748264496
0.5035036470498774
0.5035071192733053
0.5035105914967332
0.503514063720161
0.5035175359435888
0.5035210081670167
0.5035244803904446
0.5035279526138724
0.5035314248373003
0.5035348970607281
0.503538369284156
0.5035418415075839
0.5035453137310117
0.5035487859544395
0.5035522581778674
0.5035557304012953
0.5035592026247231
0.503562674848151
0.5035661470715788
0.5035696192950067
0.5035730915184345
0.5035765637418624
0.5035800359652902
0.5035835081887181
0.503586980412146
0.5035904526355739
0.5035939248590017
0.5035973970824296
0.5036008693058573
0.5036043415292852
0.5036078137527131
0.5036112859761409
0.5036147581995688
0.5036182304229967
0.5036217026464246
0.5036251748698524
0.5036286470932803
0.503632119316708
0.5036355915401359
0.5036390637635638
0.5036425359869916
0.5036460082104195
0.5036494804338474
0.5036529526572753
0.5036564248807031
0.503659897104131
0.5036633693275587
0.5036668415509866
0.5036703137744145
0.5036737859978423
0.5036772582212702
0.5036807304446981
0.503684202668126
0.5036876748915537
0.5036911471149816
0.5036946193384094
0.5036980915618373
0.5037015637852652
0.503705036008693
0.5037085082321209
0.5037119804555488
0.5037154526789767
0.5037189249024044
0.5037223971258323
0.5037258693492601
0.5037293415726881
0.5037328137961159
0.5037362860195438
0.5037397582429716
0.5037432304663995
0.5037467026898274
0.5037501749132551
0.503753647136683
0.5037571193601108
0.5037605915835388
0.5037640638069666
0.5037675360303945
0.5037710082538223
0.5037744804772502
0.503777952700678
0.5037814249241058
0.5037848971475337
0.5037883693709615
0.5037918415943895
0.5037953138178173
0.5037987860412452
0.503802258264673
0.5038057304881008
0.5038092027115287
0.5038126749349565
0.5038161471583844
