0.48993072567039087
0.4899341978938187
0.48993767011724654
0.4899411423406744
0.4899446145641022
0.48994808678753016
0.489951559010958
0.48995503123438583
0.48995850345781367
0.4899619756812416
0.48996544790466945
0.48996892012809723
0.48997239235152507
0.4899758645749529
0.48997933679838085
0.4899828090218087
0.4899862812452365
0.48998975346866436
0.4899932256920923
0.48999669791552014
0.490000170138948
0.4900036423623758
0.49000711458580365
0.49001058680923154
0.4900140590326594
0.4900175312560872
0.49002100347951505
0.490024475702943
0.49002794792637083
0.49003142014979867
0.4900348923732265
0.49003836459665434
0.49004183682008223
0.49004530904351007
0.4900487812669379
0.49005225349036574
0.4900557257137937
0.4900591979372215
0.49006267016064936
0.4900661423840772
0.49006961460750503
0.4900730868309329
0.49007655905436076
0.4900800312777886
0.49008350350121643
0.4900869757246444
0.4900904479480722
0.49009392017150005
0.4900973923949279
0.4901008646183557
0.49010433684178367
0.4901078090652115
0.4901112812886393
0.4901147535120671
0.49011822573549507
0.4901216979589229
0.49012517018235074
0.4901286424057786
0.4901321146292064
0.49013558685263436
0.4901390590760622
0.49014253129949004
0.4901460035229179
0.49014947574634576
0.4901529479697736
0.49015642019320144
0.4901598924166293
0.4901633646400571
0.49016683686348506
0.4901703090869129
0.49017378131034073
0.49017725353376856
0.49018072575719646
0.4901841979806243
0.49018767020405213
0.49019114242747996
0.4901946146509078
0.49019808687433575
0.4902015590977636
0.4902050313211914
0.49020850354461926
0.49021197576804715
0.490215447991475
0.4902189202149028
0.49022239243833066
0.4902258646617585
0.49022933688518644
0.4902328091086143
0.4902362813320421
0.49023975355546995
0.4902432257788979
0.49024669800232573
0.49025017022575357
0.49025364244918135
0.4902571146726092
0.49026058689603713
0.49026405911946497
0.4902675313428928
0.49027100356632064
0.4902744757897486
0.4902779480131764
0.49028142023660426
0.4902848924600321
0.49028836468345993
0.4902918369068878
0.49029530913031566
0.4902987813537435
0.49030225357717133
0.4903057258005993
0.4903091980240271
0.49031267024745495
0.4903161424708828
0.4903196146943106
0.4903230869177385
0.49032655914116635
0.4903300313645942
0.490333503588022
0.49033697581144997
0.4903404480348778
0.49034392025830564
0.4903473924817335
0.4903508647051613
0.4903543369285892
0.49035780915201704
0.4903612813754449
0.4903647535988727
0.49036822582230066
0.4903716980457285
0.49037517026915634
0.49037864249258417
0.490382114716012
0.49038558693943995
0.4903890591628678
0.4903925313862956
0.4903960036097234
0.49039947583315135
0.4904029480565792
0.490406420280007
0.49040989250343486
0.4904133647268627
0.49041683695029065
0.4904203091737185
0.4904237813971463
0.49042725362057416
0.49043072584400205
0.4904341980674299
0.4904376702908577
0.49044114251428556
0.4904446147377134
0.49044808696114134
0.4904515591845692
0.490455031407997
0.49045850363142485
0.49046197585485274
0.4904654480782806
0.4904689203017084
0.49047239252513625
0.4904758647485641
0.49047933697199203
0.49048280919541987
0.4904862814188477
0.49048975364227554
0.49049322586570343
0.49049669808913127
0.4905001703125591
0.49050364253598694
0.4905071147594148
0.4905105869828427
0.49051405920627056
0.4905175314296984
0.49052100365312623
0.4905244758765542
0.490527948099982
0.49053142032340985
0.4905348925468377
0.49053836477026547
0.4905418369936934
0.49054530921712125
0.4905487814405491
0.4905522536639769
0.49055572588740487
0.4905591981108327
0.49056267033426054
0.4905661425576884
0.4905696147811162
0.4905730870045441
0.49057655922797194
0.4905800314513998
0.4905835036748276
0.49058697589825556
0.4905904481216834
0.49059392034511123
0.49059739256853907
0.4906008647919669
0.4906043370153948
0.49060780923882263
0.49061128146225047
0.4906147536856783
0.49061822590910625
0.4906216981325341
