0.5322918514902263
0.5322953237136541
0.5322987959370818
0.5323022681605097
0.5323057403839376
0.5323092126073655
0.5323126848307933
0.5323161570542212
0.532319629277649
0.532323101501077
0.5323265737245048
0.5323300459479327
0.5323335181713604
0.5323369903947883
0.5323404626182162
0.532343934841644
0.5323474070650719
0.5323508792884997
0.5323543515119277
0.5323578237353555
0.5323612959587833
0.5323647681822111
0.532368240405639
0.5323717126290669
0.5323751848524947
0.5323786570759226
0.5323821292993504
0.5323856015227784
0.5323890737462061
0.532392545969634
0.5323960181930618
0.5323994904164897
0.5324029626399176
0.5324064348633454
0.5324099070867733
0.532413379310201
0.532416851533629
0.5324203237570568
0.5324237959804847
0.5324272682039125
0.5324307404273405
0.5324342126507683
0.5324376848741961
0.532441157097624
0.5324446293210517
0.5324481015444797
0.5324515737679075
0.5324550459913354
0.5324585182147632
0.5324619904381912
0.532465462661619
0.5324689348850469
0.5324724071084747
0.5324758793319025
0.5324793515553304
0.5324828237787582
0.5324862960021861
0.5324897682256139
0.5324932404490419
0.5324967126724697
0.5325001848958976
0.5325036571193253
0.5325071293427532
0.5325106015661811
0.5325140737896089
0.5325175460130368
0.5325210182364646
0.5325244904598926
0.5325279626833204
0.5325314349067483
0.532534907130176
0.5325383793536039
0.5325418515770318
0.5325453238004596
0.5325487960238875
0.5325522682473153
0.5325557404707433
0.5325592126941711
0.532562684917599
0.5325661571410267
0.5325696293644546
0.5325731015878825
0.5325765738113104
0.5325800460347382
0.532583518258166
0.532586990481594
0.5325904627050217
0.5325939349284496
0.5325974071518774
0.5326008793753053
0.5326043515987332
0.5326078238221611
0.5326112960455889
0.5326147682690168
0.5326182404924447
0.5326217127158724
0.5326251849393003
0.5326286571627281
0.532632129386156
0.5326356016095839
0.5326390738330118
0.5326425460564396
0.5326460182798675
0.5326494905032954
0.5326529627267231
0.532656434950151
0.5326599071735788
0.5326633793970067
0.5326668516204346
0.5326703238438625
0.5326737960672903
0.5326772682907182
0.532680740514146
0.5326842127375738
0.5326876849610017
0.5326911571844295
0.5326946294078574
0.5326981016312853
0.5327015738547132
0.532705046078141
0.5327085183015688
0.5327119905249967
0.5327154627484246
0.5327189349718524
0.5327224071952802
0.5327258794187081
0.532729351642136
0.5327328238655639
0.5327362960889916
0.5327397683124195
0.5327432405358474
0.5327467127592753
0.5327501849827031
0.532753657206131
0.5327571294295588
0.5327606016529867
0.5327640738764146
0.5327675460998423
0.5327710183232702
0.5327744905466981
0.532777962770126
0.5327814349935538
0.5327849072169817
0.5327883794404095
0.5327918516638374
0.5327953238872652
0.532798796110693
0.5328022683341209
0.5328057405575488
0.5328092127809767
0.5328126850044045
0.5328161572278324
0.5328196294512602
0.532823101674688
0.5328265738981159
0.5328300461215437
0.5328335183449716
0.5328369905683995
0.5328404627918274
0.5328439350152552
0.5328474072386831
0.5328508794621108
0.5328543516855389
0.5328578239089666
0.5328612961323945
0.5328647683558223
0.5328682405792502
0.5328717128026781
0.5328751850261059
0.5328786572495338
0.5328821294729615
0.5328856016963895
0.5328890739198173
0.5328925461432452
0.532896018366673
0.5328994905901009
0.5329029628135288
0.5329064350369566
0.5329099072603845
0.5329133794838122
0.5329168517072402
0.532920323930668
0.5329237961540959
0.5329272683775237
0.5329307406009516
0.5329342128243795
0.5329376850478073
0.5329411572712351
0.5329446294946629
0.5329481017180909
0.5329515739415187
0.5329550461649466
0.5329585183883744
0.5329619906118023
0.5329654628352302
0.5329689350586579
0.5329724072820858
0.5329758795055136
0.5329793517289416
0.5329828239523694
