0.8295141769146448
0.8295176491380727
0.8295211213615005
0.8295245935849284
0.8295280658083561
0.829531538031784
0.8295350102552118
0.8295384824786398
0.8295419547020676
0.8295454269254955
0.8295488991489233
0.8295523713723512
0.829555843595779
0.8295593158192068
0.8295627880426347
0.8295662602660625
0.8295697324894904
0.8295732047129182
0.8295766769363462
0.8295801491597741
0.829583621383202
0.8295870936066297
0.8295905658300576
0.8295940380534854
0.8295975102769133
0.8296009825003411
0.829604454723769
0.8296079269471969
0.8296113991706248
0.8296148713940525
0.8296183436174804
0.8296218158409083
0.8296252880643361
0.829628760287764
0.8296322325111918
0.8296357047346197
0.8296391769580477
0.8296426491814753
0.8296461214049033
0.8296495936283311
0.829653065851759
0.8296565380751868
0.8296600102986147
0.8296634825220426
0.8296669547454704
0.8296704269688983
0.8296738991923261
0.829677371415754
0.8296808436391818
0.8296843158626097
0.8296877880860375
0.8296912603094654
0.8296947325328932
0.8296982047563211
0.829701676979749
0.8297051492031768
0.8297086214266046
0.8297120936500325
0.8297155658734604
0.8297190380968882
0.8297225103203161
0.8297259825437439
0.8297294547671719
0.8297329269905998
0.8297363992140275
0.8297398714374554
0.8297433436608832
0.8297468158843111
0.8297502881077389
0.8297537603311668
0.8297572325545947
0.8297607047780224
0.8297641770014503
0.8297676492248782
0.8297711214483061
0.8297745936717339
0.8297780658951618
0.8297815381185896
0.8297850103420175
0.8297884825654452
0.8297919547888732
0.829795427012301
0.8297988992357289
0.8298023714591568
0.8298058436825846
0.8298093159060125
0.8298127881294403
0.8298162603528682
0.8298197325762959
0.8298232047997239
0.8298266770231517
0.8298301492465796
0.8298336214700075
0.8298370936934353
0.8298405659168632
0.829844038140291
0.8298475103637188
0.8298509825871467
0.8298544548105745
0.8298579270340024
0.8298613992574303
0.8298648714808582
0.8298683437042861
0.8298718159277139
0.8298752881511418
0.8298787603745695
0.8298822325979973
0.8298857048214253
0.8298891770448531
0.8298926492682811
0.8298961214917089
0.8298995937151368
0.8299030659385646
0.8299065381619924
0.8299100103854202
0.8299134826088481
0.829916954832276
0.8299204270557038
0.8299238992791318
0.8299273715025596
0.8299308437259875
0.8299343159494152
0.8299377881728431
0.8299412603962709
0.8299447326196988
0.8299482048431266
0.8299516770665545
0.8299551492899824
0.8299586215134103
0.8299620937368382
0.8299655659602659
0.8299690381836938
0.8299725104071216
0.8299759826305495
0.8299794548539773
0.8299829270774052
0.8299863993008332
0.829989871524261
0.8299933437476888
0.8299968159711166
0.8300002881945445
0.8300037604179723
0.8300072326414002
0.8300107048648281
0.830014177088256
0.8300176493116839
0.8300211215351117
0.8300245937585395
0.8300280659819673
0.8300315382053952
0.830035010428823
0.8300384826522509
0.8300419548756788
0.8300454270991067
0.8300488993225345
0.8300523715459623
0.8300558437693902
0.830059315992818
0.8300627882162459
0.8300662604396737
0.8300697326631016
0.8300732048865294
0.8300766771099574
0.8300801493333853
0.830083621556813
0.8300870937802409
0.8300905660036687
0.8300940382270966
0.8300975104505244
0.8301009826739523
0.8301044548973802
0.830107927120808
0.830111399344236
0.8301148715676637
0.8301183437910916
0.8301218160145194
0.8301252882379473
0.8301287604613751
0.830132232684803
0.8301357049082309
0.8301391771316589
0.8301426493550865
0.8301461215785145
0.8301495938019423
0.8301530660253702
0.830156538248798
0.8301600104722259
0.8301634826956538
0.8301669549190814
0.8301704271425094
0.8301738993659373
0.8301773715893652
0.830180843812793
0.8301843160362209
0.8301877882596487
0.8301912604830766
0.8301947327065043
0.8301982049299322
0.8302016771533601
0.830205149376788
