0.4947918384693884
0.49479531069281624
0.4947987829162441
0.4948022551396719
0.4948057273630998
0.49480919958652764
0.4948126718099555
0.4948161440333833
0.49481961625681115
0.4948230884802391
0.49482656070366693
0.49483003292709477
0.4948335051505226
0.4948369773739505
0.49484044959737833
0.49484392182080617
0.494847394044234
0.49485086626766184
0.4948543384910898
0.4948578107145176
0.49486128293794546
0.4948647551613733
0.4948682273848012
0.494871699608229
0.49487517183165686
0.4948786440550847
0.49488211627851253
0.4948855885019405
0.4948890607253683
0.49489253294879615
0.494896005172224
0.49489947739565193
0.4949029496190797
0.49490642184250755
0.4949098940659354
0.4949133662893632
0.49491683851279117
0.494920310736219
0.49492378295964684
0.4949272551830747
0.4949307274065026
0.49493419962993046
0.4949376718533583
0.49494114407678613
0.49494461630021397
0.49494808852364186
0.4949515607470697
0.49495503297049753
0.49495850519392537
0.4949619774173533
0.49496544964078115
0.494968921864209
0.4949723940876368
0.49497586631106466
0.49497933853449255
0.4949828107579204
0.4949862829813482
0.49498975520477606
0.494993227428204
0.49499669965163184
0.4950001718750597
0.4950036440984875
0.49500711632191535
0.49501058854534324
0.4950140607687711
0.4950175329921989
0.49502100521562675
0.4950244774390547
0.49502794966248254
0.49503142188591037
0.4950348941093382
0.49503836633276604
0.495041838556194
0.49504531077962177
0.4950487830030496
0.49505225522647744
0.4950557274499054
0.49505919967333323
0.49506267189676106
0.4950661441201889
0.49506961634361674
0.4950730885670447
0.4950765607904725
0.49508003301390036
0.4950835052373282
0.4950869774607561
0.4950904496841839
0.49509392190761176
0.4950973941310396
0.49510086635446743
0.4951043385778954
0.4951078108013232
0.49511128302475105
0.4951147552481789
0.4951182274716068
0.4951216996950346
0.49512517191846245
0.4951286441418903
0.4951321163653181
0.49513558858874607
0.4951390608121739
0.49514253303560174
0.4951460052590296
0.49514947748245747
0.4951529497058853
0.49515642192931314
0.495159894152741
0.4951633663761688
0.49516683859959676
0.4951703108230246
0.49517378304645243
0.49517725526988027
0.4951807274933082
0.49518419971673605
0.49518767194016383
0.49519114416359167
0.4951946163870195
0.49519808861044745
0.4952015608338753
0.4952050330573031
0.49520850528073096
0.4952119775041589
0.49521544972758674
0.4952189219510146
0.4952223941744424
0.49522586639787025
0.49522933862129814
0.495232810844726
0.4952362830681538
0.49523975529158165
0.4952432275150096
0.49524669973843743
0.49525017196186527
0.4952536441852931
0.49525711640872094
0.49526058863214883
0.49526406085557667
0.4952675330790045
0.49527100530243234
0.4952744775258603
0.4952779497492881
0.49528142197271596
0.4952848941961438
0.49528836641957164
0.4952918386429995
0.49529531086642736
0.4952987830898552
0.49530225531328304
0.495305727536711
0.4953091997601388
0.49531267198356665
0.4953161442069945
0.4953196164304223
0.4953230886538503
0.49532656087727805
0.4953300331007059
0.4953335053241337
0.4953369775475617
0.4953404497709895
0.49534392199441735
0.4953473942178452
0.495350866441273
0.49535433866470097
0.4953578108881288
0.49536128311155664
0.4953647553349845
0.49536822755841237
0.4953716997818402
0.49537517200526804
0.4953786442286959
0.4953821164521237
0.49538558867555166
0.4953890608989795
0.49539253312240733
0.49539600534583517
0.49539947756926306
0.4954029497926909
0.49540642201611873
0.49540989423954657
0.4954133664629744
0.49541683868640235
0.4954203109098302
0.495423783133258
0.49542725535668586
0.49543072758011375
0.4954341998035416
0.4954376720269694
0.49544114425039726
0.4954446164738251
0.49544808869725304
0.4954515609206809
0.4954550331441087
0.49545850536753655
0.4954619775909645
0.49546544981439233
0.4954689220378201
0.49547239426124795
0.4954758664846758
0.49547933870810373
0.49548281093153157
