0.8739586367911933
0.8739621090146212
0.873965581238049
0.8739690534614769
0.8739725256849047
0.8739759979083326
0.8739794701317606
0.8739829423551883
0.8739864145786163
0.873989886802044
0.8739933590254719
0.8739968312488997
0.8740003034723276
0.8740037756957554
0.8740072479191833
0.8740107201426113
0.874014192366039
0.874017664589467
0.8740211368128947
0.8740246090363226
0.8740280812597504
0.8740315534831783
0.8740350257066061
0.874038497930034
0.8740419701534617
0.8740454423768896
0.8740489146003176
0.8740523868237454
0.8740558590471733
0.8740593312706011
0.874062803494029
0.8740662757174568
0.8740697479408847
0.8740732201643127
0.8740766923877403
0.8740801646111683
0.8740836368345962
0.874087109058024
0.8740905812814518
0.8740940535048797
0.8740975257283075
0.8741009979517353
0.8741044701751634
0.8741079423985912
0.874111414622019
0.8741148868454469
0.8741183590688747
0.8741218312923026
0.8741253035157304
0.8741287757391583
0.874132247962586
0.8741357201860138
0.8741391924094417
0.8741426646328697
0.8741461368562976
0.8741496090797254
0.8741530813031533
0.8741565535265811
0.874160025750009
0.8741634979734367
0.8741669701968647
0.8741704424202924
0.8741739146437204
0.8741773868671483
0.8741808590905761
0.874184331314004
0.8741878035374318
0.8741912757608596
0.8741947479842874
0.8741982202077154
0.8742016924311433
0.8742051646545711
0.874208636877999
0.8742121091014268
0.8742155813248547
0.8742190535482824
0.8742225257717103
0.8742259979951381
0.874229470218566
0.8742329424419938
0.8742364146654218
0.8742398868888497
0.8742433591122775
0.8742468313357054
0.8742503035591331
0.874253775782561
0.8742572480059888
0.8742607202294168
0.8742641924528445
0.8742676646762725
0.8742711368997004
0.8742746091231282
0.874278081346556
0.8742815535699838
0.8742850257934117
0.8742884980168395
0.8742919702402675
0.8742954424636954
0.8742989146871232
0.8743023869105511
0.8743058591339788
0.8743093313574067
0.8743128035808345
0.8743162758042624
0.8743197480276902
0.8743232202511181
0.8743266924745459
0.8743301646979739
0.8743336369214018
0.8743371091448295
0.8743405813682574
0.8743440535916852
0.8743475258151131
0.8743509980385409
0.874354470261969
0.8743579424853966
0.8743614147088247
0.8743648869322524
0.8743683591556802
0.8743718313791081
0.8743753036025359
0.8743787758259638
0.8743822480493916
0.8743857202728197
0.8743891924962472
0.8743926647196754
0.8743961369431031
0.874399609166531
0.8744030813899588
0.8744065536133867
0.8744100258368145
0.8744134980602424
0.8744169702836704
0.8744204425070979
0.874423914730526
0.8744273869539538
0.8744308591773817
0.8744343314008095
0.8744378036242374
0.8744412758476652
0.8744447480710931
0.8744482202945209
0.8744516925179487
0.8744551647413767
0.8744586369648045
0.8744621091882324
0.8744655814116602
0.8744690536350881
0.8744725258585159
0.8744759980819438
0.8744794703053718
0.8744829425287994
0.8744864147522274
0.8744898869756552
0.8744933591990831
0.8744968314225109
0.8745003036459388
0.8745037758693666
0.8745072480927945
0.8745107203162225
0.8745141925396502
0.8745176647630781
0.8745211369865059
0.8745246092099338
0.8745280814333616
0.8745315536567895
0.8745350258802173
0.8745384981036451
0.8745419703270729
0.8745454425505008
0.8745489147739288
0.8745523869973566
0.8745558592207845
0.8745593314442123
0.8745628036676402
0.874566275891068
0.8745697481144958
0.8745732203379238
0.8745766925613515
0.8745801647847795
0.8745836370082072
0.8745871092316352
0.874590581455063
0.8745940536784909
0.8745975259019186
0.8746009981253465
0.8746044703487745
0.8746079425722023
0.8746114147956302
0.874614887019058
0.8746183592424859
0.8746218314659137
0.8746253036893415
0.8746287759127693
0.8746322481361972
0.874635720359625
0.8746391925830529
0.8746426648064809
0.8746461370299088
0.8746496092533366
