0.7184030272232733
0.7184064994467012
0.718409971670129
0.7184134438935569
0.7184169161169848
0.7184203883404127
0.7184238605638404
0.7184273327872683
0.7184308050106962
0.718434277234124
0.7184377494575519
0.7184412216809797
0.7184446939044076
0.7184481661278355
0.7184516383512634
0.7184551105746911
0.718458582798119
0.7184620550215469
0.7184655272449747
0.7184689994684026
0.7184724716918304
0.7184759439152583
0.718479416138686
0.718482888362114
0.7184863605855419
0.7184898328089697
0.7184933050323976
0.7184967772558254
0.7185002494792533
0.7185037217026811
0.718507193926109
0.7185106661495368
0.7185141383729647
0.7185176105963925
0.7185210828198205
0.7185245550432483
0.7185280272666762
0.718531499490104
0.7185349717135318
0.7185384439369596
0.7185419161603875
0.7185453883838154
0.7185488606072432
0.7185523328306712
0.718555805054099
0.7185592772775269
0.7185627495009547
0.7185662217243826
0.7185696939478103
0.7185731661712382
0.7185766383946661
0.718580110618094
0.7185835828415219
0.7185870550649497
0.7185905272883776
0.7185939995118054
0.7185974717352333
0.718600943958661
0.7186044161820889
0.7186078884055168
0.7186113606289446
0.7186148328523726
0.7186183050758004
0.7186217772992283
0.718625249522656
0.7186287217460839
0.7186321939695117
0.7186356661929396
0.7186391384163675
0.7186426106397954
0.7186460828632233
0.7186495550866511
0.718653027310079
0.7186564995335067
0.7186599717569346
0.7186634439803624
0.7186669162037904
0.7186703884272182
0.718673860650646
0.718677332874074
0.7186808050975018
0.7186842773209297
0.7186877495443574
0.7186912217677853
0.7186946939912131
0.7186981662146411
0.7187016384380689
0.7187051106614968
0.7187085828849247
0.7187120551083525
0.7187155273317803
0.7187189995552081
0.718722471778636
0.7187259440020638
0.7187294162254917
0.7187328884489196
0.7187363606723475
0.7187398328957754
0.7187433051192031
0.718746777342631
0.7187502495660588
0.7187537217894867
0.7187571940129145
0.7187606662363425
0.7187641384597703
0.7187676106831982
0.7187710829066261
0.7187745551300538
0.7187780273534817
0.7187814995769095
0.7187849718003374
0.7187884440237652
0.7187919162471932
0.718795388470621
0.718798860694049
0.7188023329174767
0.7188058051409046
0.7188092773643324
0.7188127495877603
0.7188162218111881
0.7188196940346159
0.7188231662580438
0.7188266384814717
0.7188301107048997
0.7188335829283274
0.7188370551517553
0.7188405273751831
0.718843999598611
0.7188474718220388
0.7188509440454667
0.7188544162688946
0.7188578884923223
0.7188613607157502
0.7188648329391781
0.718868305162606
0.7188717773860338
0.7188752496094617
0.7188787218328895
0.7188821940563174
0.7188856662797452
0.718889138503173
0.718892610726601
0.7188960829500288
0.7188995551734567
0.7189030273968845
0.7189064996203124
0.7189099718437402
0.7189134440671681
0.718916916290596
0.7189203885140237
0.7189238607374516
0.7189273329608795
0.7189308051843074
0.7189342774077352
0.7189377496311631
0.7189412218545909
0.7189446940780188
0.7189481663014466
0.7189516385248745
0.7189551107483023
0.7189585829717302
0.7189620551951581
0.7189655274185859
0.7189689996420138
0.7189724718654416
0.7189759440888694
0.7189794163122972
0.7189828885357252
0.7189863607591531
0.7189898329825809
0.7189933052060088
0.7189967774294366
0.7190002496528645
0.7190037218762922
0.7190071940997201
0.719010666323148
0.7190141385465759
0.7190176107700037
0.7190210829934316
0.7190245552168595
0.7190280274402873
0.7190314996637152
0.7190349718871429
0.7190384441105708
0.7190419163339987
0.7190453885574266
0.7190488607808545
0.7190523330042824
0.7190558052277102
0.719059277451138
0.7190627496745658
0.7190662218979936
0.7190696941214215
0.7190731663448493
0.7190766385682773
0.7190801107917052
0.7190835830151331
0.7190870552385609
0.7190905274619888
0.7190939996854165
