0.9718753374567144
0.9718788096801422
0.9718822819035701
0.9718857541269981
0.9718892263504257
0.9718926985738537
0.9718961707972814
0.9718996430207094
0.9719031152441372
0.9719065874675651
0.9719100596909931
0.9719135319144208
0.9719170041378488
0.9719204763612764
0.9719239485847044
0.9719274208081321
0.9719308930315601
0.9719343652549879
0.9719378374784158
0.9719413097018438
0.9719447819252715
0.9719482541486995
0.9719517263721271
0.9719551985955551
0.971958670818983
0.9719621430424108
0.9719656152658387
0.9719690874892665
0.9719725597126943
0.9719760319361221
0.9719795041595501
0.9719829763829778
0.9719864486064058
0.9719899208298337
0.9719933930532615
0.9719968652766894
0.9720003375001172
0.972003809723545
0.9720072819469728
0.9720107541704008
0.9720142263938285
0.9720176986172565
0.9720211708406842
0.9720246430641122
0.9720281152875401
0.9720315875109679
0.9720350597343959
0.9720385319578235
0.9720420041812515
0.9720454764046792
0.9720489486281072
0.9720524208515351
0.9720558930749629
0.9720593652983908
0.9720628375218185
0.9720663097452464
0.9720697819686742
0.9720732541921022
0.9720767264155299
0.9720801986389579
0.9720836708623858
0.9720871430858136
0.9720906153092415
0.9720940875326692
0.9720975597560971
0.9721010319795249
0.9721045042029529
0.9721079764263806
0.9721114486498086
0.9721149208732363
0.9721183930966643
0.9721218653200921
0.9721253375435199
0.9721288097669479
0.9721322819903756
0.9721357542138036
0.9721392264372313
0.9721426986606593
0.9721461708840872
0.972149643107515
0.9721531153309428
0.9721565875543706
0.9721600597777985
0.9721635320012263
0.9721670042246543
0.972170476448082
0.97217394867151
0.9721774208949379
0.9721808931183656
0.9721843653417935
0.9721878375652213
0.9721913097886492
0.972194782012077
0.9721982542355051
0.9722017264589327
0.9722051986823608
0.9722086709057883
0.9722121431292163
0.9722156153526442
0.972219087576072
0.9722225597995001
0.9722260320229277
0.9722295042463558
0.9722329764697833
0.9722364486932115
0.9722399209166392
0.9722433931400671
0.9722468653634949
0.9722503375869228
0.9722538098103506
0.9722572820337784
0.9722607542572065
0.972264226480634
0.9722676987040622
0.9722711709274899
0.9722746431509178
0.9722781153743456
0.9722815875977735
0.9722850598212013
0.9722885320446292
0.9722920042680572
0.9722954764914848
0.9722989487149128
0.9723024209383404
0.9723058931617685
0.9723093653851963
0.9723128376086242
0.9723163098320522
0.9723197820554799
0.9723232542789079
0.9723267265023355
0.9723301987257635
0.9723336709491913
0.9723371431726192
0.972340615396047
0.9723440876194749
0.9723475598429029
0.9723510320663306
0.9723545042897586
0.9723579765131862
0.9723614487366142
0.972364920960042
0.9723683931834699
0.9723718654068977
0.9723753376303256
0.9723788098537534
0.9723822820771812
0.9723857543006093
0.9723892265240369
0.9723926987474649
0.9723961709708926
0.9723996431943206
0.9724031154177484
0.9724065876411763
0.9724100598646043
0.9724135320880319
0.9724170043114599
0.9724204765348876
0.9724239487583156
0.9724274209817433
0.9724308932051713
0.9724343654285991
0.972437837652027
0.972441309875455
0.9724447820988826
0.9724482543223106
0.9724517265457383
0.9724551987691663
0.9724586709925941
0.972462143216022
0.9724656154394498
0.9724690876628777
0.9724725598863054
0.9724760321097333
0.9724795043331613
0.972482976556589
0.972486448780017
0.9724899210034448
0.9724933932268727
0.9724968654503005
0.9725003376737283
0.9725038098971561
0.972507282120584
0.972510754344012
0.9725142265674397
0.9725176987908677
0.9725211710142954
0.9725246432377234
0.9725281154611513
0.972531587684579
0.972535059908007
0.9725385321314347
0.9725420043548627
0.9725454765782904
0.9725489488017184
0.9725524210251463
0.972555893248574
0.972559365472002
0.9725628376954297
0.9725663099188576
