0.11701392951872548
0.11701740174215337
0.11702087396558121
0.11702434618900909
0.11702781841243697
0.11703129063586476
0.11703476285929264
0.11703823508272047
0.11704170730614835
0.11704517952957619
0.11704865175300407
0.11705212397643194
0.11705559619985974
0.11705906842328762
0.11706254064671545
0.11706601287014333
0.11706948509357122
0.11707295731699906
0.11707642954042694
0.11707990176385472
0.11708337398728261
0.11708684621071049
0.11709031843413832
0.1170937906575662
0.11709726288099404
0.11710073510442191
0.11710420732784979
0.11710767955127759
0.11711115177470546
0.1171146239981333
0.11711809622156118
0.11712156844498901
0.11712504066841689
0.11712851289184473
0.11713198511527256
0.11713545733870044
0.11713892956212828
0.11714240178555617
0.11714587400898405
0.11714934623241188
0.11715281845583972
0.11715629067926754
0.11715976290269543
0.11716323512612331
0.11716670734955115
0.11717017957297902
0.11717365179640682
0.1171771240198347
0.11718059624326253
0.11718406846669041
0.11718754069011829
0.11719101291354612
0.117194485136974
0.1171979573604018
0.11720142958382967
0.11720490180725755
0.11720837403068539
0.11721184625411328
0.11721531847754112
0.117218790700969
0.11722226292439687
0.11722573514782467
0.11722920737125254
0.11723267959468038
0.11723615181810826
0.11723962404153614
0.11724309626496397
0.11724656848839185
0.11725004071181964
0.11725351293524752
0.11725698515867536
0.11726045738210324
0.11726392960553111
0.11726740182895895
0.11727087405238679
0.11727434627581462
0.1172778184992425
0.11728129072267039
0.11728476294609823
0.1172882351695261
0.11729170739295389
0.11729517961638178
0.11729865183980966
0.11730212406323749
0.11730559628666537
0.1173090685100932
0.11731254073352108
0.11731601295694896
0.11731948518037676
0.11732295740380463
0.11732642962723247
0.11732990185066035
0.11733337407408818
0.11733684629751606
0.11734031852094395
0.11734379074437173
0.11734726296779961
0.11735073519122745
0.11735420741465534
0.11735767963808322
0.11736115186151105
0.11736462408493893
0.11736809630836673
0.1173715685317946
0.11737504075522248
0.11737851297865032
0.1173819852020782
0.11738545742550603
0.11738892964893391
0.1173924018723617
0.11739587409578958
0.11739934631921746
0.1174028185426453
0.11740629076607317
0.11740976298950101
0.11741323521292885
0.11741670743635674
0.11742017965978456
0.11742365188321245
0.11742712410664029
0.11743059633006817
0.11743406855349604
0.11743754077692384
0.11744101300035172
0.11744448522377955
0.11744795744720743
0.11745142967063531
0.11745490189406314
0.11745837411749102
0.11746184634091882
0.1174653185643467
0.11746879078777453
0.11747226301120241
0.1174757352346303
0.11747920745805812
0.11748267968148601
0.1174861519049138
0.11748962412834167
0.11749309635176956
0.1174965685751974
0.11750004079862528
0.11750351302205311
0.11750698524548099
0.11751045746890883
0.11751392969233666
0.11751740191576454
0.11752087413919238
0.11752434636262026
0.11752781858604813
0.11753129080947593
0.1175347630329038
0.11753823525633164
0.11754170747975952
0.11754517970318736
0.11754865192661523
0.11755212415004312
0.1175555963734709
0.1175590685968988
0.11756254082032662
0.11756601304375451
0.11756948526718239
0.11757295749061022
0.1175764297140381
0.1175799019374659
0.11758337416089377
0.11758684638432165
0.11759031860774949
0.11759379083117737
0.1175972630546052
0.11760073527803308
0.11760420750146088
0.11760767972488875
0.11761115194831663
0.11761462417174447
0.11761809639517236
0.11762156861860018
0.11762504084202807
0.11762851306545591
0.11763198528888373
0.11763545751231162
0.11763892973573946
0.11764240195916734
0.11764587418259521
0.11764934640602305
0.11765281862945089
0.11765629085287872
0.1176597630763066
0.11766323529973448
0.11766670752316231
0.11767017974659019
0.11767365197001799
0.11767712419344586
0.1176805964168737
0.11768406864030158
0.11768754086372947
0.11769101308715729
0.11769448531058518
0.11769795753401296
0.11770142975744084
0.11770490198086873
