0.36215290352531376
0.3621563757487416
0.3621598479721694
0.36216332019559727
0.36216679241902516
0.362170264642453
0.36217373686588084
0.36217720908930867
0.36218068131273656
0.36218415353616445
0.3621876257595923
0.3621910979830201
0.36219457020644796
0.3621980424298758
0.3622015146533037
0.3622049868767315
0.36220845910015936
0.36221193132358726
0.3622154035470151
0.362218875770443
0.3622223479938708
0.3622258202172987
0.3622292924407265
0.3622327646641544
0.3622362368875822
0.36223970911101006
0.36224318133443795
0.36224665355786584
0.3622501257812937
0.3622535980047215
0.3622570702281494
0.36226054245157724
0.3622640146750051
0.3622674868984329
0.36227095912186075
0.3622744313452886
0.36227790356871653
0.36228137579214437
0.3622848480155722
0.36228832023900004
0.36229179246242793
0.3622952646858558
0.36229873690928366
0.36230220913271144
0.36230568135613933
0.3623091535795672
0.36231262580299506
0.3623160980264229
0.3623195702498508
0.3623230424732786
0.3623265146967065
0.36232998692013435
0.3623334591435622
0.36233693136699
0.3623404035904179
0.36234387581384575
0.3623473480372736
0.3623508202607014
0.36235429248412937
0.3623577647075572
0.36236123693098504
0.3623647091544129
0.36236818137784077
0.36237165360126855
0.36237512582469644
0.3623785980481243
0.3623820702715521
0.36238554249498
0.3623890147184079
0.36239248694183573
0.36239595916526357
0.36239943138869146
0.3624029036121193
0.36240637583554713
0.36240984805897497
0.36241332028240286
0.36241679250583075
0.3624202647292586
0.3624237369526864
0.36242720917611426
0.36243068139954215
0.36243415362297005
0.3624376258463979
0.3624410980698257
0.3624445702932535
0.3624480425166814
0.3624515147401093
0.3624549869635371
0.36245845918696495
0.36246193141039285
0.3624654036338207
0.3624688758572486
0.3624723480806764
0.36247582030410425
0.3624792925275321
0.36248276475096
0.3624862369743878
0.3624897091978157
0.36249318142124354
0.36249665364467143
0.36250012586809927
0.3625035980915271
0.362507070314955
0.36251054253838283
0.36251401476181067
0.3625174869852385
0.36252095920866634
0.3625244314320942
0.3625279036555221
0.36253137587894996
0.3625348481023778
0.36253832032580563
0.3625417925492335
0.36254526477266136
0.3625487369960892
0.36255220921951703
0.3625556814429449
0.3625591536663728
0.36256262588980065
0.3625660981132285
0.3625695703366564
0.3625730425600842
0.3625765147835121
0.36257998700693994
0.3625834592303678
0.3625869314537956
0.3625904036772235
0.36259387590065134
0.3625973481240792
0.362600820347507
0.36260429257093496
0.3626077647943628
0.36261123701779063
0.36261470924121847
0.3626181814646463
0.36262165368807414
0.36262512591150203
0.36262859813492987
0.3626320703583577
0.3626355425817856
0.3626390148052135
0.3626424870286413
0.36264595925206916
0.36264943147549705
0.3626529036989249
0.3626563759223527
0.36265984814578056
0.36266332036920845
0.36266679259263634
0.3626702648160642
0.362673737039492
0.36267720926291985
0.36268068148634774
0.3626841537097756
0.3626876259332034
0.36269109815663125
0.3626945703800591
0.362698042603487
0.3627015148269149
0.3627049870503427
0.36270845927377054
0.36271193149719844
0.3627154037206263
0.36271887594405416
0.362722348167482
0.36272582039090984
0.3627292926143377
0.36273276483776556
0.3627362370611934
0.3627397092846213
0.36274318150804913
0.362746653731477
0.36275012595490486
0.3627535981783327
0.36275707040176053
0.3627605426251884
0.36276401484861626
0.3627674870720441
0.36277095929547193
0.36277443151889976
0.3627779037423277
0.36278137596575555
0.3627848481891834
0.3627883204126112
0.3627917926360391
0.36279526485946695
0.3627987370828948
0.3628022093063226
0.3628056815297505
0.3628091537531784
0.36281262597660624
0.3628160982000341
0.36281957042346197
0.3628230426468898
0.36282651487031764
0.3628299870937455
0.3628334593171733
0.3628369315406012
0.3628404037640291
0.36284387598745693
