0.2725695390866455
0.27257301131007333
0.2725764835335012
0.27257995575692906
0.2725834279803569
0.2725869002037848
0.2725903724272127
0.2725938446506405
0.27259731687406835
0.2726007890974962
0.272604261320924
0.27260773354435186
0.27261120576777975
0.27261467799120764
0.2726181502146355
0.2726216224380633
0.2726250946614912
0.27262856688491904
0.27263203910834694
0.27263551133177477
0.2726389835552026
0.27264245577863044
0.2726459280020583
0.27264940022548617
0.272652872448914
0.2726563446723419
0.27265981689576974
0.27266328911919757
0.27266676134262546
0.2726702335660533
0.27267370578948114
0.27267717801290897
0.27268065023633686
0.2726841224597647
0.2726875946831926
0.2726910669066204
0.2726945391300483
0.27269801135347616
0.272701483576904
0.2727049558003319
0.2727084280237597
0.27271190024718756
0.2727153724706154
0.2727188446940433
0.2727223169174711
0.272725789140899
0.27272926136432685
0.27273273358775474
0.2727362058111826
0.2727396780346104
0.27274315025803825
0.27274662248146614
0.272750094704894
0.2727535669283218
0.2727570391517497
0.27276051137517754
0.27276398359860543
0.27276745582203327
0.2727709280454611
0.272774400268889
0.27277787249231683
0.27278134471574467
0.2727848169391725
0.2727882891626004
0.27279176138602823
0.27279523360945607
0.27279870583288396
0.27280217805631185
0.2728056502797397
0.2728091225031675
0.27281259472659536
0.2728160669500232
0.27281953917345103
0.2728230113968789
0.2728264836203068
0.27282995584373465
0.2728334280671625
0.2728369002905904
0.27284037251401827
0.2728438447374461
0.27284731696087394
0.2728507891843018
0.2728542614077296
0.27285773363115745
0.27286120585458534
0.27286467807801323
0.27286815030144107
0.2728716225248689
0.2728750947482968
0.27287856697172463
0.27288203919515247
0.2728855114185803
0.27288898364200814
0.27289245586543603
0.27289592808886387
0.27289940031229176
0.2729028725357196
0.2729063447591475
0.2729098169825753
0.27291328920600316
0.27291676142943105
0.2729202336528589
0.2729237058762867
0.27292717809971456
0.27293065032314245
0.2729341225465703
0.2729375947699982
0.272941066993426
0.2729445392168539
0.27294801144028175
0.2729514836637096
0.2729549558871374
0.2729584281105653
0.27296190033399315
0.272965372557421
0.2729688447808489
0.2729723170042767
0.2729757892277046
0.27297926145113244
0.27298273367456033
0.27298620589798817
0.272989678121416
0.27299315034484384
0.27299662256827173
0.27300009479169957
0.2730035670151274
0.2730070392385553
0.27301051146198313
0.273013983685411
0.27301745590883886
0.2730209281322667
0.27302440035569453
0.27302787257912237
0.2730313448025502
0.2730348170259781
0.273038289249406
0.2730417614728338
0.27304523369626166
0.27304870591968955
0.27305217814311744
0.2730556503665453
0.2730591225899731
0.27306259481340095
0.2730660670368288
0.2730695392602566
0.2730730114836845
0.2730764837071124
0.27307995593054024
0.2730834281539681
0.27308690037739597
0.27309037260082386
0.2730938448242517
0.2730973170476795
0.27310078927110737
0.2731042614945352
0.27310773371796304
0.27311120594139093
0.2731146781648188
0.27311815038824666
0.2731216226116745
0.2731250948351024
0.2731285670585302
0.27313203928195806
0.2731355115053859
0.27313898372881373
0.2731424559522416
0.27314592817566946
0.27314940039909735
0.2731528726225252
0.2731563448459531
0.2731598170693809
0.27316328929280875
0.2731667615162366
0.2731702337396645
0.2731737059630923
0.27317717818652015
0.27318065040994804
0.2731841226333759
0.2731875948568038
0.2731910670802316
0.2731945393036595
0.27319801152708734
0.2732014837505152
0.273204955973943
0.2732084281973709
0.27321190042079874
0.2732153726442266
0.27321884486765446
0.2732223170910823
0.2732257893145102
0.27322926153793803
0.2732327337613659
0.27323620598479376
0.27323967820822154
0.27324315043164943
0.2732466226550773
0.27325009487850516
0.273253567101933
0.2732570393253609
0.2732605115487887
