0.7003474653984254
0.7003509376218533
0.7003544098452812
0.7003578820687091
0.7003613542921369
0.7003648265155649
0.7003682987389926
0.7003717709624204
0.7003752431858483
0.7003787154092761
0.700382187632704
0.7003856598561319
0.7003891320795598
0.7003926043029876
0.7003960765264156
0.7003995487498433
0.7004030209732712
0.700406493196699
0.7004099654201269
0.7004134376435547
0.7004169098669826
0.7004203820904105
0.7004238543138382
0.7004273265372662
0.700430798760694
0.7004342709841219
0.7004377432075497
0.7004412154309776
0.7004446876544054
0.7004481598778333
0.7004516321012612
0.7004551043246889
0.7004585765481169
0.7004620487715447
0.7004655209949726
0.7004689932184004
0.7004724654418283
0.7004759376652562
0.700479409888684
0.7004828821121118
0.7004863543355396
0.7004898265589675
0.7004932987823954
0.7004967710058233
0.7005002432292511
0.700503715452679
0.7005071876761068
0.7005106598995346
0.7005141321229625
0.7005176043463903
0.7005210765698183
0.7005245487932461
0.700528021016674
0.7005314932401018
0.7005349654635297
0.7005384376869574
0.7005419099103855
0.7005453821338132
0.7005488543572411
0.700552326580669
0.7005557988040968
0.7005592710275247
0.7005627432509525
0.7005662154743804
0.7005696876978083
0.7005731599212361
0.7005766321446639
0.7005801043680918
0.7005835765915196
0.7005870488149475
0.7005905210383754
0.7005939932618032
0.700597465485231
0.7006009377086588
0.7006044099320868
0.7006078821555146
0.7006113543789425
0.7006148266023704
0.7006182988257982
0.7006217710492261
0.7006252432726539
0.7006287154960817
0.7006321877195095
0.7006356599429375
0.7006391321663653
0.7006426043897932
0.7006460766132211
0.700649548836649
0.7006530210600768
0.7006564932835045
0.7006599655069324
0.7006634377303602
0.7006669099537882
0.700670382177216
0.7006738544006439
0.7006773266240718
0.7006807988474997
0.7006842710709275
0.7006877432943553
0.7006912155177831
0.700694687741211
0.7006981599646389
0.7007016321880667
0.7007051044114946
0.7007085766349225
0.7007120488583504
0.7007155210817781
0.700718993305206
0.7007224655286338
0.7007259377520617
0.7007294099754896
0.7007328821989174
0.7007363544223453
0.7007398266457731
0.7007432988692011
0.7007467710926288
0.7007502433160567
0.7007537155394845
0.7007571877629124
0.7007606599863403
0.7007641322097681
0.700767604433196
0.7007710766566239
0.7007745488800518
0.7007780211034795
0.7007814933269074
0.7007849655503352
0.7007884377737631
0.700791909997191
0.7007953822206188
0.7007988544440467
0.7008023266674746
0.7008057988909024
0.7008092711143302
0.7008127433377581
0.7008162155611859
0.7008196877846139
0.7008231600080417
0.7008266322314696
0.7008301044548974
0.7008335766783252
0.7008370489017531
0.7008405211251809
0.7008439933486088
0.7008474655720366
0.7008509377954645
0.7008544100188924
0.7008578822423203
0.700861354465748
0.7008648266891759
0.7008682989126038
0.7008717711360316
0.7008752433594595
0.7008787155828873
0.7008821878063152
0.7008856600297431
0.700889132253171
0.7008926044765987
0.7008960767000266
0.7008995489234545
0.7009030211468823
0.7009064933703102
0.700909965593738
0.7009134378171659
0.7009169100405938
0.7009203822640216
0.7009238544874494
0.7009273267108774
0.7009307989343052
0.7009342711577331
0.7009377433811609
0.7009412156045887
0.7009446878280166
0.7009481600514444
0.7009516322748723
0.7009551044983001
0.7009585767217281
0.7009620489451559
0.7009655211685838
0.7009689933920116
0.7009724656154395
0.7009759378388674
0.7009794100622951
0.700982882285723
0.7009863545091508
0.7009898267325787
0.7009932989560066
0.7009967711794345
0.7010002434028623
0.7010037156262902
0.7010071878497179
0.7010106600731458
0.7010141322965737
0.7010176045200015
0.7010210767434295
0.7010245489668573
0.7010280211902852
0.701031493413713
0.7010349656371408
0.7010384378605686
