0.28645843279806693
0.28646190502149477
0.28646537724492266
0.2864688494683505
0.28647232169177833
0.2864757939152062
0.28647926613863406
0.28648273836206195
0.2864862105854898
0.2864896828089176
0.28649315503234546
0.2864966272557733
0.2865000994792012
0.286503571702629
0.2865070439260569
0.28651051614948475
0.2865139883729126
0.2865174605963405
0.28652093281976837
0.2865244050431962
0.28652787726662404
0.2865313494900519
0.2865348217134797
0.28653829393690755
0.28654176616033544
0.28654523838376333
0.28654871060719117
0.286552182830619
0.2865556550540469
0.2865591272774748
0.2865625995009026
0.2865660717243304
0.2865695439477583
0.28657301617118613
0.28657648839461397
0.28657996061804186
0.28658343284146975
0.2865869050648976
0.2865903772883254
0.2865938495117533
0.28659732173518115
0.286600793958609
0.2866042661820368
0.2866077384054647
0.28661121062889255
0.2866146828523204
0.2866181550757483
0.2866216272991761
0.286625099522604
0.28662857174603185
0.2866320439694597
0.2866355161928875
0.2866389884163154
0.28664246063974325
0.2866459328631711
0.286649405086599
0.2866528773100268
0.2866563495334547
0.28665982175688254
0.28666329398031043
0.28666676620373827
0.2866702384271661
0.28667371065059394
0.28667718287402183
0.28668065509744967
0.2866841273208775
0.2866875995443054
0.28669107176773323
0.2866945439911611
0.28669801621458896
0.28670148843801685
0.2867049606614447
0.28670843288487247
0.28671190510830036
0.28671537733172825
0.2867188495551561
0.2867223217785839
0.2867257940020118
0.28672926622543965
0.28673273844886754
0.2867362106722954
0.2867396828957232
0.28674315511915105
0.2867466273425789
0.2867500995660068
0.2867535717894346
0.2867570440128625
0.28676051623629034
0.2867639884597182
0.28676746068314607
0.28677093290657396
0.2867744051300018
0.2867778773534296
0.28678134957685747
0.2867848218002853
0.28678829402371314
0.28679176624714103
0.2867952384705689
0.28679871069399676
0.2868021829174246
0.2868056551408525
0.2868091273642803
0.28681259958770816
0.286816071811136
0.2868195440345639
0.2868230162579917
0.28682648848141956
0.28682996070484745
0.28683343292827534
0.2868369051517032
0.286840377375131
0.2868438495985589
0.28684732182198674
0.2868507940454146
0.2868542662688424
0.2868577384922703
0.28686121071569815
0.286864682939126
0.2868681551625539
0.2868716273859817
0.2868750996094096
0.28687857183283744
0.2868820440562653
0.2868855162796931
0.286888988503121
0.28689246072654884
0.2868959329499767
0.28689940517340456
0.2869028773968324
0.2869063496202603
0.28690982184368813
0.286913294067116
0.28691676629054386
0.28692023851397164
0.28692371073739953
0.2869271829608274
0.28693065518425526
0.2869341274076831
0.286937599631111
0.2869410718545388
0.2869445440779667
0.28694801630139455
0.2869514885248224
0.2869549607482502
0.28695843297167806
0.28696190519510595
0.28696537741853384
0.2869688496419617
0.2869723218653895
0.2869757940888174
0.28697926631224524
0.28698273853567313
0.28698621075910097
0.2869896829825288
0.28699315520595664
0.2869966274293845
0.28700009965281237
0.2870035718762402
0.2870070440996681
0.28701051632309593
0.28701398854652377
0.28701746076995166
0.2870209329933795
0.28702440521680733
0.28702787744023517
0.28703134966366306
0.2870348218870909
0.28703829411051873
0.2870417663339466
0.2870452385573745
0.28704871078080235
0.2870521830042302
0.2870556552276581
0.2870591274510859
0.28706259967451375
0.2870660718979416
0.2870695441213695
0.2870730163447973
0.28707648856822515
0.28707996079165304
0.28708343301508094
0.28708690523850877
0.2870903774619366
0.28709384968536444
0.28709732190879234
0.28710079413222017
0.287104266355648
0.2871077385790759
0.28711121080250374
0.28711468302593157
0.28711815524935946
0.2871216274727873
0.2871250996962152
0.287128571919643
0.2871320441430708
0.2871355163664987
0.2871389885899266
0.2871424608133544
0.28714593303678226
0.28714940526021016
