0.578819645423488
0.5788231176469159
0.5788265898703437
0.5788300620937715
0.5788335343171994
0.5788370065406273
0.5788404787640551
0.578843950987483
0.5788474232109108
0.5788508954343387
0.5788543676577665
0.5788578398811944
0.5788613121046222
0.5788647843280501
0.578868256551478
0.5788717287749058
0.5788752009983337
0.5788786732217615
0.5788821454451893
0.5788856176686172
0.5788890898920451
0.5788925621154729
0.5788960343389008
0.5788995065623287
0.5789029787857566
0.5789064510091844
0.5789099232326123
0.57891339545604
0.5789168676794679
0.5789203399028958
0.5789238121263236
0.5789272843497515
0.5789307565731794
0.5789342287966073
0.5789377010200351
0.578941173243463
0.5789446454668907
0.5789481176903186
0.5789515899137465
0.5789550621371743
0.5789585343606022
0.5789620065840301
0.578965478807458
0.5789689510308857
0.5789724232543136
0.5789758954777414
0.5789793677011693
0.5789828399245972
0.578986312148025
0.5789897843714529
0.5789932565948808
0.5789967288183087
0.5790002010417364
0.5790036732651643
0.5790071454885921
0.57901061771202
0.5790140899354479
0.5790175621588757
0.5790210343823036
0.5790245066057315
0.5790279788291594
0.5790314510525871
0.579034923276015
0.5790383954994428
0.5790418677228708
0.5790453399462986
0.5790488121697265
0.5790522843931543
0.5790557566165822
0.57905922884001
0.5790627010634378
0.5790661732868657
0.5790696455102935
0.5790731177337215
0.5790765899571493
0.5790800621805772
0.579083534404005
0.5790870066274328
0.5790904788508607
0.5790939510742885
0.5790974232977164
0.5791008955211442
0.5791043677445722
0.579107839968
0.5791113121914279
0.5791147844148556
0.5791182566382835
0.5791217288617114
0.5791252010851392
0.5791286733085671
0.5791321455319949
0.5791356177554229
0.5791390899788507
0.5791425622022786
0.5791460344257063
0.5791495066491343
0.5791529788725621
0.5791564510959899
0.5791599233194178
0.5791633955428456
0.5791668677662736
0.5791703399897014
0.5791738122131292
0.579177284436557
0.579180756659985
0.5791842288834128
0.5791877011068407
0.5791911733302685
0.5791946455536964
0.5791981177771243
0.579201590000552
0.5792050622239799
0.5792085344474077
0.5792120066708357
0.5792154788942635
0.5792189511176914
0.5792224233411192
0.5792258955645471
0.579229367787975
0.5792328400114027
0.5792363122348306
0.5792397844582584
0.5792432566816864
0.5792467289051142
0.5792502011285421
0.5792536733519699
0.5792571455753978
0.5792606177988256
0.5792640900222534
0.5792675622456813
0.5792710344691091
0.5792745066925371
0.5792779789159649
0.5792814511393928
0.5792849233628206
0.5792883955862485
0.5792918678096763
0.5792953400331041
0.579298812256532
0.5793022844799598
0.5793057567033878
0.5793092289268156
0.5793127011502435
0.5793161733736713
0.5793196455970991
0.579323117820527
0.5793265900439549
0.5793300622673827
0.5793335344908106
0.5793370067142385
0.5793404789376663
0.5793439511610942
0.5793474233845219
0.5793508956079498
0.5793543678313777
0.5793578400548056
0.5793613122782334
0.5793647845016613
0.5793682567250892
0.579371728948517
0.5793752011719449
0.5793786733953726
0.5793821456188005
0.5793856178422284
0.5793890900656563
0.5793925622890841
0.579396034512512
0.5793995067359399
0.5794029789593677
0.5794064511827955
0.5794099234062233
0.5794133956296512
0.5794168678530791
0.579420340076507
0.5794238122999348
0.5794272845233627
0.5794307567467906
0.5794342289702183
0.5794377011936462
0.579441173417074
0.5794446456405019
0.5794481178639298
0.5794515900873577
0.5794550623107855
0.5794585345342134
0.5794620067576413
0.5794654789810691
0.5794689512044969
0.5794724234279248
0.5794758956513526
0.5794793678747805
0.5794828400982084
0.5794863123216362
0.5794897845450641
0.579493256768492
0.5794967289919198
0.5795002012153476
0.5795036734387755
0.5795071456622033
0.5795106178856312
