0.1989584024161119
0.1989618746395398
0.19896534686296768
0.19896881908639547
0.19897229130982336
0.1989757635332512
0.19897923575667906
0.19898270798010695
0.19898618020353478
0.19898965242696265
0.19899312465039046
0.19899659687381832
0.1990000690972462
0.19900354132067405
0.1990070135441019
0.19901048576752975
0.19901395799095764
0.19901743021438548
0.1990209024378133
0.1990243746612412
0.19902784688466904
0.1990313191080969
0.19903479133152474
0.19903826355495263
0.19904173577838047
0.1990452080018083
0.19904868022523617
0.199052152448664
0.1990556246720919
0.19905909689551976
0.19906256911894757
0.19906604134237543
0.19906951356580327
0.19907298578923116
0.19907645801265905
0.19907993023608686
0.19908340245951475
0.19908687468294253
0.19909034690637042
0.19909381912979826
0.19909729135322615
0.19910076357665402
0.19910423580008185
0.19910770802350974
0.19911118024693752
0.19911465247036542
0.19911812469379328
0.19912159691722112
0.199125069140649
0.19912854136407684
0.1991320135875047
0.1991354858109326
0.19913895803436038
0.19914243025778827
0.1991459024812161
0.19914937470464397
0.19915284692807186
0.1991563191514997
0.19915979137492754
0.19916326359835537
0.19916673582178326
0.1991702080452111
0.19917368026863896
0.19917715249206686
0.1991806247154947
0.19918409693892253
0.19918756916235036
0.19919104138577823
0.19919451360920612
0.19919798583263396
0.19920145805606182
0.19920493027948963
0.1992084025029175
0.19921187472634538
0.19921534694977322
0.1992188191732011
0.19922229139662892
0.1992257636200568
0.1992292358434847
0.19923270806691248
0.19923618029034038
0.1992396525137682
0.19924312473719608
0.1992465969606239
0.1992500691840518
0.19925354140747967
0.19925701363090748
0.19926048585433534
0.19926395807776318
0.19926743030119107
0.19927090252461893
0.19927437474804677
0.19927784697147466
0.19928131919490244
0.19928479141833033
0.19928826364175822
0.19929173586518603
0.19929520808861392
0.19929868031204176
0.1993021525354696
0.19930562475889743
0.19930909698232532
0.1993125692057532
0.19931604142918102
0.19931951365260892
0.1993229858760367
0.1993264580994646
0.19932993032289245
0.1993334025463203
0.19933687476974818
0.19934034699317602
0.19934381921660388
0.19934729144003177
0.19935076366345955
0.19935423588688744
0.19935770811031528
0.19936118033374314
0.19936465255717103
0.19936812478059887
0.19937159700402676
0.19937506922745454
0.19937854145088243
0.19938201367431027
0.19938548589773814
0.19938895812116603
0.19939243034459386
0.19939590256802173
0.19939937479144954
0.1994028470148774
0.1994063192383053
0.19940979146173313
0.199413263685161
0.19941673590858883
0.19942020813201672
0.19942368035544455
0.1994271525788724
0.19943062480230028
0.1994340970257281
0.19943756924915598
0.19944104147258387
0.19944451369601165
0.19944798591943955
0.19945145814286738
0.19945493036629525
0.19945840258972308
0.19946187481315097
0.19946534703657884
0.19946881926000665
0.1994722914834345
0.19947576370686235
0.19947923593029024
0.1994827081537181
0.19948618037714594
0.19948965260057383
0.1994931248240016
0.1994965970474295
0.1995000692708574
0.1995035414942852
0.1995070137177131
0.19951048594114093
0.19951395816456882
0.1995174303879966
0.1995209026114245
0.19952437483485236
0.1995278470582802
0.19953131928170809
0.19953479150513592
0.1995382637285638
0.19954173595199162
0.19954520817541946
0.19954868039884735
0.1995521526222752
0.19955562484570305
0.19955909706913094
0.19956256929255872
0.19956604151598661
0.19956951373941445
0.19957298596284234
0.1995764581862702
0.19957993040969804
0.19958340263312593
0.19958687485655371
0.1995903470799816
0.19959381930340944
0.1995972915268373
0.1996007637502652
0.19960423597369303
0.1996077081971209
0.1996111804205487
0.19961465264397657
0.19961812486740446
0.1996215970908323
0.19962506931426016
0.199628541537688
0.1996320137611159
0.19963548598454378
0.19963895820797156
0.19964243043139945
0.19964590265482726
0.19964937487825515
