0.07326391432774794
0.07326738655117587
0.07327085877460371
0.07327433099803154
0.07327780322145946
0.0732812754448873
0.07328474766831514
0.07328821989174297
0.07329169211517081
0.07329516433859874
0.07329863656202658
0.0733021087854544
0.07330558100888224
0.07330905323231017
0.073312525455738
0.07331599767916584
0.07331946990259368
0.07332294212602151
0.07332641434944943
0.07332988657287727
0.0733333587963051
0.07333683101973304
0.07334030324316078
0.0733437754665887
0.07334724769001653
0.07335071991344437
0.0733541921368723
0.07335766436030014
0.07336113658372796
0.0733646088071558
0.07336808103058363
0.07337155325401157
0.0733750254774394
0.07337849770086724
0.07338196992429508
0.0733854421477229
0.07338891437115083
0.07339238659457867
0.0733958588180065
0.07339933104143434
0.07340280326486226
0.0734062754882901
0.07340974771171793
0.07341321993514577
0.0734166921585736
0.07342016438200152
0.07342363660542936
0.0734271088288572
0.07343058105228513
0.07343405327571287
0.0734375254991408
0.07344099772256864
0.07344446994599646
0.0734479421694244
0.07345141439285223
0.07345488661628007
0.0734583588397079
0.07346183106313574
0.07346530328656366
0.0734687755099915
0.07347224773341933
0.07347571995684717
0.073479192180275
0.07348266440370292
0.07348613662713076
0.0734896088505586
0.07349308107398643
0.07349655329741436
0.0735000255208422
0.07350349774427002
0.07350696996769786
0.0735104421911257
0.07351391441455363
0.07351738663798146
0.0735208588614093
0.07352433108483722
0.07352780330826496
0.07353127553169289
0.07353474775512073
0.07353821997854856
0.07354169220197648
0.07354516442540432
0.07354863664883216
0.07355210887225999
0.07355558109568783
0.07355905331911566
0.07356252554254358
0.07356599776597142
0.07356946998939926
0.07357294221282719
0.07357641443625493
0.07357988665968286
0.0735833588831107
0.07358683110653852
0.07359030332996645
0.07359377555339429
0.07359724777682213
0.07360072000024996
0.0736041922236778
0.07360766444710572
0.07361113667053355
0.07361460889396139
0.07361808111738932
0.07362155334081706
0.07362502556424498
0.07362849778767282
0.07363197001110065
0.07363544223452849
0.07363891445795642
0.07364238668138426
0.07364585890481208
0.07364933112823992
0.07365280335166775
0.07365627557509569
0.07365974779852352
0.07366322002195136
0.07366669224537928
0.07367016446880702
0.07367363669223495
0.07367710891566279
0.07368058113909062
0.07368405336251854
0.07368752558594638
0.07369099780937421
0.07369447003280215
0.07369794225622989
0.07370141447965782
0.07370488670308564
0.07370835892651348
0.07371183114994131
0.07371530337336925
0.07371877559679708
0.07372224782022492
0.07372572004365276
0.07372919226708058
0.07373266449050851
0.07373613671393635
0.07373960893736418
0.07374308116079202
0.07374655338421986
0.07375002560764778
0.07375349783107561
0.07375697005450345
0.07376044227793138
0.07376391450135912
0.07376738672478704
0.07377085894821488
0.07377433117164271
0.07377780339507065
0.07378127561849848
0.07378474784192632
0.07378822006535414
0.07379169228878198
0.07379516451220991
0.07379863673563775
0.07380210895906558
0.07380558118249342
0.07380905340592134
0.07381252562934917
0.07381599785277701
0.07381947007620485
0.07382294229963268
0.0738264145230606
0.07382988674648844
0.07383335896991627
0.07383683119334421
0.07384030341677195
0.07384377564019988
0.0738472478636277
0.07385072008705554
0.07385419231048347
0.07385766453391131
0.07386113675733914
0.07386460898076698
0.07386808120419482
0.07387155342762274
0.07387502565105057
0.07387849787447841
0.07388197009790624
0.07388544232133408
0.073888914544762
0.07389238676818984
0.07389585899161767
0.07389933121504551
0.07390280343847344
0.07390627566190126
0.0739097478853291
0.07391322010875694
0.07391669233218477
0.0739201645556127
0.07392363677904054
0.07392710900246838
0.0739305812258963
0.07393405344932404
0.07393752567275197
0.0739409978961798
0.07394447011960764
0.07394794234303556
0.0739514145664634
0.07395488678989123
