0.33159733736018654
0.3316008095836144
0.3316042818070423
0.33160775403047016
0.331611226253898
0.33161469847732583
0.3316181707007537
0.33162164292418156
0.3316251151476094
0.33162858737103723
0.33163205959446507
0.33163553181789296
0.33163900404132085
0.3316424762647487
0.3316459484881765
0.3316494207116044
0.3316528929350323
0.33165636515846014
0.331659837381888
0.3316633096053158
0.3316667818287437
0.33167025405217154
0.3316737262755994
0.3316771984990272
0.33168067072245505
0.331684142945883
0.33168761516931083
0.33169108739273867
0.3316945596161665
0.33169803183959434
0.33170150406302223
0.33170497628645007
0.3317084485098779
0.3317119207333058
0.33171539295673363
0.3317188651801615
0.33172233740358936
0.33172580962701725
0.3317292818504451
0.3317327540738729
0.33173622629730076
0.33173969852072865
0.3317431707441565
0.3317466429675844
0.3317501151910122
0.33175358741444005
0.3317570596378679
0.3317605318612958
0.3317640040847236
0.33176747630815145
0.3317709485315793
0.3317744207550071
0.3317778929784351
0.3317813652018629
0.33178483742529075
0.3317883096487186
0.3317917818721465
0.33179525409557437
0.3317987263190022
0.33180219854243004
0.3318056707658579
0.33180914298928577
0.3318126152127136
0.33181608743614144
0.33181955965956933
0.33182303188299717
0.33182650410642506
0.3318299763298529
0.33183344855328073
0.33183692077670857
0.33184039300013646
0.3318438652235643
0.33184733744699213
0.33185080967041997
0.3318542818938479
0.33185775411727575
0.3318612263407036
0.3318646985641314
0.3318681707875593
0.33187164301098715
0.331875115234415
0.3318785874578428
0.33188205968127066
0.33188553190469855
0.33188900412812644
0.3318924763515543
0.3318959485749821
0.33189942079841
0.33190289302183784
0.3319063652452657
0.3319098374686935
0.3319133096921214
0.3319167819155493
0.33192025413897713
0.33192372636240497
0.3319271985858328
0.33193067080926064
0.3319341430326886
0.3319376152561164
0.33194108747954426
0.3319445597029721
0.33194803192639993
0.3319515041498278
0.33195497637325566
0.3319584485966835
0.3319619208201114
0.3319653930435392
0.3319688652669671
0.33197233749039495
0.3319758097138228
0.3319792819372506
0.3319827541606785
0.33198622638410635
0.33198969860753424
0.3319931708309621
0.33199664305439
0.3320001152778178
0.33200358750124564
0.3320070597246735
0.3320105319481014
0.3320140041715292
0.33201747639495705
0.3320209486183849
0.3320244208418127
0.33202789306524066
0.3320313652886685
0.33203483751209634
0.3320383097355242
0.33204178195895206
0.3320452541823799
0.33204872640580774
0.3320521986292356
0.33205567085266346
0.33205914307609136
0.3320626152995192
0.33206608752294703
0.3320695597463749
0.33207303196980276
0.33207650419323065
0.3320799764166585
0.3320834486400863
0.33208692086351416
0.33209039308694205
0.3320938653103699
0.3320973375337977
0.33210080975722556
0.33210428198065345
0.33210775420408134
0.3321112264275092
0.332114698650937
0.33211817087436485
0.3321216430977927
0.3321251153212206
0.3321285875446484
0.3321320597680763
0.33213553199150414
0.33213900421493203
0.33214247643835987
0.3321459486617877
0.3321494208852156
0.33215289310864343
0.33215636533207127
0.3321598375554991
0.332163309778927
0.3321667820023549
0.3321702542257827
0.33217372644921056
0.3321771986726384
0.33218067089606623
0.3321841431194942
0.33218761534292196
0.3321910875663498
0.33219455978977763
0.3321980320132055
0.3322015042366334
0.33220497646006125
0.3322084486834891
0.332211920906917
0.3322153931303448
0.3322188653537727
0.33222233757720054
0.3322258098006284
0.3322292820240562
0.3322327542474841
0.33223622647091194
0.33223969869433984
0.33224317091776767
0.33224664314119556
0.3322501153646234
0.33225358758805124
0.33225705981147907
0.33226053203490696
0.3322640042583348
0.33226747648176264
0.33227094870519047
0.3322744209286183
0.33227789315204626
0.3322813653754741
0.3322848375989019
0.33228830982232976
