0.08854169741031158
0.08854516963373942
0.08854864185716725
0.08855211408059513
0.08855558630402302
0.08855905852745084
0.08856253075087873
0.08856600297430652
0.0885694751977344
0.08857294742116228
0.08857641964459012
0.088579891868018
0.08858336409144583
0.08858683631487371
0.08859030853830159
0.08859378076172938
0.08859725298515726
0.0886007252085851
0.08860419743201298
0.08860766965544085
0.08861114187886869
0.08861461410229658
0.08861808632572436
0.08862155854915224
0.08862503077258008
0.08862850299600797
0.08863197521943585
0.08863544744286368
0.08863891966629156
0.08864239188971934
0.08864586411314723
0.08864933633657511
0.08865280856000295
0.08865628078343082
0.08865975300685866
0.08866322523028654
0.08866669745371437
0.08867016967714221
0.08867364190057009
0.08867711412399792
0.0886805863474258
0.0886840585708537
0.08868753079428147
0.08869100301770935
0.08869447524113719
0.08869794746456508
0.0887014196879929
0.0887048919114208
0.08870836413484867
0.08871183635827647
0.08871530858170434
0.08871878080513218
0.08872225302856006
0.08872572525198794
0.08872919747541577
0.08873266969884365
0.08873614192227144
0.08873961414569932
0.0887430863691272
0.08874655859255504
0.08875003081598291
0.08875350303941075
0.08875697526283864
0.08876044748626642
0.0887639197096943
0.08876739193312219
0.08877086415655003
0.0887743363799779
0.08877780860340574
0.08878128082683362
0.08878475305026146
0.08878822527368929
0.08879169749711717
0.088795169720545
0.08879864194397288
0.08880211416740076
0.08880558639082856
0.08880905861425643
0.08881253083768427
0.08881600306111215
0.08881947528454004
0.08882294750796786
0.08882641973139575
0.08882989195482353
0.08883336417825141
0.08883683640167925
0.08884030862510714
0.08884378084853502
0.08884725307196285
0.08885072529539073
0.08885419751881853
0.0888576697422464
0.08886114196567428
0.08886461418910212
0.08886808641253
0.08887155863595783
0.08887503085938571
0.0888785030828136
0.08888197530624138
0.08888544752966926
0.0888889197530971
0.08889239197652497
0.08889586419995286
0.0888993364233807
0.08890280864680854
0.08890628087023636
0.08890975309366425
0.08891322531709209
0.08891669754051996
0.08892016976394784
0.08892364198737568
0.08892711421080352
0.08893058643423135
0.08893405865765923
0.0889375308810871
0.08894100310451494
0.08894447532794282
0.08894794755137062
0.08895141977479849
0.08895489199822637
0.08895836422165421
0.0889618364450821
0.08896530866850992
0.08896878089193781
0.0889722531153656
0.08897572533879347
0.08897919756222136
0.0889826697856492
0.08898614200907708
0.08898961423250491
0.08899308645593279
0.08899655867936067
0.08900003090278846
0.08900350312621634
0.08900697534964418
0.08901044757307205
0.08901391979649993
0.08901739201992777
0.08902086424335566
0.08902433646678344
0.08902780869021132
0.08903128091363921
0.08903475313706703
0.08903822536049492
0.08904169758392276
0.08904516980735058
0.08904864203077842
0.08905211425420631
0.08905558647763419
0.08905905870106202
0.0890625309244899
0.08906600314791774
0.08906947537134557
0.08907294759477345
0.08907641981820129
0.08907989204162917
0.089083364265057
0.08908683648848488
0.08909030871191277
0.08909378093534055
0.08909725315876843
0.08910072538219627
0.08910419760562416
0.08910766982905204
0.08911114205247987
0.08911461427590775
0.08911808649933553
0.08912155872276342
0.08912503094619126
0.08912850316961914
0.08913197539304701
0.08913544761647485
0.08913891983990273
0.08914239206333052
0.0891458642867584
0.08914933651018628
0.08915280873361411
0.08915628095704199
0.08915975318046983
0.08916322540389772
0.08916669762732554
0.08917016985075338
0.08917364207418127
0.08917711429760909
0.08918058652103698
0.08918405874446486
0.08918753096789264
0.08919100319132053
0.08919447541474837
0.08919794763817625
0.08920141986160408
0.08920489208503196
0.08920836430845984
0.08921183653188763
0.08921530875531551
0.08921878097874335
0.08922225320217123
0.0892257254255991
0.08922919764902694
0.08923266987245483
