0.6656252311198719
0.6656287033432997
0.6656321755667276
0.6656356477901555
0.6656391200135834
0.6656425922370112
0.6656460644604391
0.665649536683867
0.6656530089072947
0.6656564811307226
0.6656599533541504
0.6656634255775783
0.6656668978010062
0.6656703700244341
0.6656738422478619
0.6656773144712897
0.6656807866947176
0.6656842589181454
0.6656877311415733
0.6656912033650011
0.665694675588429
0.6656981478118569
0.6657016200352848
0.6657050922587125
0.6657085644821404
0.6657120367055683
0.6657155089289961
0.665718981152424
0.6657224533758518
0.6657259255992797
0.6657293978227076
0.6657328700461355
0.6657363422695632
0.6657398144929911
0.665743286716419
0.6657467589398468
0.6657502311632747
0.6657537033867025
0.6657571756101304
0.6657606478335583
0.6657641200569862
0.6657675922804139
0.6657710645038419
0.6657745367272697
0.6657780089506976
0.6657814811741254
0.6657849533975533
0.6657884256209811
0.665791897844409
0.6657953700678368
0.6657988422912646
0.6658023145146926
0.6658057867381204
0.6658092589615483
0.6658127311849761
0.665816203408404
0.6658196756318319
0.6658231478552596
0.6658266200786875
0.6658300923021153
0.6658335645255432
0.6658370367489711
0.665840508972399
0.6658439811958268
0.6658474534192547
0.6658509256426824
0.6658543978661103
0.6658578700895382
0.665861342312966
0.665864814536394
0.6658682867598218
0.6658717589832497
0.6658752312066775
0.6658787034301054
0.6658821756535331
0.6658856478769611
0.6658891201003889
0.6658925923238167
0.6658960645472447
0.6658995367706725
0.6659030089941004
0.6659064812175282
0.665909953440956
0.6659134256643838
0.6659168978878118
0.6659203701112396
0.6659238423346675
0.6659273145580953
0.6659307867815232
0.6659342590049511
0.6659377312283788
0.6659412034518067
0.6659446756752345
0.6659481478986625
0.6659516201220903
0.6659550923455182
0.6659585645689461
0.6659620367923739
0.6659655090158018
0.6659689812392295
0.6659724534626574
0.6659759256860852
0.6659793979095132
0.665982870132941
0.6659863423563689
0.6659898145797967
0.6659932868032246
0.6659967590266525
0.6660002312500802
0.6660037034735081
0.6660071756969359
0.6660106479203639
0.6660141201437917
0.6660175923672196
0.6660210645906475
0.6660245368140754
0.6660280090375031
0.6660314812609309
0.6660349534843588
0.6660384257077866
0.6660418979312146
0.6660453701546424
0.6660488423780703
0.6660523146014982
0.666055786824926
0.6660592590483538
0.6660627312717817
0.6660662034952095
0.6660696757186374
0.6660731479420653
0.6660766201654931
0.666080092388921
0.6660835646123487
0.6660870368357767
0.6660905090592045
0.6660939812826324
0.6660974535060602
0.6661009257294881
0.666104397952916
0.6661078701763438
0.6661113423997717
0.6661148146231995
0.6661182868466274
0.6661217590700552
0.6661252312934831
0.6661287035169109
0.6661321757403388
0.6661356479637667
0.6661391201871945
0.6661425924106223
0.6661460646340502
0.6661495368574781
0.6661530090809059
0.6661564813043338
0.6661599535277616
0.6661634257511895
0.6661668979746174
0.6661703701980453
0.666173842421473
0.6661773146449008
0.6661807868683288
0.6661842590917566
0.6661877313151845
0.6661912035386123
0.6661946757620402
0.6661981479854681
0.666201620208896
0.6662050924323237
0.6662085646557516
0.6662120368791795
0.6662155091026073
0.6662189813260352
0.666222453549463
0.6662259257728909
0.6662293979963188
0.6662328702197466
0.6662363424431744
0.6662398146666023
0.6662432868900302
0.666246759113458
0.6662502313368859
0.6662537035603137
0.6662571757837416
0.6662606480071694
0.6662641202305973
0.6662675924540251
0.666271064677453
0.6662745369008809
0.6662780091243087
0.6662814813477366
0.6662849535711644
0.6662884257945922
0.6662918980180201
0.666295370241448
0.6662988424648758
0.6663023146883038
0.6663057869117316
0.6663092591351595
0.6663127313585873
0.666316203582015
