0.7059030228829941
0.7059064951064219
0.7059099673298498
0.7059134395532776
0.7059169117767055
0.7059203840001333
0.7059238562235611
0.7059273284469891
0.7059308006704169
0.7059342728938448
0.7059377451172726
0.7059412173407005
0.7059446895641283
0.7059481617875561
0.705951634010984
0.7059551062344118
0.7059585784578398
0.7059620506812676
0.7059655229046955
0.7059689951281233
0.7059724673515512
0.7059759395749791
0.7059794117984068
0.7059828840218347
0.7059863562452625
0.7059898284686904
0.7059933006921183
0.7059967729155462
0.706000245138974
0.7060037173624019
0.7060071895858296
0.7060106618092575
0.7060141340326854
0.7060176062561132
0.7060210784795412
0.706024550702969
0.7060280229263969
0.7060314951498247
0.7060349673732526
0.7060384395966804
0.7060419118201083
0.7060453840435361
0.706048856266964
0.7060523284903918
0.7060558007138197
0.7060592729372476
0.7060627451606754
0.7060662173841032
0.706069689607531
0.706073161830959
0.7060766340543868
0.7060801062778147
0.7060835785012426
0.7060870507246704
0.7060905229480983
0.706093995171526
0.7060974673949539
0.7061009396183817
0.7061044118418097
0.7061078840652375
0.7061113562886654
0.7061148285120933
0.7061183007355211
0.706121772958949
0.7061252451823767
0.7061287174058046
0.7061321896292325
0.7061356618526604
0.7061391340760882
0.7061426062995161
0.7061460785229439
0.7061495507463719
0.7061530229697996
0.7061564951932274
0.7061599674166553
0.7061634396400831
0.7061669118635111
0.7061703840869389
0.7061738563103668
0.7061773285337947
0.7061808007572226
0.7061842729806503
0.7061877452040782
0.706191217427506
0.7061946896509339
0.7061981618743618
0.7062016340977896
0.7062051063212175
0.7062085785446454
0.7062120507680733
0.706215522991501
0.7062189952149289
0.7062224674383567
0.7062259396617846
0.7062294118852125
0.7062328841086403
0.7062363563320682
0.706239828555496
0.7062433007789239
0.7062467730023517
0.7062502452257796
0.7062537174492074
0.7062571896726353
0.7062606618960632
0.706264134119491
0.7062676063429189
0.7062710785663467
0.7062745507897746
0.7062780230132024
0.7062814952366303
0.7062849674600581
0.7062884396834861
0.7062919119069139
0.7062953841303417
0.7062988563537695
0.7063023285771973
0.7063058008006253
0.7063092730240531
0.706312745247481
0.7063162174709088
0.7063196896943367
0.7063231619177646
0.7063266341411925
0.7063301063646202
0.7063335785880481
0.706337050811476
0.7063405230349038
0.7063439952583317
0.7063474674817595
0.7063509397051874
0.7063544119286153
0.7063578841520431
0.7063613563754709
0.7063648285988988
0.7063683008223267
0.7063717730457545
0.7063752452691824
0.7063787174926102
0.7063821897160382
0.706385661939466
0.7063891341628938
0.7063926063863216
0.7063960786097495
0.7063995508331774
0.7064030230566052
0.7064064952800331
0.7064099675034609
0.7064134397268887
0.7064169119503166
0.7064203841737445
0.7064238563971723
0.7064273286206003
0.7064308008440281
0.706434273067456
0.7064377452908838
0.7064412175143115
0.7064446897377394
0.7064481619611673
0.7064516341845952
0.706455106408023
0.706458578631451
0.7064620508548788
0.7064655230783067
0.7064689953017345
0.7064724675251624
0.7064759397485901
0.706479411972018
0.7064828841954459
0.7064863564188737
0.7064898286423017
0.7064933008657295
0.7064967730891574
0.7065002453125852
0.706503717536013
0.7065071897594408
0.7065106619828687
0.7065141342062966
0.7065176064297244
0.7065210786531524
0.7065245508765802
0.7065280231000081
0.7065314953234358
0.7065349675468637
0.7065384397702916
0.7065419119937194
0.7065453842171473
0.7065488564405751
0.706552328664003
0.7065558008874309
0.7065592731108588
0.7065627453342865
0.7065662175577144
0.7065696897811422
0.7065731620045702
0.706576634227998
0.7065801064514258
0.7065835786748538
0.7065870508982816
0.7065905231217094
0.7065939953451372
