0.676041901403438
0.6760453736268658
0.6760488458502937
0.6760523180737215
0.6760557902971495
0.6760592625205772
0.6760627347440051
0.6760662069674329
0.6760696791908608
0.6760731514142886
0.6760766236377166
0.6760800958611444
0.6760835680845723
0.6760870403080002
0.6760905125314279
0.6760939847548558
0.6760974569782836
0.6761009292017115
0.6761044014251394
0.6761078736485673
0.6761113458719951
0.676114818095423
0.6761182903188508
0.6761217625422786
0.6761252347657065
0.6761287069891343
0.6761321792125623
0.6761356514359901
0.676139123659418
0.6761425958828458
0.6761460681062736
0.6761495403297015
0.6761530125531293
0.6761564847765572
0.676159956999985
0.6761634292234129
0.6761669014468408
0.6761703736702687
0.6761738458936964
0.6761773181171244
0.6761807903405522
0.67618426256398
0.6761877347874079
0.6761912070108357
0.6761946792342636
0.6761981514576915
0.6762016236811194
0.6762050959045471
0.676208568127975
0.6762120403514029
0.6762155125748308
0.6762189847982586
0.6762224570216865
0.6762259292451143
0.6762294014685422
0.67623287369197
0.6762363459153978
0.6762398181388258
0.6762432903622536
0.6762467625856815
0.6762502348091093
0.6762537070325372
0.676257179255965
0.6762606514793928
0.6762641237028207
0.6762675959262485
0.6762710681496765
0.6762745403731043
0.6762780125965322
0.67628148481996
0.6762849570433879
0.6762884292668158
0.6762919014902435
0.6762953737136714
0.6762988459370992
0.6763023181605271
0.676305790383955
0.6763092626073829
0.6763127348308107
0.6763162070542386
0.6763196792776663
0.6763231515010942
0.6763266237245221
0.6763300959479499
0.6763335681713779
0.6763370403948057
0.6763405126182336
0.6763439848416614
0.6763474570650893
0.676350929288517
0.676354401511945
0.6763578737353728
0.6763613459588007
0.6763648181822286
0.6763682904056564
0.6763717626290843
0.676375234852512
0.6763787070759399
0.6763821792993678
0.6763856515227957
0.6763891237462235
0.6763925959696514
0.6763960681930792
0.6763995404165071
0.676403012639935
0.6764064848633627
0.6764099570867906
0.6764134293102184
0.6764169015336464
0.6764203737570742
0.6764238459805021
0.67642731820393
0.6764307904273578
0.6764342626507857
0.6764377348742134
0.6764412070976413
0.6764446793210691
0.6764481515444971
0.6764516237679249
0.6764550959913528
0.6764585682147806
0.6764620404382086
0.6764655126616363
0.6764689848850641
0.676472457108492
0.6764759293319198
0.6764794015553478
0.6764828737787756
0.6764863460022035
0.6764898182256314
0.6764932904490593
0.676496762672487
0.6765002348959149
0.6765037071193427
0.6765071793427706
0.6765106515661985
0.6765141237896263
0.6765175960130542
0.6765210682364821
0.67652454045991
0.6765280126833377
0.6765314849067656
0.6765349571301934
0.6765384293536213
0.6765419015770492
0.676545373800477
0.6765488460239049
0.6765523182473326
0.6765557904707606
0.6765592626941884
0.6765627349176163
0.6765662071410441
0.676569679364472
0.6765731515878998
0.6765766238113277
0.6765800960347556
0.6765835682581834
0.6765870404816113
0.6765905127050391
0.676593984928467
0.6765974571518948
0.6766009293753227
0.6766044015987506
0.6766078738221784
0.6766113460456062
0.6766148182690341
0.676618290492462
0.6766217627158898
0.6766252349393177
0.6766287071627455
0.6766321793861735
0.6766356516096013
0.6766391238330292
0.6766425960564569
0.6766460682798848
0.6766495405033127
0.6766530127267405
0.6766564849501684
0.6766599571735962
0.6766634293970241
0.676666901620452
0.6766703738438798
0.6766738460673076
0.6766773182907355
0.6766807905141634
0.6766842627375912
0.6766877349610191
0.6766912071844469
0.6766946794078748
0.6766981516313026
0.6767016238547305
0.6767050960781583
0.6767085683015862
0.6767120405250141
0.6767155127484419
0.6767189849718698
0.6767224571952976
0.6767259294187254
0.6767294016421533
0.6767328738655812
