0.34201400764375267
0.3420174798671805
0.34202095209060834
0.34202442431403624
0.34202789653746407
0.3420313687608919
0.34203484098431974
0.34203831320774764
0.34204178543117547
0.34204525765460336
0.3420487298780312
0.34205220210145904
0.3420556743248869
0.34205914654831476
0.3420626187717426
0.34206609099517044
0.34206956321859827
0.3420730354420262
0.34207650766545405
0.3420799798888819
0.3420834521123097
0.3420869243357376
0.34209039655916545
0.34209386878259335
0.3420973410060211
0.34210081322944896
0.34210428545287686
0.34210775767630475
0.3421112298997326
0.3421147021231604
0.3421181743465883
0.3421216465700162
0.34212511879344404
0.3421285910168719
0.3421320632402997
0.3421355354637276
0.34213900768715544
0.3421424799105833
0.3421459521340111
0.342149424357439
0.3421528965808669
0.34215636880429473
0.34215984102772257
0.3421633132511504
0.3421667854745783
0.34217025769800613
0.34217372992143397
0.3421772021448618
0.3421806743682897
0.34218414659171753
0.3421876188151454
0.34219109103857326
0.34219456326200115
0.342198035485429
0.3422015077088568
0.34220497993228466
0.3422084521557125
0.3422119243791404
0.3422153966025683
0.3422188688259961
0.34222234104942395
0.34222581327285184
0.34222928549627973
0.34223275771970757
0.3422362299431354
0.3422397021665632
0.342243174389991
0.34224664661341897
0.3422501188368468
0.34225359106027464
0.3422570632837025
0.34226053550713037
0.34226400773055826
0.3422674799539861
0.34227095217741393
0.34227442440084177
0.34227789662426966
0.3422813688476975
0.34228484107112533
0.3422883132945532
0.34229178551798106
0.34229525774140895
0.3422987299648368
0.3423022021882646
0.3423056744116925
0.34230914663512035
0.3423126188585482
0.342316091081976
0.34231956330540386
0.3423230355288318
0.34232650775225965
0.3423299799756875
0.3423334521991153
0.3423369244225432
0.34234039664597105
0.3423438688693989
0.3423473410928267
0.34235081331625455
0.34235428553968245
0.34235775776311034
0.3423612299865382
0.342364702209966
0.3423681744333939
0.3423716466568218
0.34237511888024963
0.34237859110367747
0.3423820633271053
0.3423855355505332
0.34238900777396103
0.34239247999738887
0.3423959522208167
0.3423994244442446
0.3424028966676725
0.3424063688911003
0.34240984111452816
0.342413313337956
0.34241678556138383
0.3424202577848117
0.34242373000823956
0.3424272022316674
0.3424306744550953
0.3424341466785231
0.342437618901951
0.34244109112537885
0.34244456334880674
0.3424480355722346
0.3424515077956624
0.34245498001909025
0.3424584522425181
0.342461924465946
0.34246539668937387
0.3424688689128017
0.34247234113622954
0.34247581335965743
0.34247928558308527
0.3424827578065131
0.34248623002994094
0.3424897022533688
0.3424931744767966
0.34249664670022456
0.3425001189236524
0.34250359114708023
0.34250706337050807
0.34251053559393596
0.34251400781736385
0.3425174800407917
0.3425209522642195
0.34252442448764736
0.34252789671107525
0.3425313689345031
0.3425348411579309
0.3425383133813588
0.34254178560478665
0.34254525782821454
0.3425487300516424
0.3425522022750702
0.34255567449849805
0.34255914672192594
0.3425626189453538
0.3425660911687816
0.34256956339220945
0.3425730356156374
0.34257650783906524
0.3425799800624931
0.3425834522859209
0.3425869245093488
0.34259039673277664
0.3425938689562045
0.3425973411796323
0.34260081340306014
0.34260428562648804
0.34260775784991593
0.34261123007334376
0.3426147022967716
0.3426181745201995
0.34262164674362733
0.34262511896705516
0.342628591190483
0.3426320634139109
0.3426355356373388
0.3426390078607666
0.34264248008419446
0.3426459523076223
0.3426494245310502
0.3426528967544781
0.3426563689779059
0.34265984120133375
0.3426633134247616
0.3426667856481894
0.3426702578716173
0.34267373009504515
0.342677202318473
0.3426806745419009
0.3426841467653287
0.3426876189887566
0.34269109121218444
0.3426945634356123
0.3426980356590401
0.342701507882468
0.34270498010589584
