0.5149307343509495
0.5149342065743773
0.5149376787978052
0.514941151021233
0.5149446232446608
0.5149480954680887
0.5149515676915165
0.5149550399149444
0.5149585121383722
0.5149619843618002
0.514965456585228
0.5149689288086559
0.5149724010320836
0.5149758732555115
0.5149793454789394
0.5149828177023673
0.5149862899257951
0.5149897621492229
0.5149932343726509
0.5149967065960787
0.5150001788195065
0.5150036510429343
0.5150071232663622
0.5150105954897901
0.515014067713218
0.5150175399366458
0.5150210121600737
0.5150244843835016
0.5150279566069293
0.5150314288303572
0.515034901053785
0.5150383732772129
0.5150418455006408
0.5150453177240687
0.5150487899474965
0.5150522621709244
0.5150557343943523
0.51505920661778
0.5150626788412079
0.5150661510646357
0.5150696232880636
0.5150730955114915
0.5150765677349194
0.5150800399583472
0.5150835121817751
0.515086984405203
0.5150904566286307
0.5150939288520586
0.5150974010754864
0.5151008732989143
0.5151043455223422
0.5151078177457701
0.5151112899691979
0.5151147621926258
0.5151182344160536
0.5151217066394815
0.5151251788629093
0.5151286510863371
0.515132123309765
0.5151355955331929
0.5151390677566208
0.5151425399800486
0.5151460122034764
0.5151494844269043
0.5151529566503322
0.51515642887376
0.5151599010971879
0.5151633733206157
0.5151668455440436
0.5151703177674715
0.5151737899908992
0.5151772622143271
0.515180734437755
0.5151842066611829
0.5151876788846107
0.5151911511080386
0.5151946233314664
0.5151980955548943
0.5152015677783222
0.5152050400017499
0.5152085122251778
0.5152119844486057
0.5152154566720336
0.5152189288954614
0.5152224011188893
0.5152258733423171
0.515229345565745
0.5152328177891728
0.5152362900126006
0.5152397622360285
0.5152432344594564
0.5152467066828843
0.5152501789063121
0.51525365112974
0.5152571233531678
0.5152605955765958
0.5152640678000235
0.5152675400234514
0.5152710122468792
0.5152744844703071
0.515277956693735
0.5152814289171628
0.5152849011405907
0.5152883733640184
0.5152918455874465
0.5152953178108742
0.5152987900343021
0.5153022622577299
0.5153057344811578
0.5153092067045857
0.5153126789280135
0.5153161511514414
0.5153196233748691
0.5153230955982971
0.5153265678217249
0.5153300400451528
0.5153335122685806
0.5153369844920085
0.5153404567154364
0.5153439289388642
0.515347401162292
0.5153508733857198
0.5153543456091478
0.5153578178325756
0.5153612900560035
0.5153647622794313
0.5153682345028592
0.5153717067262871
0.5153751789497149
0.5153786511731427
0.5153821233965705
0.5153855956199985
0.5153890678434263
0.5153925400668542
0.515396012290282
0.51539948451371
0.5154029567371378
0.5154064289605657
0.5154099011839934
0.5154133734074212
0.5154168456308492
0.515420317854277
0.5154237900777049
0.5154272623011327
0.5154307345245607
0.5154342067479885
0.5154376789714163
0.5154411511948441
0.515444623418272
0.5154480956416999
0.5154515678651277
0.5154550400885556
0.5154585123119834
0.5154619845354114
0.5154654567588391
0.515468928982267
0.5154724012056948
0.5154758734291227
0.5154793456525506
0.5154828178759784
0.5154862900994063
0.515489762322834
0.5154932345462621
0.5154967067696898
0.5155001789931177
0.5155036512165455
0.5155071234399734
0.5155105956634013
0.5155140678868291
0.515517540110257
0.5155210123336847
0.5155244845571127
0.5155279567805405
0.5155314290039684
0.5155349012273962
0.5155383734508241
0.515541845674252
0.5155453178976799
0.5155487901211077
0.5155522623445354
0.5155557345679634
0.5155592067913912
0.5155626790148191
0.5155661512382469
0.5155696234616748
0.5155730956851027
0.5155765679085306
0.5155800401319584
0.5155835123553862
0.5155869845788141
0.5155904568022419
0.5155939290256698
0.5155974012490976
0.5156008734725255
0.5156043456959534
0.5156078179193813
0.515611290142809
0.5156147623662369
0.5156182345896648
0.5156217068130926
