0.3572917907263162
0.35729526294974406
0.3572987351731719
0.35730220739659974
0.3573056796200276
0.35730915184345546
0.35731262406688336
0.3573160962903112
0.3573195685137391
0.3573230407371669
0.35732651296059476
0.3573299851840226
0.3573334574074504
0.3573369296308783
0.3573404018543062
0.35734387407773405
0.3573473463011619
0.3573508185245898
0.35735429074801767
0.3573577629714455
0.35736123519487334
0.3573647074183012
0.35736817964172896
0.3573716518651569
0.35737512408858474
0.3573785963120126
0.3573820685354404
0.3573855407588683
0.3573890129822962
0.35739248520572403
0.35739595742915187
0.3573994296525797
0.3574029018760076
0.35740637409943543
0.35740984632286327
0.35741331854629116
0.357416790769719
0.3574202629931469
0.3574237352165747
0.3574272074400026
0.35743067966343045
0.3574341518868583
0.3574376241102861
0.35744109633371396
0.3574445685571418
0.35744804078056974
0.3574515130039976
0.3574549852274254
0.35745845745085325
0.35746192967428114
0.357465401897709
0.3574688741211368
0.35747234634456465
0.3574758185679925
0.3574792907914204
0.35748276301484827
0.3574862352382761
0.35748970746170394
0.35749317968513183
0.3574966519085597
0.35750012413198756
0.3575035963554154
0.35750706857884323
0.3575105408022711
0.35751401302569896
0.3575174852491268
0.35752095747255463
0.3575244296959825
0.3575279019194104
0.35753137414283825
0.3575348463662661
0.3575383185896939
0.35754179081312176
0.35754526303654965
0.3575487352599775
0.3575522074834053
0.3575556797068332
0.35755915193026105
0.35756262415368895
0.3575660963771168
0.3575695686005447
0.3575730408239725
0.35757651304740035
0.3575799852708282
0.357583457494256
0.3575869297176839
0.3575904019411118
0.35759387416453964
0.3575973463879675
0.35760081861139537
0.35760429083482326
0.35760776305825104
0.3576112352816789
0.3576147075051067
0.35761817972853455
0.3576216519519625
0.35762512417539033
0.35762859639881817
0.357632068622246
0.3576355408456739
0.3576390130691018
0.3576424852925296
0.35764595751595746
0.3576494297393853
0.3576529019628132
0.357656374186241
0.35765984640966886
0.35766331863309675
0.3576667908565246
0.3576702630799525
0.3576737353033803
0.35767720752680815
0.357680679750236
0.3576841519736639
0.3576876241970917
0.35769109642051955
0.3576945686439474
0.35769804086737533
0.35770151309080317
0.357704985314231
0.35770845753765884
0.35771192976108673
0.35771540198451457
0.3577188742079424
0.35772234643137024
0.3577258186547981
0.35772929087822597
0.35773276310165386
0.3577362353250817
0.35773970754850953
0.3577431797719374
0.3577466519953653
0.3577501242187931
0.35775359644222093
0.3577570686656488
0.3577605408890767
0.35776401311250455
0.3577674853359324
0.3577709575593602
0.3577744297827881
0.357777902006216
0.35778137422964384
0.3577848464530717
0.3577883186764995
0.35779179089992735
0.35779526312335524
0.3577987353467831
0.3578022075702109
0.3578056797936388
0.35780915201706665
0.35781262424049454
0.3578160964639224
0.3578195686873502
0.35782304091077805
0.35782651313420594
0.3578299853576338
0.3578334575810616
0.3578369298044895
0.3578404020279174
0.35784387425134523
0.35784734647477306
0.35785081869820096
0.3578542909216288
0.35785776314505663
0.35786123536848446
0.3578647075919123
0.35786817981534014
0.3578716520387681
0.3578751242621959
0.35787859648562376
0.3578820687090516
0.3578855409324795
0.3578890131559074
0.35789248537933516
0.357895957602763
0.3578994298261909
0.3579029020496188
0.3579063742730466
0.35790984649647445
0.35791331871990234
0.3579167909433302
0.35792026316675807
0.3579237353901859
0.35792720761361374
0.3579306798370416
0.35793415206046947
0.3579376242838973
0.35794109650732514
0.357944568730753
0.3579480409541809
0.35795151317760876
0.3579549854010366
0.35795845762446443
0.35796192984789227
0.3579654020713201
0.357968874294748
0.35797234651817583
0.35797581874160367
0.35797929096503156
0.35798276318845945
