0.031597233193483724
0.03160070541691156
0.03160417764033949
0.03160764986376723
0.03161112208719516
0.031614594310622995
0.031618066534050825
0.03162153875747876
0.03162501098090659
0.03162848320433442
0.03163195542776226
0.031635427651190096
0.03163889987461802
0.03164237209804586
0.031645844321473694
0.03164931654490152
0.03165278876832946
0.031656260991757286
0.03165973321518512
0.03166320543861296
0.031666677662040794
0.03167014988546872
0.03167362210889656
0.031677094332324386
0.03168056655575222
0.03168403877918006
0.031687511002607985
0.03169098322603582
0.03169445544946366
0.031697927672891583
0.03170139989631932
0.031704872119747256
0.031708344343175085
0.03171181656660292
0.03171528879003085
0.031718761013458684
0.03172223323688652
0.031725705460314356
0.031729177683742185
0.03173264990717012
0.03173612213059795
0.031739594354025784
0.03174306657745362
0.031746538800881546
0.03175001102430938
0.03175348324773722
0.031756955471165055
0.031760427694592884
0.03176389991802082
0.031767372141448647
0.03177084436487648
0.03177431658830432
0.031777788811732155
0.03178126103516008
0.03178473325858792
0.031788205482015754
0.03179167770544368
0.03179514992887142
0.031798622152299345
0.03180209437572718
0.03180556659915502
0.031809038822582944
0.03181251104601078
0.031815983269438616
0.031819455492866446
0.03182292771629428
0.03182639993972221
0.031829872163150044
0.03183334438657788
0.031836816610005716
0.03184028883343364
0.03184376105686148
0.031847233280289315
0.031850705503717144
0.03185417772714498
0.03185764995057291
0.03186112217400074
0.03186459439742858
0.031868066620856506
0.031871538844284245
0.03187501106771218
0.03187848329114001
0.03188195551456784
0.03188542773799577
0.031888899961423606
0.03189237218485144
0.03189584440827928
0.031899316631707114
0.03190278885513504
0.03190626107856288
0.031909733301990706
0.03191320552541854
0.03191667774884638
0.031920149972274305
0.03192362219570214
0.03192709441912998
0.03193056664255781
0.03193403886598574
0.03193751108941348
0.031940983312841405
0.03194445553626924
0.03194792775969708
0.031951399983125
0.03195487220655284
0.031958344429980676
0.0319618166534086
0.03196528887683634
0.03196876110026427
0.031972233323692104
0.03197570554711994
0.031979177770547866
0.0319826499939757
0.03198612221740354
0.031989594440831375
0.031993066664259204
0.03199653888768704
0.032000011111114966
0.0320034833345428
0.03200695555797064
0.032010427781398565
0.032013900004826304
0.03201737222825424
0.032020844451682066
0.0320243166751099
0.03202778889853783
0.032031261121965665
0.0320347333453935
0.03203820556882134
0.032041677792249174
0.0320451500156771
0.032048622239104936
0.032052094462532765
0.0320555666859607
0.03205903890938844
0.032062511132816364
0.0320659833562442
0.032069455579672036
0.032072927803099865
0.0320764000265278
0.03207987224995563
0.032083344473383464
0.0320868166968113
0.032090288920239136
0.03209376114366706
0.0320972333670949
0.032100705590522735
0.03210417781395066
0.0321076500373784
0.03211112226080633
0.03211459448423416
0.032118066707662
0.032121538931089925
0.03212501115451776
0.0321284833779456
0.032131955601373434
0.03213542782480126
0.032138900048229196
0.032142372271657026
0.03214584449508486
0.0321493167185127
0.032152788941940624
0.03215626116536846
0.0321597333887963
0.032163205612224126
0.03216667783565196
0.03217015005907989
0.032173622282507724
0.03217709450593556
0.0321805667293634
0.03218403895279123
0.03218751117621916
0.032190983399646995
0.032194455623074825
0.03219792784650276
0.0322014000699305
0.03220487229335842
0.03220834451678626
0.032211816740214096
0.03221528896364202
0.03221876118706986
0.03222223341049769
0.032225705633925524
0.03222917785735336
0.032232650080781286
0.03223612230420912
0.03223959452763696
0.032243066751064794
0.03224653897449272
0.03225001119792056
0.032253483421348386
0.03225695564477622
0.03226042786820406
0.032263900091631985
0.03226737231505982
0.03227084453848766
0.03227431676191549
0.03227778898534332
0.032281261208771256
0.032284733432199085
0.03228820565562692
