0.5899307603926252
0.589934232616053
0.5899377048394808
0.5899411770629087
0.5899446492863365
0.5899481215097644
0.5899515937331923
0.5899550659566201
0.589958538180048
0.5899620104034758
0.5899654826269037
0.5899689548503315
0.5899724270737594
0.5899758992971872
0.5899793715206151
0.589982843744043
0.5899863159674708
0.5899897881908986
0.5899932604143265
0.5899967326377544
0.5900002048611822
0.5900036770846101
0.5900071493080379
0.5900106215314658
0.5900140937548937
0.5900175659783214
0.5900210382017493
0.5900245104251772
0.5900279826486051
0.5900314548720329
0.5900349270954608
0.5900383993188886
0.5900418715423166
0.5900453437657444
0.5900488159891722
0.5900522882126
0.5900557604360279
0.5900592326594558
0.5900627048828836
0.5900661771063115
0.5900696493297393
0.5900731215531673
0.590076593776595
0.5900800660000229
0.5900835382234507
0.5900870104468786
0.5900904826703065
0.5900939548937343
0.5900974271171622
0.59010089934059
0.590104371564018
0.5901078437874457
0.5901113160108736
0.5901147882343014
0.5901182604577293
0.5901217326811572
0.590125204904585
0.5901286771280129
0.5901321493514406
0.5901356215748687
0.5901390937982964
0.5901425660217243
0.5901460382451521
0.5901495104685801
0.5901529826920079
0.5901564549154357
0.5901599271388636
0.5901633993622915
0.5901668715857193
0.5901703438091471
0.590173816032575
0.5901772882560028
0.5901807604794308
0.5901842327028586
0.5901877049262865
0.5901911771497143
0.5901946493731421
0.59019812159657
0.5902015938199978
0.5902050660434257
0.5902085382668535
0.5902120104902815
0.5902154827137093
0.5902189549371372
0.5902224271605649
0.5902258993839928
0.5902293716074207
0.5902328438308485
0.5902363160542764
0.5902397882777042
0.5902432605011322
0.59024673272456
0.5902502049479879
0.5902536771714156
0.5902571493948435
0.5902606216182714
0.5902640938416992
0.5902675660651271
0.5902710382885549
0.5902745105119829
0.5902779827354107
0.5902814549588385
0.5902849271822663
0.5902883994056943
0.5902918716291221
0.5902953438525499
0.5902988160759778
0.5903022882994056
0.5903057605228336
0.5903092327462613
0.5903127049696892
0.590316177193117
0.5903196494165449
0.5903231216399728
0.5903265938634007
0.5903300660868285
0.5903335383102564
0.5903370105336843
0.590340482757112
0.5903439549805399
0.5903474272039677
0.5903508994273956
0.5903543716508235
0.5903578438742514
0.5903613160976792
0.5903647883211071
0.590368260544535
0.5903717327679627
0.5903752049913906
0.5903786772148184
0.5903821494382463
0.5903856216616742
0.5903890938851021
0.5903925661085299
0.5903960383319578
0.5903995105553856
0.5904029827788134
0.5904064550022413
0.5904099272256691
0.590413399449097
0.5904168716725249
0.5904203438959528
0.5904238161193806
0.5904272883428084
0.5904307605662363
0.5904342327896642
0.590437705013092
0.5904411772365198
0.5904446494599477
0.5904481216833756
0.5904515939068035
0.5904550661302312
0.5904585383536591
0.590462010577087
0.5904654828005149
0.5904689550239427
0.5904724272473706
0.5904758994707984
0.5904793716942263
0.5904828439176542
0.5904863161410819
0.5904897883645098
0.5904932605879377
0.5904967328113656
0.5905002050347934
0.5905036772582213
0.5905071494816491
0.590510621705077
0.5905140939285048
0.5905175661519326
0.5905210383753605
0.5905245105987884
0.5905279828222163
0.5905314550456441
0.590534927269072
0.5905383994924998
0.5905418717159276
0.5905453439393555
0.5905488161627833
0.5905522883862112
0.5905557606096391
0.590559232833067
0.5905627050564948
0.5905661772799227
0.5905696495033504
0.5905731217267784
0.5905765939502062
0.590580066173634
0.5905835383970619
0.5905870106204898
0.5905904828439177
0.5905939550673455
0.5905974272907734
0.5906008995142011
0.5906043717376291
0.5906078439610569
0.5906113161844848
0.5906147884079126
0.5906182606313405
0.5906217328547684
