0.3156251095920519
0.31562858181547976
0.3156320540389076
0.31563552626233554
0.3156389984857634
0.3156424707091912
0.31564594293261905
0.3156494151560469
0.3156528873794748
0.3156563596029026
0.31565983182633045
0.3156633040497583
0.3156667762731862
0.31567024849661407
0.3156737207200419
0.31567719294346974
0.31568066516689763
0.31568413739032547
0.3156876096137533
0.31569108183718114
0.31569455406060903
0.31569802628403687
0.31570149850746476
0.3157049707308926
0.31570844295432043
0.3157119151777483
0.3157153874011762
0.31571885962460405
0.3157223318480319
0.3157258040714597
0.31572927629488756
0.31573274851831545
0.3157362207417433
0.3157396929651711
0.315743165188599
0.31574663741202685
0.31575010963545475
0.3157535818588826
0.3157570540823104
0.31576052630573825
0.31576399852916615
0.315767470752594
0.3157709429760218
0.3157744151994497
0.3157778874228776
0.31578135964630544
0.3157848318697333
0.31578830409316117
0.315791776316589
0.31579524854001684
0.3157987207634447
0.3158021929868725
0.31580566521030035
0.3158091374337283
0.31581260965715613
0.31581608188058397
0.3158195541040118
0.3158230263274397
0.31582649855086753
0.31582997077429537
0.3158334429977232
0.3158369152211511
0.31584038744457893
0.3158438596680068
0.31584733189143466
0.31585080411486255
0.3158542763382904
0.3158577485617183
0.3158612207851461
0.31586469300857395
0.3158681652320018
0.3158716374554297
0.3158751096788575
0.31587858190228535
0.3158820541257132
0.31588552634914113
0.31588899857256897
0.3158924707959968
0.31589594301942464
0.3158994152428525
0.31590288746628037
0.3159063596897082
0.31590983191313604
0.3159133041365639
0.31591677635999177
0.31592024858341966
0.3159237208068475
0.31592719303027533
0.3159306652537032
0.31593413747713106
0.3159376097005589
0.31594108192398673
0.3159445541474146
0.31594802637084246
0.31595149859427035
0.3159549708176982
0.315958443041126
0.3159619152645539
0.3159653874879818
0.3159688597114096
0.3159723319348374
0.31597580415826526
0.31597927638169315
0.31598274860512104
0.3159862208285489
0.3159896930519767
0.3159931652754046
0.31599663749883244
0.31600010972226034
0.3160035819456882
0.316007054169116
0.31601052639254384
0.31601399861597174
0.3160174708393996
0.3160209430628274
0.3160244152862553
0.3160278875096832
0.31603135973311103
0.31603483195653886
0.3160383041799667
0.3160417764033946
0.31604524862682243
0.31604872085025026
0.3160521930736781
0.31605566529710594
0.3160591375205339
0.3160626097439617
0.31606608196738956
0.3160695541908174
0.3160730264142453
0.3160764986376731
0.31607997086110096
0.3160834430845288
0.3160869153079567
0.3160903875313845
0.3160938597548124
0.31609733197824025
0.31610080420166814
0.316104276425096
0.31610774864852387
0.31611122087195165
0.31611469309537954
0.3161181653188074
0.31612163754223527
0.3161251097656631
0.31612858198909094
0.3161320542125188
0.3161355264359467
0.31613899865937456
0.3161424708828024
0.31614594310623023
0.31614941532965807
0.31615288755308596
0.3161563597765138
0.31615983199994163
0.31616330422336947
0.31616677644679736
0.31617024867022525
0.3161737208936531
0.3161771931170809
0.31618066534050876
0.31618413756393665
0.3161876097873645
0.3161910820107923
0.3161945542342202
0.31619802645764805
0.31620149868107594
0.3162049709045038
0.3162084431279316
0.3162119153513595
0.31621538757478734
0.3162188597982152
0.316222332021643
0.31622580424507085
0.31622927646849874
0.31623274869192664
0.31623622091535447
0.3162396931387823
0.3162431653622102
0.31624663758563804
0.3162501098090659
0.3162535820324937
0.31625705425592154
0.31626052647934944
0.3162639987027773
0.31626747092620516
0.316270943149633
0.3162744153730609
0.3162778875964888
0.3162813598199166
0.31628483204334445
0.3162883042667723
0.3162917764902002
0.316295248713628
0.31629872093705586
0.3163021931604837
0.3163056653839115
0.3163091376073395
0.3163126098307673
0.31631608205419515
