0.010763892626351523
0.010767364849779451
0.010770837073207286
0.01077430929663512
0.010777781520063048
0.010781253743490883
0.010784725966918717
0.010788198190346552
0.010791670413774388
0.010795142637202314
0.010798614860630149
0.010802087084057985
0.010805559307485819
0.010809031530913747
0.010812503754341582
0.010815975977769416
0.01081944820119725
0.010822920424625085
0.010826392648053013
0.010829864871480847
0.010833337094908682
0.01083680931833661
0.010840281541764352
0.010843753765192279
0.010847225988620115
0.01085069821204795
0.010854170435475876
0.010857642658903712
0.010861114882331546
0.01086458710575938
0.010868059329187215
0.010871531552615143
0.010875003776042978
0.010878475999470812
0.010881948222898646
0.01088542044632648
0.010888892669754409
0.010892364893182243
0.01089583711661008
0.010899309340037914
0.010902781563465842
0.010906253786893583
0.01090972601032151
0.010913198233749345
0.01091667045717718
0.010920142680605108
0.010923614904032942
0.010927087127460777
0.010930559350888705
0.010934031574316445
0.010937503797744373
0.010940976021172208
0.010944448244600044
0.01094792046802797
0.010951392691455807
0.010954864914883641
0.010958337138311475
0.01096180936173931
0.010965281585167144
0.010968753808595072
0.010972226032022907
0.010975698255450741
0.010979170478878576
0.01098264270230641
0.010986114925734338
0.010989587149162173
0.010993059372590009
0.010996531596017935
0.011000003819445771
0.011003476042873606
0.01100694826630144
0.011010420489729274
0.011013892713157203
0.011017364936585037
0.011020837160012871
0.0110243093834408
0.01102778160686854
0.011031253830296468
0.011034726053724303
0.011038198277152137
0.011041670500579973
0.0110451427240079
0.011048614947435736
0.01105208717086357
0.011055559394291405
0.011059031617719239
0.011062503841147167
0.011065976064575002
0.011069448288002836
0.011072920511430764
0.011076392734858505
0.011079864958286433
0.011083337181714267
0.011086809405142103
0.01109028162857003
0.011093753851997864
0.0110972260754257
0.011100698298853535
0.01110417052228137
0.011107642745709297
0.011111114969137132
0.011114587192564966
0.0111180594159928
0.011121531639420635
0.011125003862848563
0.011128476086276397
0.011131948309704232
0.011135420533132068
0.011138892756559994
0.01114236497998783
0.011145837203415665
0.0111493094268435
0.011152781650271334
0.011156253873699262
0.011159726097127096
0.01116319832055493
0.011166670543982859
0.0111701427674106
0.011173614990838528
0.011177087214266362
0.011180559437694196
0.011184031661122125
0.011187503884549959
0.011190976107977795
0.01119444833140563
0.011197920554833464
0.011201392778261392
0.011204865001689227
0.011208337225117061
0.011211809448544895
0.011215281671972823
0.011218753895400658
0.011222226118828492
0.011225698342256327
0.011229170565684161
0.01123264278911209
0.011236115012539924
0.01123958723596776
0.011243059459395594
0.011246531682823429
0.011250003906251357
0.011253476129679191
0.011256948353107026
0.011260420576534954
0.011263892799962694
0.011267365023390622
0.011270837246818457
0.011274309470246291
0.01127778169367422
0.011281253917102054
0.011284726140529888
0.011288198363957724
0.011291670587385559
0.011295142810813487
0.011298615034241321
0.011302087257669156
0.01130555948109699
0.011309031704524918
0.011312503927952753
0.011315976151380587
0.011319448374808421
0.011322920598236256
0.011326392821664184
0.011329865045092018
0.011333337268519853
0.011336809491947781
0.011340281715375523
0.011343753938803451
0.011347226162231286
0.01135069838565912
0.011354170609087048
0.011357642832514883
0.011361115055942717
0.011364587279370552
0.011368059502798386
0.011371531726226314
0.011375003949654149
0.011378476173081983
0.011381948396509817
0.011385420619937654
0.01138889284336558
0.011392365066793416
0.01139583729022125
0.011399309513649085
0.011402781737077013
0.011406253960504754
0.011409726183932682
0.011413198407360516
0.01141667063078835
0.011420142854216279
0.011423615077644113
0.011427087301071948
0.011430559524499876
0.011434031747927618
0.011437503971355545
0.01144097619478338
0.011444448418211215
0.011447920641639143
0.011451392865066978
0.011454865088494812
