0.13090282323014693
0.1309062954535748
0.13090976767700263
0.13091323990043052
0.1309167121238583
0.1309201843472862
0.1309236565707141
0.1309271287941419
0.1309306010175698
0.13093407324099762
0.13093754546442551
0.13094101768785338
0.1309444899112812
0.13094796213470905
0.1309514343581369
0.13095490658156478
0.13095837880499264
0.13096185102842048
0.13096532325184837
0.13096879547527615
0.13097226769870404
0.13097573992213188
0.13097921214555974
0.13098268436898763
0.13098615659241547
0.13098962881584336
0.13099310103927114
0.13099657326269903
0.1310000454861269
0.13100351770955473
0.13100698993298263
0.13101046215641046
0.1310139343798383
0.13101740660326616
0.131020878826694
0.1310243510501219
0.13102782327354973
0.1310312954969776
0.1310347677204054
0.13103823994383326
0.13104171216726115
0.131045184390689
0.13104865661411685
0.1310521288375447
0.13105560106097258
0.13105907328440047
0.13106254550782825
0.13106601773125615
0.13106948995468395
0.13107296217811185
0.13107643440153974
0.13107990662496757
0.13108337884839544
0.13108685107182325
0.1310903232952511
0.131093795518679
0.13109726774210684
0.1311007399655347
0.13110421218896254
0.13110768441239043
0.1311111566358182
0.1311146288592461
0.13111810108267397
0.1311215733061018
0.1311250455295297
0.13112851775295753
0.13113198997638537
0.13113546219981326
0.1311389344232411
0.13114240664666896
0.1311458788700968
0.13114935109352469
0.13115282331695255
0.13115629554038036
0.13115976776380822
0.13116323998723606
0.13116671221066395
0.1311701844340918
0.13117365665751965
0.13117712888094754
0.13118060110437532
0.1311840733278032
0.13118754555123105
0.1311910177746589
0.1311944899980868
0.13119796222151464
0.13120143444494253
0.1312049066683703
0.1312083788917982
0.13121185111522607
0.1312153233386539
0.1312187955620818
0.13122226778550963
0.1312257400089375
0.1312292122323654
0.13123268445579317
0.13123615667922106
0.1312396289026489
0.13124310112607676
0.1312465733495046
0.1312500455729325
0.13125351779636033
0.13125699001978816
0.13126046224321603
0.13126393446664386
0.13126740669007175
0.13127087891349964
0.13127435113692743
0.13127782336035532
0.13128129558378315
0.13128476780721102
0.1312882400306389
0.13129171225406674
0.1312951844774946
0.13129865670092242
0.13130212892435028
0.13130560114777817
0.131309073371206
0.13131254559463387
0.1313160178180617
0.1313194900414896
0.13132296226491738
0.13132643448834527
0.13132990671177316
0.13133337893520097
0.13133685115862886
0.1313403233820567
0.1313437956054846
0.13134726782891246
0.13135074005234026
0.13135421227576813
0.13135768449919596
0.13136115672262386
0.13136462894605172
0.13136810116947956
0.1313715733929074
0.13137504561633523
0.13137851783976312
0.13138199006319098
0.13138546228661882
0.1313889345100467
0.13139240673347455
0.13139587895690238
0.13139935118033022
0.13140282340375808
0.13140629562718598
0.1314097678506138
0.1314132400740417
0.13141671229746948
0.13142018452089738
0.13142365674432524
0.13142712896775308
0.13143060119118097
0.1314340734146088
0.13143754563803667
0.13144101786146456
0.13144449008489234
0.13144796230832023
0.13145143453174807
0.13145490675517593
0.13145837897860377
0.13146185120203166
0.13146532342545955
0.13146879564888733
0.13147226787231522
0.13147574009574303
0.13147921231917092
0.13148268454259882
0.13148615676602665
0.13148962898945452
0.13149310121288232
0.1314965734363102
0.13150004565973808
0.13150351788316592
0.13150699010659378
0.13151046233002162
0.13151393455344945
0.13151740677687734
0.13152087900030518
0.13152435122373304
0.13152782344716088
0.13153129567058877
0.13153476789401655
0.13153824011744444
0.13154171234087234
0.13154518456430014
0.13154865678772804
0.13155212901115587
0.13155560123458376
0.13155907345801163
0.13156254568143944
0.1315660179048673
0.13156949012829514
0.13157296235172303
0.1315764345751509
0.13157990679857873
0.13158337902200662
0.1315868512454344
0.1315903234688623
0.13159379569229016
