0.1107639273485859
0.11076739957201368
0.11077087179544157
0.11077434401886944
0.11077781624229728
0.11078128846572516
0.110784760689153
0.11078823291258087
0.11079170513600867
0.11079517735943654
0.11079864958286442
0.11080212180629226
0.11080559402972014
0.11080906625314797
0.11081253847657586
0.11081601070000374
0.11081948292343152
0.11082295514685941
0.11082642737028724
0.11082989959371513
0.110833371817143
0.11083684404057084
0.11084031626399868
0.11084378848742651
0.11084726071085439
0.11085073293428227
0.1108542051577101
0.11085767738113798
0.11086114960456578
0.11086462182799366
0.11086809405142149
0.11087156627484937
0.11087503849827725
0.11087851072170508
0.11088198294513298
0.11088545516856076
0.11088892739198863
0.11089239961541653
0.11089587183884436
0.11089934406227224
0.11090281628570008
0.11090628850912795
0.11090976073255583
0.11091323295598363
0.1109167051794115
0.11092017740283934
0.11092364962626722
0.11092712184969505
0.11093059407312293
0.11093406629655081
0.1109375385199786
0.11094101074340648
0.11094448296683432
0.1109479551902622
0.11095142741369009
0.11095489963711792
0.11095837186054575
0.11096184408397358
0.11096531630740147
0.11096878853082935
0.11097226075425719
0.11097573297768507
0.1109792052011129
0.11098267742454074
0.11098614964796862
0.11098962187139645
0.11099309409482433
0.11099656631825217
0.11100003854168004
0.11100351076510784
0.11100698298853572
0.1110104552119636
0.11101392743539143
0.11101739965881931
0.11102087188224714
0.11102434410567504
0.11102781632910291
0.1110312885525307
0.11103476077595859
0.11103823299938641
0.1110417052228143
0.11104517744624218
0.11104864966967001
0.11105212189309789
0.11105559411652569
0.11105906633995356
0.11106253856338144
0.11106601078680928
0.11106948301023715
0.11107295523366499
0.11107642745709287
0.11107989968052066
0.11108337190394854
0.11108684412737642
0.11109031635080426
0.11109378857423215
0.11109726079765998
0.1111007330210878
0.1111042052445157
0.11110767746794353
0.11111114969137141
0.11111462191479925
0.11111809413822712
0.111121566361655
0.1111250385850828
0.11112851080851067
0.11113198303193851
0.11113545525536639
0.11113892747879422
0.1111423997022221
0.11114587192564998
0.11114934414907778
0.11115281637250565
0.11115628859593349
0.11115976081936137
0.11116323304278926
0.1111667052662171
0.11117017748964497
0.11117364971307275
0.11117712193650064
0.11118059415992852
0.11118406638335636
0.11118753860678424
0.11119101083021207
0.11119448305363995
0.11119795527706779
0.11120142750049562
0.1112048997239235
0.11120837194735134
0.11121184417077921
0.11121531639420705
0.11121878861763493
0.11122226084106276
0.1112257330644906
0.11122920528791848
0.11123267751134631
0.1112361497347742
0.11123962195820208
0.11124309418162986
0.11124656640505776
0.11125003862848559
0.11125351085191347
0.11125698307534135
0.11126045529876918
0.11126392752219706
0.11126739974562486
0.11127087196905273
0.11127434419248061
0.11127781641590845
0.11128128863933633
0.11128476086276416
0.11128823308619204
0.11129170530961983
0.11129517753304771
0.1112986497564756
0.11130212197990343
0.11130559420333132
0.11130906642675915
0.11131253865018703
0.11131601087361491
0.1113194830970427
0.11132295532047058
0.11132642754389842
0.1113298997673263
0.11133337199075417
0.11133684421418201
0.11134031643760985
0.11134378866103768
0.11134726088446556
0.11135073310789344
0.11135420533132127
0.11135767755474917
0.11136114977817695
0.11136462200160482
0.11136809422503266
0.11137156644846054
0.11137503867188843
0.11137851089531627
0.11138198311874414
0.11138545534217192
0.11138892756559982
0.1113923997890277
0.11139587201245553
0.11139934423588341
0.11140281645931124
0.11140628868273912
0.111409760906167
0.1114132331295948
0.11141670535302267
0.11142017757645051
0.11142364979987839
0.11142712202330622
0.1114305942467341
0.11143406647016199
0.11143753869358977
0.11144101091701766
0.11144448314044549
0.11144795536387338
0.11145142758730125
0.11145489981072909
