0.33506956078804195
0.33507303301146985
0.3350765052348977
0.33507997745832546
0.3350834496817533
0.3350869219051812
0.3350903941286091
0.3350938663520369
0.33509733857546475
0.3351008107988926
0.3351042830223205
0.3351077552457484
0.3351112274691762
0.33511469969260405
0.3351181719160319
0.3351216441394597
0.3351251163628876
0.33512858858631545
0.33513206080974334
0.3351355330331712
0.33513900525659907
0.3351424774800269
0.3351459497034548
0.33514942192688263
0.33515289415031047
0.3351563663737383
0.33515983859716614
0.335163310820594
0.3351667830440219
0.33517025526744976
0.3351737274908776
0.33517719971430543
0.33518067193773327
0.33518414416116116
0.335187616384589
0.33519108860801683
0.33519456083144467
0.33519803305487256
0.33520150527830045
0.3352049775017283
0.3352084497251561
0.335211921948584
0.3352153941720119
0.33521886639543974
0.3352223386188675
0.3352258108422954
0.33522928306572325
0.33523275528915114
0.335236227512579
0.3352396997360068
0.3352431719594347
0.3352466441828626
0.33525011640629043
0.33525358862971827
0.3352570608531461
0.335260533076574
0.33526400530000183
0.33526747752342967
0.3352709497468575
0.3352744219702854
0.33527789419371323
0.3352813664171411
0.33528483864056896
0.3352883108639968
0.33529178308742463
0.3352952553108525
0.33529872753428036
0.3353021997577082
0.3353056719811361
0.335309144204564
0.3353126164279918
0.33531608865141965
0.33531956087484754
0.3353230330982754
0.3353265053217032
0.33532997754513105
0.3353334497685589
0.3353369219919867
0.33534039421541467
0.3353438664388425
0.33534733866227034
0.3353508108856982
0.3353542831091261
0.33535775533255396
0.3353612275559818
0.3353646997794096
0.3353681720028375
0.3353716442262653
0.3353751164496932
0.33537858867312104
0.33538206089654893
0.33538553311997676
0.33538900534340466
0.3353924775668325
0.33539594979026033
0.33539942201368816
0.33540289423711606
0.3354063664605439
0.33540983868397173
0.33541331090739956
0.3354167831308275
0.33542025535425535
0.3354237275776832
0.335427199801111
0.33543067202453886
0.33543414424796675
0.3354376164713946
0.3354410886948224
0.33544456091825026
0.33544803314167815
0.33545150536510604
0.3354549775885339
0.3354584498119617
0.3354619220353896
0.33546539425881744
0.3354688664822453
0.3354723387056731
0.335475810929101
0.33547928315252884
0.33548275537595673
0.33548622759938457
0.3354896998228124
0.3354931720462403
0.3354966442696682
0.335500116493096
0.33550358871652386
0.33550706093995164
0.3355105331633796
0.3355140053868074
0.33551747761023526
0.3355209498336631
0.335524422057091
0.3355278942805188
0.3355313665039467
0.33553483872737455
0.3355383109508024
0.3355417831742302
0.3355452553976581
0.33554872762108595
0.3355521998445138
0.3355556720679417
0.33555914429136957
0.3355626165147974
0.33556608873822524
0.33556956096165313
0.33557303318508097
0.3355765054085088
0.33557997763193664
0.3355834498553645
0.3355869220787923
0.33559039430222026
0.3355938665256481
0.33559733874907594
0.33560081097250377
0.33560428319593166
0.3356077554193595
0.33561122764278734
0.33561469986621517
0.33561817208964306
0.3356216443130709
0.3356251165364988
0.3356285887599266
0.3356320609833545
0.33563553320678235
0.33563900543021025
0.3356424776536381
0.3356459498770659
0.33564942210049376
0.33565289432392165
0.3356563665473495
0.3356598387707773
0.33566331099420516
0.3356667832176331
0.33567025544106094
0.3356737276644888
0.3356771998879166
0.33568067211134445
0.33568414433477234
0.3356876165582002
0.335691088781628
0.33569456100505585
0.33569803322848374
0.33570150545191163
0.33570497767533947
0.3357084498987673
0.3357119221221952
0.33571539434562303
0.33571886656905087
0.3357223387924787
0.3357258110159066
0.33572928323933443
0.3357327554627623
0.33573622768619016
0.335739699909618
0.3357431721330459
0.3357466443564737
0.33575011657990156
0.3357535888033294
0.33575706102675723
0.3357605332501852
