0.3302084479890444
0.3302119202124723
0.33021539243590015
0.330218864659328
0.3302223368827558
0.3302258091061837
0.33022928132961155
0.33023275355303944
0.3302362257764673
0.3302396979998951
0.330243170223323
0.33024664244675084
0.3302501146701787
0.3302535868936065
0.33025705911703435
0.3302605313404623
0.33026400356389013
0.33026747578731797
0.3302709480107458
0.33027442023417364
0.3302778924576016
0.3302813646810294
0.33028483690445726
0.33028830912788504
0.33029178135131293
0.3302952535747408
0.33029872579816866
0.3303021980215965
0.3303056702450244
0.3303091424684523
0.3303126146918801
0.33031608691530795
0.3303195591387358
0.3303230313621636
0.3303265035855915
0.33032997580901935
0.3303334480324472
0.3303369202558751
0.33034039247930297
0.3303438647027308
0.33034733692615864
0.3303508091495865
0.33035428137301437
0.3303577535964422
0.33036122581987004
0.3303646980432979
0.33036817026672577
0.3303716424901536
0.3303751147135815
0.33037858693700933
0.33038205916043717
0.33038553138386506
0.3303890036072929
0.33039247583072073
0.33039594805414857
0.33039942027757646
0.33040289250100435
0.3304063647244322
0.33040983694786
0.3304133091712879
0.3304167813947158
0.33042025361814364
0.3304237258415715
0.3304271980649993
0.33043067028842715
0.33043414251185504
0.3304376147352829
0.3304410869587107
0.33044455918213855
0.33044803140556644
0.33045150362899434
0.3304549758524222
0.33045844807585
0.33046192029927784
0.3304653925227057
0.3304688647461336
0.3304723369695614
0.3304758091929893
0.33047928141641714
0.33048275363984503
0.33048622586327286
0.3304896980867007
0.3304931703101286
0.33049664253355643
0.33050011475698426
0.3305035869804121
0.33050705920383994
0.3305105314272679
0.3305140036506957
0.33051747587412356
0.3305209480975514
0.33052442032097923
0.3305278925444071
0.33053136476783496
0.3305348369912628
0.33053830921469063
0.3305417814381185
0.3305452536615464
0.33054872588497425
0.3305521981084021
0.33055567033183
0.33055914255525787
0.3305626147786857
0.33056608700211354
0.3305695592255414
0.3305730314489692
0.3305765036723971
0.33057997589582494
0.3305834481192528
0.33058692034268067
0.33059039256610856
0.3305938647895364
0.33059733701296423
0.33060080923639207
0.33060428145981996
0.3306077536832478
0.33061122590667563
0.33061469813010347
0.33061817035353136
0.3306216425769592
0.3306251148003871
0.3306285870238149
0.33063205924724276
0.33063553147067065
0.3306390036940985
0.3306424759175263
0.33064594814095416
0.33064942036438205
0.33065289258780994
0.3306563648112378
0.3306598370346656
0.3306633092580935
0.3306667814815214
0.3306702537049492
0.330673725928377
0.33067719815180485
0.33068067037523274
0.33068414259866064
0.33068761482208847
0.3306910870455163
0.33069455926894414
0.33069803149237204
0.3307015037157999
0.33070497593922776
0.3307084481626556
0.33071192038608344
0.33071539260951127
0.33071886483293916
0.330722337056367
0.3307258092797949
0.3307292815032227
0.3307327537266506
0.33073622595007846
0.3307396981735063
0.3307431703969341
0.330746642620362
0.33075011484378986
0.3307535870672177
0.3307570592906455
0.3307605315140735
0.3307640037375013
0.33076747596092915
0.330770948184357
0.3307744204077848
0.3307778926312127
0.33078136485464055
0.3307848370780684
0.3307883093014962
0.3307917815249241
0.330795253748352
0.33079872597177984
0.3308021981952077
0.33080567041863557
0.33080914264206346
0.33081261486549124
0.3308160870889191
0.33081955931234697
0.3308230315357748
0.3308265037592027
0.33082997598263053
0.33083344820605837
0.33083692042948626
0.33084039265291415
0.330843864876342
0.3308473370997698
0.33085080932319766
0.33085428154662555
0.3308577537700534
0.3308612259934812
0.33086469821690906
0.33086817044033695
0.3308716426637648
0.3308751148871927
0.3308785871106205
0.33088205933404835
0.3308855315574762
0.3308890037809041
0.3308924760043319
0.33089594822775975
0.33089942045118764
