0.22256952172552838
0.22257299394895627
0.22257646617238405
0.22257993839581192
0.22258341061923975
0.22258688284266764
0.22259035506609554
0.22259382728952337
0.2225972995129512
0.22260077173637902
0.2226042439598069
0.22260771618323474
0.22261118840666264
0.2226146606300905
0.22261813285351834
0.22262160507694617
0.222625077300374
0.2226285495238019
0.22263202174722976
0.2226354939706576
0.2226389661940855
0.22264243841751327
0.22264591064094116
0.22264938286436903
0.22265285508779686
0.22265632731122476
0.2226597995346526
0.22266327175808048
0.22266674398150835
0.22267021620493613
0.22267368842836402
0.22267716065179186
0.22268063287521975
0.22268410509864758
0.22268757732207545
0.22269104954550334
0.22269452176893112
0.222697993992359
0.22270146621578685
0.2227049384392147
0.2227084106626426
0.22271188288607044
0.22271535510949833
0.2227188273329261
0.22272229955635398
0.22272577177978187
0.2227292440032097
0.2227327162266376
0.22273618845006543
0.22273966067349327
0.22274313289692113
0.22274660512034897
0.22275007734377686
0.2227535495672047
0.22275702179063256
0.22276049401406037
0.22276396623748823
0.22276743846091612
0.22277091068434396
0.22277438290777182
0.22277785513119966
0.22278132735462755
0.22278479957805544
0.22278827180148322
0.2227917440249111
0.22279521624833892
0.22279868847176681
0.2228021606951947
0.22280563291862254
0.2228091051420504
0.2228125773654782
0.22281604958890608
0.22281952181233397
0.2228229940357618
0.22282646625918967
0.2228299384826175
0.2228334107060454
0.22283688292947318
0.22284035515290107
0.22284382737632893
0.22284729959975677
0.22285077182318466
0.2228542440466125
0.2228577162700404
0.2228611884934682
0.22286466071689603
0.22286813294032393
0.22287160516375176
0.22287507738717965
0.22287854961060752
0.22288202183403533
0.2228854940574632
0.22288896628089103
0.22289243850431892
0.22289591072774675
0.22289938295117462
0.2229028551746025
0.2229063273980303
0.22290979962145818
0.22291327184488602
0.22291674406831388
0.22292021629174177
0.2229236885151696
0.2229271607385975
0.22293063296202528
0.22293410518545315
0.22293757740888104
0.22294104963230887
0.22294452185573677
0.2229479940791646
0.22295146630259247
0.22295493852602036
0.22295841074944814
0.22296188297287603
0.22296535519630387
0.22296882741973173
0.22297229964315957
0.22297577186658746
0.2229792440900153
0.22298271631344313
0.222986188536871
0.22298966076029883
0.22299313298372672
0.2229966052071546
0.2230000774305824
0.22300354965401026
0.2230070218774381
0.22301049410086599
0.22301396632429388
0.2230174385477217
0.22302091077114958
0.22302438299457739
0.22302785521800525
0.22303132744143314
0.22303479966486098
0.22303827188828884
0.22304174411171668
0.22304521633514457
0.22304868855857235
0.22305216078200024
0.2230556330054281
0.22305910522885594
0.22306257745228383
0.22306604967571167
0.22306952189913956
0.22307299412256743
0.2230764663459952
0.2230799385694231
0.22308341079285093
0.22308688301627883
0.2230903552397067
0.22309382746313453
0.22309729968656236
0.2231007719099902
0.2231042441334181
0.22310771635684593
0.2231111885802738
0.22311466080370168
0.22311813302712952
0.22312160525055735
0.2231250774739852
0.22312854969741305
0.22313202192084094
0.22313549414426878
0.22313896636769667
0.22314243859112445
0.22314591081455232
0.2231493830379802
0.22315285526140805
0.22315632748483594
0.22315979970826377
0.22316327193169164
0.22316674415511953
0.2231702163785473
0.2231736886019752
0.22317716082540304
0.2231806330488309
0.22318410527225874
0.22318757749568663
0.22319104971911452
0.2231945219425423
0.22319799416597016
0.223201466389398
0.2232049386128259
0.22320841083625378
0.22321188305968162
0.22321535528310948
0.22321882750653727
0.22322229972996516
0.22322577195339305
0.22322924417682088
0.22323271640024875
0.22323618862367658
0.22323966084710442
0.2232431330705323
0.22324660529396015
0.223250077517388
0.22325354974081585
0.22325702196424374
0.22326049418767158
