0.16145838939527407
0.16146186161870194
0.16146533384212977
0.16146880606555766
0.1614722782889855
0.16147575051241336
0.1614792227358412
0.16148269495926904
0.16148616718269693
0.16148963940612476
0.16149311162955263
0.16149658385298052
0.16150005607640835
0.1615035282998362
0.16150700052326403
0.16151047274669192
0.16151394497011975
0.16151741719354762
0.1615208894169755
0.1615243616404033
0.16152783386383118
0.16153130608725902
0.16153477831068688
0.16153825053411477
0.1615417227575426
0.16154519498097047
0.16154866720439828
0.16155213942782615
0.16155561165125404
0.16155908387468187
0.16156255609810977
0.16156602832153757
0.16156950054496547
0.16157297276839336
0.16157644499182114
0.16157991721524903
0.16158338943867687
0.16158686166210473
0.16159033388553257
0.16159380610896046
0.16159727833238832
0.16160075055581613
0.161604222779244
0.16160769500267183
0.16161116722609972
0.1616146394495276
0.16161811167295542
0.16162158389638326
0.1616250561198111
0.161628528343239
0.16163200056666688
0.1616354727900947
0.16163894501352258
0.16164241723695036
0.16164588946037825
0.16164936168380614
0.16165283390723398
0.16165630613066184
0.16165977835408968
0.16166325057751757
0.16166672280094535
0.16167019502437324
0.1616736672478011
0.16167713947122894
0.16168061169465683
0.16168408391808467
0.16168755614151253
0.16169102836494043
0.1616945005883682
0.1616979728117961
0.16170144503522393
0.16170491725865183
0.1617083894820797
0.16171186170550753
0.16171533392893542
0.1617188061523632
0.1617222783757911
0.16172575059921893
0.1617292228226468
0.16173269504607468
0.16173616726950252
0.16173963949293035
0.1617431117163582
0.16174658393978605
0.16175005616321395
0.16175352838664178
0.16175700061006965
0.16176047283349748
0.16176394505692532
0.1617674172803532
0.16177088950378105
0.16177436172720894
0.16177783395063675
0.16178130617406464
0.16178477839749253
0.1617882506209203
0.1617917228443482
0.16179519506777604
0.1617986672912039
0.16180213951463174
0.16180561173805963
0.1618090839614875
0.1618125561849153
0.16181602840834317
0.161819500631771
0.1618229728551989
0.16182644507862676
0.1618299173020546
0.16183338952548249
0.16183686174891027
0.16184033397233816
0.16184380619576605
0.16184727841919389
0.16185075064262175
0.16185422286604959
0.16185769508947748
0.1618611673129053
0.16186463953633315
0.161868111759761
0.16187158398318885
0.16187505620661674
0.16187852843004458
0.1618820006534724
0.16188547287690028
0.1618889451003281
0.161892417323756
0.16189588954718384
0.1618993617706117
0.1619028339940396
0.16190630621746738
0.16190977844089527
0.1619132506643231
0.161916722887751
0.16192019511117886
0.1619236673346067
0.1619271395580346
0.16193061178146237
0.16193408400489026
0.1619375562283181
0.16194102845174596
0.16194450067517385
0.1619479728986017
0.16195144512202955
0.16195491734545736
0.16195838956888522
0.16196186179231312
0.16196533401574095
0.16196880623916882
0.16197227846259665
0.16197575068602454
0.16197922290945238
0.16198269513288022
0.1619861673563081
0.16198963957973594
0.1619931118031638
0.1619965840265917
0.16200005625001954
0.16200352847344737
0.1620070006968752
0.16201047292030307
0.1620139451437309
0.1620174173671588
0.16202088959058666
0.16202436181401447
0.16202783403744234
0.16203130626087017
0.16203477848429806
0.16203825070772593
0.16204172293115376
0.16204519515458166
0.16204866737800944
0.16205213960143733
0.16205561182486522
0.16205908404829306
0.16206255627172092
0.16206602849514876
0.16206950071857665
0.1620729729420045
0.16207644516543232
0.16207991738886018
0.16208338961228802
0.1620868618357159
0.16209033405914375
0.1620938062825716
0.1620972785059995
0.16210075072942728
0.16210422295285518
0.162107695176283
0.16211116739971088
0.16211463962313877
0.1621181118465666
0.16212158406999444
0.16212505629342228
0.16212852851685017
0.16213200074027803
0.16213547296370587
0.16213894518713376
0.16214241741056154
0.16214588963398943
0.16214936185741727
