0.29548621371049083
0.29548968593391867
0.29549315815734656
0.29549663038077445
0.2955001026042023
0.2955035748276301
0.295507047051058
0.2955105192744859
0.29551399149791374
0.2955174637213416
0.2955209359447694
0.29552440816819725
0.29552788039162514
0.295531352615053
0.2955348248384808
0.29553829706190865
0.29554176928533654
0.29554524150876443
0.29554871373219227
0.2955521859556201
0.29555565817904794
0.2955591304024758
0.29556260262590367
0.2955660748493315
0.2955695470727594
0.29557301929618723
0.2955764915196151
0.29557996374304296
0.2955834359664708
0.2955869081898987
0.2955903804133265
0.29559385263675436
0.2955973248601822
0.29560079708361003
0.295604269307038
0.2956077415304658
0.29561121375389365
0.2956146859773215
0.2956181582007493
0.2956216304241772
0.29562510264760505
0.2956285748710329
0.2956320470944607
0.2956355193178886
0.2956389915413165
0.29564246376474435
0.2956459359881722
0.2956494082116001
0.29565288043502796
0.2956563526584558
0.29565982488188364
0.2956632971053115
0.2956667693287393
0.2956702415521672
0.29567371377559504
0.2956771859990229
0.29568065822245077
0.29568413044587866
0.2956876026693065
0.29569107489273433
0.29569454711616217
0.29569801933959
0.2957014915630179
0.29570496378644573
0.29570843600987357
0.29571190823330146
0.2957153804567293
0.2957188526801572
0.295722324903585
0.29572579712701286
0.29572926935044075
0.2957327415738686
0.2957362137972964
0.29573968602072426
0.29574315824415215
0.29574663046758004
0.2957501026910079
0.2957535749144357
0.2957570471378636
0.2957605193612915
0.2957639915847193
0.2957674638081471
0.29577093603157495
0.2957744082550028
0.29577788047843073
0.29578135270185857
0.2957848249252864
0.29578829714871424
0.29579176937214213
0.29579524159557
0.29579871381899786
0.2958021860424257
0.29580565826585353
0.29580913048928137
0.29581260271270926
0.2958160749361371
0.295819547159565
0.2958230193829928
0.2958264916064207
0.29582996382984855
0.2958334360532764
0.2958369082767042
0.2958403805001321
0.29584385272355995
0.2958473249469878
0.2958507971704156
0.29585426939384357
0.2958577416172714
0.29586121384069924
0.2958646860641271
0.2958681582875549
0.2958716305109828
0.29587510273441064
0.2958785749578385
0.2958820471812663
0.2958855194046942
0.2958889916281221
0.29589246385154994
0.2958959360749778
0.29589940829840566
0.29590288052183356
0.29590635274526134
0.2959098249686892
0.29591329719211706
0.2959167694155449
0.2959202416389728
0.29592371386240063
0.29592718608582846
0.29593065830925636
0.29593413053268425
0.2959376027561121
0.2959410749795399
0.29594454720296776
0.2959480194263956
0.2959514916498235
0.2959549638732513
0.29595843609667916
0.29596190832010705
0.2959653805435349
0.2959688527669628
0.2959723249903906
0.29597579721381845
0.2959792694372463
0.2959827416606742
0.295986213884102
0.29598968610752985
0.29599315833095774
0.29599663055438563
0.29600010277781347
0.2960035750012413
0.2960070472246692
0.29601051944809703
0.29601399167152487
0.2960174638949527
0.29602093611838054
0.2960244083418084
0.2960278805652363
0.29603135278866416
0.296034825012092
0.29603829723551983
0.2960417694589477
0.2960452416823756
0.2960487139058034
0.29605218612923123
0.2960556583526591
0.29605913057608696
0.29606260279951485
0.2960660750229427
0.2960695472463706
0.2960730194697984
0.2960764916932263
0.29607996391665414
0.296083436140082
0.2960869083635098
0.2960903805869377
0.29609385281036554
0.2960973250337934
0.2961007972572212
0.29610426948064916
0.296107741704077
0.29611121392750483
0.29611468615093267
0.2961181583743605
0.29612163059778834
0.29612510282121624
0.29612857504464407
0.2961320472680719
0.2961355194914998
0.2961389917149277
0.2961424639383555
0.29614593616178336
0.29614940838521125
0.2961528806086391
0.2961563528320669
0.29615982505549476
0.29616329727892265
0.2961667695023505
0.2961702417257784
0.2961737139492062
0.29617718617263405
