0.7399308124759766
0.7399342846994044
0.7399377569228323
0.73994122914626
0.7399447013696879
0.7399481735931158
0.7399516458165437
0.7399551180399715
0.7399585902633995
0.7399620624868273
0.7399655347102552
0.739969006933683
0.7399724791571107
0.7399759513805386
0.7399794236039665
0.7399828958273944
0.7399863680508222
0.7399898402742502
0.739993312497678
0.7399967847211059
0.7400002569445336
0.7400037291679615
0.7400072013913893
0.7400106736148172
0.7400141458382451
0.740017618061673
0.7400210902851009
0.7400245625085287
0.7400280347319566
0.7400315069553843
0.7400349791788122
0.74003845140224
0.7400419236256679
0.7400453958490958
0.7400488680725236
0.7400523402959516
0.7400558125193794
0.7400592847428072
0.740062756966235
0.7400662291896629
0.7400697014130907
0.7400731736365186
0.7400766458599465
0.7400801180833744
0.7400835903068023
0.74008706253023
0.7400905347536579
0.7400940069770857
0.7400974792005136
0.7401009514239414
0.7401044236473693
0.7401078958707972
0.7401113680942251
0.740114840317653
0.7401183125410807
0.7401217847645086
0.7401252569879364
0.7401287292113643
0.7401322014347921
0.7401356736582201
0.7401391458816479
0.7401426181050758
0.7401460903285036
0.7401495625519314
0.7401530347753593
0.7401565069987871
0.740159979222215
0.7401634514456428
0.7401669236690707
0.7401703958924986
0.7401738681159264
0.7401773403393543
0.7401808125627821
0.74018428478621
0.7401877570096378
0.7401912292330657
0.7401947014564935
0.7401981736799215
0.7402016459033492
0.7402051181267771
0.740208590350205
0.7402120625736328
0.7402155347970607
0.7402190070204885
0.7402224792439164
0.7402259514673442
0.7402294236907722
0.7402328959141999
0.7402363681376278
0.7402398403610557
0.7402433125844836
0.7402467848079114
0.7402502570313393
0.7402537292547671
0.7402572014781948
0.7402606737016227
0.7402641459250506
0.7402676181484786
0.7402710903719064
0.7402745625953343
0.7402780348187621
0.74028150704219
0.7402849792656178
0.7402884514890457
0.7402919237124735
0.7402953959359013
0.7402988681593292
0.7403023403827571
0.740305812606185
0.7403092848296128
0.7403127570530407
0.7403162292764685
0.7403197014998963
0.7403231737233242
0.740326645946752
0.74033011817018
0.7403335903936078
0.7403370626170357
0.7403405348404635
0.7403440070638914
0.7403474792873191
0.740350951510747
0.7403544237341748
0.7403578959576027
0.7403613681810307
0.7403648404044585
0.7403683126278864
0.7403717848513142
0.740375257074742
0.7403787292981698
0.7403822015215977
0.7403856737450256
0.7403891459684535
0.7403926181918813
0.7403960904153092
0.7403995626387371
0.7404030348621649
0.7404065070855927
0.7404099793090205
0.7404134515324484
0.7404169237558762
0.7404203959793042
0.7404238682027321
0.7404273404261599
0.7404308126495878
0.7404342848730155
0.7404377570964434
0.7404412293198712
0.7404447015432991
0.740448173766727
0.7404516459901549
0.7404551182135827
0.7404585904370106
0.7404620626604385
0.7404655348838662
0.7404690071072941
0.7404724793307219
0.7404759515541498
0.7404794237775777
0.7404828960010056
0.7404863682244334
0.7404898404478613
0.7404933126712892
0.7404967848947169
0.7405002571181448
0.7405037293415726
0.7405072015650005
0.7405106737884283
0.7405141460118563
0.7405176182352842
0.7405210904587121
0.7405245626821398
0.7405280349055677
0.7405315071289955
0.7405349793524233
0.7405384515758512
0.7405419237992791
0.740545396022707
0.7405488682461348
0.7405523404695628
0.7405558126929905
0.7405592849164184
0.7405627571398462
0.7405662293632741
0.7405697015867019
0.7405731738101298
0.7405766460335577
0.7405801182569856
0.7405835904804134
0.7405870627038412
0.7405905349272691
0.7405940071506969
0.7405974793741248
0.7406009515975526
0.7406044238209805
0.7406078960444084
0.7406113682678361
0.7406148404912641
0.7406183127146919
0.7406217849381198
