0.5072918428096677
0.5072953150330956
0.5072987872565233
0.5073022594799511
0.5073057317033791
0.5073092039268069
0.5073126761502348
0.5073161483736626
0.5073196205970905
0.5073230928205184
0.5073265650439462
0.507330037267374
0.5073335094908019
0.5073369817142298
0.5073404539376576
0.5073439261610855
0.5073473983845133
0.5073508706079412
0.507354342831369
0.5073578150547969
0.5073612872782247
0.5073647595016526
0.5073682317250805
0.5073717039485083
0.5073751761719362
0.507378648395364
0.5073821206187918
0.5073855928422197
0.5073890650656476
0.5073925372890754
0.5073960095125033
0.5073994817359312
0.507402953959359
0.5074064261827869
0.5074098984062146
0.5074133706296425
0.5074168428530704
0.5074203150764983
0.5074237872999261
0.507427259523354
0.5074307317467819
0.5074342039702098
0.5074376761936376
0.5074411484170654
0.5074446206404932
0.5074480928639211
0.507451565087349
0.5074550373107768
0.5074585095342047
0.5074619817576326
0.5074654539810605
0.5074689262044882
0.5074723984279161
0.5074758706513439
0.5074793428747718
0.5074828150981997
0.5074862873216275
0.5074897595450554
0.5074932317684833
0.5074967039919112
0.5075001762153389
0.5075036484387668
0.5075071206621946
0.5075105928856225
0.5075140651090504
0.5075175373324782
0.5075210095559061
0.507524481779334
0.5075279540027618
0.5075314262261896
0.5075348984496175
0.5075383706730453
0.5075418428964732
0.5075453151199011
0.5075487873433289
0.5075522595667568
0.5075557317901846
0.5075592040136125
0.5075626762370403
0.5075661484604682
0.507569620683896
0.507573092907324
0.5075765651307518
0.5075800373541797
0.5075835095776075
0.5075869818010353
0.5075904540244632
0.507593926247891
0.5075973984713189
0.5076008706947467
0.5076043429181747
0.5076078151416025
0.5076112873650304
0.5076147595884581
0.507618231811886
0.5076217040353139
0.5076251762587417
0.5076286484821696
0.5076321207055974
0.5076355929290254
0.5076390651524532
0.507642537375881
0.5076460095993088
0.5076494818227367
0.5076529540461646
0.5076564262695924
0.5076598984930203
0.5076633707164481
0.5076668429398761
0.5076703151633039
0.5076737873867317
0.5076772596101595
0.5076807318335875
0.5076842040570153
0.5076876762804431
0.507691148503871
0.5076946207272988
0.5076980929507268
0.5077015651741545
0.5077050373975824
0.5077085096210102
0.5077119818444382
0.507715454067866
0.5077189262912939
0.5077223985147217
0.5077258707381496
0.5077293429615775
0.5077328151850052
0.5077362874084331
0.5077397596318609
0.5077432318552889
0.5077467040787167
0.5077501763021446
0.5077536485255724
0.5077571207490003
0.5077605929724281
0.5077640651958559
0.5077675374192838
0.5077710096427116
0.5077744818661396
0.5077779540895674
0.5077814263129953
0.5077848985364231
0.507788370759851
0.5077918429832788
0.5077953152067066
0.5077987874301345
0.5078022596535623
0.5078057318769903
0.5078092041004181
0.507812676323846
0.5078161485472737
0.5078196207707016
0.5078230929941295
0.5078265652175573
0.5078300374409852
0.507833509664413
0.507836981887841
0.5078404541112688
0.5078439263346967
0.5078473985581244
0.5078508707815523
0.5078543430049802
0.5078578152284081
0.5078612874518359
0.5078647596752638
0.5078682318986917
0.5078717041221195
0.5078751763455474
0.5078786485689751
0.507882120792403
0.5078855930158309
0.5078890652392588
0.5078925374626866
0.5078960096861145
0.5078994819095424
0.5079029541329702
0.507906426356398
0.5079098985798258
0.5079133708032537
0.5079168430266816
0.5079203152501095
0.5079237874735373
0.5079272596969652
0.5079307319203931
0.5079342041438208
0.5079376763672487
0.5079411485906765
0.5079446208141044
0.5079480930375323
0.5079515652609602
0.507955037484388
0.5079585097078159
0.5079619819312438
0.5079654541546715
0.5079689263780994
0.5079723986015272
0.5079758708249551
0.507979343048383
0.5079828152718109
