0.618402992501039
0.6184064647244669
0.6184099369478947
0.6184134091713226
0.6184168813947505
0.6184203536181784
0.6184238258416062
0.618427298065034
0.6184307702884619
0.6184342425118897
0.6184377147353176
0.6184411869587454
0.6184446591821733
0.6184481314056012
0.6184516036290291
0.6184550758524568
0.6184585480758847
0.6184620202993126
0.6184654925227404
0.6184689647461683
0.6184724369695961
0.618475909193024
0.6184793814164519
0.6184828536398798
0.6184863258633075
0.6184897980867355
0.6184932703101633
0.6184967425335912
0.618500214757019
0.6185036869804469
0.6185071592038747
0.6185106314273026
0.6185141036507305
0.6185175758741582
0.6185210480975862
0.618524520321014
0.6185279925444419
0.6185314647678697
0.6185349369912976
0.6185384092147254
0.6185418814381533
0.6185453536615811
0.6185488258850089
0.6185522981084368
0.6185557703318647
0.6185592425552926
0.6185627147787204
0.6185661870021483
0.618569659225576
0.6185731314490039
0.6185766036724318
0.6185800758958596
0.6185835481192875
0.6185870203427154
0.6185904925661433
0.6185939647895711
0.618597437012999
0.6186009092364267
0.6186043814598547
0.6186078536832825
0.6186113259067103
0.6186147981301383
0.6186182703535661
0.618621742576994
0.6186252148004218
0.6186286870238497
0.6186321592472774
0.6186356314707054
0.6186391036941332
0.6186425759175611
0.618646048140989
0.6186495203644168
0.6186529925878447
0.6186564648112725
0.6186599370347003
0.6186634092581281
0.6186668814815561
0.6186703537049839
0.6186738259284118
0.6186772981518396
0.6186807703752675
0.6186842425986954
0.6186877148221231
0.618691187045551
0.6186946592689788
0.6186981314924068
0.6187016037158346
0.6187050759392625
0.6187085481626903
0.6187120203861182
0.6187154926095461
0.6187189648329738
0.6187224370564017
0.6187259092798295
0.6187293815032575
0.6187328537266853
0.6187363259501132
0.6187397981735411
0.618743270396969
0.6187467426203968
0.6187502148438245
0.6187536870672524
0.6187571592906802
0.6187606315141082
0.618764103737536
0.6187675759609639
0.6187710481843918
0.6187745204078197
0.6187779926312474
0.6187814648546753
0.6187849370781031
0.618788409301531
0.6187918815249589
0.6187953537483867
0.6187988259718146
0.6188022981952424
0.6188057704186704
0.6188092426420981
0.618812714865526
0.6188161870889538
0.6188196593123817
0.6188231315358096
0.6188266037592374
0.6188300759826653
0.618833548206093
0.618837020429521
0.6188404926529488
0.6188439648763767
0.6188474370998045
0.6188509093232324
0.6188543815466603
0.6188578537700881
0.618861325993516
0.6188647982169438
0.6188682704403717
0.6188717426637995
0.6188752148872274
0.6188786871106552
0.6188821593340831
0.618885631557511
0.6188891037809389
0.6188925760043666
0.6188960482277945
0.6188995204512224
0.6189029926746502
0.6189064648980781
0.6189099371215059
0.6189134093449338
0.6189168815683617
0.6189203537917896
0.6189238260152173
0.6189272982386452
0.6189307704620731
0.6189342426855009
0.6189377149089288
0.6189411871323566
0.6189446593557845
0.6189481315792124
0.6189516038026402
0.618955076026068
0.6189585482494959
0.6189620204729238
0.6189654926963516
0.6189689649197795
0.6189724371432073
0.6189759093666352
0.618979381590063
0.6189828538134909
0.6189863260369187
0.6189897982603466
0.6189932704837745
0.6189967427072023
0.6190002149306302
0.619003687154058
0.6190071593774858
0.6190106316009137
0.6190141038243416
0.6190175760477694
0.6190210482711974
0.6190245204946252
0.6190279927180531
0.6190314649414809
0.6190349371649086
0.6190384093883365
0.6190418816117644
0.6190453538351923
0.6190488260586201
0.619052298282048
0.6190557705054759
0.6190592427289038
0.6190627149523316
0.6190661871757595
0.6190696593991872
0.6190731316226151
0.619076603846043
0.6190800760694708
0.6190835482928987
0.6190870205163266
0.6190904927397545
0.6190939649631823
