0.17395839373555338
0.1739618659589812
0.17396533818240906
0.17396881040583695
0.17397228262926479
0.17397575485269265
0.17397922707612049
0.17398269929954832
0.1739861715229762
0.17398964374640405
0.1739931159698319
0.17399658819325975
0.17400006041668764
0.17400353264011553
0.1740070048635433
0.1740104770869712
0.174013949310399
0.1740174215338269
0.17402089375725474
0.17402436598068263
0.1740278382041105
0.1740313104275383
0.17403478265096617
0.174038254874394
0.1740417270978219
0.17404519932124976
0.1740486715446776
0.1740521437681055
0.17405561599153327
0.17405908821496116
0.17406256043838902
0.17406603266181686
0.17406950488524475
0.1740729771086726
0.17407644933210048
0.17407992155552832
0.17408339377895612
0.17408686600238402
0.17409033822581185
0.17409381044923974
0.17409728267266758
0.17410075489609542
0.17410422711952328
0.17410769934295112
0.174111171566379
0.17411464378980684
0.1741181160132347
0.1741215882366626
0.17412506046009038
0.17412853268351827
0.1741320049069461
0.17413547713037397
0.17413894935380186
0.1741424215772297
0.1741458938006576
0.17414936602408537
0.17415283824751326
0.17415631047094107
0.17415978269436896
0.17416325491779686
0.1741667271412247
0.17417019936465256
0.17417367158808036
0.17417714381150823
0.17418061603493612
0.17418408825836396
0.17418756048179182
0.17419103270521966
0.17419450492864755
0.17419797715207544
0.17420144937550322
0.17420492159893108
0.17420839382235892
0.1742118660457868
0.1742153382692147
0.17421881049264254
0.17422228271607038
0.17422575493949818
0.17422922716292608
0.1742326993863539
0.1742361716097818
0.17423964383320967
0.17424311605663748
0.17424658828006534
0.17425006050349318
0.17425353272692107
0.17425700495034893
0.17426047717377677
0.17426394939720466
0.17426742162063244
0.17427089384406033
0.1742743660674882
0.17427783829091603
0.17428131051434392
0.17428478273777176
0.17428825496119965
0.17429172718462752
0.17429519940805532
0.1742986716314832
0.17430214385491102
0.17430561607833892
0.17430908830176675
0.17431256052519462
0.1743160327486225
0.1743195049720503
0.17432297719547818
0.17432644941890602
0.17432992164233388
0.17433339386576177
0.1743368660891896
0.17434033831261744
0.17434381053604528
0.17434728275947314
0.17435075498290104
0.17435422720632887
0.17435769942975676
0.1743611716531846
0.17436464387661244
0.17436811610004024
0.17437158832346814
0.17437506054689603
0.17437853277032386
0.17438200499375173
0.17438547721717954
0.1743889494406074
0.1743924216640353
0.17439589388746313
0.174399366110891
0.17440283833431883
0.17440631055774672
0.1744097827811746
0.1744132550046024
0.17441672722803025
0.1744201994514581
0.17442367167488598
0.17442714389831387
0.1744306161217417
0.17443408834516957
0.17443756056859738
0.17444103279202525
0.17444450501545308
0.17444797723888097
0.17445144946230884
0.17445492168573667
0.17445839390916457
0.17446186613259235
0.17446533835602024
0.1744688105794481
0.17447228280287594
0.17447575502630383
0.17447922724973167
0.1744826994731595
0.1744861716965874
0.1744896439200152
0.1744931161434431
0.17449658836687093
0.17450006059029882
0.1745035328137267
0.1745070050371545
0.17451047726058236
0.1745139494840102
0.1745174217074381
0.17452089393086592
0.1745243661542938
0.17452783837772168
0.17453131060114946
0.17453478282457735
0.1745382550480052
0.17454172727143305
0.17454519949486094
0.17454867171828878
0.17455214394171667
0.17455561616514445
0.17455908838857231
0.1745625606120002
0.17456603283542804
0.17456950505885593
0.17457297728228377
0.17457644950571163
0.17457992172913947
0.1745833939525673
0.1745868661759952
0.17459033839942303
0.1745938106228509
0.17459728284627873
0.17460075506970663
0.17460422729313446
0.1746076995165623
0.17461117173999016
0.174614643963418
0.1746181161868459
0.17462158841027378
0.17462506063370156
0.17462853285712945
0.17463200508055726
0.17463547730398515
0.17463894952741305
0.17464242175084088
0.17464589397426875
0.17464936619769655
