0.7607641530431087
0.7607676252665366
0.7607710974899644
0.7607745697133923
0.7607780419368201
0.760781514160248
0.7607849863836758
0.7607884586071036
0.7607919308305315
0.7607954030539594
0.7607988752773873
0.7608023475008151
0.760805819724243
0.7608092919476708
0.7608127641710987
0.7608162363945264
0.7608197086179543
0.7608231808413822
0.7608266530648102
0.7608301252882379
0.7608335975116659
0.7608370697350937
0.7608405419585215
0.7608440141819494
0.7608474864053771
0.7608509586288051
0.7608544308522328
0.7608579030756608
0.7608613752990886
0.7608648475225166
0.7608683197459444
0.7608717919693723
0.7608752641928
0.7608787364162279
0.7608822086396557
0.7608856808630836
0.7608891530865115
0.7608926253099394
0.7608960975333673
0.7608995697567951
0.760903041980223
0.7609065142036507
0.7609099864270786
0.7609134586505064
0.7609169308739343
0.7609204030973621
0.76092387532079
0.760927347544218
0.7609308197676458
0.7609342919910737
0.7609377642145014
0.7609412364379293
0.7609447086613572
0.760948180884785
0.7609516531082129
0.7609551253316407
0.7609585975550687
0.7609620697784965
0.7609655420019243
0.7609690142253521
0.76097248644878
0.7609759586722078
0.7609794308956357
0.7609829031190636
0.7609863753424915
0.7609898475659194
0.7609933197893471
0.760996792012775
0.7610002642362028
0.7610037364596307
0.7610072086830585
0.7610106809064865
0.7610141531299143
0.7610176253533422
0.7610210975767701
0.7610245698001978
0.7610280420236257
0.7610315142470535
0.7610349864704814
0.7610384586939093
0.7610419309173371
0.761045403140765
0.7610488753641929
0.7610523475876207
0.7610558198110485
0.7610592920344764
0.7610627642579042
0.7610662364813321
0.7610697087047599
0.7610731809281878
0.7610766531516157
0.7610801253750435
0.7610835975984714
0.7610870698218992
0.7610905420453271
0.7610940142687549
0.7610974864921828
0.7611009587156106
0.7611044309390386
0.7611079031624663
0.7611113753858944
0.7611148476093221
0.7611183198327499
0.7611217920561778
0.7611252642796056
0.7611287365030335
0.7611322087264613
0.7611356809498893
0.761139153173317
0.7611426253967449
0.7611460976201728
0.7611495698436007
0.7611530420670285
0.7611565142904564
0.7611599865138842
0.7611634587373121
0.7611669309607398
0.7611704031841677
0.7611738754075957
0.7611773476310235
0.7611808198544514
0.7611842920778792
0.7611877643013071
0.7611912365247349
0.7611947087481628
0.7611981809715906
0.7612016531950184
0.7612051254184464
0.7612085976418741
0.7612120698653021
0.7612155420887299
0.7612190143121578
0.7612224865355856
0.7612259587590134
0.7612294309824413
0.7612329032058692
0.761236375429297
0.7612398476527249
0.7612433198761528
0.7612467920995806
0.7612502643230085
0.7612537365464362
0.7612572087698641
0.7612606809932919
0.7612641532167198
0.7612676254401477
0.7612710976635756
0.7612745698870035
0.7612780421104313
0.7612815143338592
0.7612849865572869
0.7612884587807148
0.7612919310041427
0.7612954032275706
0.7612988754509985
0.7613023476744263
0.7613058198978542
0.761309292121282
0.7613127643447098
0.7613162365681376
0.7613197087915655
0.7613231810149934
0.7613266532384213
0.7613301254618491
0.761333597685277
0.7613370699087049
0.7613405421321326
0.7613440143555605
0.7613474865789883
0.7613509588024163
0.761354431025844
0.761357903249272
0.7613613754726998
0.7613648476961277
0.7613683199195556
0.7613717921429833
0.7613752643664112
0.761378736589839
0.7613822088132669
0.7613856810366948
0.7613891532601227
0.7613926254835506
0.7613960977069785
0.7613995699304063
0.761403042153834
0.7614065143772619
0.7614099866006897
0.7614134588241176
0.7614169310475455
0.7614204032709733
0.7614238754944012
0.7614273477178292
0.7614308199412569
0.7614342921646848
0.7614377643881126
0.7614412366115405
0.7614447088349684
0.7614481810583961
0.7614516532818241
0.7614551255052519
