0.4565973807629794
0.45660085298640724
0.4566043252098352
0.456607797433263
0.45661126965669085
0.4566147418801187
0.4566182141035466
0.4566216863269744
0.45662515855040225
0.4566286307738301
0.4566321029972579
0.4566355752206859
0.4566390474441137
0.45664251966754155
0.4566459918909694
0.4566494641143973
0.4566529363378251
0.45665640856125295
0.4566598807846808
0.4566633530081086
0.45666682523153657
0.4566702974549644
0.45667376967839224
0.4566772419018201
0.45668071412524797
0.4566841863486758
0.45668765857210364
0.4566911307955315
0.4566946030189593
0.45669807524238726
0.4567015474658151
0.45670501968924293
0.45670849191267077
0.4567119641360987
0.45671543635952655
0.4567189085829544
0.45672238080638217
0.45672585302981
0.45672932525323795
0.4567327974766658
0.4567362697000936
0.45673974192352146
0.4567432141469494
0.45674668637037724
0.4567501585938051
0.4567536308172329
0.45675710304066075
0.45676057526408864
0.4567640474875165
0.4567675197109443
0.45677099193437215
0.4567744641578001
0.45677793638122793
0.45678140860465577
0.4567848808280836
0.45678835305151144
0.45679182527493933
0.45679529749836717
0.456798769721795
0.45680224194522284
0.4568057141686508
0.4568091863920786
0.45681265861550646
0.4568161308389343
0.45681960306236213
0.45682307528579
0.45682654750921786
0.4568300197326457
0.45683349195607353
0.4568369641795015
0.4568404364029293
0.45684390862635715
0.456847380849785
0.4568508530732128
0.4568543252966408
0.4568577975200686
0.45686126974349645
0.4568647419669242
0.4568682141903522
0.45687168641378
0.45687515863720785
0.4568786308606357
0.4568821030840635
0.45688557530749146
0.4568890475309193
0.45689251975434714
0.456895991977775
0.45689946420120287
0.4569029364246307
0.45690640864805854
0.4569098808714864
0.4569133530949142
0.45691682531834216
0.45692029754177
0.45692376976519783
0.45692724198862567
0.45693071421205356
0.4569341864354814
0.45693765865890923
0.45694113088233707
0.4569446031057649
0.45694807532919285
0.4569515475526207
0.4569550197760485
0.45695849199947636
0.45696196422290425
0.4569654364463321
0.4569689086697599
0.45697238089318776
0.4569758531166156
0.45697932534004354
0.4569827975634714
0.4569862697868992
0.45698974201032705
0.456993214233755
0.45699668645718283
0.45700015868061067
0.4570036309040385
0.4570071031274663
0.45701057535089423
0.45701404757432207
0.4570175197977499
0.45702099202117774
0.4570244642446057
0.4570279364680335
0.45703140869146136
0.4570348809148892
0.45703835313831703
0.4570418253617449
0.45704529758517276
0.4570487698086006
0.45705224203202843
0.4570557142554564
0.4570591864788842
0.45706265870231205
0.4570661309257399
0.4570696031491677
0.4570730753725956
0.45707654759602345
0.4570800198194513
0.4570834920428791
0.45708696426630707
0.4570904364897349
0.45709390871316274
0.4570973809365906
0.4571008531600184
0.4571043253834463
0.45710779760687414
0.457111269830302
0.4571147420537298
0.45711821427715776
0.4571216865005856
0.45712515872401344
0.4571286309474413
0.4571321031708691
0.45713557539429706
0.4571390476177249
0.45714251984115273
0.45714599206458056
0.45714946428800846
0.4571529365114363
0.45715640873486413
0.45715988095829196
0.4571633531817198
0.45716682540514775
0.4571702976285756
0.4571737698520034
0.45717724207543126
0.45718071429885915
0.457184186522287
0.4571876587457148
0.45719113096914266
0.4571946031925705
0.45719807541599844
0.4572015476394263
0.4572050198628541
0.45720849208628195
0.45721196430970984
0.4572154365331377
0.4572189087565655
0.45722238097999335
0.4572258532034212
0.45722932542684913
0.45723279765027697
0.4572362698737048
0.45723974209713264
0.4572432143205606
0.45724668654398837
0.4572501587674162
0.45725363099084404
0.4572571032142719
0.4572605754376998
0.45726404766112766
0.4572675198845555
0.45727099210798333
0.4572744643314113
0.4572779365548391
0.45728140877826695
0.4572848810016948
0.4572883532251226
