0.977430894941283
0.9774343671647108
0.9774378393881387
0.9774413116115667
0.9774447838349943
0.9774482560584223
0.97745172828185
0.977455200505278
0.9774586727287059
0.9774621449521337
0.9774656171755616
0.9774690893989894
0.9774725616224171
0.977476033845845
0.977479506069273
0.9774829782927007
0.9774864505161287
0.9774899227395566
0.9774933949629844
0.9774968671864123
0.97750033940984
0.9775038116332679
0.9775072838566957
0.9775107560801237
0.9775142283035514
0.9775177005269794
0.9775211727504071
0.9775246449738351
0.977528117197263
0.9775315894206907
0.9775350616441187
0.9775385338675464
0.9775420060909744
0.9775454783144021
0.9775489505378301
0.977552422761258
0.9775558949846858
0.9775593672081136
0.9775628394315414
0.9775663116549693
0.9775697838783971
0.9775732561018251
0.9775767283252528
0.9775802005486808
0.9775836727721087
0.9775871449955365
0.9775906172189643
0.9775940894423921
0.97759756166582
0.9776010338892478
0.9776045061126758
0.9776079783361035
0.9776114505595315
0.9776149227829591
0.9776183950063871
0.977621867229815
0.9776253394532428
0.9776288116766708
0.9776322839000985
0.9776357561235265
0.9776392283469542
0.9776427005703822
0.97764617279381
0.9776496450172378
0.9776531172406657
0.9776565894640935
0.9776600616875216
0.9776635339109492
0.9776670061343772
0.9776704783578049
0.9776739505812329
0.9776774228046607
0.9776808950280885
0.9776843672515164
0.9776878394749442
0.9776913116983721
0.9776947839217999
0.977698256145228
0.9777017283686555
0.9777052005920837
0.9777086728155112
0.9777121450389392
0.9777156172623671
0.9777190894857949
0.977722561709223
0.9777260339326506
0.9777295061560787
0.9777329783795062
0.9777364506029343
0.9777399228263619
0.97774339504979
0.9777468672732178
0.9777503394966457
0.9777538117200737
0.9777572839435013
0.9777607561669294
0.9777642283903569
0.977767700613785
0.9777711728372128
0.9777746450606407
0.9777781172840685
0.9777815895074964
0.9777850617309242
0.9777885339543521
0.9777920061777801
0.9777954784012077
0.9777989506246357
0.9778024228480635
0.9778058950714914
0.9778093672949192
0.9778128395183471
0.9778163117417749
0.9778197839652027
0.9778232561886308
0.9778267284120584
0.9778302006354864
0.9778336728589141
0.9778371450823421
0.9778406173057699
0.9778440895291978
0.9778475617526258
0.9778510339760534
0.9778545061994814
0.9778579784229091
0.9778614506463371
0.9778649228697649
0.9778683950931928
0.9778718673166206
0.9778753395400485
0.9778788117634762
0.9778822839869041
0.9778857562103321
0.9778892284337598
0.9778927006571878
0.9778961728806156
0.9778996451040435
0.9779031173274713
0.9779065895508992
0.9779100617743269
0.9779135339977548
0.9779170062211828
0.9779204784446105
0.9779239506680385
0.9779274228914662
0.9779308951148942
0.977934367338322
0.9779378395617498
0.9779413117851778
0.9779447840086055
0.9779482562320335
0.9779517284554612
0.9779552006788892
0.977958672902317
0.9779621451257449
0.9779656173491726
0.9779690895726005
0.9779725617960283
0.9779760340194562
0.9779795062428842
0.9779829784663119
0.9779864506897399
0.9779899229131678
0.9779933951365956
0.9779968673600233
0.9780003395834512
0.978003811806879
0.9780072840303069
0.9780107562537349
0.9780142284771626
0.9780177007005906
0.9780211729240182
0.9780246451474462
0.9780281173708741
0.9780315895943019
0.9780350618177299
0.9780385340411576
0.9780420062645856
0.9780454784880133
0.9780489507114413
0.9780524229348692
0.9780558951582969
0.9780593673817248
0.9780628396051526
0.9780663118285805
0.9780697840520083
0.9780732562754363
0.978076728498864
0.978080200722292
0.9780836729457199
0.9780871451691476
0.9780906173925755
0.9780940896160033
0.9780975618394312
0.978101034062859
0.978104506286287
0.9781079785097146
0.9781114507331427
0.9781149229565703
0.9781183951799983
0.9781218674034262
