0.248263975091658
0.24826744731508585
0.24827091953851374
0.24827439176194152
0.2482778639853694
0.24828133620879728
0.2482848084322251
0.248288280655653
0.24829175287908084
0.24829522510250873
0.24829869732593657
0.2483021695493644
0.24830564177279227
0.2483091139962201
0.248312586219648
0.24831605844307586
0.24831953066650367
0.24832300288993153
0.24832647511335937
0.24832994733678726
0.2483334195602151
0.24833689178364296
0.24834036400707085
0.24834383623049863
0.24834730845392652
0.24835078067735436
0.24835425290078222
0.24835772512421012
0.24836119734763795
0.24836466957106584
0.24836814179449362
0.24837161401792152
0.24837508624134938
0.24837855846477722
0.2483820306882051
0.24838550291163294
0.2483889751350608
0.2483924473584887
0.24839591958191648
0.24839939180534437
0.2484028640287722
0.24840633625220007
0.2484098084756279
0.2484132806990558
0.2484167529224837
0.24842022514591147
0.24842369736933934
0.24842716959276717
0.24843064181619506
0.24843411403962296
0.2484375862630508
0.24844105848647863
0.24844453070990646
0.24844800293333433
0.24845147515676222
0.24845494738019006
0.24845841960361792
0.24846189182704573
0.2484653640504736
0.24846883627390143
0.24847230849732932
0.24847578072075718
0.24847925294418502
0.2484827251676129
0.2484861973910407
0.24848966961446858
0.24849314183789645
0.24849661406132428
0.24850008628475218
0.24850355850818
0.2485070307316079
0.24851050295503577
0.24851397517846358
0.24851744740189144
0.24852091962531928
0.24852439184874717
0.24852786407217503
0.24853133629560287
0.24853480851903076
0.24853828074245854
0.24854175296588643
0.24854522518931427
0.24854869741274213
0.24855216963617002
0.24855564185959786
0.2485591140830257
0.24856258630645353
0.2485660585298814
0.2485695307533093
0.24857300297673712
0.24857647520016501
0.24857994742359285
0.2485834196470207
0.24858689187044855
0.2485903640938764
0.24859383631730428
0.24859730854073211
0.24860078076415998
0.24860425298758787
0.24860772521101565
0.24861119743444354
0.24861466965787138
0.24861814188129924
0.24862161410472708
0.24862508632815497
0.24862855855158286
0.24863203077501064
0.2486355029984385
0.24863897522186634
0.24864244744529423
0.24864591966872213
0.24864939189214996
0.24865286411557783
0.24865633633900563
0.2486598085624335
0.2486632807858614
0.24866675300928923
0.2486702252327171
0.24867369745614493
0.24867716967957282
0.2486806419030006
0.2486841141264285
0.24868758634985635
0.2486910585732842
0.24869453079671208
0.24869800302013992
0.24870147524356775
0.24870494746699565
0.24870841969042345
0.24871189191385135
0.24871536413727918
0.24871883636070707
0.24872230858413494
0.24872578080756275
0.2487292530309906
0.24873272525441845
0.24873619747784634
0.2487396697012742
0.24874314192470204
0.24874661414812993
0.2487500863715577
0.2487535585949856
0.24875703081841344
0.2487605030418413
0.2487639752652692
0.24876744748869703
0.24877091971212492
0.2487743919355527
0.24877786415898057
0.24878133638240846
0.2487848086058363
0.24878828082926419
0.24879175305269202
0.24879522527611989
0.24879869749954772
0.24880216972297556
0.24880564194640345
0.24880911416983129
0.24881258639325915
0.24881605861668704
0.24881953084011488
0.2488230030635427
0.24882647528697055
0.2488299475103984
0.24883341973382625
0.24883689195725414
0.24884036418068203
0.2488438364041098
0.2488473086275377
0.24885078085096551
0.2488542530743934
0.2488577252978213
0.24886119752124913
0.248864669744677
0.2488681419681048
0.24887161419153267
0.24887508641496056
0.2488785586383884
0.24888203086181626
0.2488855030852441
0.248888975308672
0.24889244753209988
0.24889591975552766
0.24889939197895553
0.24890286420238336
0.24890633642581125
0.2489098086492391
0.24891328087266698
0.24891675309609484
0.24892022531952263
0.24892369754295052
0.24892716976637835
0.24893064198980625
0.2489341142132341
0.24893758643666195
0.24894105866008978
0.24894453088351762
0.2489480031069455
0.24895147533037337
0.2489549475538012
