0.09895836769387764
0.09896183991730552
0.09896531214073336
0.09896878436416123
0.09897225658758907
0.09897572881101695
0.09897920103444478
0.09898267325787262
0.0989861454813005
0.09898961770472833
0.09899308992815621
0.09899656215158405
0.09900003437501194
0.09900350659843977
0.0990069788218676
0.09901045104529549
0.09901392326872333
0.0990173954921512
0.09902086771557908
0.09902433993900688
0.09902781216243475
0.09903128438586259
0.09903475660929047
0.09903822883271834
0.09904170105614618
0.09904517327957406
0.09904864550300185
0.09905211772642973
0.09905558994985761
0.09905906217328544
0.09906253439671334
0.09906600662014116
0.09906947884356905
0.09907295106699683
0.09907642329042471
0.0990798955138526
0.09908336773728044
0.09908683996070831
0.09909031218413615
0.09909378440756403
0.0990972566309919
0.0991007288544197
0.09910420107784758
0.09910767330127541
0.09911114552470329
0.09911461774813117
0.099118089971559
0.09912156219498684
0.09912503441841468
0.09912850664184256
0.09913197886527039
0.09913545108869827
0.09913892331212616
0.09914239553555394
0.09914586775898183
0.09914933998240966
0.09915281220583755
0.09915628442926543
0.09915975665269326
0.09916322887612114
0.09916670109954893
0.09917017332297681
0.09917364554640469
0.09917711776983253
0.0991805899932604
0.09918406221668824
0.09918753444011612
0.09919100666354401
0.09919447888697179
0.09919795111039967
0.0992014233338275
0.0992048955572554
0.09920836778068322
0.09921184000411111
0.09921531222753899
0.09921878445096677
0.09922225667439466
0.0992257288978225
0.09922920112125037
0.09923267334467825
0.09923614556810609
0.09923961779153392
0.09924309001496176
0.09924656223838964
0.09925003446181752
0.09925350668524535
0.09925697890867323
0.09926045113210107
0.0992639233555289
0.09926739557895678
0.09927086780238462
0.09927434002581251
0.09927781224924033
0.09928128447266822
0.099284756696096
0.0992882289195239
0.09929170114295177
0.09929517336637961
0.09929864558980749
0.09930211781323532
0.0993055900366632
0.09930906226009108
0.09931253448351887
0.09931600670694675
0.09931947893037459
0.09932295115380246
0.09932642337723034
0.09932989560065818
0.09933336782408607
0.09933684004751385
0.09934031227094173
0.09934378449436962
0.09934725671779746
0.09935072894122533
0.09935420116465317
0.09935767338808105
0.09936114561150883
0.09936461783493672
0.0993680900583646
0.09937156228179243
0.09937503450522031
0.09937850672864815
0.09938197895207598
0.09938545117550386
0.0993889233989317
0.09939239562235958
0.09939586784578741
0.09939934006921529
0.09940281229264318
0.09940628451607096
0.09940975673949884
0.09941322896292668
0.09941670118635457
0.09942017340978239
0.09942364563321028
0.09942711785663816
0.09943059008006595
0.09943406230349383
0.09943753452692167
0.09944100675034954
0.09944447897377742
0.09944795119720526
0.09945142342063314
0.09945489564406093
0.09945836786748881
0.09946184009091669
0.09946531231434452
0.0994687845377724
0.09947225676120024
0.09947572898462813
0.09947920120805595
0.09948267343148379
0.09948614565491168
0.09948961787833951
0.09949309010176739
0.09949656232519523
0.0995000345486231
0.09950350677205094
0.09950697899547878
0.09951045121890666
0.09951392344233449
0.09951739566576237
0.09952086788919025
0.09952434011261804
0.09952781233604592
0.09953128455947376
0.09953475678290163
0.09953822900632953
0.09954170122975735
0.09954517345318524
0.09954864567661302
0.0995521179000409
0.09955559012346879
0.09955906234689663
0.0995625345703245
0.09956600679375234
0.09956947901718022
0.099572951240608
0.09957642346403589
0.09957989568746377
0.0995833679108916
0.09958684013431948
0.09959031235774732
0.0995937845811752
0.09959725680460309
0.09960072902803087
0.09960420125145875
0.09960767347488658
0.09961114569831446
0.09961461792174235
0.09961809014517019
0.09962156236859801
0.09962503459202585
0.09962850681545374
0.09963197903888157
0.09963545126230945
0.09963892348573733
0.09964239570916512
0.099645867932593
0.09964934015602084
