0.44479182110827126
0.4447952933316991
0.44479876555512693
0.44480223777855477
0.44480571000198266
0.4448091822254105
0.44481265444883833
0.44481612667226617
0.444819598895694
0.44482307111912195
0.4448265433425498
0.4448300155659776
0.44483348778940546
0.44483696001283335
0.4448404322362612
0.444843904459689
0.44484737668311686
0.4448508489065447
0.44485432112997264
0.4448577933534005
0.4448612655768283
0.44486473780025615
0.44486821002368404
0.4448716822471119
0.4448751544705397
0.44487862669396755
0.4448820989173954
0.44488557114082333
0.44488904336425117
0.444892515587679
0.44489598781110684
0.4448994600345348
0.4449029322579626
0.44490640448139046
0.4449098767048183
0.4449133489282461
0.444916821151674
0.44492029337510186
0.4449237655985297
0.44492723782195753
0.4449307100453855
0.4449341822688133
0.44493765449224115
0.444941126715669
0.4449445989390968
0.4449480711625247
0.44495154338595255
0.4449550156093804
0.4449584878328082
0.44496196005623617
0.444965432279664
0.44496890450309184
0.4449723767265197
0.4449758489499475
0.4449793211733754
0.44498279339680324
0.4449862656202311
0.4449897378436589
0.44499321006708686
0.4449966822905147
0.44500015451394254
0.4450036267373704
0.4450070989607982
0.4450105711842261
0.44501404340765394
0.4450175156310818
0.4450209878545096
0.44502446007793756
0.4450279323013654
0.44503140452479323
0.44503487674822106
0.4450383489716489
0.44504182119507685
0.4450452934185047
0.4450487656419325
0.44505223786536036
0.44505571008878825
0.4450591823122161
0.4450626545356439
0.44506612675907176
0.4450695989824996
0.44507307120592754
0.4450765434293554
0.4450800156527832
0.44508348787621105
0.44508696009963894
0.4450904323230668
0.4450939045464946
0.44509737676992245
0.4451008489933503
0.44510432121677823
0.44510779344020607
0.4451112656636339
0.44511473788706174
0.44511821011048963
0.44512168233391747
0.4451251545573453
0.44512862678077314
0.445132099004201
0.4451355712276289
0.44513904345105676
0.4451425156744846
0.44514598789791243
0.4451494601213404
0.44515293234476816
0.445156404568196
0.44515987679162383
0.44516334901505167
0.4451668212384796
0.44517029346190745
0.4451737656853353
0.4451772379087631
0.44518071013219107
0.4451841823556189
0.44518765457904674
0.4451911268024746
0.4451945990259024
0.4451980712493303
0.44520154347275814
0.445205015696186
0.4452084879196138
0.44521196014304176
0.4452154323664696
0.44521890458989744
0.44522237681332527
0.4452258490367531
0.445229321260181
0.44523279348360884
0.44523626570703667
0.4452397379304645
0.44524321015389245
0.4452466823773203
0.4452501546007481
0.44525362682417596
0.4452570990476038
0.4452605712710317
0.4452640434944595
0.44526751571788736
0.4452709879413152
0.44527446016474315
0.445277932388171
0.4452814046115988
0.44528487683502666
0.4452883490584545
0.44529182128188244
0.4452952935053102
0.44529876572873806
0.4453022379521659
0.44530571017559384
0.4453091823990217
0.4453126546224495
0.44531612684587735
0.4453195990693052
0.44532307129273313
0.44532654351616097
0.4453300157395888
0.44533348796301664
0.44533696018644453
0.44534043240987237
0.4453439046333002
0.44534737685672804
0.4453508490801559
0.4453543213035838
0.44535779352701166
0.4453612657504395
0.44536473797386733
0.4453682101972952
0.44537168242072306
0.4453751546441509
0.44537862686757873
0.44538209909100657
0.4453855713144345
0.44538904353786235
0.4453925157612902
0.445395987984718
0.4453994602081459
0.44540293243157375
0.4454064046550016
0.4454098768784294
0.44541334910185726
0.4454168213252852
0.44542029354871304
0.4454237657721409
0.4454272379955687
0.44543071021899666
0.4454341824424245
0.4454376546658523
0.4454411268892801
0.44544459911270795
0.4454480713361359
0.44545154355956373
0.44545501578299157
0.4454584880064194
0.44546196022984735
0.4454654324532752
0.445468904676703
0.44547237690013086
0.4454758491235587
0.4454793213469866
0.4454827935704144
