0.29756954776720407
0.2975730199906319
0.2975764922140598
0.29757996443748763
0.29758343666091547
0.29758690888434336
0.29759038110777125
0.2975938533311991
0.2975973255546269
0.29760079777805476
0.29760427000148265
0.2976077422249105
0.2976112144483383
0.29761468667176616
0.297618158895194
0.2976216311186219
0.2976251033420498
0.2976285755654776
0.29763204778890545
0.29763552001233334
0.2976389922357612
0.297642464459189
0.29764593668261685
0.29764940890604474
0.29765288112947264
0.29765635335290047
0.2976598255763283
0.2976632977997562
0.29766677002318404
0.29767024224661187
0.2976737144700397
0.29767718669346754
0.29768065891689544
0.2976841311403233
0.29768760336375116
0.297691075587179
0.29769454781060684
0.2976980200340347
0.2977014922574626
0.29770496448089045
0.29770843670431824
0.2977119089277461
0.29771538115117396
0.29771885337460186
0.2977223255980297
0.2977257978214576
0.2977292700448854
0.2977327422683133
0.29773621449174115
0.297739686715169
0.2977431589385968
0.2977466311620247
0.29775010338545255
0.2977535756088804
0.2977570478323082
0.29776052005573617
0.297763992279164
0.29776746450259184
0.2977709367260197
0.2977744089494475
0.2977778811728754
0.29778135339630324
0.2977848256197311
0.2977882978431589
0.2977917700665868
0.2977952422900147
0.29779871451344253
0.29780218673687037
0.29780565896029826
0.2978091311837261
0.29781260340715393
0.29781607563058177
0.29781954785400966
0.2978230200774375
0.2978264923008654
0.2978299645242932
0.29783343674772106
0.29783690897114895
0.29784038119457684
0.2978438534180047
0.2978473256414325
0.2978507978648603
0.29785427008828824
0.2978577423117161
0.2978612145351439
0.29786468675857175
0.2978681589819996
0.2978716312054275
0.29787510342885537
0.2978785756522832
0.29788204787571104
0.2978855200991389
0.29788899232256677
0.2978924645459946
0.29789593676942244
0.29789940899285033
0.2979028812162782
0.29790635343970606
0.2979098256631339
0.2979132978865618
0.2979167701099896
0.29792024233341746
0.2979237145568453
0.29792718678027313
0.297930659003701
0.2979341312271289
0.29793760345055675
0.2979410756739846
0.2979445478974124
0.2979480201208403
0.29795149234426815
0.297954964567696
0.2979584367911238
0.2979619090145517
0.29796538123797955
0.29796885346140745
0.2979723256848353
0.2979757979082632
0.297979270131691
0.2979827423551189
0.29798621457854674
0.2979896868019746
0.2979931590254024
0.2979966312488303
0.29800010347225814
0.298003575695686
0.2980070479191138
0.29801052014254176
0.2980139923659696
0.29801746458939743
0.29802093681282527
0.2980244090362531
0.298027881259681
0.29803135348310883
0.29803482570653667
0.2980382979299645
0.2980417701533924
0.2980452423768203
0.2980487146002481
0.29805218682367596
0.29805565904710385
0.2980591312705317
0.2980626034939595
0.29806607571738736
0.29806954794081525
0.2980730201642431
0.298076492387671
0.2980799646110988
0.29808343683452665
0.29808690905795454
0.2980903812813824
0.2980938535048102
0.29809732572823805
0.2981007979516659
0.29810427017509383
0.29810774239852167
0.2981112146219495
0.29811468684537734
0.29811815906880523
0.29812163129223307
0.29812510351566096
0.2981285757390888
0.29813204796251663
0.29813552018594447
0.29813899240937236
0.2981424646328002
0.29814593685622803
0.2981494090796559
0.2981528813030838
0.29815635352651165
0.2981598257499395
0.2981632979733673
0.2981667701967952
0.29817024242022305
0.2981737146436509
0.2981771868670787
0.29818065909050656
0.2981841313139345
0.29818760353736234
0.2981910757607902
0.298194547984218
0.2981980202076459
0.29820149243107374
0.2982049646545016
0.2982084368779294
0.2982119091013573
0.29821538132478514
0.29821885354821304
0.2982223257716409
0.29822579799506876
0.2982292702184966
0.29823274244192444
0.2982362146653523
0.2982396868887801
0.298243159112208
0.2982466313356359
0.29825010355906373
0.29825357578249156
0.2982570480059194
0.29826052022934735
