0.9947920120805599
0.9947954843039875
0.9947989565274156
0.9948024287508433
0.9948059009742712
0.994809373197699
0.9948128454211269
0.9948163176445547
0.9948197898679826
0.9948232620914106
0.9948267343148381
0.9948302065382663
0.9948336787616938
0.9948371509851219
0.9948406232085497
0.9948440954319776
0.9948475676554056
0.9948510398788333
0.9948545121022613
0.994857984325689
0.994861456549117
0.9948649287725446
0.9948684009959726
0.9948718732194004
0.9948753454428283
0.9948788176662563
0.994882289889684
0.994885762113112
0.9948892343365396
0.9948927065599676
0.9948961787833954
0.9948996510068233
0.9949031232302511
0.994906595453679
0.9949100676771068
0.9949135399005347
0.9949170121239627
0.9949204843473903
0.9949239565708183
0.9949274287942461
0.994930901017674
0.9949343732411018
0.9949378454645297
0.9949413176879575
0.9949447899113854
0.9949482621348134
0.994951734358241
0.994955206581669
0.9949586788050967
0.9949621510285247
0.9949656232519525
0.9949690954753804
0.9949725676988084
0.994976039922236
0.994979512145664
0.9949829843690917
0.9949864565925197
0.9949899288159475
0.9949934010393754
0.9949968732628032
0.9950003454862311
0.9950038177096588
0.9950072899330867
0.9950107621565147
0.9950142343799424
0.9950177066033704
0.9950211788267982
0.9950246510502261
0.9950281232736539
0.9950315954970818
0.9950350677205095
0.9950385399439374
0.9950420121673654
0.9950454843907931
0.9950489566142211
0.9950524288376488
0.9950559010610768
0.9950593732845047
0.9950628455079324
0.9950663177313605
0.9950697899547881
0.9950732621782161
0.9950767344016438
0.9950802066250718
0.9950836788484997
0.9950871510719275
0.9950906232953554
0.9950940955187831
0.995097567742211
0.9951010399656388
0.9951045121890668
0.9951079844124945
0.9951114566359225
0.9951149288593504
0.9951184010827782
0.995121873306206
0.9951253455296338
0.9951288177530617
0.9951322899764895
0.9951357621999175
0.9951392344233452
0.9951427066467732
0.9951461788702008
0.9951496510936289
0.9951531233170567
0.9951565955404845
0.9951600677639125
0.9951635399873402
0.9951670122107682
0.9951704844341959
0.9951739566576239
0.9951774288810518
0.9951809011044795
0.9951843733279074
0.9951878455513352
0.9951913177747631
0.9951947899981909
0.9951982622216189
0.9952017344450466
0.9952052066684746
0.9952086788919025
0.9952121511153302
0.9952156233387581
0.9952190955621859
0.9952225677856138
0.9952260400090416
0.9952295122324696
0.9952329844558973
0.9952364566793253
0.9952399289027529
0.9952434011261809
0.9952468733496088
0.9952503455730366
0.9952538177964647
0.9952572900198923
0.9952607622433203
0.9952642344667479
0.995267706690176
0.9952711789136038
0.9952746511370316
0.9952781233604595
0.9952815955838873
0.9952850678073154
0.995288540030743
0.9952920122541711
0.9952954844775986
0.9952989567010267
0.9953024289244545
0.9953059011478823
0.9953093733713102
0.995312845594738
0.9953163178181659
0.9953197900415937
0.9953232622650218
0.9953267344884493
0.9953302067118774
0.995333678935305
0.9953371511587331
0.9953406233821609
0.9953440956055888
0.9953475678290168
0.9953510400524443
0.9953545122758725
0.9953579844993
0.9953614567227281
0.9953649289461557
0.9953684011695838
0.9953718733930116
0.9953753456164395
0.9953788178398675
0.9953822900632951
0.9953857622867232
0.9953892345101508
0.9953927067335788
0.9953961789570066
0.9953996511804345
0.9954031234038623
0.9954065956272902
0.995410067850718
0.9954135400741458
0.9954170122975738
0.9954204845210015
0.9954239567444295
0.9954274289678573
0.9954309011912852
0.995434373414713
0.9954378456381409
0.9954413178615686
0.9954447900849965
0.9954482623084245
0.9954517345318522
0.9954552067552802
0.9954586789787079
0.9954621512021359
0.9954656234255637
0.9954690956489916
0.9954725678724196
0.9954760400958472
0.9954795123192752
0.9954829845427029
