0.7677085998988195
0.7677120721222472
0.7677155443456751
0.7677190165691029
0.7677224887925308
0.7677259610159586
0.7677294332393866
0.7677329054628143
0.7677363776862423
0.7677398499096701
0.767743322133098
0.7677467943565258
0.7677502665799537
0.7677537388033815
0.7677572110268094
0.7677606832502372
0.767764155473665
0.767767627697093
0.7677710999205208
0.7677745721439487
0.7677780443673765
0.7677815165908044
0.7677849888142322
0.7677884610376601
0.767791933261088
0.7677954054845157
0.7677988777079437
0.7678023499313715
0.7678058221547994
0.7678092943782272
0.7678127666016551
0.7678162388250829
0.7678197110485108
0.7678231832719387
0.7678266554953664
0.7678301277187943
0.7678335999422222
0.7678370721656501
0.7678405443890779
0.7678440166125058
0.7678474888359336
0.7678509610593616
0.7678544332827892
0.7678579055062171
0.767861377729645
0.7678648499530729
0.7678683221765008
0.7678717943999286
0.7678752666233565
0.7678787388467843
0.7678822110702122
0.7678856832936399
0.7678891555170679
0.7678926277404958
0.7678960999639236
0.7678995721873515
0.7679030444107793
0.7679065166342072
0.767909988857635
0.7679134610810628
0.7679169333044907
0.7679204055279186
0.7679238777513465
0.7679273499747743
0.7679308221982022
0.76793429442163
0.7679377666450579
0.7679412388684856
0.7679447110919135
0.7679481833153414
0.7679516555387693
0.7679551277621971
0.767958599985625
0.7679620722090529
0.7679655444324807
0.7679690166559086
0.7679724888793363
0.7679759611027642
0.767979433326192
0.76798290554962
0.7679863777730479
0.7679898499964758
0.7679933222199036
0.7679967944433314
0.7680002666667592
0.768003738890187
0.7680072111136149
0.7680106833370428
0.7680141555604707
0.7680176277838986
0.7680211000073264
0.7680245722307543
0.7680280444541822
0.7680315166776099
0.7680349889010378
0.7680384611244656
0.7680419333478935
0.7680454055713215
0.7680488777947492
0.7680523500181772
0.768055822241605
0.7680592944650328
0.7680627666884606
0.7680662389118885
0.7680697111353163
0.7680731833587442
0.7680766555821721
0.7680801278056
0.7680836000290279
0.7680870722524556
0.7680905444758835
0.7680940166993113
0.7680974889227392
0.768100961146167
0.7681044333695949
0.7681079055930228
0.7681113778164507
0.7681148500398784
0.7681183222633063
0.7681217944867342
0.768125266710162
0.7681287389335899
0.7681322111570177
0.7681356833804457
0.7681391556038736
0.7681426278273012
0.7681461000507293
0.768149572274157
0.7681530444975849
0.7681565167210127
0.7681599889444406
0.7681634611678685
0.7681669333912963
0.7681704056147242
0.768173877838152
0.7681773500615799
0.7681808222850077
0.7681842945084356
0.7681877667318634
0.7681912389552913
0.7681947111787191
0.7681981834021471
0.7682016556255749
0.7682051278490027
0.7682086000724306
0.7682120722958584
0.7682155445192863
0.7682190167427141
0.768222488966142
0.7682259611895698
0.7682294334129978
0.7682329056364254
0.7682363778598534
0.7682398500832813
0.7682433223067091
0.768246794530137
0.7682502667535648
0.7682537389769927
0.7682572112004206
0.7682606834238483
0.7682641556472762
0.7682676278707041
0.768271100094132
0.7682745723175599
0.7682780445409877
0.7682815167644155
0.7682849889878434
0.7682884612112711
0.7682919334346991
0.7682954056581269
0.7682988778815549
0.7683023501049827
0.7683058223284106
0.7683092945518384
0.7683127667752663
0.7683162389986941
0.768319711222122
0.7683231834455498
0.7683266556689776
0.7683301278924055
0.7683336001158334
0.7683370723392613
0.7683405445626891
0.768344016786117
0.7683474890095447
0.7683509612329726
0.7683544334564004
0.7683579056798283
0.7683613779032562
0.7683648501266841
0.768368322350112
0.7683717945735398
0.7683752667969677
0.7683787390203954
0.7683822112438233
0.7683856834672511
0.768389155690679
0.768392627914107
0.7683961001375348
0.7683995723609627
