0.0489583503327605
0.048961822556188334
0.04896529477961626
0.048968767003044096
0.04897223922647193
0.04897571144989977
0.048979183673327605
0.04898265589675553
0.04898612812018337
0.048989600343611196
0.04899307256703913
0.04899654479046687
0.049000017013894795
0.04900348923732263
0.04900696146075047
0.049010433684178394
0.04901390590760623
0.04901737813103406
0.049020850354461895
0.04902432257788973
0.04902779480131766
0.049031267024745494
0.04903473924817333
0.049038211471601166
0.049041683695028995
0.04904515591845683
0.04904862814188476
0.049052100365312594
0.04905557258874043
0.049059044812168356
0.049062517035596095
0.04906598925902403
0.04906946148245186
0.049072933705879694
0.04907640592930762
0.04907987815273546
0.04908335037616329
0.04908682259959122
0.049090294823018965
0.04909376704644689
0.04909723926987473
0.04910071149330256
0.04910418371673049
0.04910765594015832
0.049111128163586155
0.04911460038701399
0.04911807261044183
0.049121544833869664
0.04912501705729759
0.049128489280725426
0.049131961504153256
0.04913543372758118
0.04913890595100893
0.049142378174436854
0.04914585039786469
0.04914932262129253
0.04915279484472045
0.04915626706814829
0.04915973929157612
0.049163211515003954
0.04916668373843179
0.04917015596185972
0.04917362818528755
0.04917710040871539
0.049180572632143316
0.049184044855571055
0.04918751707899899
0.04919098930242682
0.04919446152585465
0.04919793374928249
0.049201405972710416
0.04920487819613825
0.04920835041956609
0.04921182264299392
0.049215294866421753
0.04921876708984968
0.049222239313277516
0.04922571153670535
0.04922918376013328
0.049232655983561024
0.04923612820698895
0.04923960043041679
0.049243072653844616
0.04924654487727255
0.04925001710070038
0.049253489324128215
0.04925696154755614
0.04926043377098389
0.049263905994411814
0.04926737821783965
0.04927085044126748
0.049274322664695315
0.04927779488812324
0.04928126711155108
0.049284739334978914
0.04928821155840675
0.049291683781834586
0.04929515600526251
0.04929862822869035
0.04930210045211818
0.049305572675546014
0.04930904489897385
0.049312517122401776
0.04931598934582961
0.04931946156925745
0.049322933792685375
0.049326406016113114
0.04932987823954105
0.04933335046296888
0.04933682268639671
0.04934029490982464
0.049343767133252475
0.04934723935668031
0.04935071158010815
0.04935418380353598
0.04935765602696391
0.04936112825039174
0.049364600473819575
0.04936807269724741
0.04937154492067534
0.049375017144103174
0.04937848936753101
0.049381961590958846
0.049385433814386676
0.04938890603781461
0.04939237826124244
0.049395850484670274
0.0493993227080982
0.04940279493152595
0.04940626715495387
0.04940973937838171
0.04941321160180954
0.04941668382523747
0.0494201560486653
0.04942362827209314
0.04942710049552097
0.04943057271894881
0.049434044942376736
0.04943751716580457
0.04944098938923241
0.04944446161266024
0.04944793383608807
0.049451406059516
0.049454878282943836
0.04945835050637167
0.04946182272979951
0.049465294953227434
0.04946876717665527
0.04947223940008311
0.049475711623510936
0.04947918384693877
0.0494826560703667
0.049486128293794535
0.04948960051722237
0.0494930727406503
0.049496544964078036
0.04950001718750597
0.0495034894109338
0.049506961634361635
0.04951043385778956
0.0495139060812174
0.04951737830464523
0.04952085052807307
0.049524322751500906
0.04952779497492883
0.04953126719835667
0.0495347394217845
0.049538211645212334
0.04954168386864017
0.049545156092068006
0.04954862831549593
0.04955210053892377
0.0495555727623516
0.04955904498577953
0.04956251720920736
0.049565989432635196
0.04956946165606303
0.04957293387949087
0.049576406102918795
0.04957987832634663
0.04958335054977447
0.049586822773202394
0.04959029499663013
0.04959376722005806
0.049597239443485895
0.04960071166691373
0.04960418389034166
0.049607656113769494
0.04961112833719733
0.04961460056062516
0.049618072784052995
0.04962154500748083
0.04962501723090876
0.049628489454336594
0.04963196167776443
0.049635433901192356
0.049638906124620095
0.04964237834804803
0.04964585057147586
0.049649322794903694
