0.9142364285543155
0.9142399007777434
0.9142433730011712
0.9142468452245991
0.9142503174480269
0.9142537896714547
0.9142572618948825
0.9142607341183105
0.9142642063417384
0.9142676785651662
0.9142711507885941
0.9142746230120219
0.9142780952354498
0.9142815674588776
0.9142850396823055
0.9142885119057332
0.9142919841291611
0.9142954563525889
0.9142989285760169
0.9143024007994448
0.9143058730228726
0.9143093452463005
0.9143128174697283
0.9143162896931561
0.9143197619165839
0.9143232341400119
0.9143267063634396
0.9143301785868676
0.9143336508102955
0.9143371230337233
0.9143405952571512
0.914344067480579
0.9143475397040068
0.9143510119274346
0.9143544841508626
0.9143579563742905
0.9143614285977183
0.9143649008211462
0.914368373044574
0.9143718452680019
0.9143753174914296
0.9143787897148575
0.9143822619382853
0.9143857341617132
0.914389206385141
0.914392678608569
0.9143961508319969
0.9143996230554247
0.9144030952788526
0.9144065675022803
0.9144100397257082
0.914413511949136
0.914416984172564
0.9144204563959917
0.9144239286194197
0.9144274008428476
0.9144308730662754
0.9144343452897032
0.914437817513131
0.9144412897365589
0.9144447619599867
0.9144482341834147
0.9144517064068424
0.9144551786302704
0.9144586508536983
0.914462123077126
0.9144655953005539
0.9144690675239817
0.9144725397474096
0.9144760119708374
0.9144794841942655
0.9144829564176931
0.9144864286411212
0.914489900864549
0.9144933730879767
0.9144968453114046
0.9145003175348324
0.9145037897582603
0.9145072619816881
0.914510734205116
0.9145142064285438
0.9145176786519719
0.9145211508753996
0.9145246230988275
0.9145280953222553
0.9145315675456832
0.914535039769111
0.9145385119925388
0.9145419842159669
0.9145454564393944
0.9145489286628226
0.9145524008862503
0.9145558731096782
0.914559345333106
0.9145628175565339
0.9145662897799617
0.9145697620033896
0.9145732342268176
0.9145767064502454
0.9145801786736732
0.914583650897101
0.9145871231205289
0.9145905953439567
0.9145940675673846
0.9145975397908124
0.9146010120142403
0.914604484237668
0.9146079564610959
0.9146114286845239
0.9146149009079517
0.9146183731313796
0.9146218453548074
0.9146253175782353
0.9146287898016631
0.914632262025091
0.914635734248519
0.9146392064719466
0.9146426786953746
0.9146461509188024
0.9146496231422303
0.9146530953656581
0.914656567589086
0.9146600398125138
0.9146635120359417
0.9146669842593697
0.9146704564827974
0.9146739287062253
0.9146774009296531
0.914680873153081
0.9146843453765088
0.9146878175999367
0.9146912898233645
0.9146947620467923
0.9146982342702201
0.914701706493648
0.914705178717076
0.9147086509405038
0.9147121231639317
0.9147155953873595
0.9147190676107874
0.9147225398342151
0.914726012057643
0.914729484281071
0.9147329565044987
0.9147364287279267
0.9147399009513545
0.9147433731747824
0.9147468453982102
0.914750317621638
0.9147537898450658
0.9147572620684937
0.9147607342919217
0.9147642065153496
0.9147676787387774
0.9147711509622053
0.9147746231856331
0.9147780954090609
0.9147815676324887
0.9147850398559165
0.9147885120793444
0.9147919843027722
0.9147954565262001
0.9147989287496281
0.914802400973056
0.9148058731964838
0.9148093454199117
0.9148128176433394
0.9148162898667673
0.9148197620901951
0.9148232343136231
0.9148267065370508
0.9148301787604788
0.9148336509839067
0.9148371232073345
0.9148405954307623
0.9148440676541901
0.914847539877618
0.9148510121010458
0.9148544843244738
0.9148579565479017
0.9148614287713295
0.9148649009947574
0.9148683732181851
0.914871845441613
0.9148753176650408
0.9148787898884687
0.9148822621118965
0.9148857343353244
0.9148892065587522
0.9148926787821802
0.9148961510056081
0.9148996232290358
0.9149030954524637
0.9149065676758915
0.9149100398993194
0.9149135121227472
0.9149169843461752
0.9149204565696029
0.9149239287930309
0.9149274010164588
