0.7968752766928044
0.7968787489162322
0.79688222113966
0.796885693363088
0.7968891655865159
0.7968926378099437
0.7968961100333716
0.7968995822567995
0.7969030544802272
0.7969065267036551
0.7969099989270829
0.7969134711505108
0.7969169433739386
0.7969204155973665
0.7969238878207945
0.7969273600442223
0.7969308322676502
0.7969343044910779
0.7969377767145058
0.7969412489379336
0.7969447211613615
0.7969481933847894
0.7969516656082172
0.7969551378316452
0.7969586100550728
0.7969620822785008
0.7969655545019286
0.7969690267253565
0.7969724989487843
0.7969759711722122
0.7969794433956401
0.796982915619068
0.7969863878424958
0.7969898600659236
0.7969933322893515
0.7969968045127793
0.7970002767362072
0.797003748959635
0.797007221183063
0.7970106934064907
0.7970141656299187
0.7970176378533465
0.7970211100767743
0.7970245823002022
0.79702805452363
0.7970315267470579
0.7970349989704857
0.7970384711939136
0.7970419434173415
0.7970454156407694
0.7970488878641973
0.797052360087625
0.7970558323110529
0.7970593045344807
0.7970627767579086
0.7970662489813364
0.7970697212047643
0.7970731934281922
0.79707666565162
0.7970801378750478
0.7970836100984757
0.7970870823219036
0.7970905545453314
0.7970940267687593
0.7970974989921871
0.7971009712156151
0.7971044434390427
0.7971079156624707
0.7971113878858985
0.7971148601093264
0.7971183323327543
0.7971218045561821
0.79712527677961
0.7971287490030378
0.7971322212264657
0.7971356934498935
0.7971391656733214
0.7971426378967493
0.7971461101201772
0.797149582343605
0.7971530545670329
0.7971565267904607
0.7971599990138885
0.7971634712373163
0.7971669434607442
0.7971704156841721
0.7971738879076
0.7971773601310279
0.7971808323544557
0.7971843045778836
0.7971877768013114
0.7971912490247393
0.7971947212481671
0.7971981934715949
0.7972016656950228
0.7972051379184506
0.7972086101418786
0.7972120823653064
0.7972155545887343
0.7972190268121621
0.79722249903559
0.7972259712590177
0.7972294434824456
0.7972329157058735
0.7972363879293014
0.7972398601527293
0.7972433323761571
0.797246804599585
0.7972502768230127
0.7972537490464406
0.7972572212698684
0.7972606934932963
0.7972641657167242
0.7972676379401521
0.79727111016358
0.7972745823870078
0.7972780546104357
0.7972815268338634
0.7972849990572913
0.7972884712807191
0.7972919435041471
0.7972954157275749
0.7972988879510028
0.7973023601744307
0.7973058323978585
0.7973093046212864
0.7973127768447141
0.797316249068142
0.7973197212915698
0.7973231935149977
0.7973266657384256
0.7973301379618535
0.7973336101852814
0.7973370824087092
0.797340554632137
0.7973440268555648
0.7973474990789927
0.7973509713024205
0.7973544435258485
0.7973579157492763
0.7973613879727042
0.797364860196132
0.7973683324195598
0.7973718046429877
0.7973752768664155
0.7973787490898434
0.7973822213132712
0.7973856935366992
0.7973891657601271
0.7973926379835549
0.7973961102069828
0.7973995824304105
0.7974030546538384
0.7974065268772662
0.7974099991006941
0.797413471324122
0.7974169435475498
0.7974204157709777
0.7974238879944057
0.7974273602178334
0.7974308324412613
0.7974343046646891
0.797437776888117
0.7974412491115448
0.7974447213349726
0.7974481935584006
0.7974516657818284
0.7974551380052564
0.797458610228684
0.797462082452112
0.7974655546755398
0.7974690268989677
0.7974724991223955
0.7974759713458234
0.7974794435692513
0.7974829157926792
0.7974863880161069
0.7974898602395348
0.7974933324629627
0.7974968046863905
0.7975002769098184
0.7975037491332462
0.7975072213566741
0.7975106935801018
0.7975141658035297
0.7975176380269576
0.7975211102503855
0.7975245824738134
0.7975280546972412
0.7975315269206691
0.7975349991440969
0.7975384713675248
0.7975419435909527
0.7975454158143804
0.7975488880378084
0.7975523602612362
0.7975558324846641
0.7975593047080919
0.7975627769315198
0.7975662491549476
