0.6642363417487297
0.6642398139721576
0.6642432861955855
0.6642467584190134
0.6642502306424412
0.664253702865869
0.6642571750892968
0.6642606473127248
0.6642641195361526
0.6642675917595805
0.6642710639830084
0.6642745362064362
0.6642780084298641
0.6642814806532918
0.6642849528767197
0.6642884251001475
0.6642918973235755
0.6642953695470033
0.6642988417704312
0.6643023139938591
0.6643057862172869
0.6643092584407148
0.6643127306641425
0.6643162028875704
0.6643196751109983
0.6643231473344262
0.664326619557854
0.6643300917812819
0.6643335640047097
0.6643370362281376
0.6643405084515654
0.6643439806749932
0.6643474528984211
0.6643509251218489
0.6643543973452768
0.6643578695687047
0.6643613417921326
0.6643648140155605
0.6643682862389884
0.6643717584624161
0.6643752306858439
0.6643787029092718
0.6643821751326996
0.6643856473561276
0.6643891195795554
0.6643925918029833
0.6643960640264112
0.664399536249839
0.6644030084732668
0.6644064806966947
0.6644099529201225
0.6644134251435504
0.6644168973669783
0.6644203695904061
0.664423841813834
0.6644273140372617
0.6644307862606897
0.6644342584841175
0.6644377307075454
0.6644412029309732
0.6644446751544011
0.664448147377829
0.6644516196012568
0.6644550918246847
0.6644585640481125
0.6644620362715404
0.6644655084949682
0.6644689807183961
0.6644724529418239
0.6644759251652518
0.6644793973886797
0.6644828696121075
0.6644863418355353
0.6644898140589631
0.6644932862823911
0.6644967585058189
0.6645002307292468
0.6645037029526746
0.6645071751761025
0.6645106473995304
0.6645141196229581
0.664517591846386
0.6645210640698139
0.6645245362932418
0.6645280085166696
0.6645314807400975
0.6645349529635253
0.6645384251869532
0.664541897410381
0.664545369633809
0.6645488418572367
0.6645523140806646
0.6645557863040925
0.6645592585275203
0.6645627307509482
0.664566202974376
0.664569675197804
0.6645731474212317
0.6645766196446596
0.6645800918680874
0.6645835640915153
0.6645870363149432
0.664590508538371
0.6645939807617989
0.6645974529852267
0.6646009252086545
0.6646043974320823
0.6646078696555103
0.6646113418789381
0.664614814102366
0.6646182863257939
0.6646217585492217
0.6646252307726496
0.6646287029960773
0.6646321752195052
0.6646356474429331
0.664639119666361
0.6646425918897888
0.6646460641132168
0.6646495363366446
0.6646530085600725
0.6646564807835003
0.664659953006928
0.664663425230356
0.6646668974537838
0.6646703696772117
0.6646738419006395
0.6646773141240674
0.6646807863474953
0.6646842585709232
0.664687730794351
0.6646912030177788
0.6646946752412066
0.6646981474646345
0.6647016196880624
0.6647050919114902
0.6647085641349182
0.664712036358346
0.6647155085817739
0.6647189808052016
0.6647224530286295
0.6647259252520573
0.6647293974754852
0.6647328696989131
0.6647363419223409
0.6647398141457688
0.6647432863691967
0.6647467585926246
0.6647502308160523
0.6647537030394802
0.664757175262908
0.6647606474863359
0.6647641197097638
0.6647675919331916
0.6647710641566196
0.6647745363800474
0.6647780086034752
0.664781480826903
0.6647849530503309
0.6647884252737587
0.6647918974971867
0.6647953697206145
0.6647988419440423
0.6648023141674703
0.664805786390898
0.6648092586143259
0.6648127308377537
0.6648162030611816
0.6648196752846095
0.6648231475080374
0.6648266197314652
0.6648300919548931
0.6648335641783208
0.6648370364017487
0.6648405086251766
0.6648439808486044
0.6648474530720323
0.6648509252954601
0.664854397518888
0.6648578697423159
0.6648613419657438
0.6648648141891716
0.6648682864125994
0.6648717586360273
0.6648752308594551
0.664878703082883
0.6648821753063108
0.6648856475297388
0.6648891197531666
0.6648925919765944
0.6648960642000223
0.6648995364234501
0.664903008646878
0.6649064808703058
0.6649099530937337
0.6649134253171615
0.6649168975405895
0.6649203697640172
0.6649238419874451
0.6649273142108729
