0.7156252484809891
0.7156287207044169
0.7156321929278447
0.7156356651512726
0.7156391373747004
0.7156426095981284
0.7156460818215562
0.7156495540449841
0.7156530262684119
0.7156564984918398
0.7156599707152675
0.7156634429386954
0.7156669151621232
0.7156703873855512
0.715673859608979
0.7156773318324069
0.7156808040558348
0.7156842762792626
0.7156877485026905
0.7156912207261182
0.7156946929495461
0.715698165172974
0.7157016373964019
0.7157051096198297
0.7157085818432576
0.7157120540666855
0.7157155262901133
0.7157189985135411
0.7157224707369689
0.7157259429603968
0.7157294151838246
0.7157328874072526
0.7157363596306805
0.7157398318541083
0.7157433040775362
0.715746776300964
0.7157502485243918
0.7157537207478196
0.7157571929712475
0.7157606651946754
0.7157641374181033
0.7157676096415311
0.7157710818649591
0.7157745540883869
0.7157780263118148
0.7157814985352425
0.7157849707586703
0.7157884429820982
0.7157919152055261
0.715795387428954
0.7157988596523818
0.7158023318758098
0.7158058040992376
0.7158092763226654
0.7158127485460932
0.7158162207695211
0.7158196929929489
0.7158231652163768
0.7158266374398047
0.7158301096632326
0.7158335818866605
0.7158370541100882
0.7158405263335161
0.7158439985569439
0.7158474707803718
0.7158509430037996
0.7158544152272275
0.7158578874506554
0.7158613596740832
0.7158648318975112
0.7158683041209389
0.7158717763443668
0.7158752485677946
0.7158787207912225
0.7158821930146503
0.7158856652380782
0.7158891374615061
0.715892609684934
0.7158960819083618
0.7158995541317896
0.7159030263552175
0.7159064985786453
0.7159099708020732
0.715913443025501
0.7159169152489289
0.7159203874723568
0.7159238596957845
0.7159273319192125
0.7159308041426403
0.7159342763660682
0.715937748589496
0.7159412208129239
0.7159446930363517
0.7159481652597797
0.7159516374832074
0.7159551097066353
0.7159585819300632
0.715962054153491
0.7159655263769189
0.7159689986003467
0.7159724708237746
0.7159759430472024
0.7159794152706302
0.7159828874940581
0.715986359717486
0.7159898319409139
0.7159933041643417
0.7159967763877696
0.7160002486111974
0.7160037208346253
0.716007193058053
0.716010665281481
0.7160141375049088
0.7160176097283367
0.7160210819517646
0.7160245541751924
0.7160280263986203
0.7160314986220481
0.716034970845476
0.7160384430689037
0.7160419152923317
0.7160453875157595
0.7160488597391874
0.7160523319626153
0.7160558041860432
0.716059276409471
0.7160627486328989
0.7160662208563267
0.7160696930797544
0.7160731653031823
0.7160766375266102
0.7160801097500382
0.716083581973466
0.7160870541968939
0.7160905264203217
0.7160939986437496
0.7160974708671773
0.7161009430906052
0.7161044153140331
0.7161078875374609
0.7161113597608888
0.7161148319843167
0.7161183042077446
0.7161217764311724
0.7161252486546003
0.716128720878028
0.7161321931014559
0.7161356653248837
0.7161391375483116
0.7161426097717396
0.7161460819951674
0.7161495542185953
0.716153026442023
0.716156498665451
0.7161599708888787
0.7161634431123066
0.7161669153357344
0.7161703875591623
0.7161738597825902
0.7161773320060181
0.716180804229446
0.7161842764528737
0.7161877486763016
0.7161912208997294
0.7161946931231573
0.7161981653465852
0.7162016375700131
0.7162051097934409
0.7162085820168688
0.7162120542402967
0.7162155264637244
0.7162189986871523
0.7162224709105801
0.716225943134008
0.7162294153574358
0.7162328875808638
0.7162363598042917
0.7162398320277195
0.7162433042511474
0.7162467764745751
0.716250248698003
0.7162537209214308
0.7162571931448587
0.7162606653682866
0.7162641375917145
0.7162676098151423
0.7162710820385702
0.716274554261998
0.7162780264854258
0.7162814987088537
0.7162849709322815
0.7162884431557094
0.7162919153791373
0.7162953876025652
0.716298859825993
0.7163023320494208
0.7163058042728487
0.7163092764962765
0.7163127487197044
0.7163162209431322
