0.9829864524258516
0.9829899246492795
0.9829933968727073
0.9829968690961352
0.9830003413195629
0.9830038135429908
0.9830072857664186
0.9830107579898466
0.9830142302132743
0.9830177024367023
0.98302117466013
0.983024646883558
0.9830281191069858
0.9830315913304136
0.9830350635538416
0.9830385357772693
0.9830420080006973
0.983045480224125
0.983048952447553
0.9830524246709809
0.9830558968944086
0.9830593691178365
0.9830628413412643
0.9830663135646923
0.98306978578812
0.983073258011548
0.9830767302349757
0.9830802024584037
0.9830836746818316
0.9830871469052593
0.9830906191286872
0.983094091352115
0.9830975635755429
0.9831010357989707
0.9831045080223987
0.9831079802458264
0.9831114524692544
0.983114924692682
0.98311839691611
0.9831218691395379
0.9831253413629657
0.9831288135863937
0.9831322858098214
0.9831357580332494
0.983139230256677
0.983142702480105
0.9831461747035327
0.9831496469269607
0.9831531191503886
0.9831565913738164
0.9831600635972445
0.9831635358206721
0.9831670080441001
0.9831704802675277
0.9831739524909557
0.9831774247143836
0.9831808969378114
0.9831843691612393
0.9831878413846671
0.983191313608095
0.9831947858315228
0.9831982580549509
0.9832017302783784
0.9832052025018065
0.9832086747252343
0.9832121469486621
0.98321561917209
0.9832190913955178
0.9832225636189457
0.9832260358423734
0.9832295080658016
0.9832329802892291
0.9832364525126572
0.9832399247360848
0.9832433969595129
0.9832468691829407
0.9832503414063686
0.9832538136297966
0.9832572858532241
0.9832607580766523
0.9832642303000798
0.9832677025235079
0.9832711747469357
0.9832746469703636
0.9832781191937914
0.9832815914172193
0.983285063640647
0.9832885358640749
0.983292008087503
0.9832954803109306
0.9832989525343586
0.9833024247577864
0.9833058969812143
0.9833093692046421
0.98331284142807
0.9833163136514977
0.9833197858749256
0.9833232580983536
0.9833267303217813
0.9833302025452093
0.983333674768637
0.983337146992065
0.9833406192154928
0.9833440914389207
0.9833475636623487
0.9833510358857763
0.9833545081092043
0.983357980332632
0.98336145255606
0.9833649247794878
0.9833683970029157
0.9833718692263435
0.9833753414497713
0.9833788136731991
0.983382285896627
0.983385758120055
0.9833892303434827
0.9833927025669107
0.9833961747903385
0.9833996470137664
0.9834031192371941
0.983406591460622
0.9834100636840498
0.9834135359074777
0.9834170081309057
0.9834204803543334
0.9834239525777614
0.983427424801189
0.9834308970246171
0.9834343692480448
0.9834378414714727
0.9834413136949007
0.9834447859183284
0.9834482581417564
0.9834517303651841
0.9834552025886121
0.9834586748120399
0.9834621470354677
0.9834656192588955
0.9834690914823234
0.9834725637057512
0.9834760359291791
0.9834795081526071
0.9834829803760348
0.9834864525994628
0.9834899248228907
0.9834933970463184
0.9834968692697462
0.9835003414931741
0.9835038137166019
0.9835072859400298
0.9835107581634578
0.9835142303868855
0.9835177026103135
0.9835211748337411
0.9835246470571691
0.983528119280597
0.9835315915040248
0.9835350637274528
0.9835385359508805
0.9835420081743085
0.9835454803977361
0.9835489526211642
0.983552424844592
0.9835558970680198
0.9835593692914477
0.9835628415148755
0.9835663137383035
0.9835697859617312
0.9835732581851592
0.9835767304085868
0.9835802026320148
0.9835836748554427
0.9835871470788705
0.9835906193022984
0.9835940915257262
0.9835975637491541
0.9836010359725819
0.9836045081960099
0.9836079804194375
0.9836114526428655
0.9836149248662932
0.9836183970897212
0.9836218693131491
0.9836253415365769
0.9836288137600049
0.9836322859834326
0.9836357582068606
0.9836392304302882
0.9836427026537162
0.9836461748771439
0.9836496471005719
0.9836531193239998
0.9836565915474276
0.9836600637708556
0.9836635359942832
0.9836670082177112
0.9836704804411389
0.9836739526645669
0.9836774248879948
