0.36562512695316907
0.3656285991765969
0.3656320714000248
0.36563554362345263
0.3656390158468805
0.36564248807030836
0.3656459602937362
0.36564943251716403
0.3656529047405919
0.36565637696401976
0.3656598491874476
0.3656633214108755
0.3656667936343034
0.3656702658577312
0.36567373808115905
0.3656772103045869
0.3656806825280147
0.3656841547514426
0.36568762697487045
0.3656910991982983
0.3656945714217261
0.365698043645154
0.3657015158685819
0.36570498809200974
0.3657084603154376
0.36571193253886547
0.3657154047622933
0.36571887698572114
0.365722349209149
0.36572582143257687
0.3657292936560047
0.3657327658794326
0.36573623810286043
0.3657397103262883
0.36574318254971616
0.36574665477314405
0.3657501269965719
0.3657535992199997
0.36575707144342756
0.36576054366685545
0.3657640158902833
0.3657674881137111
0.36577096033713896
0.36577443256056685
0.36577790478399475
0.3657813770074226
0.3657848492308504
0.36578832145427825
0.3657917936777061
0.365795265901134
0.3657987381245618
0.36580221034798965
0.36580568257141755
0.36580915479484544
0.3658126270182733
0.3658160992417011
0.365819571465129
0.36582304368855684
0.3658265159119847
0.3658299881354125
0.36583346035884035
0.36583693258226824
0.36584040480569613
0.36584387702912397
0.3658473492525518
0.36585082147597964
0.36585429369940753
0.36585776592283537
0.3658612381462632
0.36586471036969104
0.36586818259311893
0.36587165481654677
0.36587512703997466
0.3658785992634025
0.3658820714868304
0.3658855437102582
0.3658890159336861
0.36589248815711395
0.3658959603805418
0.3658994326039696
0.3659029048273975
0.36590637705082535
0.3659098492742532
0.3659133214976811
0.36591679372110897
0.3659202659445368
0.36592373816796464
0.3659272103913925
0.3659306826148203
0.3659341548382482
0.36593762706167604
0.3659410992851039
0.3659445715085317
0.3659480437319596
0.3659515159553875
0.36595498817881533
0.36595846040224317
0.36596193262567106
0.3659654048490989
0.36596887707252673
0.36597234929595457
0.36597582151938246
0.3659792937428103
0.3659827659662382
0.365986238189666
0.3659897104130939
0.36599318263652175
0.36599665485994964
0.3660001270833774
0.36600359930680526
0.3660070715302331
0.36601054375366104
0.3660140159770889
0.3660174882005167
0.36602096042394455
0.36602443264737244
0.36602790487080034
0.36603137709422817
0.366034849317656
0.36603832154108384
0.3660417937645117
0.36604526598793957
0.3660487382113674
0.36605221043479524
0.36605568265822314
0.366059154881651
0.36606262710507886
0.3660660993285067
0.3660695715519346
0.36607304377536243
0.36607651599879026
0.3660799882222181
0.36608346044564594
0.36608693266907383
0.3660904048925017
0.36609387711592956
0.3660973493393574
0.36610082156278523
0.3661042937862131
0.36610776600964096
0.3661112382330688
0.36611471045649663
0.3661181826799245
0.36612165490335236
0.36612512712678025
0.3661285993502081
0.366132071573636
0.3661355437970638
0.3661390160204917
0.3661424882439195
0.3661459604673473
0.3661494326907752
0.3661529049142031
0.36615637713763094
0.3661598493610588
0.36616332158448667
0.36616679380791456
0.3661702660313424
0.36617373825477023
0.36617721047819807
0.3661806827016259
0.3661841549250538
0.36618762714848163
0.36619109937190947
0.3661945715953373
0.3661980438187652
0.3662015160421931
0.3662049882656209
0.36620846048904876
0.36621193271247665
0.3662154049359045
0.3662188771593323
0.36622234938276016
0.36622582160618805
0.3662292938296159
0.3662327660530438
0.3662362382764716
0.3662397104998995
0.36624318272332734
0.3662466549467552
0.366250127170183
0.36625359939361085
0.3662570716170387
0.36626054384046663
0.36626401606389447
0.3662674882873223
0.36627096051075014
0.36627443273417803
0.36627790495760587
0.36628137718103376
0.36628484940446154
0.3662883216278894
0.36629179385131727
0.36629526607474516
0.366298738298173
0.36630221052160084
0.3663056827450287
0.3663091549684566
0.36631262719188445
0.3663160994153123
