0.8392364025126399
0.8392398747360676
0.8392433469594955
0.8392468191829233
0.8392502914063512
0.839253763629779
0.8392572358532069
0.8392607080766349
0.8392641803000626
0.8392676525234906
0.8392711247469183
0.8392745969703462
0.839278069193774
0.8392815414172019
0.8392850136406297
0.8392884858640576
0.8392919580874854
0.8392954303109132
0.8392989025343413
0.839302374757769
0.8393058469811969
0.8393093192046247
0.8393127914280526
0.8393162636514804
0.8393197358749083
0.8393232080983363
0.8393266803217639
0.8393301525451919
0.8393336247686197
0.8393370969920476
0.8393405692154754
0.8393440414389033
0.8393475136623311
0.839350985885759
0.839354458109187
0.8393579303326147
0.8393614025560426
0.8393648747794704
0.8393683470028983
0.8393718192263261
0.839375291449754
0.8393787636731818
0.8393822358966097
0.8393857081200374
0.8393891803434653
0.8393926525668933
0.8393961247903211
0.839399597013749
0.8394030692371768
0.8394065414606047
0.8394100136840325
0.8394134859074603
0.8394169581308883
0.839420430354316
0.839423902577744
0.8394273748011717
0.8394308470245997
0.8394343192480275
0.8394377914714554
0.8394412636948831
0.839444735918311
0.839448208141739
0.8394516803651669
0.8394551525885947
0.8394586248120226
0.8394620970354504
0.8394655692588782
0.839469041482306
0.8394725137057338
0.8394759859291617
0.8394794581525895
0.8394829303760174
0.8394864025994454
0.8394898748228733
0.8394933470463011
0.839496819269729
0.8395002914931567
0.8395037637165846
0.8395072359400124
0.8395107081634404
0.8395141803868681
0.8395176526102961
0.839521124833724
0.8395245970571518
0.8395280692805797
0.8395315415040074
0.8395350137274353
0.8395384859508631
0.8395419581742911
0.839545430397719
0.8395489026211468
0.8395523748445747
0.8395558470680025
0.8395593192914304
0.8395627915148581
0.839566263738286
0.8395697359617138
0.8395732081851417
0.8395766804085695
0.8395801526319975
0.8395836248554254
0.8395870970788532
0.839590569302281
0.8395940415257088
0.8395975137491367
0.8396009859725645
0.8396044581959925
0.8396079304194202
0.8396114026428482
0.8396148748662761
0.8396183470897038
0.8396218193131317
0.8396252915365595
0.8396287637599874
0.8396322359834152
0.8396357082068432
0.8396391804302709
0.8396426526536989
0.8396461248771268
0.8396495971005545
0.8396530693239824
0.8396565415474102
0.8396600137708381
0.8396634859942659
0.8396669582176938
0.8396704304411216
0.8396739026645496
0.8396773748879774
0.8396808471114052
0.8396843193348331
0.8396877915582609
0.8396912637816888
0.8396947360051166
0.8396982082285447
0.8397016804519722
0.8397051526754002
0.8397086248988281
0.8397120971222559
0.8397155693456838
0.8397190415691116
0.8397225137925395
0.8397259860159673
0.8397294582393954
0.8397329304628229
0.839736402686251
0.8397398749096788
0.8397433471331067
0.8397468193565345
0.8397502915799623
0.8397537638033902
0.839757236026818
0.8397607082502461
0.8397641804736736
0.8397676526971017
0.8397711249205295
0.8397745971439574
0.8397780693673852
0.8397815415908131
0.8397850138142409
0.8397884860376688
0.8397919582610965
0.8397954304845243
0.8397989027079524
0.8398023749313802
0.8398058471548081
0.8398093193782359
0.8398127916016638
0.8398162638250916
0.8398197360485194
0.8398232082719475
0.8398266804953751
0.8398301527188031
0.8398336249422309
0.8398370971656588
0.8398405693890866
0.8398440416125145
0.8398475138359422
0.8398509860593701
0.8398544582827981
0.8398579305062259
0.8398614027296538
0.8398648749530816
0.8398683471765095
0.8398718193999373
0.8398752916233652
0.8398787638467929
0.8398822360702208
0.8398857082936486
0.8398891805170765
0.8398926527405045
0.8398961249639323
0.8398995971873602
0.839903069410788
0.8399065416342159
0.8399100138576436
0.8399134860810715
0.8399169583044995
0.8399204305279272
0.8399239027513552
0.8399273749747829
