0.48576405755696445
0.4857675297803923
0.4857710020038201
0.485774474227248
0.48577794645067585
0.4857814186741037
0.4857848908975315
0.48578836312095935
0.4857918353443873
0.48579530756781514
0.485798779791243
0.4858022520146708
0.4858057242380987
0.48580919646152654
0.4858126686849544
0.4858161409083822
0.48581961313181005
0.485823085355238
0.48582655757866583
0.48583002980209367
0.4858335020255215
0.48583697424894945
0.4858404464723773
0.48584391869580507
0.4858473909192329
0.48585086314266074
0.4858543353660887
0.4858578075895165
0.48586127981294436
0.4858647520363722
0.48586822425980014
0.485871696483228
0.4858751687066558
0.48587864093008365
0.4858821131535115
0.4858855853769394
0.4858890576003672
0.48589252982379505
0.4858960020472229
0.48589947427065083
0.48590294649407867
0.4859064187175065
0.48590989094093434
0.4859133631643622
0.48591683538779007
0.4859203076112179
0.48592377983464574
0.4859272520580736
0.4859307242815015
0.48593419650492936
0.4859376687283572
0.48594114095178503
0.48594461317521287
0.48594808539864076
0.4859515576220686
0.48595502984549643
0.48595850206892427
0.4859619742923522
0.48596544651578005
0.4859689187392079
0.4859723909626357
0.48597586318606356
0.4859793354094915
0.48598280763291934
0.4859862798563471
0.48598975207977496
0.4859932243032029
0.48599669652663074
0.4860001687500586
0.4860036409734864
0.48600711319691425
0.4860105854203422
0.48601405764377004
0.4860175298671979
0.4860210020906257
0.4860244743140536
0.48602794653748144
0.4860314187609093
0.4860348909843371
0.48603836320776495
0.4860418354311929
0.48604530765462073
0.48604877987804856
0.4860522521014764
0.4860557243249043
0.48605919654833213
0.48606266877175996
0.4860661409951878
0.48606961321861564
0.4860730854420436
0.4860765576654714
0.48608002988889926
0.4860835021123271
0.486086974335755
0.4860904465591828
0.48609391878261066
0.4860973910060385
0.48610086322946633
0.4861043354528943
0.4861078076763221
0.48611127989974995
0.4861147521231778
0.48611822434660573
0.48612169657003357
0.4861251687934614
0.4861286410168892
0.486132113240317
0.48613558546374497
0.4861390576871728
0.48614252991060064
0.4861460021340285
0.4861494743574564
0.48615294658088426
0.4861564188043121
0.48615989102773993
0.48616336325116777
0.48616683547459566
0.4861703076980235
0.48617377992145133
0.48617725214487917
0.4861807243683071
0.48618419659173495
0.4861876688151628
0.4861911410385906
0.48619461326201846
0.48619808548544635
0.4862015577088742
0.486205029932302
0.48620850215572986
0.4862119743791578
0.48621544660258564
0.4862189188260135
0.4862223910494413
0.48622586327286915
0.48622933549629704
0.4862328077197249
0.4862362799431527
0.48623975216658055
0.4862432243900085
0.48624669661343634
0.48625016883686417
0.486253641060292
0.48625711328371984
0.4862605855071478
0.4862640577305756
0.48626752995400346
0.48627100217743124
0.4862744744008592
0.486277946624287
0.48628141884771486
0.4862848910711427
0.48628836329457054
0.4862918355179985
0.4862953077414263
0.48629877996485416
0.486302252188282
0.4863057244117099
0.4863091966351377
0.48631266885856556
0.4863161410819934
0.48631961330542123
0.4863230855288492
0.486326557752277
0.48633002997570485
0.4863335021991327
0.4863369744225606
0.4863404466459884
0.48634391886941625
0.4863473910928441
0.4863508633162719
0.48635433553969987
0.4863578077631277
0.48636127998655554
0.4863647522099834
0.48636822443341127
0.4863716966568391
0.48637516888026694
0.4863786411036948
0.4863821133271226
0.48638558555055056
0.4863890577739784
0.48639252999740623
0.48639600222083407
0.486399474444262
0.48640294666768985
0.4864064188911177
0.4864098911145455
0.4864133633379733
0.48641683556140125
0.4864203077848291
0.4864237800082569
0.48642725223168476
0.4864307244551127
0.48643419667854054
0.4864376689019684
0.4864411411253962
0.48644461334882405
0.48644808557225194
0.4864515577956798
0.4864550300191076
