0.9260419882090238
0.9260454604324514
0.9260489326558795
0.9260524048793071
0.9260558771027352
0.926059349326163
0.9260628215495907
0.9260662937730189
0.9260697659964464
0.9260732382198745
0.9260767104433021
0.9260801826667302
0.926083654890158
0.9260871271135859
0.9260905993370137
0.9260940715604415
0.9260975437838693
0.9261010160072972
0.9261044882307252
0.9261079604541528
0.9261114326775809
0.9261149049010087
0.9261183771244366
0.9261218493478643
0.9261253215712922
0.92612879379472
0.9261322660181479
0.9261357382415759
0.9261392104650036
0.9261426826884316
0.9261461549118593
0.9261496271352873
0.926153099358715
0.9261565715821429
0.9261600438055709
0.9261635160289986
0.9261669882524266
0.9261704604758543
0.9261739326992823
0.9261774049227101
0.926180877146138
0.9261843493695657
0.9261878215929936
0.9261912938164214
0.9261947660398493
0.9261982382632773
0.926201710486705
0.926205182710133
0.9262086549335607
0.9262121271569886
0.9262155993804164
0.9262190716038443
0.9262225438272721
0.9262260160507
0.926229488274128
0.9262329604975557
0.9262364327209837
0.9262399049444113
0.9262433771678393
0.9262468493912671
0.926250321614695
0.926253793838123
0.9262572660615507
0.9262607382849787
0.9262642105084063
0.9262676827318344
0.9262711549552621
0.92627462717869
0.9262780994021178
0.9262815716255457
0.9262850438489735
0.9262885160724014
0.9262919882958294
0.926295460519257
0.926298932742685
0.9263024049661128
0.9263058771895407
0.9263093494129685
0.9263128216363964
0.9263162938598242
0.9263197660832521
0.9263232383066801
0.9263267105301077
0.9263301827535357
0.9263336549769634
0.9263371272003914
0.9263405994238193
0.9263440716472471
0.9263475438706751
0.9263510160941028
0.9263544883175308
0.9263579605409584
0.9263614327643864
0.9263649049878143
0.9263683772112421
0.92637184943467
0.9263753216580978
0.9263787938815258
0.9263822661049534
0.9263857383283814
0.9263892105518091
0.9263926827752371
0.926396154998665
0.9263996272220928
0.9264030994455207
0.9264065716689485
0.9264100438923764
0.9264135161158041
0.9264169883392321
0.9264204605626598
0.9264239327860878
0.9264274050095155
0.9264308772329435
0.9264343494563714
0.9264378216797992
0.9264412939032272
0.9264447661266548
0.9264482383500828
0.9264517105735105
0.9264551827969385
0.9264586550203662
0.9264621272437942
0.9264655994672221
0.9264690716906498
0.9264725439140779
0.9264760161375055
0.9264794883609335
0.9264829605843612
0.9264864328077892
0.9264899050312171
0.9264933772546449
0.9264968494780728
0.9265003217015005
0.9265037939249284
0.9265072661483562
0.9265107383717842
0.9265142105952119
0.9265176828186399
0.9265211550420678
0.9265246272654956
0.9265280994889235
0.9265315717123512
0.9265350439357791
0.9265385161592069
0.9265419883826349
0.9265454606060626
0.9265489328294906
0.9265524050529182
0.9265558772763463
0.9265593494997741
0.9265628217232019
0.92656629394663
0.9265697661700576
0.9265732383934857
0.9265767106169133
0.9265801828403414
0.9265836550637692
0.9265871272871969
0.9265905995106248
0.9265940717340526
0.9265975439574805
0.9266010161809083
0.9266044884043364
0.926607960627764
0.9266114328511921
0.9266149050746199
0.9266183772980477
0.9266218495214755
0.9266253217449034
0.9266287939683312
0.926632266191759
0.9266357384151871
0.9266392106386147
0.9266426828620428
0.9266461550854703
0.9266496273088984
0.9266530995323262
0.9266565717557541
0.9266600439791821
0.9266635162026098
0.9266669884260378
0.9266704606494655
0.9266739328728935
0.9266774050963212
0.9266808773197491
0.9266843495431769
0.9266878217666048
0.9266912939900326
0.9266947662134605
0.9266982384368885
0.9267017106603161
0.9267051828837441
0.9267086551071719
0.9267121273305998
0.9267155995540276
0.9267190717774555
0.9267225440008833
0.9267260162243112
0.9267294884477392
0.9267329606711668
