0.7947919426360911
0.794795414859519
0.7947988870829469
0.7948023593063748
0.7948058315298027
0.7948093037532304
0.7948127759766583
0.7948162482000861
0.794819720423514
0.7948231926469418
0.7948266648703698
0.7948301370937977
0.7948336093172255
0.7948370815406534
0.7948405537640811
0.794844025987509
0.7948474982109368
0.7948509704343647
0.7948544426577926
0.7948579148812205
0.7948613871046484
0.7948648593280762
0.794868331551504
0.7948718037749318
0.7948752759983597
0.7948787482217875
0.7948822204452154
0.7948856926686433
0.7948891648920712
0.794892637115499
0.7948961093389268
0.7948995815623547
0.7949030537857825
0.7949065260092104
0.7949099982326382
0.7949134704560661
0.7949169426794939
0.7949204149029219
0.7949238871263498
0.7949273593497777
0.7949308315732054
0.7949343037966332
0.7949377760200611
0.7949412482434889
0.7949447204669168
0.7949481926903447
0.7949516649137726
0.7949551371372005
0.7949586093606282
0.7949620815840561
0.794965553807484
0.7949690260309118
0.7949724982543397
0.7949759704777675
0.7949794427011954
0.7949829149246234
0.794986387148051
0.794989859371479
0.7949933315949068
0.7949968038183347
0.7950002760417625
0.7950037482651904
0.7950072204886183
0.795010692712046
0.7950141649354739
0.7950176371589017
0.7950211093823297
0.7950245816057575
0.7950280538291854
0.7950315260526132
0.7950349982760411
0.7950384704994689
0.7950419427228967
0.7950454149463246
0.7950488871697525
0.7950523593931804
0.7950558316166082
0.7950593038400361
0.7950627760634639
0.7950662482868918
0.7950697205103195
0.7950731927337475
0.7950766649571754
0.7950801371806031
0.7950836094040311
0.7950870816274589
0.7950905538508868
0.7950940260743146
0.7950974982977425
0.7951009705211703
0.7951044427445981
0.795107914968026
0.7951113871914539
0.7951148594148818
0.7951183316383096
0.7951218038617375
0.7951252760851653
0.7951287483085931
0.7951322205320209
0.7951356927554489
0.7951391649788767
0.7951426372023046
0.7951461094257325
0.7951495816491603
0.7951530538725882
0.795156526096016
0.7951599983194438
0.7951634705428716
0.7951669427662996
0.7951704149897274
0.7951738872131553
0.7951773594365832
0.795180831660011
0.7951843038834389
0.7951877761068666
0.7951912483302945
0.7951947205537224
0.7951981927771502
0.7952016650005781
0.795205137224006
0.7952086094474339
0.7952120816708618
0.7952155538942896
0.7952190261177173
0.7952224983411452
0.795225970564573
0.7952294427880009
0.7952329150114288
0.7952363872348568
0.7952398594582846
0.7952433316817125
0.7952468039051402
0.7952502761285681
0.7952537483519959
0.7952572205754238
0.7952606927988517
0.7952641650222795
0.7952676372457075
0.7952711094691353
0.7952745816925632
0.7952780539159909
0.7952815261394188
0.7952849983628466
0.7952884705862745
0.7952919428097024
0.7952954150331302
0.7952988872565581
0.795302359479986
0.7953058317034138
0.7953093039268416
0.7953127761502695
0.7953162483736973
0.7953197205971252
0.795323192820553
0.7953266650439809
0.7953301372674089
0.7953336094908366
0.7953370817142645
0.7953405539376923
0.7953440261611202
0.795347498384548
0.7953509706079759
0.7953544428314038
0.7953579150548317
0.7953613872782596
0.7953648595016873
0.7953683317251152
0.795371803948543
0.7953752761719709
0.7953787483953987
0.7953822206188266
0.7953856928422545
0.7953891650656824
0.7953926372891101
0.795396109512538
0.7953995817359659
0.7954030539593937
0.7954065261828216
0.7954099984062494
0.7954134706296773
0.795416942853105
0.795420415076533
0.7954238872999609
0.7954273595233887
0.7954308317468166
0.7954343039702444
0.7954377761936723
0.7954412484171001
0.795444720640528
0.7954481928639558
0.7954516650873837
0.7954551373108116
0.7954586095342394
0.7954620817576673
0.7954655539810951
0.795469026204523
0.7954724984279508
0.7954759706513786
0.7954794428748065
0.7954829150982345
