0.6329863308980316
0.6329898031214594
0.6329932753448873
0.6329967475683151
0.6330002197917429
0.6330036920151708
0.6330071642385986
0.6330106364620266
0.6330141086854544
0.6330175809088823
0.6330210531323102
0.6330245253557379
0.6330279975791658
0.6330314698025936
0.6330349420260215
0.6330384142494493
0.6330418864728773
0.6330453586963051
0.633048830919733
0.6330523031431609
0.6330557753665887
0.6330592475900165
0.6330627198134444
0.6330661920368722
0.6330696642603001
0.633073136483728
0.6330766087071558
0.6330800809305837
0.6330835531540114
0.6330870253774394
0.6330904976008672
0.6330939698242951
0.6330974420477229
0.6331009142711508
0.6331043864945786
0.6331078587180065
0.6331113309414343
0.6331148031648622
0.6331182753882901
0.6331217476117179
0.6331252198351458
0.6331286920585736
0.6331321642820015
0.6331356365054294
0.6331391087288571
0.633142580952285
0.6331460531757129
0.6331495253991408
0.6331529976225686
0.6331564698459965
0.6331599420694243
0.6331634142928522
0.6331668865162801
0.6331703587397078
0.6331738309631357
0.6331773031865635
0.6331807754099915
0.6331842476334193
0.6331877198568472
0.633191192080275
0.6331946643037029
0.6331981365271308
0.6332016087505586
0.6332050809739864
0.6332085531974143
0.6332120254208422
0.63321549764427
0.6332189698676979
0.6332224420911257
0.6332259143145536
0.6332293865379814
0.6332328587614093
0.6332363309848371
0.633239803208265
0.6332432754316929
0.6332467476551207
0.6332502198785486
0.6332536921019764
0.6332571643254042
0.6332606365488321
0.63326410877226
0.6332675809956878
0.6332710532191157
0.6332745254425436
0.6332779976659714
0.6332814698893993
0.633284942112827
0.6332884143362549
0.6332918865596828
0.6332953587831107
0.6332988310065385
0.6333023032299665
0.6333057754533943
0.6333092476768221
0.63331271990025
0.6333161921236777
0.6333196643471057
0.6333231365705335
0.6333266087939614
0.6333300810173892
0.6333335532408171
0.633337025464245
0.6333404976876729
0.6333439699111006
0.6333474421345285
0.6333509143579563
0.6333543865813841
0.6333578588048121
0.6333613310282399
0.6333648032516679
0.6333682754750957
0.6333717476985236
0.6333752199219513
0.6333786921453792
0.633382164368807
0.6333856365922349
0.6333891088156628
0.6333925810390906
0.6333960532625186
0.6333995254859464
0.6334029977093742
0.633406469932802
0.6334099421562299
0.6334134143796577
0.6334168866030856
0.6334203588265135
0.6334238310499413
0.6334273032733692
0.633430775496797
0.6334342477202249
0.6334377199436527
0.6334411921670806
0.6334446643905084
0.6334481366139364
0.6334516088373642
0.633455081060792
0.63345855328422
0.6334620255076477
0.6334654977310756
0.6334689699545034
0.6334724421779313
0.6334759144013591
0.6334793866247871
0.6334828588482149
0.6334863310716428
0.6334898032950705
0.6334932755184984
0.6334967477419263
0.6335002199653541
0.633503692188782
0.6335071644122098
0.6335106366356377
0.6335141088590656
0.6335175810824935
0.6335210533059213
0.6335245255293491
0.633527997752777
0.6335314699762048
0.6335349421996327
0.6335384144230605
0.6335418866464885
0.6335453588699163
0.6335488310933441
0.633552303316772
0.6335557755401998
0.6335592477636277
0.6335627199870555
0.6335661922104834
0.6335696644339113
0.6335731366573392
0.633576608880767
0.6335800811041948
0.6335835533276226
0.6335870255510506
0.6335904977744784
0.6335939699979062
0.6335974422213341
0.6336009144447619
0.6336043866681897
0.6336078588916176
0.6336113311150455
0.6336148033384734
0.6336182755619013
0.6336217477853291
0.633625220008757
0.6336286922321848
0.6336321644556127
0.6336356366790405
0.6336391089024683
0.6336425811258962
0.6336460533493241
0.633649525572752
0.6336529977961798
0.6336564700196077
0.6336599422430355
0.6336634144664633
0.6336668866898912
0.633670358913319
0.6336738311367469
0.6336773033601747
