0.025347231023344085
0.025350703246771918
0.025354175470199754
0.02535764769362768
0.025361119917055516
0.02536459214048335
0.025368064363911185
0.02537153658733902
0.025375008810766948
0.025378481034194784
0.025381953257622616
0.025385425481050546
0.025388897704478285
0.025392369927906215
0.025395842151334048
0.025399314374761884
0.02540278659818981
0.025406258821617646
0.02540973104504548
0.025413203268473315
0.02541667549190115
0.025420147715329078
0.025423619938756914
0.025427092162184747
0.025430564385612583
0.02543403660904051
0.025437508832468345
0.025440981055896178
0.025444453279324014
0.025447925502751847
0.025451397726179777
0.02545486994960761
0.025458342173035445
0.025461814396463278
0.025465286619891114
0.02546875884331904
0.025472231066746877
0.025475703290174713
0.02547917551360264
0.025482647737030475
0.025486119960458308
0.025489592183886144
0.025493064407313977
0.025496536630741907
0.02550000885416974
0.025503481077597576
0.02550695330102541
0.025510425524453244
0.02551389774788117
0.025517369971309007
0.025520842194736843
0.025524314418164676
0.025527786641592606
0.025531258865020345
0.025534731088448274
0.025538203311876107
0.025541675535303943
0.02554514775873187
0.025548619982159706
0.02555209220558754
0.02555556442901547
0.02555903665244321
0.025562508875871137
0.02556598109929897
0.025569453322726806
0.025572925546154732
0.02557639776958257
0.025579869993010405
0.025583342216438237
0.025586814439866074
0.025590286663294
0.025593758886721836
0.02559723111014967
0.025600703333577505
0.025604175557005338
0.025607647780433174
0.0256111200038611
0.025614592227288936
0.025618064450716772
0.0256215366741447
0.02562500889757244
0.025628481121000368
0.025631953344428204
0.025635425567856036
0.025638897791283966
0.0256423700147118
0.025645842238139635
0.02564931446156756
0.025652786684995304
0.02565625890842323
0.025659731131851066
0.025663203355278903
0.02566667557870683
0.025670147802134665
0.025673620025562498
0.025677092248990334
0.025680564472418167
0.025684036695846003
0.02568750891927393
0.025690981142701765
0.025694453366129598
0.025697925589557528
0.025701397812985267
0.025704870036413197
0.02570834225984103
0.025711814483268865
0.025715286706696792
0.025718758930124628
0.025722231153552464
0.025725703376980297
0.025729175600408133
0.02573264782383606
0.025736120047263895
0.025739592270691728
0.025743064494119564
0.025746536717547397
0.025750008940975327
0.02575348116440316
0.025756953387830996
0.025760425611258832
0.025763897834686758
0.025767370058114594
0.025770842281542427
0.025774314504970263
0.025777786728398096
0.025781258951826026
0.02578473117525386
0.025788203398681694
0.02579167562210962
0.025795147845537363
0.02579862006896529
0.025802092292393126
0.02580556451582096
0.02580903673924889
0.02581250896267672
0.025815981186104557
0.025819453409532393
0.025822925632960226
0.025826397856388156
0.02582987007981599
0.025833342303243825
0.025836814526671657
0.025840286750099587
0.02584375897352742
0.025847231196955256
0.02585070342038309
0.025854175643810925
0.02585764786723885
0.025861120090666687
0.025864592314094523
0.025868064537522356
0.025871536760950192
0.02587500898437812
0.025878481207805955
0.025881953431233787
0.025885425654661717
0.025888897878089456
0.025892370101517386
0.02589584232494522
0.025899314548373055
0.02590278677180098
0.025906258995228817
0.025909731218656654
0.025913203442084486
0.025916675665512322
0.02592014788894025
0.025923620112368085
0.025927092335795918
0.025930564559223754
0.02593403678265168
0.025937509006079516
0.02594098122950735
0.025944453452935185
0.025947925676363018
0.025951397899790948
0.02595487012321878
0.025958342346646616
0.025961814570074543
0.025965286793502285
0.025968759016930215
0.025972231240358048
0.025975703463785884
0.02597917568721381
0.025982647910641646
0.02598612013406948
0.025989592357497315
0.025993064580925148
0.025996536804353078
0.02600000902778091
0.026003481251208747
0.026006953474636583
0.026010425698064416
0.026013897921492345
0.026017370144920178
0.026020842368348014
0.026024314591775847
0.026027786815203777
0.026031259038631516
0.026034731262059446
0.026038203485487278
