0.5177085130932336
0.5177119853166616
0.5177154575400894
0.5177189297635173
0.5177224019869451
0.517725874210373
0.5177293464338009
0.5177328186572288
0.5177362908806565
0.5177397631040843
0.5177432353275123
0.5177467075509401
0.517750179774368
0.5177536519977958
0.5177571242212237
0.5177605964446516
0.5177640686680794
0.5177675408915072
0.5177710131149351
0.517774485338363
0.5177779575617908
0.5177814297852187
0.5177849020086465
0.5177883742320744
0.5177918464555022
0.5177953186789301
0.5177987909023579
0.5178022631257858
0.5178057353492137
0.5178092075726415
0.5178126797960694
0.5178161520194972
0.517819624242925
0.5178230964663529
0.5178265686897808
0.5178300409132086
0.5178335131366365
0.5178369853600644
0.5178404575834922
0.5178439298069201
0.5178474020303478
0.5178508742537757
0.5178543464772036
0.5178578187006315
0.5178612909240593
0.5178647631474872
0.5178682353709151
0.517871707594343
0.5178751798177708
0.5178786520411985
0.5178821242646264
0.5178855964880543
0.5178890687114822
0.51789254093491
0.5178960131583379
0.5178994853817658
0.5179029576051937
0.5179064298286215
0.5179099020520493
0.5179133742754771
0.517916846498905
0.5179203187223329
0.5179237909457607
0.5179272631691886
0.5179307353926165
0.5179342076160444
0.5179376798394721
0.5179411520629
0.5179446242863278
0.5179480965097557
0.5179515687331836
0.5179550409566114
0.5179585131800393
0.5179619854034672
0.517965457626895
0.5179689298503228
0.5179724020737507
0.5179758742971785
0.5179793465206064
0.5179828187440343
0.5179862909674621
0.51798976319089
0.5179932354143179
0.5179967076377457
0.5180001798611735
0.5180036520846014
0.5180071243080292
0.5180105965314572
0.518014068754885
0.5180175409783129
0.5180210132017407
0.5180244854251685
0.5180279576485964
0.5180314298720242
0.5180349020954521
0.5180383743188799
0.5180418465423079
0.5180453187657357
0.5180487909891636
0.5180522632125913
0.5180557354360192
0.5180592076594471
0.5180626798828749
0.5180661521063028
0.5180696243297306
0.5180730965531586
0.5180765687765864
0.5180800410000143
0.518083513223442
0.5180869854468699
0.5180904576702978
0.5180939298937256
0.5180974021171535
0.5181008743405813
0.5181043465640093
0.5181078187874371
0.518111291010865
0.5181147632342927
0.5181182354577206
0.5181217076811485
0.5181251799045763
0.5181286521280042
0.518132124351432
0.51813559657486
0.5181390687982877
0.5181425410217156
0.5181460132451434
0.5181494854685714
0.5181529576919992
0.5181564299154271
0.5181599021388549
0.5181633743622827
0.5181668465857107
0.5181703188091384
0.5181737910325663
0.5181772632559941
0.5181807354794221
0.5181842077028499
0.5181876799262778
0.5181911521497056
0.5181946243731335
0.5181980965965614
0.5182015688199891
0.518205041043417
0.5182085132668448
0.5182119854902728
0.5182154577137006
0.5182189299371285
0.5182224021605563
0.5182258743839842
0.518229346607412
0.5182328188308398
0.5182362910542677
0.5182397632776955
0.5182432355011235
0.5182467077245513
0.5182501799479792
0.518253652171407
0.5182571243948348
0.5182605966182627
0.5182640688416905
0.5182675410651184
0.5182710132885462
0.5182744855119742
0.518277957735402
0.5182814299588299
0.5182849021822576
0.5182883744056855
0.5182918466291134
0.5182953188525413
0.5182987910759691
0.518302263299397
0.5183057355228249
0.5183092077462527
0.5183126799696806
0.5183161521931083
0.5183196244165362
0.5183230966399641
0.518326568863392
0.5183300410868198
0.5183335133102477
0.5183369855336756
0.5183404577571034
0.5183439299805312
0.518347402203959
0.5183508744273869
0.5183543466508148
0.5183578188742427
0.5183612910976705
0.5183647633210984
0.5183682355445263
0.518371707767954
0.5183751799913819
0.5183786522148097
0.5183821244382376
0.5183855966616655
0.5183890688850934
0.5183925411085212
0.5183960133319491
0.518399485555377
