0.027430565080057267
0.027434037303485193
0.02743750952691303
0.027440981750340866
0.027444453973768698
0.027447926197196534
0.02745139842062446
0.027454870644052297
0.02745834286748013
0.02746181509090806
0.0274652873143358
0.027468759537763728
0.02747223176119156
0.027475703984619397
0.027479176208047323
0.02748264843147516
0.027486120654902996
0.02748959287833083
0.027493065101758665
0.02749653732518659
0.027500009548614427
0.02750348177204226
0.027506953995470096
0.02751042621889793
0.02751389844232586
0.02751737066575369
0.027520842889181527
0.027524315112609363
0.02752778733603729
0.027531259559465032
0.02753473178289296
0.027538204006320795
0.027541676229748627
0.027545148453176557
0.02754862067660439
0.027552092900032226
0.027555565123460152
0.027559037346887895
0.02756250957031582
0.027565981793743657
0.02756945401717149
0.02757292624059942
0.027576398464027253
0.02757987068745509
0.027583342910882925
0.027586815134310758
0.027590287357738594
0.02759375958116652
0.027597231804594356
0.02760070402802219
0.02760417625145012
0.027607648474877858
0.027611120698305788
0.02761459292173362
0.027618065145161456
0.027621537368589383
0.02762500959201722
0.027628481815445055
0.027631954038872888
0.027635426262300724
0.02763889848572865
0.027642370709156486
0.02764584293258432
0.02764931515601225
0.027652787379439988
0.027656259602867918
0.02765973182629575
0.027663204049723587
0.027666676273151423
0.02767014849657935
0.027673620720007182
0.027677092943435018
0.027680565166862854
0.027684037390290687
0.027687509613718617
0.02769098183714645
0.027694454060574285
0.027697926284002212
0.027701398507429954
0.02770487073085788
0.027708342954285717
0.02771181517771355
0.02771528740114148
0.027718759624569312
0.027722231847997148
0.027725704071424984
0.027729176294852817
0.027732648518280747
0.02773612074170858
0.027739592965136416
0.02774306518856425
0.027746537411992178
0.02775000963542001
0.027753481858847847
0.02775695408227568
0.027760426305703516
0.027763898529131442
0.02776737075255928
0.027770842975987114
0.027774315199414947
0.027777787422842783
0.02778125964627071
0.027784731869698546
0.02778820409312638
0.02779167631655431
0.027795148539982047
0.027798620763409977
0.02780209298683781
0.027805565210265646
0.027809037433693572
0.02781250965712141
0.02781598188054924
0.027819454103977077
0.027822926327404914
0.02782639855083284
0.027829870774260676
0.02783334299768851
0.027836815221116345
0.02784028744454427
0.027843759667972107
0.02784723189139994
0.027850704114827776
0.02785417633825561
0.02785764856168354
0.02786112078511137
0.027864593008539208
0.027868065231967044
0.027871537455394876
0.027875009678822806
0.02787848190225064
0.027881954125678475
0.0278854263491064
0.027888898572534144
0.02789237079596207
0.027895843019389906
0.02789931524281774
0.02790278746624567
0.0279062596896735
0.027909731913101338
0.02791320413652917
0.027916676359957007
0.027920148583384933
0.02792362080681277
0.027927093030240605
0.027930565253668438
0.027934037477096368
0.0279375097005242
0.027940981923952037
0.02794445414737987
0.027947926370807705
0.027951398594235632
0.027954870817663468
0.0279583430410913
0.02796181526451923
0.027965287487946973
0.0279687597113749
0.027972231934802735
0.027975704158230568
0.027979176381658498
0.02798264860508633
0.027986120828514167
0.027989593051942
0.027993065275369836
0.027996537498797762
0.028000009722225598
0.02800348194565343
0.028006954169081267
0.028010426392509103
0.02801389861593703
0.028017370839364866
0.028020843062792698
0.028024315286220534
0.02802778750964846
0.028031259733076203
0.02803473195650413
0.028038204179931966
0.0280416764033598
0.02804514862678773
0.02804862085021556
0.028052093073643397
0.028055565297071323
0.028059037520499066
0.028062509743926992
0.02806598196735483
0.028069454190782665
0.02807292641421059
0.028076398637638427
0.02807987086106626
0.028083343084494096
0.02808681530792193
0.028090287531349765
0.02809375975477769
0.028097231978205527
0.02810070420163336
0.02810417642506129
0.028107648648489032
0.02811112087191696
0.028114593095344795
0.028118065318772627
0.028121537542200557
