0.403819584659578
0.40382305688300585
0.40382652910643374
0.4038300013298616
0.4038334735532894
0.40383694577671725
0.40384041800014514
0.403843890223573
0.4038473624470008
0.4038508346704287
0.40385430689385654
0.40385777911728443
0.40386125134071227
0.40386472356414016
0.40386819578756794
0.4038716680109958
0.40387514023442367
0.4038786124578515
0.4038820846812794
0.40388555690470723
0.4038890291281351
0.40389250135156296
0.4038959735749908
0.4038994457984187
0.4039029180218465
0.40390639024527436
0.4039098624687022
0.4039133346921301
0.4039168069155579
0.4039202791389858
0.40392375136241365
0.4039272235858415
0.4039306958092694
0.40393416803269727
0.4039376402561251
0.4039411124795529
0.4039445847029808
0.4039480569264086
0.4039515291498365
0.40395500137326434
0.4039584735966922
0.40396194582012007
0.40396541804354796
0.4039688902669758
0.40397236249040364
0.40397583471383147
0.4039793069372593
0.4039827791606872
0.40398625138411504
0.4039897236075429
0.40399319583097076
0.4039966680543986
0.4040001402778265
0.40400361250125433
0.4040070847246822
0.40401055694811
0.4040140291715379
0.40401750139496573
0.40402097361839356
0.40402444584182146
0.40402791806524935
0.4040313902886772
0.404034862512105
0.4040383347355329
0.40404180695896075
0.4040452791823886
0.4040487514058164
0.40405222362924426
0.40405569585267215
0.40405916807610004
0.4040626402995279
0.4040661125229557
0.4040695847463836
0.40407305696981144
0.40407652919323933
0.40408000141666717
0.40408347364009495
0.40408694586352284
0.40409041808695073
0.40409389031037857
0.4040973625338064
0.4041008347572343
0.40410430698066213
0.40410777920409
0.40411125142751786
0.4041147236509457
0.40411819587437353
0.40412166809780137
0.40412514032122926
0.4041286125446571
0.404132084768085
0.4041355569915128
0.4041390292149407
0.40414250143836855
0.4041459736617964
0.4041494458852243
0.4041529181086521
0.40415639033207995
0.4041598625555078
0.4041633347789357
0.4041668070023635
0.4041702792257914
0.40417375144921924
0.4041772236726471
0.40418069589607497
0.4041841681195028
0.40418764034293064
0.4041911125663585
0.40419458478978637
0.4041980570132142
0.4042015292366421
0.40420500146006993
0.40420847368349777
0.40421194590692566
0.40421541813035355
0.4042188903537814
0.4042223625772092
0.40422583480063706
0.4042293070240649
0.4042327792474928
0.4042362514709206
0.4042397236943485
0.40424319591777635
0.4042466681412042
0.4042501403646321
0.4042536125880599
0.40425708481148775
0.4042605570349156
0.4042640292583435
0.4042675014817713
0.40427097370519915
0.40427444592862705
0.40427791815205494
0.4042813903754828
0.4042848625989106
0.4042883348223385
0.40429180704576634
0.4042952792691942
0.404298751492622
0.40430222371604985
0.40430569593947774
0.40430916816290563
0.40431264038633347
0.4043161126097613
0.4043195848331892
0.40432305705661703
0.40432652928004487
0.4043300015034727
0.40433347372690054
0.40433694595032843
0.4043404181737563
0.40434389039718416
0.404347362620612
0.4043508348440399
0.4043543070674677
0.4043577792908956
0.40436125151432345
0.4043647237377513
0.4043681959611791
0.40437166818460696
0.40437514040803485
0.4043786126314627
0.4043820848548906
0.4043855570783184
0.4043890293017463
0.40439250152517414
0.404395973748602
0.4043994459720298
0.4044029181954577
0.40440639041888554
0.4044098626423134
0.40441333486574127
0.4044168070891691
0.404420279312597
0.40442375153602483
0.40442722375945267
0.40443069598288056
0.4044341682063084
0.40443764042973623
0.40444111265316407
0.40444458487659196
0.4044480571000198
0.4044515293234477
0.4044550015468755
0.40445847377030336
0.40446194599373125
0.4044654182171591
0.4044688904405869
0.40447236266401476
0.40447583488744265
0.4044793071108705
0.4044827793342984
0.4044862515577262
0.4044897237811541
0.40449319600458195
0.4044966682280098
0.4045001404514377
0.4045036126748655
0.40450708489829335
0.4045105571217212
