0.37881957597901944
0.3788230482024473
0.37882652042587517
0.378829992649303
0.37883346487273084
0.3788369370961587
0.37884040931958657
0.3788438815430144
0.37884735376644224
0.37885082598987013
0.37885429821329797
0.37885777043672586
0.3788612426601537
0.37886471488358153
0.3788681871070094
0.37887165933043726
0.3788751315538651
0.37887860377729293
0.37888207600072077
0.37888554822414866
0.37888902044757655
0.3788924926710044
0.3788959648944322
0.3788994371178601
0.37890290934128795
0.3789063815647158
0.3789098537881436
0.37891332601157146
0.3789167982349994
0.37892027045842724
0.3789237426818551
0.3789272149052829
0.3789306871287108
0.3789341593521387
0.37893763157556654
0.37894110379899437
0.3789445760224222
0.37894804824585004
0.37895152046927794
0.37895499269270577
0.3789584649161336
0.3789619371395615
0.3789654093629894
0.37896888158641723
0.37897235380984506
0.3789758260332729
0.37897929825670074
0.37898277048012863
0.37898624270355646
0.3789897149269843
0.3789931871504122
0.3789966593738401
0.3790001315972679
0.37900360382069576
0.37900707604412365
0.3790105482675515
0.3790140204909793
0.37901749271440716
0.379020964937835
0.3790244371612629
0.3790279093846908
0.3790313816081186
0.37903485383154645
0.3790383260549743
0.3790417982784022
0.37904527050183
0.37904874272525785
0.3790522149486857
0.3790556871721136
0.37905915939554147
0.3790626316189693
0.37906610384239714
0.37906957606582503
0.37907304828925287
0.37907652051268076
0.3790799927361086
0.37908346495953643
0.37908693718296427
0.37909040940639216
0.37909388162982
0.37909735385324783
0.3791008260766757
0.37910429830010356
0.37910777052353145
0.3791112427469593
0.3791147149703871
0.37911818719381496
0.37912165941724285
0.3791251316406707
0.3791286038640985
0.3791320760875264
0.37913554831095425
0.37913902053438214
0.37914249275781
0.3791459649812378
0.3791494372046657
0.37915290942809354
0.3791563816515214
0.3791598538749492
0.37916332609837705
0.379166798321805
0.37917027054523283
0.37917374276866067
0.3791772149920885
0.3791806872155164
0.37918415943894423
0.37918763166237207
0.3791911038857999
0.3791945761092278
0.37919804833265564
0.3792015205560835
0.37920499277951136
0.3792084650029392
0.3792119372263671
0.379215409449795
0.3792188816732228
0.37922235389665065
0.3792258261200785
0.3792292983435063
0.3792327705669342
0.37923624279036205
0.3792397150137899
0.3792431872372178
0.3792466594606457
0.3792501316840735
0.37925360390750135
0.3792570761309292
0.379260548354357
0.3792640205777849
0.37926749280121275
0.3792709650246406
0.3792744372480685
0.37927790947149637
0.3792813816949242
0.37928485391835204
0.3792883261417799
0.37929179836520777
0.3792952705886356
0.37929874281206344
0.3793022150354913
0.37930568725891917
0.37930915948234706
0.3793126317057749
0.37931610392920273
0.3793195761526306
0.37932304837605846
0.3793265205994863
0.37932999282291413
0.37933346504634197
0.37933693726976986
0.37934040949319775
0.3793438817166256
0.3793473539400534
0.3793508261634813
0.37935429838690915
0.37935777061033704
0.3793612428337649
0.3793647150571927
0.37936818728062055
0.37937165950404844
0.3793751317274763
0.3793786039509041
0.379382076174332
0.37938554839775984
0.37938902062118773
0.37939249284461557
0.3793959650680434
0.37939943729147124
0.37940290951489913
0.37940638173832697
0.3794098539617548
0.37941332618518264
0.3794167984086106
0.3794202706320384
0.37942374285546626
0.3794272150788941
0.379430687302322
0.3794341595257498
0.37943763174917766
0.3794411039726055
0.3794445761960334
0.3794480484194612
0.3794515206428891
0.37945499286631695
0.3794584650897448
0.3794619373131727
0.3794654095366006
0.37946888176002835
0.3794723539834562
0.3794758262068841
0.3794792984303119
0.3794827706537398
0.37948624287716765
0.3794897151005955
0.3794931873240234
0.37949665954745126
0.3795001317708791
0.37950360399430694
0.3795070762177348
0.3795105484411626
