0.2510417538339423
0.2510452260573702
0.251048698280798
0.25105217050422585
0.25105564272765374
0.2510591149510816
0.2510625871745094
0.25106605939793725
0.25106953162136514
0.251073003844793
0.25107647606822087
0.2510799482916487
0.25108342051507654
0.25108689273850443
0.25109036496193227
0.2510938371853601
0.25109730940878794
0.25110078163221583
0.25110425385564367
0.2511077260790715
0.2511111983024994
0.25111467052592723
0.2511181427493551
0.25112161497278296
0.25112508719621085
0.2511285594196387
0.2511320316430665
0.25113550386649436
0.25113897608992225
0.2511424483133501
0.2511459205367779
0.2511493927602058
0.25115286498363365
0.25115633720706154
0.2511598094304894
0.2511632816539172
0.25116675387734505
0.2511702261007729
0.2511736983242008
0.25117717054762867
0.2511806427710565
0.25118411499448434
0.25118758721791223
0.25119105944134007
0.25119453166476796
0.2511980038881958
0.25120147611162363
0.25120494833505147
0.2512084205584793
0.2512118927819072
0.25121536500533503
0.2512188372287629
0.25122230945219076
0.2512257816756186
0.2512292538990465
0.2512327261224743
0.25123619834590216
0.25123967056933
0.2512431427927579
0.2512466150161857
0.2512500872396136
0.25125355946304145
0.25125703168646935
0.2512605039098972
0.251263976133325
0.2512674483567529
0.25127092058018075
0.2512743928036086
0.2512778650270364
0.2512813372504643
0.25128480947389215
0.25128828169732004
0.2512917539207479
0.25129522614417577
0.2512986983676036
0.25130217059103144
0.2513056428144593
0.25130911503788717
0.251312587261315
0.25131605948474284
0.25131953170817073
0.25132300393159857
0.25132647615502646
0.2513299483784543
0.25133342060188213
0.25133689282531
0.25134036504873786
0.2513438372721657
0.25134730949559353
0.2513507817190214
0.25135425394244926
0.2513577261658771
0.251361198389305
0.2513646706127328
0.2513681428361607
0.25137161505958855
0.2513750872830164
0.2513785595064442
0.25138203172987206
0.25138550395329995
0.25138897617672784
0.2513924484001557
0.2513959206235835
0.2513993928470114
0.25140286507043924
0.25140633729386713
0.25140980951729497
0.2514132817407228
0.25141675396415064
0.2514202261875785
0.25142369841100637
0.25142717063443426
0.2514306428578621
0.25143411508128993
0.2514375873047178
0.25144105952814566
0.25144453175157355
0.25144800397500133
0.2514514761984292
0.25145494842185706
0.2514584206452849
0.2514618928687128
0.2514653650921406
0.2514688373155685
0.25147230953899635
0.2514757817624242
0.2514792539858521
0.2514827262092799
0.25148619843270775
0.2514896706561356
0.2514931428795635
0.2514966151029913
0.2515000873264192
0.25150355954984704
0.25150703177327494
0.2515105039967028
0.2515139762201306
0.25151744844355844
0.25152092066698634
0.2515243928904142
0.251527865113842
0.2515313373372699
0.25153480956069774
0.25153828178412563
0.25154175400755346
0.25154522623098136
0.2515486984544092
0.25155217067783703
0.25155564290126486
0.25155911512469276
0.2515625873481206
0.25156605957154843
0.2515695317949763
0.25157300401840416
0.251576476241832
0.2515799484652599
0.2515834206886877
0.2515868929121156
0.2515903651355434
0.2515938373589713
0.2515973095823991
0.251600781805827
0.25160425402925485
0.2516077262526827
0.2516111984761106
0.2516146706995384
0.2516181429229663
0.25162161514639414
0.251625087369822
0.2516285595932498
0.25163203181667765
0.25163550404010554
0.25163897626353343
0.25164244848696127
0.2516459207103891
0.251649392933817
0.25165286515724483
0.2516563373806727
0.2516598096041005
0.2516632818275284
0.25166675405095623
0.25167022627438407
0.25167369849781196
0.25167717072123985
0.2516806429446677
0.2516841151680955
0.2516875873915234
0.25169105961495125
0.2516945318383791
0.2516980040618069
0.2517014762852348
0.25170494850866265
0.2517084207320905
0.2517118929555184
0.2517153651789462
0.2517188374023741
0.25172230962580194
0.2517257818492298
0.25172925407265767
0.2517327262960855
