0.47118071915997195
0.4711841913833998
0.4711876636068276
0.47119113583025546
0.4711946080536833
0.47119808027711124
0.4712015525005391
0.4712050247239669
0.47120849694739475
0.47121196917082264
0.4712154413942505
0.4712189136176783
0.47122238584110615
0.471225858064534
0.47122933028796193
0.47123280251138977
0.4712362747348176
0.47123974695824544
0.47124321918167333
0.47124669140510117
0.471250163628529
0.47125363585195684
0.4712571080753847
0.4712605802988126
0.47126405252224046
0.4712675247456683
0.47127099696909613
0.4712744691925241
0.4712779414159519
0.47128141363937975
0.47128488586280753
0.47128835808623537
0.4712918303096633
0.47129530253309115
0.471298774756519
0.4713022469799468
0.4713057192033748
0.4713091914268026
0.47131266365023045
0.4713161358736583
0.4713196080970861
0.471323080320514
0.47132655254394185
0.4713300247673697
0.4713334969907975
0.47133696921422547
0.4713404414376533
0.47134391366108114
0.471347385884509
0.4713508581079368
0.4713543303313647
0.47135780255479254
0.4713612747782204
0.4713647470016482
0.47136821922507616
0.471371691448504
0.47137516367193183
0.47137863589535967
0.4713821081187875
0.4713855803422154
0.47138905256564323
0.47139252478907107
0.4713959970124989
0.47139946923592685
0.4714029414593547
0.4714064136827825
0.47140988590621036
0.4714133581296382
0.47141683035306614
0.471420302576494
0.4714237747999218
0.4714272470233496
0.47143071924677754
0.4714341914702054
0.4714376636936332
0.47144113591706105
0.4714446081404889
0.47144808036391683
0.47145155258734467
0.4714550248107725
0.47145849703420034
0.47146196925762823
0.47146544148105607
0.4714689137044839
0.47147238592791174
0.4714758581513396
0.4714793303747675
0.47148280259819536
0.4714862748216232
0.47148974704505103
0.4714932192684789
0.47149669149190676
0.4715001637153346
0.47150363593876243
0.47150710816219027
0.4715105803856182
0.47151405260904605
0.4715175248324739
0.4715209970559017
0.4715244692793296
0.47152794150275745
0.4715314137261853
0.4715348859496131
0.47153835817304096
0.4715418303964689
0.47154530261989674
0.4715487748433246
0.4715522470667524
0.47155571929018036
0.4715591915136082
0.47156266373703604
0.4715661359604638
0.47156960818389165
0.4715730804073196
0.47157655263074744
0.4715800248541753
0.4715834970776031
0.47158696930103106
0.4715904415244589
0.47159391374788673
0.47159738597131456
0.4716008581947424
0.4716043304181703
0.47160780264159813
0.47161127486502596
0.4716147470884538
0.47161821931188175
0.4716216915353096
0.4716251637587374
0.47162863598216526
0.4716321082055931
0.471635580429021
0.4716390526524488
0.47164252487587666
0.4716459970993045
0.47164946932273244
0.4716529415461603
0.4716564137695881
0.47165988599301595
0.4716633582164438
0.4716668304398717
0.4716703026632995
0.47167377488672735
0.4716772471101552
0.47168071933358313
0.47168419155701097
0.4716876637804388
0.47169113600386664
0.4716946082272945
0.4716980804507224
0.47170155267415026
0.4717050248975781
0.4717084971210059
0.4717119693444338
0.47171544156786166
0.4717189137912895
0.47172238601471733
0.47172585823814517
0.4717293304615731
0.47173280268500095
0.4717362749084288
0.4717397471318566
0.4717432193552845
0.47174669157871235
0.4717501638021402
0.471753636025568
0.47175710824899586
0.4717605804724238
0.47176405269585164
0.4717675249192795
0.4717709971427073
0.4717744693661352
0.47177794158956304
0.4717814138129909
0.4717848860364187
0.47178835825984655
0.4717918304832745
0.47179530270670234
0.47179877493013017
0.471802247153558
0.4718057193769859
0.47180919160041374
0.47181266382384157
0.4718161360472694
0.47181960827069724
0.4718230804941252
0.471826552717553
0.47183002494098086
0.4718334971644087
0.47183696938783665
0.4718404416112645
0.4718439138346923
0.47184738605812016
0.47185085828154794
0.4718543305049759
0.4718578027284037
0.47186127495183156
0.4718647471752594
0.47186821939868734
0.4718716916221152
