0.4996529512683859
0.4996564234918137
0.49965989571524155
0.4996633679386694
0.4996668401620973
0.4996703123855251
0.49967378460895295
0.4996772568323808
0.49968072905580874
0.4996842012792366
0.4996876735026644
0.49969114572609225
0.4996946179495201
0.499698090172948
0.4997015623963758
0.49970503461980365
0.4997085068432315
0.49971197906665943
0.49971545129008726
0.4997189235135151
0.49972239573694294
0.4997258679603708
0.4997293401837987
0.49973281240722656
0.4997362846306544
0.4997397568540822
0.4997432290775101
0.49974670130093796
0.4997501735243658
0.49975364574779363
0.49975711797122147
0.4997605901946494
0.49976406241807725
0.4997675346415051
0.4997710068649329
0.4997744790883608
0.49977795131178865
0.4997814235352165
0.4997848957586443
0.49978836798207216
0.4997918402055001
0.49979531242892794
0.4997987846523558
0.4998022568757836
0.4998057290992115
0.49980920132263934
0.4998126735460672
0.499816145769495
0.49981961799292285
0.4998230902163508
0.49982656243977863
0.49983003466320647
0.4998335068866343
0.4998369791100622
0.49984045133349003
0.49984392355691787
0.4998473957803457
0.49985086800377354
0.4998543402272015
0.4998578124506293
0.49986128467405716
0.499864756897485
0.49986822912091294
0.4998717013443408
0.4998751735677686
0.4998786457911964
0.49988211801462423
0.4998855902380522
0.49988906246148
0.49989253468490785
0.4998960069083357
0.49989947913176364
0.49990295135519147
0.4999064235786193
0.49990989580204714
0.499913368025475
0.49991684024890287
0.4999203124723307
0.49992378469575854
0.4999272569191864
0.4999307291426143
0.49993420136604216
0.49993767358947
0.49994114581289784
0.49994461803632567
0.49994809025975356
0.4999515624831814
0.49995503470660924
0.49995850693003707
0.499961979153465
0.49996545137689286
0.4999689236003207
0.4999723958237485
0.49997586804717636
0.49997934027060426
0.4999828124940321
0.49998628471745993
0.49998975694088776
0.4999932291643157
0.49999670138774355
