0.9281253222657369
0.9281287944891647
0.9281322667125925
0.9281357389360205
0.9281392111594482
0.9281426833828762
0.9281461556063039
0.9281496278297319
0.9281531000531598
0.9281565722765875
0.9281600445000155
0.9281635167234432
0.9281669889468712
0.9281704611702989
0.9281739333937269
0.9281774056171548
0.9281808778405826
0.9281843500640105
0.9281878222874382
0.9281912945108661
0.9281947667342939
0.9281982389577219
0.9282017111811496
0.9282051834045776
0.9282086556280055
0.9282121278514333
0.9282156000748611
0.9282190722982889
0.9282225445217168
0.9282260167451446
0.9282294889685727
0.9282329611920003
0.9282364334154284
0.9282399056388559
0.928243377862284
0.9282468500857118
0.9282503223091396
0.9282537945325677
0.9282572667559953
0.9282607389794234
0.928264211202851
0.9282676834262791
0.9282711556497069
0.9282746278731348
0.9282781000965625
0.9282815723199904
0.9282850445434182
0.928288516766846
0.9282919889902741
0.9282954612137017
0.9282989334371298
0.9283024056605576
0.9283058778839854
0.9283093501074132
0.9283128223308411
0.9283162945542689
0.9283197667776968
0.9283232390011248
0.9283267112245525
0.9283301834479805
0.9283336556714081
0.9283371278948361
0.9283406001182639
0.9283440723416918
0.9283475445651198
0.9283510167885475
0.9283544890119755
0.9283579612354032
0.9283614334588312
0.9283649056822588
0.9283683779056868
0.9283718501291146
0.9283753223525425
0.9283787945759705
0.9283822667993982
0.9283857390228262
0.9283892112462538
0.9283926834696818
0.9283961556931096
0.9283996279165375
0.9284031001399653
0.9284065723633932
0.928410044586821
0.9284135168102489
0.9284169890336769
0.9284204612571045
0.9284239334805325
0.9284274057039602
0.9284308779273882
0.928434350150816
0.9284378223742439
0.9284412945976717
0.9284447668210996
0.9284482390445276
0.9284517112679552
0.9284551834913832
0.9284586557148109
0.9284621279382389
0.9284656001616667
0.9284690723850946
0.9284725446085226
0.9284760168319502
0.9284794890553782
0.9284829612788059
0.9284864335022339
0.9284899057256617
0.9284933779490896
0.9284968501725174
0.9285003223959453
0.928503794619373
0.9285072668428009
0.9285107390662289
0.9285142112896566
0.9285176835130846
0.9285211557365125
0.9285246279599403
0.9285281001833681
0.928531572406796
0.9285350446302237
0.9285385168536516
0.9285419890770796
0.9285454613005073
0.9285489335239353
0.928552405747363
0.928555877970791
0.9285593501942189
0.9285628224176466
0.9285662946410747
0.9285697668645023
0.9285732390879303
0.928576711311358
0.928580183534786
0.9285836557582139
0.9285871279816417
0.9285906002050696
0.9285940724284973
0.9285975446519252
0.928601016875353
0.928604489098781
0.9286079613222087
0.9286114335456367
0.9286149057690646
0.9286183779924924
0.9286218502159203
0.928625322439348
0.9286287946627759
0.9286322668862037
0.9286357391096317
0.9286392113330594
0.9286426835564874
0.928646155779915
0.928649628003343
0.9286531002267709
0.9286565724501987
0.9286600446736267
0.9286635168970544
0.9286669891204824
0.9286704613439101
0.9286739335673381
0.928677405790766
0.9286808780141937
0.9286843502376216
0.9286878224610494
0.9286912946844773
0.9286947669079051
0.9286982391313331
0.9287017113547608
0.9287051835781888
0.9287086558016167
0.9287121280250444
0.9287156002484723
0.9287190724719001
0.928722544695328
0.9287260169187558
0.9287294891421838
0.9287329613656115
0.9287364335890395
0.9287399058124671
0.9287433780358951
0.928746850259323
0.9287503224827508
0.9287537947061789
0.9287572669296065
0.9287607391530346
0.9287642113764621
0.9287676835998901
0.928771155823318
0.9287746280467458
0.9287781002701737
0.9287815724936015
0.9287850447170294
0.9287885169404572
0.9287919891638853
0.9287954613873128
0.928798933610741
0.9288024058341687
0.9288058780575966
0.9288093502810244
0.9288128225044522
0.9288162947278801
