0.29479176902491977
0.29479524124834766
0.2947987134717755
0.29480218569520333
0.2948056579186312
0.29480913014205906
0.29481260236548695
0.29481607458891473
0.2948195468123426
0.29482301903577046
0.29482649125919835
0.2948299634826262
0.294833435706054
0.2948369079294819
0.2948403801529098
0.29484385237633765
0.2948473245997655
0.2948507968231933
0.2948542690466212
0.29485774127004905
0.2948612134934769
0.2948646857169047
0.29486815794033255
0.2948716301637605
0.29487510238718834
0.2948785746106162
0.294882046834044
0.2948855190574719
0.29488899128089974
0.2948924635043276
0.2948959357277554
0.2948994079511833
0.2949028801746112
0.29490635239803903
0.29490982462146687
0.29491329684489476
0.2949167690683226
0.29492024129175043
0.29492371351517827
0.2949271857386061
0.294930657962034
0.2949341301854619
0.2949376024088897
0.29494107463231756
0.2949445468557454
0.2949480190791733
0.2949514913026012
0.294954963526029
0.2949584357494568
0.2949619079728847
0.2949653801963125
0.2949688524197404
0.29497232464316825
0.2949757968665961
0.294979269090024
0.29498274131345187
0.2949862135368797
0.29498968576030754
0.2949931579837354
0.29499663020716327
0.2950001024305911
0.29500357465401894
0.29500704687744683
0.2950105191008747
0.29501399132430256
0.2950174635477304
0.29502093577115823
0.29502440799458607
0.29502788021801396
0.2950313524414418
0.29503482466486963
0.29503829688829747
0.29504176911172536
0.29504524133515325
0.2950487135585811
0.2950521857820089
0.2950556580054368
0.29505913022886465
0.2950626024522925
0.2950660746757203
0.2950695468991482
0.29507301912257605
0.29507649134600394
0.2950799635694318
0.2950834357928596
0.2950869080162875
0.2950903802397154
0.29509385246314324
0.29509732468657107
0.29510079690999885
0.2951042691334268
0.29510774135685464
0.29511121358028247
0.2951146858037103
0.29511815802713814
0.2951216302505661
0.2951251024739939
0.29512857469742176
0.2951320469208496
0.29513551914427744
0.29513899136770533
0.29514246359113316
0.295145935814561
0.2951494080379889
0.2951528802614168
0.2951563524848446
0.29515982470827246
0.29516329693170035
0.2951667691551282
0.295170241378556
0.29517371360198386
0.2951771858254117
0.2951806580488396
0.2951841302722675
0.2951876024956953
0.29519107471912315
0.295194546942551
0.2951980191659789
0.2952014913894067
0.29520496361283455
0.2952084358362624
0.2952119080596903
0.2952153802831181
0.295218852506546
0.29522232472997384
0.2952257969534017
0.29522926917682957
0.29523274140025746
0.2952362136236853
0.29523968584711313
0.29524315807054097
0.29524663029396886
0.2952501025173967
0.29525357474082453
0.2952570469642524
0.2952605191876803
0.29526399141110815
0.295267463634536
0.2952709358579638
0.29527440808139166
0.29527788030481955
0.2952813525282474
0.2952848247516752
0.29528829697510306
0.29529176919853095
0.29529524142195884
0.2952987136453867
0.2953021858688145
0.2953056580922424
0.29530913031567024
0.2953126025390981
0.2953160747625259
0.2953195469859538
0.29532301920938164
0.29532649143280953
0.29532996365623737
0.2953334358796652
0.2953369081030931
0.29534038032652093
0.29534385254994877
0.2953473247733766
0.29535079699680444
0.2953542692202324
0.2953577414436602
0.29536121366708806
0.2953646858905159
0.29536815811394374
0.2953716303373717
0.2953751025607995
0.29537857478422735
0.2953820470076552
0.295385519231083
0.2953889914545109
0.29539246367793875
0.2953959359013666
0.2953994081247945
0.2954028803482224
0.2954063525716502
0.29540982479507805
0.2954132970185059
0.2954167692419337
0.2954202414653616
0.29542371368878945
0.2954271859122173
0.2954306581356452
0.29543413035907307
0.2954376025825009
0.29544107480592874
0.2954445470293566
0.29544801925278447
0.2954514914762123
0.29545496369964014
0.295458435923068
0.29546190814649587
0.2954653803699237
0.2954688525933516
0.29547232481677943
0.29547579704020727
0.29547926926363516
0.295482741487063
