0.1586806106529898
0.15868408287641764
0.15868755509984553
0.1586910273232734
0.15869449954670117
0.15869797177012906
0.1587014439935569
0.1587049162169848
0.15870838844041266
0.1587118606638405
0.15871533288726833
0.15871880511069617
0.15872227733412406
0.15872574955755192
0.15872922178097976
0.15873269400440765
0.15873616622783548
0.15873963845126332
0.15874311067469116
0.15874658289811902
0.1587500551215469
0.15875352734497475
0.15875699956840264
0.15876047179183042
0.1587639440152583
0.15876741623868618
0.158770888462114
0.1587743606855419
0.15877783290896974
0.1587813051323976
0.1587847773558255
0.15878824957925328
0.15879172180268117
0.158795194026109
0.15879866624953687
0.15880213847296476
0.1588056106963926
0.1588090829198205
0.15881255514324827
0.15881602736667613
0.15881949959010397
0.15882297181353186
0.15882644403695975
0.1588299162603876
0.15883338848381545
0.15883686070724323
0.15884033293067112
0.15884380515409902
0.15884727737752685
0.15885074960095472
0.15885422182438255
0.1588576940478104
0.15886116627123828
0.15886463849466612
0.15886811071809398
0.15887158294152182
0.1588750551649497
0.1588785273883776
0.15888199961180538
0.15888547183523324
0.15888894405866108
0.15889241628208897
0.1588958885055168
0.1588993607289447
0.15890283295237256
0.15890630517580037
0.15890977739922824
0.15891324962265607
0.15891672184608396
0.15892019406951183
0.15892366629293966
0.15892713851636756
0.15893061073979534
0.15893408296322323
0.1589375551866511
0.15894102741007893
0.15894449963350682
0.15894797185693466
0.15895144408036255
0.15895491630379033
0.1589583885272182
0.15896186075064608
0.15896533297407392
0.1589688051975018
0.15897227742092965
0.1589757496443575
0.15897922186778535
0.15898269409121318
0.15898616631464108
0.1589896385380689
0.15899311076149678
0.15899658298492467
0.15900005520835245
0.15900352743178034
0.15900699965520818
0.15901047187863604
0.15901394410206393
0.15901741632549177
0.15902088854891966
0.15902436077234744
0.1590278329957753
0.15903130521920314
0.15903477744263103
0.15903824966605892
0.15904172188948676
0.15904519411291462
0.15904866633634243
0.1590521385597703
0.1590556107831982
0.15905908300662602
0.1590625552300539
0.15906602745348172
0.15906949967690961
0.1590729719003375
0.1590764441237653
0.15907991634719315
0.159083388570621
0.15908686079404888
0.15909033301747677
0.1590938052409046
0.15909727746433244
0.15910074968776025
0.15910422191118814
0.15910769413461598
0.15911116635804387
0.15911463858147173
0.15911811080489954
0.1591215830283274
0.15912505525175524
0.15912852747518313
0.159131999698611
0.15913547192203883
0.15913894414546673
0.1591424163688945
0.1591458885923224
0.15914936081575026
0.1591528330391781
0.159156305262606
0.15915977748603383
0.15916324970946172
0.1591667219328895
0.15917019415631736
0.15917366637974525
0.1591771386031731
0.15918061082660098
0.15918408305002882
0.15918755527345668
0.15919102749688457
0.15919449972031235
0.15919797194374025
0.15920144416716808
0.15920491639059595
0.15920838861402384
0.15921186083745167
0.1592153330608795
0.15921880528430735
0.1592222775077352
0.1592257497311631
0.15922922195459094
0.15923269417801883
0.15923616640144667
0.15923963862487447
0.1592431108483023
0.1592465830717302
0.1592500552951581
0.15925352751858593
0.1592569997420138
0.1592604719654416
0.15926394418886947
0.15926741641229736
0.1592708886357252
0.15927436085915306
0.1592778330825809
0.15928130530600879
0.15928477752943668
0.15928824975286446
0.15929172197629232
0.15929519419972016
0.15929866642314805
0.15930213864657594
0.15930561087000378
0.15930908309343164
0.15931255531685942
0.1593160275402873
0.15931949976371515
0.15932297198714304
0.1593264442105709
0.15932991643399874
0.15933338865742663
0.15933686088085441
0.1593403331042823
0.15934380532771017
0.159347277551138
0.1593507497745659
0.15935422199799373
0.15935769422142157
0.15936116644484943
0.15936463866827727
0.15936811089170516
0.159371583115133
