0.06145835467303978
0.06146182689646762
0.061465299119895546
0.06146877134332338
0.06147224356675122
0.061475715790179145
0.061479188013606884
0.06148266023703482
0.061486132460462646
0.06148960468389048
0.06149307690731832
0.061496549130746245
0.06150002135417408
0.06150349357760192
0.061506965801029746
0.06151043802445758
0.06151391024788551
0.061517382471313345
0.06152085469474118
0.06152432691816902
0.06152779914159685
0.06153127136502478
0.061534743588452616
0.061538215811880445
0.06154168803530838
0.06154516025873612
0.061548632482164044
0.06155210470559188
0.061555576929019716
0.06155904915244764
0.06156252137587548
0.06156599359930331
0.061569465822731144
0.06157293804615898
0.061576410269586906
0.06157988249301474
0.06158335471644258
0.061586826939870415
0.06159029916329834
0.06159377138672618
0.06159724361015401
0.06160071583358184
0.06160418805700968
0.061607660280437605
0.06161113250386544
0.06161460472729328
0.061618076950721204
0.06162154917414894
0.061625021397576876
0.061628493621004705
0.06163196584443254
0.06163543806786047
0.061638910291288304
0.06164238251471614
0.061645854738143976
0.061649326961571806
0.06165279918499974
0.06165627140842757
0.061659743631855404
0.06166321585528324
0.06166668807871108
0.061670160302139
0.06167363252556684
0.061677104748994675
0.061680576972422504
0.06168404919585044
0.06168752141927827
0.0616909936427061
0.06169446586613394
0.061697938089561775
0.0617014103129897
0.06170488253641754
0.06170835475984537
0.0617118269832733
0.06171529920670104
0.061718771430128966
0.0617222436535568
0.06172571587698464
0.061729188100412564
0.0617326603238404
0.06173613254726824
0.061739604770696066
0.0617430769941239
0.06174654921755183
0.061750021440979665
0.0617534936644075
0.06175696588783534
0.06176043811126317
0.061763910334691
0.061767382558118936
0.061770854781546765
0.0617743270049746
0.06177779922840253
0.061781271451830364
0.0617847436752582
0.061788215898686036
0.061791688122113865
0.0617951603455418
0.06179863256896963
0.061802104792397464
0.06180557701582539
0.061809049239253136
0.06181252146268106
0.0618159936861089
0.061819465909536735
0.06182293813296466
0.0618264103563925
0.061829882579820326
0.06183335480324816
0.061836827026676
0.061840299250103835
0.06184377147353176
0.0618472436969596
0.06185071592038743
0.06185418814381536
0.0618576603672431
0.061861132590671025
0.06186460481409886
0.0618680770375267
0.061871549260954624
0.06187502148438246
0.061878493707810296
0.061881965931238125
0.06188543815466596
0.06188891037809389
0.061892382601521724
0.06189585482494956
0.06189932704837749
0.061902799271805226
0.06190627149523316
0.06190974371866099
0.061913215942088824
0.06191668816551666
0.06192016038894459
0.06192363261237242
0.06192710483580026
0.061930577059228095
0.061934049282655924
0.06193752150608386
0.06194099372951169
0.06194446595293952
0.06194793817636745
0.061951410399795195
0.06195488262322312
0.06195835484665096
0.061961827070078794
0.06196529929350672
0.06196877151693456
0.061972243740362386
0.06197571596379022
0.06197918818721806
0.061982660410645984
0.06198613263407382
0.06198960485750166
0.061993077080929486
0.06199654930435742
0.06200002152778525
0.062003493751213085
0.06200696597464092
0.06201043819806876
0.06201391042149668
0.06201738264492452
0.062020854868352356
0.062024327091780185
0.06202779931520802
0.06203127153863595
0.06203474376206378
0.06203821598549162
0.062041688208919546
0.062045160432347285
0.06204863265577522
0.06205210487920305
0.062055577102630884
0.06205904932605881
0.062062521549486646
0.06206599377291448
0.06206946599634232
0.062072938219770155
0.06207641044319808
0.06207988266662592
0.062083354890053746
0.06208682711348158
0.06209029933690951
0.062093771560337345
0.06209724378376518
0.06210071600719302
0.06210418823062085
0.06210766045404878
0.062111132677476616
0.062114604900904445
0.06211807712433237
0.06212154934776012
0.062125021571188044
0.06212849379461588
0.062131966018043716
0.06213543824147164
0.06213891046489948
0.06214238268832731
0.062145854911755144
0.06214932713518298
