0.22534730046781265
0.22535077269124051
0.22535424491466835
0.22535771713809624
0.22536118936152408
0.22536466158495191
0.22536813380837978
0.22537160603180761
0.2253750782552355
0.22537855047866334
0.2253820227020912
0.22538549492551904
0.22538896714894688
0.22539243937237477
0.2253959115958026
0.22539938381923047
0.22540285604265836
0.22540632826608614
0.22540980048951403
0.22541327271294187
0.22541674493636976
0.22542021715979763
0.22542368938322546
0.22542716160665335
0.22543063383008113
0.22543410605350903
0.2254375782769369
0.22544105050036473
0.22544452272379262
0.22544799494722045
0.22545146717064832
0.22545493939407613
0.225458411617504
0.22546188384093188
0.22546535606435972
0.22546882828778758
0.22547230051121542
0.2254757727346433
0.2254792449580712
0.22548271718149898
0.22548618940492687
0.2254896616283547
0.22549313385178257
0.22549660607521047
0.2255000782986383
0.22550355052206614
0.22550702274549397
0.22551049496892184
0.22551396719234973
0.22551743941577757
0.22552091163920543
0.22552438386263324
0.2255278560860611
0.22553132830948894
0.22553480053291683
0.22553827275634472
0.22554174497977253
0.22554521720320042
0.2255486894266282
0.2255521616500561
0.22555563387348398
0.22555910609691182
0.22556257832033969
0.22556605054376752
0.2255695227671954
0.22557299499062328
0.22557646721405109
0.22557993943747895
0.22558341166090679
0.22558688388433468
0.22559035610776254
0.22559382833119038
0.22559730055461827
0.22560077277804605
0.22560424500147394
0.22560771722490178
0.22561118944832964
0.22561466167175753
0.22561813389518537
0.2256216061186132
0.22562507834204104
0.22562855056546893
0.2256320227888968
0.22563549501232463
0.22563896723575252
0.22564243945918036
0.2256459116826082
0.22564938390603606
0.2256528561294639
0.2256563283528918
0.22565980057631962
0.2256632727997475
0.2256667450231753
0.22567021724660316
0.22567368947003105
0.2256771616934589
0.22568063391688678
0.2256841061403146
0.22568757836374248
0.22569105058717037
0.22569452281059815
0.22569799503402604
0.22570146725745388
0.22570493948088174
0.22570841170430964
0.22571188392773747
0.22571535615116534
0.22571882837459314
0.225722300598021
0.2257257728214489
0.22572924504487674
0.2257327172683046
0.22573618949173244
0.22573966171516033
0.2257431339385881
0.225746606162016
0.2257500783854439
0.2257535506088717
0.2257570228322996
0.22576049505572743
0.22576396727915526
0.22576743950258316
0.225770911726011
0.22577438394943886
0.2257778561728667
0.22578132839629458
0.22578480061972245
0.22578827284315026
0.22579174506657812
0.22579521729000596
0.22579868951343385
0.2258021617368617
0.22580563396028955
0.22580910618371744
0.22581257840714522
0.2258160506305731
0.22581952285400095
0.22582299507742884
0.2258264673008567
0.22582993952428454
0.22583341174771243
0.2258368839711402
0.2258403561945681
0.22584382841799597
0.2258473006414238
0.2258507728648517
0.22585424508827953
0.2258577173117074
0.22586118953513523
0.22586466175856307
0.22586813398199096
0.2258716062054188
0.22587507842884666
0.2258785506522745
0.2258820228757024
0.22588549509913022
0.22588896732255806
0.22589243954598595
0.22589591176941376
0.22589938399284165
0.22590285621626954
0.22590632843969732
0.22590980066312522
0.22591327288655305
0.22591674510998092
0.2259202173334088
0.22592368955683664
0.2259271617802645
0.22593063400369232
0.22593410622712018
0.22593757845054807
0.2259410506739759
0.22594452289740377
0.2259479951208316
0.2259514673442595
0.22595493956768728
0.22595841179111517
0.22596188401454306
0.2259653562379709
0.22596882846139876
0.2259723006848266
0.2259757729082545
0.22597924513168235
0.22598271735511016
0.22598618957853803
0.22598966180196586
0.22599313402539375
0.22599660624882162
0.22600007847224945
0.2260035506956773
0.22600702291910513
0.22601049514253302
0.22601396736596088
0.22601743958938872
0.2260209118128166
0.2260243840362444
0.22602785625967228
0.22603132848310012
0.226034800706528
0.22603827292995587
