0.6975696866561413
0.697573158879569
0.697576631102997
0.6975801033264247
0.6975835755498526
0.6975870477732805
0.6975905199967083
0.6975939922201362
0.697597464443564
0.6976009366669919
0.6976044088904197
0.6976078811138476
0.6976113533372754
0.6976148255607034
0.6976182977841312
0.697621770007559
0.6976252422309869
0.6976287144544147
0.6976321866778425
0.6976356589012704
0.6976391311246983
0.6976426033481261
0.6976460755715541
0.6976495477949819
0.6976530200184098
0.6976564922418376
0.6976599644652655
0.6976634366886934
0.6976669089121211
0.697670381135549
0.6976738533589768
0.6976773255824047
0.6976807978058326
0.6976842700292605
0.6976877422526883
0.6976912144761162
0.6976946866995439
0.6976981589229718
0.6977016311463997
0.6977051033698275
0.6977085755932555
0.6977120478166833
0.6977155200401112
0.697718992263539
0.6977224644869668
0.6977259367103946
0.6977294089338225
0.6977328811572504
0.6977363533806782
0.6977398256041061
0.697743297827534
0.6977467700509619
0.6977502422743896
0.6977537144978175
0.6977571867212453
0.6977606589446732
0.6977641311681011
0.6977676033915289
0.6977710756149569
0.6977745478383847
0.6977780200618126
0.6977814922852403
0.6977849645086682
0.697788436732096
0.697791908955524
0.6977953811789518
0.6977988534023797
0.6978023256258076
0.6978057978492354
0.6978092700726632
0.697812742296091
0.6978162145195189
0.6978196867429468
0.6978231589663747
0.6978266311898025
0.6978301034132304
0.6978335756366582
0.697837047860086
0.6978405200835139
0.6978439923069417
0.6978474645303696
0.6978509367537974
0.6978544089772254
0.6978578812006532
0.6978613534240811
0.697864825647509
0.6978682978709367
0.6978717700943646
0.6978752423177924
0.6978787145412203
0.6978821867646481
0.6978856589880761
0.6978891312115039
0.6978926034349318
0.6978960756583596
0.6978995478817875
0.6979030201052153
0.6979064923286431
0.697909964552071
0.6979134367754988
0.6979169089989268
0.6979203812223546
0.6979238534457824
0.6979273256692102
0.6979307978926382
0.697934270116066
0.6979377423394939
0.6979412145629217
0.6979446867863496
0.6979481590097775
0.6979516312332052
0.6979551034566331
0.697958575680061
0.6979620479034889
0.6979655201269167
0.6979689923503446
0.6979724645737724
0.6979759367972003
0.6979794090206282
0.6979828812440559
0.6979863534674838
0.6979898256909116
0.6979932979143396
0.6979967701377674
0.6980002423611953
0.6980037145846231
0.698007186808051
0.6980106590314789
0.6980141312549066
0.6980176034783345
0.6980210757017624
0.6980245479251903
0.6980280201486181
0.698031492372046
0.6980349645954738
0.6980384368189017
0.6980419090423295
0.6980453812657573
0.6980488534891852
0.6980523257126131
0.698055797936041
0.6980592701594688
0.6980627423828967
0.6980662146063245
0.6980696868297525
0.6980731590531802
0.6980766312766081
0.6980801035000359
0.6980835757234638
0.6980870479468917
0.6980905201703195
0.6980939923937474
0.6980974646171751
0.698100936840603
0.6981044090640309
0.6981078812874588
0.6981113535108866
0.6981148257343145
0.6981182979577424
0.6981217701811702
0.6981252424045981
0.6981287146280258
0.6981321868514537
0.6981356590748816
0.6981391312983095
0.6981426035217373
0.6981460757451652
0.6981495479685931
0.6981530201920209
0.6981564924154487
0.6981599646388765
0.6981634368623044
0.6981669090857323
0.6981703813091602
0.698173853532588
0.6981773257560159
0.6981807979794438
0.6981842702028717
0.6981877424262994
0.6981912146497272
0.6981946868731551
0.698198159096583
0.6982016313200109
0.6982051035434387
0.6982085757668667
0.6982120479902945
0.6982155202137224
0.6982189924371501
0.698222464660578
0.6982259368840059
0.6982294091074337
0.6982328813308616
0.6982363535542894
0.6982398257777173
0.6982432980011452
0.698246770224573
0.6982502424480008
0.6982537146714287
0.6982571868948565
0.6982606591182844
