0.6809030142024355
0.6809064864258634
0.6809099586492912
0.680913430872719
0.6809169030961469
0.6809203753195747
0.6809238475430026
0.6809273197664305
0.6809307919898584
0.6809342642132862
0.6809377364367141
0.6809412086601419
0.6809446808835697
0.6809481531069976
0.6809516253304254
0.6809550975538533
0.6809585697772811
0.6809620420007091
0.6809655142241369
0.6809689864475648
0.6809724586709925
0.6809759308944204
0.6809794031178483
0.6809828753412761
0.680986347564704
0.6809898197881319
0.6809932920115598
0.6809967642349876
0.6810002364584155
0.6810037086818432
0.6810071809052711
0.681010653128699
0.6810141253521269
0.6810175975755547
0.6810210697989826
0.6810245420224105
0.6810280142458383
0.6810314864692661
0.6810349586926939
0.6810384309161219
0.6810419031395497
0.6810453753629776
0.6810488475864054
0.6810523198098333
0.6810557920332612
0.681059264256689
0.6810627364801168
0.6810662087035446
0.6810696809269725
0.6810731531504004
0.6810766253738283
0.6810800975972561
0.681083569820684
0.6810870420441119
0.6810905142675396
0.6810939864909675
0.6810974587143953
0.6811009309378232
0.6811044031612511
0.681107875384679
0.6811113476081068
0.6811148198315347
0.6811182920549625
0.6811217642783903
0.6811252365018182
0.681128708725246
0.6811321809486739
0.6811356531721018
0.6811391253955297
0.6811425976189575
0.6811460698423855
0.6811495420658132
0.6811530142892411
0.6811564865126689
0.6811599587360967
0.6811634309595246
0.6811669031829525
0.6811703754063804
0.6811738476298081
0.6811773198532362
0.6811807920766639
0.6811842643000918
0.6811877365235196
0.6811912087469475
0.6811946809703754
0.6811981531938032
0.6812016254172311
0.6812050976406588
0.6812085698640867
0.6812120420875146
0.6812155143109425
0.6812189865343703
0.6812224587577982
0.681225930981226
0.6812294032046539
0.6812328754280818
0.6812363476515095
0.6812398198749375
0.6812432920983653
0.6812467643217932
0.681250236545221
0.6812537087686489
0.6812571809920767
0.6812606532155046
0.6812641254389324
0.6812675976623602
0.6812710698857882
0.681274542109216
0.6812780143326439
0.6812814865560717
0.6812849587794996
0.6812884310029274
0.6812919032263554
0.6812953754497831
0.681298847673211
0.6813023198966388
0.6813057921200667
0.6813092643434946
0.6813127365669224
0.6813162087903503
0.681319681013778
0.681323153237206
0.6813266254606338
0.6813300976840617
0.6813335699074896
0.6813370421309174
0.6813405143543453
0.6813439865777731
0.681347458801201
0.6813509310246287
0.6813544032480567
0.6813578754714845
0.6813613476949124
0.6813648199183402
0.6813682921417681
0.681371764365196
0.6813752365886238
0.6813787088120516
0.6813821810354794
0.6813856532589074
0.6813891254823352
0.6813925977057631
0.681396069929191
0.6813995421526188
0.6814030143760467
0.6814064865994744
0.6814099588229023
0.6814134310463301
0.6814169032697581
0.6814203754931859
0.6814238477166138
0.6814273199400417
0.6814307921634696
0.6814342643868974
0.6814377366103253
0.681441208833753
0.6814446810571809
0.6814481532806088
0.6814516255040366
0.6814550977274645
0.6814585699508923
0.6814620421743203
0.681465514397748
0.6814689866211759
0.6814724588446037
0.6814759310680316
0.6814794032914595
0.6814828755148873
0.6814863477383152
0.6814898199617431
0.681493292185171
0.6814967644085987
0.6815002366320266
0.6815037088554544
0.6815071810788823
0.6815106533023102
0.681514125525738
0.6815175977491659
0.6815210699725938
0.6815245421960217
0.6815280144194494
0.6815314866428773
0.6815349588663051
0.681538431089733
0.6815419033131609
0.6815453755365887
0.6815488477600166
0.6815523199834443
0.6815557922068723
0.6815592644303001
0.681562736653728
0.6815662088771558
0.6815696811005837
0.6815731533240116
0.6815766255474395
0.6815800977708673
0.6815835699942951
0.681587042217723
0.6815905144411508
0.6815939866645787
