0.9093753157553179
0.9093787879787458
0.9093822602021736
0.9093857324256015
0.9093892046490293
0.9093926768724573
0.9093961490958852
0.909399621319313
0.9094030935427408
0.9094065657661686
0.9094100379895965
0.9094135102130243
0.9094169824364523
0.90942045465988
0.909423926883308
0.9094273991067359
0.9094308713301636
0.9094343435535915
0.9094378157770193
0.9094412880004472
0.909444760223875
0.909448232447303
0.9094517046707309
0.9094551768941587
0.9094586491175866
0.9094621213410143
0.9094655935644422
0.90946906578787
0.9094725380112979
0.9094760102347257
0.9094794824581536
0.9094829546815814
0.9094864269050094
0.9094898991284373
0.909493371351865
0.9094968435752929
0.9095003157987207
0.9095037880221486
0.9095072602455764
0.9095107324690045
0.909514204692432
0.90951767691586
0.9095211491392879
0.9095246213627157
0.9095280935861436
0.9095315658095714
0.9095350380329993
0.9095385102564271
0.9095419824798552
0.9095454547032827
0.9095489269267109
0.9095523991501386
0.9095558713735665
0.9095593435969943
0.9095628158204221
0.90956628804385
0.9095697602672778
0.9095732324907059
0.9095767047141334
0.9095801769375615
0.9095836491609893
0.9095871213844172
0.909590593607845
0.9095940658312729
0.9095975380547007
0.9096010102781286
0.9096044825015566
0.9096079547249841
0.9096114269484122
0.90961489917184
0.9096183713952679
0.9096218436186957
0.9096253158421236
0.9096287880655514
0.9096322602889793
0.9096357325124073
0.9096392047358349
0.9096426769592629
0.9096461491826907
0.9096496214061186
0.9096530936295464
0.9096565658529743
0.909660038076402
0.90966351029983
0.909666982523258
0.9096704547466857
0.9096739269701136
0.9096773991935414
0.9096808714169693
0.9096843436403971
0.909687815863825
0.9096912880872527
0.9096947603106806
0.9096982325341084
0.9097017047575363
0.9097051769809643
0.9097086492043921
0.90971212142782
0.9097155936512478
0.9097190658746757
0.9097225380981034
0.9097260103215313
0.9097294825449593
0.909732954768387
0.909736426991815
0.9097398992152428
0.9097433714386707
0.9097468436620985
0.9097503158855264
0.9097537881089541
0.909757260332382
0.90976073255581
0.9097642047792378
0.9097676770026657
0.9097711492260935
0.9097746214495214
0.9097780936729492
0.909781565896377
0.9097850381198048
0.9097885103432327
0.9097919825666605
0.9097954547900884
0.9097989270135164
0.9098023992369442
0.9098058714603721
0.9098093436837998
0.9098128159072277
0.9098162881306555
0.9098197603540834
0.9098232325775114
0.9098267048009391
0.9098301770243671
0.909833649247795
0.9098371214712228
0.9098405936946506
0.9098440659180784
0.9098475381415062
0.9098510103649341
0.9098544825883621
0.90985795481179
0.9098614270352178
0.9098648992586457
0.9098683714820734
0.9098718437055013
0.9098753159289291
0.909878788152357
0.9098822603757848
0.9098857325992127
0.9098892048226405
0.9098926770460685
0.9098961492694964
0.9098996214929241
0.909903093716352
0.9099065659397798
0.9099100381632077
0.9099135103866355
0.9099169826100635
0.9099204548334912
0.9099239270569192
0.909927399280347
0.9099308715037748
0.9099343437272027
0.9099378159506305
0.9099412881740584
0.9099447603974862
0.9099482326209142
0.9099517048443421
0.9099551770677698
0.9099586492911977
0.9099621215146255
0.9099655937380534
0.9099690659614812
0.9099725381849091
0.9099760104083369
0.9099794826317648
0.9099829548551925
0.9099864270786205
0.9099898993020484
0.9099933715254762
0.9099968437489041
0.9100003159723319
0.9100037881957598
0.9100072604191876
0.9100107326426156
0.9100142048660432
0.9100176770894712
0.9100211493128991
0.9100246215363269
0.9100280937597548
0.9100315659831826
0.9100350382066105
0.9100385104300382
0.9100419826534663
0.9100454548768939
0.9100489271003219
0.9100523993237498
0.9100558715471776
0.9100593437706055
0.9100628159940333
0.9100662882174612
