0.6017363200473334
0.6017397922707611
0.6017432644941891
0.6017467367176169
0.6017502089410448
0.6017536811644726
0.6017571533879005
0.6017606256113284
0.6017640978347562
0.601767570058184
0.6017710422816118
0.6017745145050398
0.6017779867284676
0.6017814589518955
0.6017849311753233
0.6017884033987512
0.6017918756221791
0.6017953478456068
0.6017988200690347
0.6018022922924625
0.6018057645158905
0.6018092367393183
0.6018127089627462
0.601816181186174
0.6018196534096019
0.6018231256330298
0.6018265978564575
0.6018300700798854
0.6018335423033133
0.6018370145267412
0.601840486750169
0.6018439589735969
0.6018474311970247
0.6018509034204526
0.6018543756438804
0.6018578478673083
0.6018613200907361
0.601864792314164
0.6018682645375919
0.6018717367610197
0.6018752089844476
0.6018786812078754
0.6018821534313034
0.6018856256547311
0.601889097878159
0.6018925701015868
0.6018960423250147
0.6018995145484426
0.6019029867718704
0.6019064589952983
0.601909931218726
0.6019134034421539
0.6019168756655818
0.6019203478890097
0.6019238201124375
0.6019272923358654
0.6019307645592933
0.6019342367827211
0.601937709006149
0.6019411812295767
0.6019446534530046
0.6019481256764325
0.6019515978998604
0.6019550701232882
0.6019585423467161
0.601962014570144
0.6019654867935718
0.6019689590169996
0.6019724312404274
0.6019759034638553
0.6019793756872832
0.6019828479107111
0.6019863201341389
0.6019897923575668
0.6019932645809947
0.6019967368044226
0.6020002090278503
0.6020036812512782
0.6020071534747061
0.6020106256981339
0.6020140979215618
0.6020175701449896
0.6020210423684175
0.6020245145918454
0.6020279868152733
0.602031459038701
0.6020349312621289
0.6020384034855567
0.6020418757089846
0.6020453479324125
0.6020488201558403
0.6020522923792682
0.602055764602696
0.602059236826124
0.6020627090495517
0.6020661812729796
0.6020696534964074
0.6020731257198353
0.6020765979432632
0.602080070166691
0.6020835423901189
0.6020870146135467
0.6020904868369746
0.6020939590604024
0.6020974312838303
0.6021009035072581
0.602104375730686
0.6021078479541139
0.6021113201775417
0.6021147924009695
0.6021182646243974
0.6021217368478253
0.6021252090712531
0.602128681294681
0.6021321535181089
0.6021356257415368
0.6021390979649646
0.6021425701883925
0.6021460424118202
0.6021495146352481
0.602152986858676
0.6021564590821038
0.6021599313055317
0.6021634035289595
0.6021668757523875
0.6021703479758153
0.6021738201992431
0.6021772924226709
0.6021807646460988
0.6021842368695267
0.6021877090929545
0.6021911813163824
0.6021946535398102
0.6021981257632382
0.602201597986666
0.6022050702100938
0.6022085424335216
0.6022120146569495
0.6022154868803774
0.6022189591038052
0.6022224313272331
0.6022259035506609
0.6022293757740889
0.6022328479975166
0.6022363202209445
0.6022397924443723
0.6022432646678003
0.6022467368912281
0.6022502091146559
0.6022536813380838
0.6022571535615117
0.6022606257849396
0.6022640980083673
0.6022675702317952
0.602271042455223
0.602274514678651
0.6022779869020788
0.6022814591255067
0.6022849313489345
0.6022884035723624
0.6022918757957902
0.602295348019218
0.6022988202426459
0.6023022924660737
0.6023057646895017
0.6023092369129295
0.6023127091363574
0.6023161813597852
0.602319653583213
0.6023231258066409
0.6023265980300687
0.6023300702534966
0.6023335424769244
0.6023370147003524
0.6023404869237802
0.6023439591472081
0.6023474313706358
0.6023509035940637
0.6023543758174916
0.6023578480409194
0.6023613202643473
0.6023647924877751
0.6023682647112031
0.6023717369346309
0.6023752091580588
0.6023786813814865
0.6023821536049145
0.6023856258283423
0.6023890980517701
0.602392570275198
0.6023960424986258
0.6023995147220538
0.6024029869454816
0.6024064591689094
0.6024099313923372
0.6024134036157651
0.602416875839193
0.6024203480626209
0.6024238202860487
0.6024272925094766
