0.9614586671731483
0.9614621393965762
0.961465611620004
0.9614690838434319
0.9614725560668597
0.9614760282902876
0.9614795005137156
0.9614829727371432
0.9614864449605712
0.9614899171839989
0.9614933894074269
0.9614968616308547
0.9615003338542826
0.9615038060777106
0.9615072783011382
0.9615107505245662
0.9615142227479939
0.9615176949714219
0.9615211671948498
0.9615246394182776
0.9615281116417055
0.9615315838651333
0.9615350560885613
0.9615385283119889
0.9615420005354169
0.9615454727588446
0.9615489449822726
0.9615524172057005
0.9615558894291283
0.9615593616525562
0.961562833875984
0.9615663060994118
0.9615697783228396
0.9615732505462676
0.9615767227696953
0.9615801949931233
0.961583667216551
0.961587139439979
0.9615906116634069
0.9615940838868346
0.9615975561102627
0.9616010283336903
0.9616045005571183
0.961607972780546
0.961611445003974
0.9616149172274017
0.9616183894508297
0.9616218616742576
0.9616253338976853
0.9616288061211133
0.961632278344541
0.961635750567969
0.9616392227913967
0.9616426950148247
0.9616461672382526
0.9616496394616804
0.9616531116851083
0.961656583908536
0.9616600561319639
0.9616635283553917
0.9616670005788197
0.9616704728022474
0.9616739450256754
0.9616774172491033
0.961680889472531
0.961684361695959
0.9616878339193867
0.9616913061428146
0.9616947783662424
0.9616982505896704
0.9617017228130981
0.9617051950365261
0.9617086672599537
0.9617121394833817
0.9617156117068096
0.9617190839302374
0.9617225561536655
0.9617260283770931
0.9617295006005211
0.9617329728239488
0.9617364450473768
0.9617399172708047
0.9617433894942324
0.9617468617176603
0.9617503339410881
0.961753806164516
0.9617572783879438
0.9617607506113719
0.9617642228347995
0.9617676950582276
0.9617711672816553
0.9617746395050831
0.961778111728511
0.9617815839519388
0.9617850561753667
0.9617885283987945
0.9617920006222226
0.9617954728456501
0.9617989450690783
0.9618024172925058
0.9618058895159339
0.9618093617393617
0.9618128339627896
0.9618163061862176
0.9618197784096452
0.9618232506330733
0.9618267228565008
0.961830195079929
0.9618336673033567
0.9618371395267846
0.9618406117502124
0.9618440839736403
0.9618475561970681
0.961851028420496
0.961854500643924
0.9618579728673516
0.9618614450907796
0.9618649173142074
0.9618683895376353
0.9618718617610631
0.961875333984491
0.9618788062079188
0.9618822784313467
0.9618857506547747
0.9618892228782023
0.9618926951016303
0.961896167325058
0.961899639548486
0.9619031117719138
0.9619065839953417
0.9619100562187697
0.9619135284421974
0.9619170006656254
0.961920472889053
0.961923945112481
0.9619274173359088
0.9619308895593367
0.9619343617827645
0.9619378340061924
0.9619413062296202
0.961944778453048
0.961948250676476
0.9619517228999037
0.9619551951233317
0.9619586673467595
0.9619621395701874
0.9619656117936152
0.9619690840170431
0.9619725562404708
0.9619760284638987
0.9619795006873267
0.9619829729107544
0.9619864451341824
0.9619899173576101
0.9619933895810381
0.9619968618044659
0.9620003340278938
0.9620038062513218
0.9620072784747494
0.9620107506981774
0.9620142229216051
0.9620176951450331
0.9620211673684609
0.9620246395918888
0.9620281118153166
0.9620315840387444
0.9620350562621724
0.9620385284856001
0.9620420007090281
0.9620454729324558
0.9620489451558838
0.9620524173793117
0.9620558896027395
0.9620593618261672
0.9620628340495951
0.9620663062730229
0.9620697784964508
0.9620732507198788
0.9620767229433065
0.9620801951667345
0.9620836673901622
0.9620871396135902
0.962090611837018
0.9620940840604458
0.9620975562838738
0.9621010285073015
0.9621045007307295
0.9621079729541572
0.9621114451775852
0.9621149174010128
0.9621183896244409
0.9621218618478687
0.9621253340712965
0.9621288062947245
0.9621322785181522
0.9621357507415802
0.9621392229650079
0.9621426951884359
0.9621461674118638
0.9621496396352915
