0.3017362158806305
0.3017396881040583
0.3017431603274862
0.3017466325509141
0.30175010477434194
0.3017535769977698
0.3017570492211976
0.3017605214446255
0.30176399366805334
0.3017674658914812
0.301770938114909
0.30177441033833685
0.30177788256176474
0.30178135478519263
0.30178482700862047
0.3017882992320483
0.3017917714554762
0.30179524367890403
0.30179871590233187
0.3018021881257597
0.3018056603491876
0.3018091325726155
0.3018126047960433
0.30181607701947116
0.30181954924289905
0.30182302146632695
0.3018264936897548
0.3018299659131826
0.3018334381366104
0.3018369103600383
0.3018403825834662
0.301843854806894
0.30184732703032185
0.3018507992537497
0.3018542714771776
0.3018577437006055
0.3018612159240333
0.30186468814746115
0.301868160370889
0.3018716325943168
0.3018751048177447
0.30187857704117255
0.30188204926460044
0.3018855214880283
0.30188899371145617
0.301892465934884
0.30189593815831184
0.30189941038173973
0.30190288260516757
0.3019063548285954
0.30190982705202324
0.3019132992754511
0.301916771498879
0.30192024372230686
0.3019237159457347
0.30192718816916253
0.30193066039259037
0.30193413261601826
0.3019376048394461
0.30194107706287393
0.30194454928630177
0.30194802150972966
0.30195149373315755
0.3019549659565854
0.3019584381800132
0.3019619104034411
0.30196538262686895
0.30196885485029684
0.3019723270737247
0.3019757992971525
0.30197927152058035
0.30198274374400824
0.3019862159674361
0.3019896881908639
0.3019931604142918
0.3019966326377197
0.30200010486114753
0.30200357708457537
0.3020070493080032
0.3020105215314311
0.30201399375485893
0.30201746597828677
0.3020209382017146
0.3020244104251425
0.30202788264857033
0.3020313548719982
0.30203482709542606
0.3020382993188539
0.3020417715422818
0.3020452437657096
0.30204871598913746
0.3020521882125653
0.3020556604359932
0.3020591326594211
0.3020626048828489
0.30206607710627675
0.30206954932970465
0.3020730215531325
0.3020764937765603
0.30207996599998815
0.302083438223416
0.3020869104468439
0.3020903826702718
0.3020938548936996
0.30209732711712745
0.3021007993405553
0.3021042715639832
0.30210774378741106
0.3021112160108389
0.30211468823426674
0.3021181604576946
0.3021216326811224
0.3021251049045503
0.30212857712797814
0.30213204935140603
0.30213552157483387
0.30213899379826176
0.3021424660216896
0.30214593824511743
0.30214941046854527
0.30215288269197316
0.302156354915401
0.30215982713882883
0.30216329936225667
0.3021667715856846
0.30217024380911245
0.3021737160325403
0.3021771882559681
0.30218066047939596
0.30218413270282385
0.3021876049262517
0.3021910771496795
0.30219454937310736
0.30219802159653525
0.30220149381996314
0.302204966043391
0.3022084382668188
0.3022119104902467
0.30221538271367454
0.3022188549371024
0.3022223271605302
0.3022257993839581
0.30222927160738594
0.30223274383081383
0.30223621605424167
0.3022396882776695
0.3022431605010974
0.3022466327245253
0.3022501049479531
0.30225357717138096
0.3022570493948088
0.3022605216182367
0.3022639938416645
0.30226746606509236
0.3022709382885202
0.3022744105119481
0.3022778827353759
0.3022813549588038
0.30228482718223165
0.3022882994056595
0.3022917716290873
0.3022952438525152
0.30229871607594305
0.3023021882993709
0.3023056605227988
0.30230913274622667
0.3023126049696545
0.30231607719308234
0.30231954941651024
0.30232302163993807
0.3023264938633659
0.30232996608679374
0.3023334383102216
0.3023369105336494
0.30234038275707736
0.3023438549805052
0.30234732720393304
0.3023507994273609
0.30235427165078876
0.3023577438742166
0.30236121609764444
0.3023646883210723
0.30236816054450016
0.302371632767928
0.3023751049913559
0.30237857721478373
0.3023820494382116
0.30238552166163946
0.30238899388506735
0.3023924661084952
0.302395938331923
0.30239941055535086
0.30240288277877875
0.3024063550022066
0.3024098272256344
0.30241329944906226
0.3024167716724902
0.30242024389591804
0.3024237161193459
0.3024271883427737
