0.8690975239921958
0.8691009962156236
0.8691044684390516
0.8691079406624794
0.8691114128859073
0.8691148851093351
0.869118357332763
0.8691218295561908
0.8691253017796187
0.8691287740030464
0.8691322462264743
0.8691357184499021
0.86913919067333
0.869142662896758
0.8691461351201859
0.8691496073436137
0.8691530795670415
0.8691565517904694
0.8691600240138971
0.869163496237325
0.869166968460753
0.8691704406841807
0.8691739129076087
0.8691773851310366
0.8691808573544644
0.8691843295778923
0.86918780180132
0.8691912740247479
0.8691947462481757
0.8691982184716037
0.8692016906950316
0.8692051629184594
0.8692086351418873
0.8692121073653151
0.869215579588743
0.8692190518121707
0.8692225240355986
0.8692259962590264
0.8692294684824543
0.8692329407058821
0.8692364129293101
0.869239885152738
0.8692433573761658
0.8692468295995937
0.8692503018230214
0.8692537740464493
0.8692572462698771
0.8692607184933051
0.8692641907167328
0.8692676629401608
0.8692711351635887
0.8692746073870165
0.8692780796104443
0.8692815518338721
0.8692850240573
0.8692884962807278
0.8692919685041558
0.8692954407275837
0.8692989129510115
0.8693023851744394
0.8693058573978671
0.869309329621295
0.8693128018447228
0.8693162740681507
0.8693197462915785
0.8693232185150064
0.8693266907384342
0.8693301629618622
0.86933363518529
0.8693371074087178
0.8693405796321457
0.8693440518555735
0.8693475240790014
0.8693509963024292
0.8693544685258572
0.8693579407492849
0.8693614129727129
0.8693648851961407
0.8693683574195685
0.8693718296429964
0.8693753018664242
0.8693787740898521
0.8693822463132799
0.869385718536708
0.8693891907601358
0.8693926629835635
0.8693961352069914
0.8693996074304192
0.8694030796538471
0.8694065518772749
0.8694100241007028
0.8694134963241306
0.8694169685475585
0.8694204407709862
0.8694239129944143
0.8694273852178421
0.86943085744127
0.8694343296646978
0.8694378018881256
0.8694412741115535
0.8694447463349813
0.8694482185584094
0.8694516907818369
0.869455163005265
0.8694586352286928
0.8694621074521207
0.8694655796755485
0.8694690518989764
0.8694725241224042
0.8694759963458321
0.8694794685692601
0.8694829407926876
0.8694864130161157
0.8694898852395435
0.8694933574629714
0.8694968296863992
0.8695003019098271
0.8695037741332549
0.8695072463566828
0.8695107185801108
0.8695141908035384
0.8695176630269664
0.8695211352503942
0.8695246074738221
0.8695280796972499
0.8695315519206778
0.8695350241441056
0.8695384963675334
0.8695419685909612
0.8695454408143891
0.8695489130378171
0.8695523852612449
0.8695558574846728
0.8695593297081006
0.8695628019315285
0.8695662741549562
0.8695697463783841
0.8695732186018121
0.8695766908252398
0.8695801630486678
0.8695836352720956
0.8695871074955235
0.8695905797189513
0.8695940519423792
0.8695975241658069
0.8696009963892348
0.8696044686126628
0.8696079408360906
0.8696114130595185
0.8696148852829463
0.8696183575063742
0.869621829729802
0.8696253019532298
0.8696287741766576
0.8696322464000855
0.8696357186235133
0.8696391908469412
0.8696426630703692
0.869646135293797
0.8696496075172249
0.8696530797406526
0.8696565519640805
0.8696600241875083
0.8696634964109362
0.8696669686343642
0.8696704408577919
0.8696739130812199
0.8696773853046477
0.8696808575280756
0.8696843297515033
0.8696878019749312
0.869691274198359
0.8696947464217869
0.8696982186452149
0.8697016908686428
0.8697051630920706
0.8697086353154985
0.8697121075389262
0.8697155797623541
0.8697190519857819
0.8697225242092097
0.8697259964326376
0.8697294686560654
0.8697329408794933
0.8697364131029213
0.8697398853263492
0.8697433575497769
0.8697468297732048
0.8697503019966326
0.8697537742200605
0.8697572464434883
0.8697607186669163
0.869764190890344
0.869767663113772
0.8697711353371999
0.8697746075606276
0.8697780797840555
0.8697815520074833
0.8697850242309112
0.869788496454339
