0.7135419144242758
0.7135453866477037
0.7135488588711315
0.7135523310945594
0.7135558033179873
0.7135592755414151
0.713562747764843
0.7135662199882707
0.7135696922116986
0.7135731644351264
0.7135766366585544
0.7135801088819823
0.7135835811054102
0.713587053328838
0.7135905255522659
0.7135939977756937
0.7135974699991214
0.7136009422225493
0.7136044144459772
0.7136078866694051
0.7136113588928329
0.7136148311162609
0.7136183033396887
0.7136217755631166
0.7136252477865443
0.7136287200099722
0.7136321922334
0.7136356644568279
0.7136391366802558
0.7136426089036836
0.7136460811271116
0.7136495533505394
0.7136530255739673
0.713656497797395
0.7136599700208229
0.7136634422442507
0.7136669144676786
0.7136703866911065
0.7136738589145344
0.7136773311379623
0.7136808033613901
0.713684275584818
0.7136877478082457
0.7136912200316736
0.7136946922551014
0.7136981644785293
0.7137016367019572
0.713705108925385
0.713708581148813
0.7137120533722408
0.7137155255956686
0.7137189978190964
0.7137224700425243
0.7137259422659521
0.71372941448938
0.7137328867128079
0.7137363589362358
0.7137398311596637
0.7137433033830914
0.7137467756065193
0.7137502478299471
0.713753720053375
0.7137571922768028
0.7137606645002308
0.7137641367236586
0.7137676089470865
0.7137710811705144
0.7137745533939421
0.71377802561737
0.7137814978407978
0.7137849700642257
0.7137884422876535
0.7137919145110815
0.7137953867345093
0.7137988589579372
0.713802331181365
0.7138058034047928
0.7138092756282207
0.7138127478516485
0.7138162200750764
0.7138196922985042
0.7138231645219321
0.71382663674536
0.713830108968788
0.7138335811922157
0.7138370534156435
0.7138405256390714
0.7138439978624992
0.7138474700859271
0.7138509423093549
0.7138544145327829
0.7138578867562106
0.7138613589796385
0.7138648312030664
0.7138683034264943
0.7138717756499221
0.71387524787335
0.7138787200967778
0.7138821923202056
0.7138856645436336
0.7138891367670613
0.7138926089904892
0.7138960812139171
0.713899553437345
0.7139030256607728
0.7139064978842007
0.7139099701076285
0.7139134423310564
0.7139169145544841
0.713920386777912
0.71392385900134
0.7139273312247678
0.7139308034481957
0.7139342756716235
0.7139377478950514
0.7139412201184792
0.713944692341907
0.7139481645653349
0.7139516367887627
0.7139551090121906
0.7139585812356185
0.7139620534590464
0.7139655256824742
0.7139689979059021
0.7139724701293299
0.7139759423527577
0.7139794145761855
0.7139828867996134
0.7139863590230414
0.7139898312464692
0.7139933034698971
0.7139967756933249
0.7140002479167528
0.7140037201401805
0.7140071923636084
0.7140106645870363
0.7140141368104642
0.714017609033892
0.7140210812573199
0.7140245534807478
0.7140280257041756
0.7140314979276035
0.7140349701510312
0.7140384423744591
0.714041914597887
0.7140453868213149
0.7140488590447427
0.7140523312681706
0.7140558034915985
0.7140592757150263
0.7140627479384541
0.7140662201618819
0.7140696923853098
0.7140731646087376
0.7140766368321656
0.7140801090555935
0.7140835812790213
0.7140870535024492
0.714090525725877
0.7140939979493048
0.7140974701727326
0.7141009423961605
0.7141044146195884
0.7141078868430163
0.7141113590664441
0.7141148312898721
0.7141183035132999
0.7141217757367276
0.7141252479601555
0.7141287201835833
0.7141321924070112
0.7141356646304391
0.714139136853867
0.7141426090772948
0.7141460813007228
0.7141495535241505
0.7141530257475784
0.7141564979710062
0.7141599701944341
0.7141634424178619
0.7141669146412897
0.7141703868647177
0.7141738590881456
0.7141773313115735
0.7141808035350012
0.7141842757584291
0.7141877479818569
0.7141912202052848
0.7141946924287126
0.7141981646521405
0.7142016368755684
0.7142051090989961
0.7142085813224242
0.7142120535458519
0.7142155257692798
0.7142189979927076
0.7142224702161355
0.7142259424395633
0.7142294146629912
0.7142328868864191
