0.23229174732352337
0.2322952195469512
0.23229869177037907
0.2323021639938069
0.2323056362172348
0.23230910844066266
0.2323125806640905
0.23231605288751833
0.23231952511094617
0.23232299733437406
0.23232646955780192
0.23232994178122976
0.23233341400465765
0.23233688622808543
0.23234035845151332
0.23234383067494116
0.23234730289836902
0.23235077512179692
0.23235424734522475
0.23235771956865264
0.23236119179208042
0.23236466401550832
0.23236813623893618
0.23237160846236402
0.2323750806857919
0.23237855290921974
0.2323820251326476
0.2323854973560755
0.23238896957950328
0.23239244180293117
0.232395914026359
0.23239938624978687
0.23240285847321476
0.2324063306966426
0.2324098029200705
0.23241327514349827
0.23241674736692614
0.23242021959035397
0.23242369181378186
0.23242716403720975
0.2324306362606376
0.23243410848406543
0.23243758070749326
0.23244105293092113
0.23244452515434902
0.23244799737777685
0.23245146960120472
0.23245494182463253
0.2324584140480604
0.23246188627148828
0.23246535849491612
0.23246883071834398
0.23247230294177182
0.2324757751651997
0.2324792473886276
0.23248271961205538
0.23248619183548327
0.23248966405891108
0.23249313628233897
0.2324966085057668
0.2325000807291947
0.23250355295262257
0.23250702517605037
0.23251049739947824
0.23251396962290607
0.23251744184633397
0.23252091406976183
0.23252438629318967
0.23252785851661756
0.23253133074004534
0.23253480296347323
0.2325382751869011
0.23254174741032893
0.23254521963375682
0.23254869185718466
0.23255216408061255
0.23255563630404033
0.2325591085274682
0.2325625807508961
0.23256605297432392
0.23256952519775181
0.23257299742117965
0.2325764696446075
0.23257994186803535
0.2325834140914632
0.23258688631489108
0.23259035853831891
0.23259383076174678
0.23259730298517467
0.23260077520860245
0.23260424743203034
0.23260771965545818
0.23261119187888604
0.23261466410231393
0.23261813632574177
0.23262160854916966
0.23262508077259744
0.23262855299602533
0.23263202521945314
0.23263549744288103
0.23263896966630893
0.23264244188973676
0.23264591411316463
0.23264938633659243
0.2326528585600203
0.2326563307834482
0.23265980300687603
0.2326632752303039
0.23266674745373173
0.23267021967715962
0.23267369190058745
0.2326771641240153
0.23268063634744315
0.232684108570871
0.23268758079429888
0.23269105301772677
0.23269452524115455
0.23269799746458245
0.23270146968801025
0.23270494191143815
0.23270841413486598
0.23271188635829387
0.23271535858172174
0.23271883080514955
0.2327223030285774
0.23272577525200525
0.23272924747543314
0.232732719698861
0.23273619192228884
0.23273966414571673
0.2327431363691445
0.2327466085925724
0.23275008081600027
0.2327535530394281
0.232757025262856
0.23276049748628383
0.23276396970971172
0.2327674419331395
0.2327709141565674
0.23277438637999526
0.2327778586034231
0.23278133082685099
0.23278480305027882
0.23278827527370669
0.23279174749713458
0.23279521972056236
0.23279869194399025
0.23280216416741809
0.23280563639084595
0.23280910861427384
0.23281258083770168
0.2328160530611295
0.23281952528455735
0.2328229975079852
0.2328264697314131
0.23282994195484094
0.23283341417826883
0.2328368864016966
0.2328403586251245
0.2328438308485523
0.2328473030719802
0.2328507752954081
0.23285424751883593
0.2328577197422638
0.2328611919656916
0.23286466418911947
0.23286813641254736
0.2328716086359752
0.23287508085940306
0.2328785530828309
0.2328820253062588
0.23288549752968668
0.23288896975311446
0.23289244197654232
0.23289591419997016
0.23289938642339805
0.23290285864682594
0.23290633087025378
0.23290980309368164
0.23291327531710945
0.23291674754053732
0.23292021976396515
0.23292369198739304
0.2329271642108209
0.23293063643424874
0.23293410865767658
0.23293758088110442
0.2329410531045323
0.23294452532796017
0.232947997551388
0.2329514697748159
0.23295494199824374
0.23295841422167157
0.23296188644509944
0.23296535866852727
0.23296883089195516
0.232972303115383
0.2329757753388109
0.23297924756223876
0.23298271978566656
