0.05590279718847117
0.0559062694118991
0.055909741635326936
0.05591321385875477
0.0559166860821827
0.055920158305610534
0.055923630529038364
0.0559271027524662
0.055930574975894036
0.05593404719932196
0.0559375194227498
0.055940991646177635
0.05594446386960547
0.0559479360930334
0.055951408316461136
0.05595488053988906
0.0559583527633169
0.055961824986744735
0.05596529721017266
0.0559687694336005
0.055972241657028333
0.05597571388045616
0.055979186103884
0.055982658327311925
0.05598613055073976
0.0559896027741676
0.055993074997595524
0.05599654722102327
0.056000019444451196
0.05600349166787903
0.05600696389130686
0.0560104361147347
0.056013908338162624
0.05601738056159046
0.056020852785018296
0.05602432500844613
0.05602779723187397
0.056031269455301895
0.05603474167872973
0.05603821390215756
0.05604168612558549
0.05604515834901323
0.05604863057244116
0.056052102795868995
0.05605557501929683
0.05605904724272476
0.056062519466152594
0.05606599168958042
0.05606946391300826
0.056072936136436095
0.05607640835986402
0.05607988058329186
0.056083352806719694
0.05608682503014753
0.05609029725357546
0.05609376947700329
0.05609724170043112
0.05610071392385896
0.056104186147286794
0.05610765837071472
0.05611113059414256
0.05611460281757039
0.05611807504099822
0.05612154726442606
0.056125019487853985
0.05612849171128182
0.05613196393470966
0.05613543615813758
0.05613890838156533
0.056142380604993256
0.05614585282842109
0.05614932505184892
0.056152797275276854
0.05615626949870468
0.05615974172213252
0.056163213945560356
0.05616668616898819
0.05617015839241612
0.056173630615843954
0.056177102839271784
0.05618057506269962
0.056184047286127546
0.05618751950955538
0.05619099173298322
0.056194463956411055
0.05619793617983889
0.05620140840326682
0.05620488062669465
0.05620835285012248
0.05621182507355032
0.056215297296978155
0.05621876952040608
0.05622224174383392
0.05622571396726175
0.05622918619068968
0.056232658414117516
0.05623613063754535
0.05623960286097318
0.05624307508440102
0.056246547307828944
0.05625001953125678
0.056253491754684616
0.05625696397811245
0.05626043620154028
0.056263908424968215
0.056267380648396044
0.05627085287182388
0.056274325095251716
0.05627779731867964
0.05628126954210748
0.056284741765535315
0.05628821398896315
0.05629168621239098
0.056295158435818914
0.05629863065924674
0.05630210288267458
0.056305575106102505
0.05630904732953025
0.05631251955295818
0.056315991776386014
0.05631946399981384
0.056322936223241776
0.056326408446669606
0.05632988067009744
0.05633335289352528
0.056336825116953114
0.05634029734038104
0.056343769563808876
0.05634724178723671
0.05635071401066454
0.05635418623409238
0.056357658457520304
0.05636113068094814
0.05636460290437598
0.05636807512780381
0.05637154735123174
0.05637501957465948
0.05637849179808741
0.05638196402151524
0.05638543624494308
0.056388908468371
0.05639238069179884
0.056395852915226675
0.0563993251386546
0.05640279736208234
0.056406269585510274
0.0564097418089381
0.05641321403236594
0.056416686255793866
0.0564201584792217
0.05642363070264954
0.056427102926077374
0.05643057514950521
0.05643404737293304
0.05643751959636097
0.0564409918197888
0.05644446404321664
0.056447936266644565
0.05645140849007231
0.05645488071350024
0.05645835293692807
0.0564618251603559
0.056465297383783836
0.056468769607211665
0.0564722418306395
0.05647571405406734
0.05647918627749517
0.0564826585009231
0.056486130724350936
0.05648960294777877
0.0564930751712067
0.05649654739463444
0.056500019618062364
0.0565034918414902
0.056506964064918036
0.05651043628834587
0.0565139085117738
0.056517380735201635
0.056520852958629464
0.0565243251820573
0.056527797405485136
0.05653126962891306
0.0565347418523409
0.056538214075768735
0.05654168629919666
0.0565451585226244
0.056548630746052334
0.05655210296948016
0.056555575192908
0.056559047416335925
0.05656251963976376
0.0565659918631916
0.056569464086619524
0.05657293631004727
0.056576408533475196
0.05657988075690303
0.05658335298033086
0.0565868252037587
0.056590297427186624
0.05659376965061446
