0.8059030576052283
0.8059065298286562
0.805910002052084
0.805913474275512
0.8059169464989396
0.8059204187223676
0.8059238909457954
0.8059273631692234
0.8059308353926512
0.805934307616079
0.8059377798395069
0.8059412520629347
0.8059447242863625
0.8059481965097904
0.8059516687332183
0.8059551409566462
0.8059586131800741
0.8059620854035019
0.8059655576269298
0.8059690298503576
0.8059725020737855
0.8059759742972132
0.8059794465206411
0.805982918744069
0.8059863909674969
0.8059898631909248
0.8059933354143526
0.8059968076377805
0.8060002798612083
0.8060037520846361
0.806007224308064
0.8060106965314918
0.8060141687549197
0.8060176409783475
0.8060211132017755
0.8060245854252033
0.8060280576486312
0.806031529872059
0.8060350020954868
0.8060384743189146
0.8060419465423425
0.8060454187657704
0.8060488909891983
0.8060523632126262
0.806055835436054
0.8060593076594819
0.8060627798829096
0.8060662521063375
0.8060697243297653
0.8060731965531933
0.8060766687766211
0.806080141000049
0.8060836132234769
0.8060870854469047
0.8060905576703326
0.8060940298937603
0.8060975021171882
0.806100974340616
0.806104446564044
0.8061079187874718
0.8061113910108997
0.8061148632343276
0.8061183354577554
0.8061218076811832
0.806125279904611
0.8061287521280389
0.8061322243514667
0.8061356965748946
0.8061391687983225
0.8061426410217504
0.8061461132451783
0.806149585468606
0.8061530576920339
0.8061565299154617
0.8061600021388896
0.8061634743623174
0.8061669465857454
0.8061704188091732
0.8061738910326011
0.8061773632560288
0.8061808354794567
0.8061843077028846
0.8061877799263124
0.8061912521497403
0.8061947243731681
0.8061981965965961
0.806201668820024
0.8062051410434518
0.8062086132668796
0.8062120854903075
0.8062155577137353
0.8062190299371631
0.806222502160591
0.8062259743840189
0.8062294466074467
0.8062329188308746
0.8062363910543026
0.8062398632777303
0.8062433355011582
0.806246807724586
0.8062502799480139
0.8062537521714417
0.8062572243948696
0.8062606966182975
0.8062641688417252
0.8062676410651533
0.8062711132885809
0.8062745855120089
0.8062780577354367
0.8062815299588646
0.8062850021822924
0.8062884744057203
0.8062919466291482
0.806295418852576
0.8062988910760038
0.8063023632994317
0.8063058355228596
0.8063093077462874
0.8063127799697153
0.8063162521931431
0.806319724416571
0.8063231966399987
0.8063266688634266
0.8063301410868545
0.8063336133102824
0.8063370855337103
0.8063405577571381
0.806344029980566
0.8063475022039938
0.8063509744274217
0.8063544466508495
0.8063579188742774
0.8063613910977053
0.8063648633211331
0.806368335544561
0.8063718077679888
0.8063752799914167
0.8063787522148445
0.8063822244382723
0.8063856966617002
0.8063891688851281
0.8063926411085559
0.8063961133319838
0.8063995855554117
0.8064030577788395
0.8064065300022674
0.8064100022256951
0.8064134744491231
0.8064169466725508
0.8064204188959788
0.8064238911194066
0.8064273633428345
0.8064308355662624
0.8064343077896902
0.806437780013118
0.8064412522365458
0.8064447244599737
0.8064481966834016
0.8064516689068295
0.8064551411302574
0.8064586133536852
0.8064620855771131
0.8064655578005409
0.8064690300239687
0.8064725022473965
0.8064759744708244
0.8064794466942523
0.8064829189176802
0.8064863911411081
0.806489863364536
0.8064933355879638
0.8064968078113917
0.8065002800348194
0.8065037522582472
0.8065072244816752
0.8065106967051029
0.8065141689285309
0.8065176411519587
0.8065211133753867
0.8065245855988145
0.8065280578222424
0.8065315300456701
0.806535002269098
0.8065384744925258
0.8065419467159537
0.8065454189393816
0.8065488911628095
0.8065523633862374
0.8065558356096652
0.806559307833093
0.8065627800565208
0.8065662522799487
0.8065697245033765
0.8065731967268044
0.8065766689502323
0.8065801411736602
0.8065836133970881
0.8065870856205158
0.8065905578439437
0.8065940300673715
