0.8815975283324751
0.881601000555903
0.881604472779331
0.8816079450027587
0.8816114172261866
0.8816148894496144
0.8816183616730423
0.8816218338964701
0.881625306119898
0.8816287783433258
0.8816322505667537
0.8816357227901814
0.8816391950136093
0.8816426672370373
0.8816461394604651
0.881649611683893
0.8816530839073208
0.8816565561307487
0.8816600283541765
0.8816635005776043
0.8816669728010323
0.88167044502446
0.881673917247888
0.8816773894713158
0.8816808616947437
0.8816843339181715
0.8816878061415994
0.8816912783650271
0.881694750588455
0.881698222811883
0.8817016950353107
0.8817051672587387
0.8817086394821665
0.8817121117055944
0.8817155839290222
0.88171905615245
0.8817225283758778
0.8817260005993057
0.8817294728227337
0.8817329450461614
0.8817364172695894
0.8817398894930172
0.8817433617164451
0.8817468339398729
0.8817503061633007
0.8817537783867285
0.8817572506101564
0.8817607228335842
0.8817641950570121
0.8817676672804401
0.8817711395038679
0.8817746117272958
0.8817780839507235
0.8817815561741514
0.8817850283975792
0.8817885006210071
0.8817919728444351
0.8817954450678628
0.8817989172912908
0.8818023895147187
0.8818058617381465
0.8818093339615743
0.8818128061850021
0.8818162784084299
0.8818197506318578
0.8818232228552858
0.8818266950787137
0.8818301673021415
0.8818336395255694
0.8818371117489971
0.881840583972425
0.8818440561958528
0.8818475284192807
0.8818510006427085
0.8818544728661364
0.8818579450895642
0.8818614173129922
0.8818648895364201
0.8818683617598478
0.8818718339832757
0.8818753062067035
0.8818787784301314
0.8818822506535592
0.8818857228769872
0.8818891951004149
0.8818926673238429
0.8818961395472708
0.8818996117706985
0.8819030839941264
0.8819065562175542
0.8819100284409821
0.8819135006644099
0.8819169728878379
0.8819204451112658
0.8819239173346936
0.8819273895581214
0.8819308617815492
0.8819343340049771
0.8819378062284049
0.8819412784518328
0.8819447506752606
0.8819482228986885
0.8819516951221162
0.8819551673455442
0.8819586395689721
0.8819621117923999
0.8819655840158278
0.8819690562392556
0.8819725284626835
0.8819760006861113
0.8819794729095393
0.8819829451329669
0.8819864173563949
0.8819898895798228
0.8819933618032506
0.8819968340266785
0.8820003062501063
0.8820037784735342
0.882007250696962
0.88201072292039
0.8820141951438178
0.8820176673672456
0.8820211395906735
0.8820246118141013
0.8820280840375292
0.882031556260957
0.8820350284843849
0.8820385007078126
0.8820419729312405
0.8820454451546683
0.8820489173780964
0.8820523896015242
0.882055861824952
0.8820593340483799
0.8820628062718077
0.8820662784952356
0.8820697507186633
0.8820732229420915
0.882076695165519
0.8820801673889471
0.8820836396123749
0.8820871118358028
0.8820905840592306
0.8820940562826585
0.8820975285060862
0.882101000729514
0.8821044729529421
0.8821079451763699
0.8821114173997978
0.8821148896232256
0.8821183618466535
0.8821218340700813
0.8821253062935092
0.8821287785169369
0.8821322507403648
0.8821357229637926
0.8821391951872205
0.8821426674106485
0.8821461396340763
0.8821496118575042
0.882153084080932
0.8821565563043599
0.8821600285277876
0.8821635007512155
0.8821669729746435
0.8821704451980712
0.8821739174214992
0.882177389644927
0.8821808618683549
0.8821843340917827
0.8821878063152105
0.8821912785386383
0.8821947507620662
0.8821982229854942
0.8822016952089219
0.8822051674323499
0.8822086396557777
0.8822121118792056
0.8822155841026333
0.8822190563260612
0.882222528549489
0.8822260007729169
0.8822294729963449
0.8822329452197726
0.8822364174432006
0.8822398896666284
0.8822433618900563
0.882246834113484
0.8822503063369119
0.8822537785603397
0.8822572507837676
0.8822607230071954
0.8822641952306233
0.8822676674540513
0.882271139677479
0.882274611900907
0.8822780841243347
0.8822815563477626
0.8822850285711904
0.8822885007946183
