0.36493068226759795
0.3649341544910259
0.36493762671445373
0.36494109893788157
0.3649445711613094
0.36494804338473724
0.36495151560816513
0.36495498783159297
0.3649584600550208
0.3649619322784487
0.36496540450187653
0.3649688767253044
0.36497234894873226
0.36497582117216015
0.364979293395588
0.3649827656190158
0.36498623784244366
0.36498971006587155
0.3649931822892994
0.3649966545127273
0.3650001267361551
0.36500359895958295
0.3650070711830108
0.3650105434064387
0.3650140156298665
0.36501748785329435
0.3650209600767222
0.3650244323001501
0.365027904523578
0.3650313767470058
0.36503484897043365
0.3650383211938615
0.3650417934172894
0.36504526564071726
0.3650487378641451
0.3650522100875729
0.3650556823110008
0.36505915453442866
0.3650626267578565
0.36506609898128434
0.36506957120471223
0.3650730434281401
0.36507651565156796
0.3650799878749958
0.36508346009842363
0.36508693232185147
0.36509040454527936
0.3650938767687072
0.36509734899213503
0.36510082121556287
0.3651042934389908
0.36510776566241865
0.3651112378858465
0.3651147101092743
0.3651181823327022
0.36512165455613
0.3651251267795579
0.3651285990029857
0.3651320712264136
0.36513554344984145
0.36513901567326934
0.3651424878966972
0.365145960120125
0.3651494323435529
0.36515290456698074
0.3651563767904086
0.3651598490138364
0.3651633212372643
0.3651667934606922
0.36517026568412003
0.36517373790754787
0.3651772101309757
0.36518068235440354
0.3651841545778315
0.3651876268012593
0.36519109902468716
0.36519457124811494
0.36519804347154283
0.3652015156949707
0.36520498791839856
0.3652084601418264
0.3652119323652543
0.3652154045886822
0.36521887681211
0.36522234903553785
0.3652258212589657
0.3652292934823935
0.3652327657058214
0.36523623792924925
0.36523971015267714
0.365243182376105
0.36524665459953287
0.3652501268229607
0.36525359904638854
0.3652570712698164
0.36526054349324427
0.3652640157166721
0.36526748794009994
0.3652709601635278
0.36527443238695567
0.36527790461038356
0.3652813768338114
0.36528484905723924
0.36528832128066707
0.36529179350409496
0.3652952657275228
0.36529873795095064
0.36530221017437847
0.36530568239780636
0.36530915462123426
0.3653126268446621
0.36531609906808993
0.3653195712915178
0.3653230435149457
0.36532651573837355
0.3653299879618014
0.3653334601852292
0.36533693240865706
0.36534040463208495
0.3653438768555128
0.3653473490789406
0.36535082130236846
0.36535429352579635
0.36535776574922424
0.3653612379726521
0.3653647101960799
0.36536818241950775
0.3653716546429356
0.3653751268663635
0.3653785990897913
0.3653820713132192
0.36538554353664704
0.36538901576007493
0.36539248798350277
0.3653959602069306
0.3653994324303585
0.36540290465378633
0.36540637687721417
0.365409849100642
0.3654133213240699
0.3654167935474978
0.3654202657709256
0.36542373799435346
0.3654272102177813
0.36543068244120913
0.365434154664637
0.36543762688806486
0.3654410991114927
0.36544457133492053
0.3654480435583484
0.3654515157817763
0.36545498800520415
0.365458460228632
0.3654619324520599
0.36546540467548777
0.3654688768989156
0.36547234912234344
0.3654758213457713
0.3654792935691991
0.365482765792627
0.36548623801605484
0.36548971023948273
0.36549318246291057
0.36549665468633846
0.3655001269097663
0.36550359913319413
0.36550707135662197
0.36551054358004986
0.3655140158034777
0.36551748802690553
0.36552096025033337
0.36552443247376126
0.36552790469718915
0.365531376920617
0.3655348491440448
0.36553832136747266
0.36554179359090055
0.3655452658143284
0.3655487380377562
0.36555221026118406
0.36555568248461195
0.36555915470803985
0.3655626269314677
0.3655660991548955
0.3655695713783234
0.36557304360175125
0.3655765158251791
0.3655799880486069
0.36558346027203475
0.36558693249546265
0.36559040471889054
0.3655938769423184
0.3655973491657462
0.36560082138917405
0.36560429361260194
0.36560776583602983
0.36561123805945767
0.3656147102828855
0.36561818250631334
0.3656216547297412
