0.6336807755836027
0.6336842478070305
0.6336877200304584
0.6336911922538861
0.633694664477314
0.6336981367007419
0.6337016089241697
0.6337050811475976
0.6337085533710255
0.6337120255944534
0.6337154978178812
0.6337189700413091
0.6337224422647368
0.6337259144881647
0.6337293867115926
0.6337328589350205
0.6337363311584483
0.6337398033818761
0.6337432756053041
0.6337467478287319
0.6337502200521598
0.6337536922755875
0.6337571644990154
0.6337606367224432
0.6337641089458712
0.633767581169299
0.6337710533927269
0.6337745256161548
0.6337779978395826
0.6337814700630104
0.6337849422864382
0.6337884145098661
0.633791886733294
0.6337953589567219
0.6337988311801497
0.6338023034035776
0.6338057756270055
0.6338092478504332
0.6338127200738611
0.6338161922972889
0.6338196645207169
0.6338231367441447
0.6338266089675726
0.6338300811910004
0.6338335534144283
0.6338370256378562
0.6338404978612839
0.6338439700847118
0.6338474423081396
0.6338509145315675
0.6338543867549954
0.6338578589784233
0.6338613312018511
0.6338648034252791
0.6338682756487068
0.6338717478721347
0.6338752200955625
0.6338786923189903
0.6338821645424182
0.6338856367658461
0.633889108989274
0.6338925812127018
0.6338960534361298
0.6338995256595575
0.6339029978829854
0.6339064701064132
0.6339099423298411
0.6339134145532689
0.6339168867766968
0.6339203590001247
0.6339238312235524
0.6339273034469803
0.6339307756704082
0.6339342478938361
0.6339377201172639
0.6339411923406918
0.6339446645641196
0.6339481367875475
0.6339516090109754
0.6339550812344031
0.6339585534578311
0.6339620256812589
0.6339654979046868
0.6339689701281146
0.6339724423515425
0.6339759145749703
0.6339793867983982
0.633982859021826
0.6339863312452538
0.6339898034686817
0.6339932756921096
0.6339967479155375
0.6340002201389653
0.6340036923623932
0.634007164585821
0.6340106368092489
0.6340141090326767
0.6340175812561046
0.6340210534795325
0.6340245257029603
0.6340279979263882
0.634031470149816
0.6340349423732439
0.6340384145966717
0.6340418868200997
0.6340453590435274
0.6340488312669553
0.6340523034903832
0.634055775713811
0.6340592479372389
0.6340627201606667
0.6340661923840946
0.6340696646075225
0.6340731368309503
0.6340766090543781
0.634080081277806
0.6340835535012338
0.6340870257246617
0.6340904979480896
0.6340939701715174
0.6340974423949453
0.634100914618373
0.634104386841801
0.6341078590652288
0.6341113312886567
0.6341148035120846
0.6341182757355124
0.6341217479589403
0.634125220182368
0.634128692405796
0.6341321646292237
0.6341356368526517
0.6341391090760795
0.6341425812995074
0.6341460535229353
0.6341495257463632
0.634152997969791
0.6341564701932189
0.6341599424166466
0.6341634146400744
0.6341668868635024
0.6341703590869302
0.6341738313103581
0.6341773035337859
0.6341807757572139
0.6341842479806417
0.6341877202040695
0.6341911924274973
0.6341946646509252
0.6341981368743531
0.6342016090977809
0.6342050813212088
0.6342085535446367
0.6342120257680646
0.6342154979914923
0.6342189702149202
0.634222442438348
0.6342259146617759
0.6342293868852038
0.6342328591086316
0.6342363313320595
0.6342398035554873
0.6342432757789153
0.634246748002343
0.6342502202257709
0.6342536924491987
0.6342571646726266
0.6342606368960544
0.6342641091194823
0.6342675813429102
0.6342710535663381
0.634274525789766
0.6342779980131937
0.6342814702366216
0.6342849424600494
0.6342884146834773
0.6342918869069052
0.6342953591303331
0.6342988313537609
0.6343023035771888
0.6343057758006166
0.6343092480240444
0.6343127202474723
0.6343161924709001
0.6343196646943281
0.6343231369177559
0.6343266091411838
0.6343300813646116
0.6343335535880394
0.6343370258114673
0.6343404980348951
0.634343970258323
0.6343474424817508
0.6343509147051787
0.6343543869286066
0.6343578591520345
0.6343613313754622
0.6343648035988901
0.634368275822318
0.6343717480457458
