0.647569669295024
0.6475731415184519
0.6475766137418798
0.6475800859653076
0.6475835581887356
0.6475870304121634
0.6475905026355911
0.647593974859019
0.6475974470824468
0.6476009193058747
0.6476043915293026
0.6476078637527305
0.6476113359761583
0.6476148081995862
0.6476182804230141
0.647621752646442
0.6476252248698697
0.6476286970932976
0.6476321693167254
0.6476356415401533
0.6476391137635812
0.647642585987009
0.647646058210437
0.6476495304338648
0.6476530026572926
0.6476564748807204
0.6476599471041483
0.6476634193275761
0.647666891551004
0.6476703637744319
0.6476738359978597
0.6476773082212877
0.6476807804447154
0.6476842526681433
0.6476877248915711
0.647691197114999
0.6476946693384269
0.6476981415618547
0.6477016137852826
0.6477050860087104
0.6477085582321382
0.6477120304555661
0.647715502678994
0.6477189749024218
0.6477224471258497
0.6477259193492775
0.6477293915727054
0.6477328637961333
0.647736336019561
0.647739808242989
0.6477432804664168
0.6477467526898447
0.6477502249132725
0.6477536971367004
0.6477571693601282
0.6477606415835562
0.647764113806984
0.6477675860304118
0.6477710582538397
0.6477745304772675
0.6477780027006954
0.6477814749241232
0.6477849471475511
0.647788419370979
0.6477918915944069
0.6477953638178346
0.6477988360412625
0.6478023082646903
0.6478057804881182
0.6478092527115461
0.6478127249349739
0.6478161971584018
0.6478196693818296
0.6478231416052576
0.6478266138286853
0.6478300860521132
0.6478335582755411
0.6478370304989689
0.6478405027223968
0.6478439749458246
0.6478474471692525
0.6478509193926802
0.6478543916161082
0.647857863839536
0.6478613360629639
0.6478648082863917
0.6478682805098196
0.6478717527332475
0.6478752249566753
0.6478786971801032
0.6478821694035309
0.6478856416269589
0.6478891138503867
0.6478925860738146
0.6478960582972425
0.6478995305206704
0.6479030027440982
0.6479064749675261
0.6479099471909538
0.6479134194143817
0.6479168916378096
0.6479203638612374
0.6479238360846653
0.6479273083080932
0.6479307805315211
0.6479342527549489
0.6479377249783768
0.6479411972018045
0.6479446694252324
0.6479481416486603
0.6479516138720881
0.647955086095516
0.6479585583189438
0.6479620305423718
0.6479655027657996
0.6479689749892275
0.6479724472126552
0.6479759194360831
0.6479793916595109
0.6479828638829388
0.6479863361063667
0.6479898083297946
0.6479932805532225
0.6479967527766503
0.6480002250000781
0.6480036972235059
0.6480071694469338
0.6480106416703617
0.6480141138937895
0.6480175861172174
0.6480210583406453
0.6480245305640732
0.648028002787501
0.6480314750109288
0.6480349472343566
0.6480384194577846
0.6480418916812124
0.6480453639046403
0.6480488361280681
0.648052308351496
0.6480557805749239
0.6480592527983516
0.6480627250217795
0.6480661972452073
0.6480696694686352
0.6480731416920631
0.648076613915491
0.6480800861389188
0.6480835583623467
0.6480870305857745
0.6480905028092023
0.6480939750326302
0.648097447256058
0.6481009194794859
0.6481043917029138
0.6481078639263417
0.6481113361497695
0.6481148083731973
0.6481182805966252
0.648121752820053
0.6481252250434809
0.6481286972669087
0.6481321694903366
0.6481356417137645
0.6481391139371924
0.6481425861606201
0.6481460583840482
0.6481495306074759
0.6481530028309037
0.6481564750543316
0.6481599472777594
0.6481634195011873
0.6481668917246152
0.6481703639480431
0.6481738361714708
0.6481773083948988
0.6481807806183266
0.6481842528417545
0.6481877250651823
0.6481911972886102
0.6481946695120381
0.6481981417354659
0.6482016139588938
0.6482050861823215
0.6482085584057494
0.6482120306291773
0.6482155028526052
0.648218975076033
0.6482224472994609
0.6482259195228887
0.6482293917463166
0.6482328639697444
0.6482363361931722
0.6482398084166002
0.648243280640028
0.6482467528634559
0.6482502250868837
0.6482536973103116
0.6482571695337394
0.6482606417571672
