0.8975697561006097
0.8975732283240375
0.8975767005474654
0.8975801727708934
0.8975836449943212
0.8975871172177491
0.8975905894411769
0.8975940616646048
0.8975975338880325
0.8976010061114604
0.8976044783348884
0.8976079505583161
0.8976114227817441
0.8976148950051719
0.8976183672285998
0.8976218394520276
0.8976253116754555
0.8976287838988832
0.8976322561223111
0.8976357283457391
0.8976392005691669
0.8976426727925948
0.8976461450160226
0.8976496172394505
0.8976530894628783
0.8976565616863061
0.8976600339097339
0.8976635061331618
0.8976669783565896
0.8976704505800175
0.8976739228034455
0.8976773950268733
0.8976808672503012
0.8976843394737289
0.8976878116971568
0.8976912839205846
0.8976947561440125
0.8976982283674405
0.8977017005908682
0.8977051728142962
0.897708645037724
0.8977121172611519
0.8977155894845796
0.8977190617080075
0.8977225339314353
0.8977260061548632
0.8977294783782912
0.8977329506017191
0.8977364228251469
0.8977398950485748
0.8977433672720025
0.8977468394954304
0.8977503117188582
0.897753783942286
0.8977572561657139
0.8977607283891417
0.8977642006125696
0.8977676728359976
0.8977711450594255
0.8977746172828532
0.8977780895062811
0.8977815617297089
0.8977850339531368
0.8977885061765646
0.8977919783999926
0.8977954506234203
0.8977989228468483
0.8978023950702761
0.8978058672937039
0.8978093395171318
0.8978128117405596
0.8978162839639875
0.8978197561874153
0.8978232284108433
0.897826700634271
0.897830172857699
0.8978336450811268
0.8978371173045546
0.8978405895279825
0.8978440617514103
0.8978475339748382
0.897851006198266
0.897854478421694
0.8978579506451216
0.8978614228685496
0.8978648950919775
0.8978683673154053
0.8978718395388332
0.897875311762261
0.8978787839856889
0.8978822562091167
0.8978857284325445
0.8978892006559723
0.8978926728794003
0.8978961451028282
0.897899617326256
0.8979030895496839
0.8979065617731117
0.8979100339965396
0.8979135062199674
0.8979169784433954
0.897920450666823
0.897923922890251
0.8979273951136789
0.8979308673371067
0.8979343395605346
0.8979378117839624
0.8979412840073903
0.897944756230818
0.897948228454246
0.8979517006776739
0.8979551729011017
0.8979586451245296
0.8979621173479574
0.8979655895713853
0.8979690617948131
0.897972534018241
0.8979760062416687
0.8979794784650966
0.8979829506885244
0.8979864229119524
0.8979898951353803
0.8979933673588081
0.897996839582236
0.8980003118056638
0.8980037840290916
0.8980072562525194
0.8980107284759475
0.8980142006993751
0.8980176729228032
0.898021145146231
0.8980246173696589
0.8980280895930867
0.8980315618165146
0.8980350340399423
0.8980385062633701
0.8980419784867982
0.898045450710226
0.8980489229336539
0.8980523951570817
0.8980558673805096
0.8980593396039374
0.8980628118273652
0.898066284050793
0.8980697562742209
0.8980732284976487
0.8980767007210766
0.8980801729445046
0.8980836451679324
0.8980871173913603
0.898090589614788
0.8980940618382159
0.8980975340616437
0.8981010062850716
0.8981044785084996
0.8981079507319273
0.8981114229553553
0.8981148951787831
0.898118367402211
0.8981218396256387
0.8981253118490666
0.8981287840724944
0.8981322562959223
0.8981357285193503
0.8981392007427781
0.898142672966206
0.8981461451896338
0.8981496174130617
0.8981530896364894
0.8981565618599173
0.8981600340833451
0.898163506306773
0.8981669785302008
0.8981704507536287
0.8981739229770567
0.8981773952004845
0.8981808674239123
0.8981843396473401
0.898187811870768
0.8981912840941958
0.8981947563176237
0.8981982285410517
0.8982017007644794
0.8982051729879074
0.8982086452113351
0.898212117434763
0.8982155896581908
0.8982190618816187
0.8982225341050465
0.8982260063284744
0.8982294785519024
0.8982329507753302
0.898236422998758
0.8982398952221858
0.8982433674456137
0.8982468396690415
0.8982503118924694
0.8982537841158972
0.8982572563393251
0.8982607285627529
