0.2753473178289298
0.27535079005235763
0.27535426227578547
0.2753577344992133
0.2753612067226412
0.2753646789460691
0.2753681511694969
0.27537162339292476
0.27537509561635265
0.2753785678397805
0.2753820400632084
0.2753855122866362
0.27538898451006405
0.2753924567334919
0.2753959289569197
0.2753994011803476
0.27540287340377545
0.27540634562720334
0.2754098178506312
0.275413290074059
0.2754167622974869
0.27542023452091474
0.2754237067443426
0.2754271789677704
0.2754306511911983
0.27543412341462614
0.27543759563805403
0.27544106786148187
0.27544454008490976
0.2754480123083376
0.27545148453176543
0.2754549567551933
0.27545842897862116
0.275461901202049
0.27546537342547683
0.2754688456489047
0.27547231787233256
0.27547579009576045
0.2754792623191883
0.2754827345426162
0.275486206766044
0.27548967898947185
0.2754931512128997
0.2754966234363276
0.2755000956597554
0.27550356788318325
0.27550704010661115
0.275510512330039
0.2755139845534669
0.2755174567768947
0.2755209290003226
0.27552440122375044
0.2755278734471783
0.2755313456706061
0.27553481789403395
0.27553829011746184
0.2755417623408897
0.2755452345643175
0.2755487067877454
0.2755521790111733
0.27555565123460113
0.27555912345802897
0.2755625956814568
0.27556606790488464
0.2755695401283125
0.27557301235174037
0.27557648457516826
0.2755799567985961
0.27558342902202393
0.2755869012454518
0.27559037346887966
0.27559384569230755
0.2755973179157354
0.2756007901391632
0.27560426236259106
0.2756077345860189
0.2756112068094468
0.2756146790328747
0.2756181512563025
0.27562162347973035
0.27562509570315824
0.2756285679265861
0.2756320401500139
0.27563551237344175
0.27563898459686964
0.2756424568202975
0.2756459290437253
0.2756494012671532
0.27565287349058104
0.27565634571400893
0.27565981793743677
0.2756632901608646
0.2756667623842925
0.27567023460772033
0.27567370683114817
0.275677179054576
0.2756806512780039
0.27568412350143173
0.2756875957248596
0.27569106794828746
0.27569454017171535
0.2756980123951432
0.275701484618571
0.27570495684199886
0.27570842906542675
0.2757119012888546
0.2757153735122824
0.2757188457357103
0.27572231795913815
0.27572579018256604
0.2757292624059939
0.27573273462942177
0.2757362068528496
0.27573967907627744
0.2757431512997053
0.27574662352313317
0.275750095746561
0.27575356796998884
0.27575704019341674
0.27576051241684457
0.27576398464027246
0.2757674568637003
0.2757709290871282
0.27577440131055597
0.2757778735339838
0.2757813457574117
0.27578481798083954
0.27578829020426743
0.27579176242769526
0.2757952346511231
0.275798706874551
0.27580217909797883
0.2758056513214067
0.27580912354483456
0.2758125957682624
0.27581606799169023
0.27581954021511806
0.27582301243854596
0.27582648466197385
0.2758299568854017
0.2758334291088295
0.2758369013322574
0.27584037355568525
0.27584384577911314
0.2758473180025409
0.2758507902259688
0.27585426244939665
0.2758577346728245
0.2758612068962524
0.27586467911968027
0.2758681513431081
0.27587162356653594
0.27587509578996383
0.27587856801339167
0.2758820402368195
0.27588551246024734
0.27588898468367523
0.27589245690710307
0.2758959291305309
0.2758994013539588
0.27590287357738663
0.2759063458008145
0.27590981802424236
0.2759132902476702
0.27591676247109803
0.2759202346945259
0.27592370691795376
0.2759271791413816
0.2759306513648095
0.2759341235882373
0.2759375958116652
0.27594106803509305
0.27594454025852094
0.2759480124819488
0.2759514847053766
0.27595495692880445
0.27595842915223234
0.2759619013756602
0.275965373599088
0.2759688458225159
0.27597231804594374
0.27597579026937163
0.27597926249279947
0.27598273471622736
0.2759862069396552
0.275989679163083
0.27599315138651087
0.27599662360993876
0.2760000958333666
0.27600356805679443
0.2760070402802223
0.27601051250365016
0.27601398472707805
0.2760174569505059
0.2760209291739337
0.27602440139736156
0.2760278736207894
0.2760313458442173
0.2760348180676451
0.276038290291073
