0.6628474523775876
0.6628509246010155
0.6628543968244432
0.6628578690478711
0.662861341271299
0.6628648134947269
0.6628682857181548
0.6628717579415826
0.6628752301650105
0.6628787023884383
0.6628821746118662
0.662885646835294
0.6628891190587219
0.6628925912821497
0.6628960635055776
0.6628995357290055
0.6629030079524333
0.6629064801758612
0.662909952399289
0.662913424622717
0.6629168968461447
0.6629203690695726
0.6629238412930004
0.6629273135164283
0.6629307857398562
0.662934257963284
0.6629377301867119
0.6629412024101397
0.6629446746335675
0.6629481468569954
0.6629516190804233
0.6629550913038511
0.662958563527279
0.6629620357507069
0.6629655079741347
0.6629689801975626
0.6629724524209903
0.6629759246444182
0.6629793968678461
0.662982869091274
0.6629863413147018
0.6629898135381298
0.6629932857615576
0.6629967579849854
0.6630002302084133
0.663003702431841
0.6630071746552689
0.6630106468786968
0.6630141191021247
0.6630175913255525
0.6630210635489804
0.6630245357724083
0.6630280079958362
0.663031480219264
0.6630349524426918
0.6630384246661196
0.6630418968895475
0.6630453691129754
0.6630488413364032
0.6630523135598312
0.663055785783259
0.6630592580066869
0.6630627302301146
0.6630662024535425
0.6630696746769704
0.6630731469003982
0.6630766191238261
0.6630800913472539
0.6630835635706818
0.6630870357941097
0.6630905080175375
0.6630939802409653
0.6630974524643932
0.663100924687821
0.6631043969112489
0.6631078691346768
0.6631113413581046
0.6631148135815326
0.6631182858049604
0.6631217580283882
0.663125230251816
0.6631287024752439
0.6631321746986717
0.6631356469220997
0.6631391191455275
0.6631425913689553
0.6631460635923833
0.663149535815811
0.6631530080392389
0.6631564802626667
0.6631599524860946
0.6631634247095225
0.6631668969329504
0.6631703691563782
0.6631738413798061
0.6631773136032338
0.6631807858266617
0.6631842580500896
0.6631877302735174
0.6631912024969453
0.6631946747203731
0.6631981469438011
0.6632016191672289
0.6632050913906568
0.6632085636140846
0.6632120358375124
0.6632155080609403
0.6632189802843681
0.663222452507796
0.6632259247312238
0.6632293969546518
0.6632328691780796
0.6632363414015074
0.6632398136249353
0.6632432858483631
0.663246758071791
0.6632502302952188
0.6632537025186467
0.6632571747420745
0.6632606469655025
0.6632641191889302
0.6632675914123581
0.663271063635786
0.6632745358592139
0.6632780080826417
0.6632814803060695
0.6632849525294974
0.6632884247529252
0.6632918969763532
0.6632953691997809
0.6632988414232088
0.6633023136466367
0.6633057858700646
0.6633092580934924
0.6633127303169203
0.6633162025403481
0.663319674763776
0.6633231469872038
0.6633266192106316
0.6633300914340595
0.6633335636574873
0.6633370358809153
0.6633405081043431
0.663343980327771
0.6633474525511988
0.6633509247746266
0.6633543969980544
0.6633578692214823
0.6633613414449102
0.6633648136683381
0.663368285891766
0.6633717581151938
0.6633752303386217
0.6633787025620494
0.6633821747854773
0.6633856470089052
0.663389119232333
0.6633925914557609
0.6633960636791888
0.6633995359026167
0.6634030081260445
0.6634064803494724
0.6634099525729001
0.6634134247963281
0.6634168970197559
0.6634203692431838
0.6634238414666116
0.6634273136900394
0.6634307859134674
0.6634342581368952
0.663437730360323
0.6634412025837508
0.6634446748071787
0.6634481470306066
0.6634516192540345
0.6634550914774623
0.6634585637008902
0.6634620359243181
0.6634655081477459
0.6634689803711737
0.6634724525946015
0.6634759248180294
0.6634793970414573
0.6634828692648852
0.663486341488313
0.6634898137117409
0.6634932859351688
0.6634967581585965
0.6635002303820244
0.6635037026054522
0.6635071748288801
0.663510647052308
0.6635141192757359
0.6635175914991637
0.6635210637225916
0.6635245359460195
0.6635280081694472
0.6635314803928751
0.6635349526163029
0.6635384248397308
