0.180208395905693
0.18021186812912088
0.18021534035254871
0.18021881257597658
0.18022228479940447
0.18022575702283225
0.18022922924626014
0.18023270146968798
0.18023617369311584
0.18023964591654373
0.18024311813997157
0.18024659036339946
0.18025006258682724
0.1802535348102551
0.180257007033683
0.18026047925711083
0.18026395148053873
0.18026742370396656
0.1802708959273944
0.1802743681508222
0.1802778403742501
0.180281312597678
0.18028478482110583
0.1802882570445337
0.18029172926796153
0.18029520149138936
0.18029867371481725
0.1803021459382451
0.18030561816167295
0.1803090903851008
0.18031256260852868
0.18031603483195657
0.18031950705538435
0.18032297927881222
0.18032645150224005
0.18032992372566795
0.18033339594909584
0.18033686817252367
0.18034034039595154
0.18034381261937932
0.1803472848428072
0.18035075706623505
0.18035422928966294
0.1803577015130908
0.18036117373651864
0.18036464595994653
0.1803681181833743
0.1803715904068022
0.18037506263023007
0.1803785348536579
0.1803820070770858
0.18038547930051363
0.18038895152394152
0.18039242374736933
0.18039589597079717
0.18039936819422506
0.1804028404176529
0.18040631264108078
0.18040978486450862
0.18041325708793646
0.18041672931136432
0.18042020153479216
0.18042367375822005
0.18042714598164789
0.18043061820507575
0.18043409042850364
0.18043756265193142
0.1804410348753593
0.18044450709878715
0.180447979322215
0.1804514515456429
0.18045492376907074
0.18045839599249863
0.1804618682159264
0.18046534043935428
0.18046881266278217
0.18047228488621
0.1804757571096379
0.18047922933306573
0.1804827015564936
0.18048617377992138
0.18048964600334927
0.18049311822677716
0.180496590450205
0.18050006267363286
0.1805035348970607
0.1805070071204886
0.18051047934391642
0.18051395156734426
0.18051742379077212
0.18052089601419996
0.18052436823762785
0.18052784046105574
0.18053131268448352
0.1805347849079114
0.18053825713133922
0.18054172935476712
0.180545201578195
0.18054867380162284
0.1805521460250507
0.18055561824847852
0.18055909047190638
0.18056256269533422
0.1805660349187621
0.18056950714218997
0.1805729793656178
0.1805764515890457
0.18057992381247348
0.18058339603590137
0.18058686825932924
0.18059034048275707
0.18059381270618496
0.1805972849296128
0.1806007571530407
0.18060422937646856
0.18060770159989634
0.18061117382332423
0.18061464604675206
0.18061811827017996
0.1806215904936078
0.18062506271703566
0.18062853494046355
0.18063200716389133
0.18063547938731922
0.18063895161074706
0.18064242383417492
0.1806458960576028
0.18064936828103065
0.18065284050445848
0.18065631272788632
0.18065978495131418
0.18066325717474208
0.1806667293981699
0.1806702016215978
0.18067367384502558
0.18067714606845345
0.18068061829188134
0.18068409051530918
0.18068756273873707
0.1806910349621649
0.18069450718559277
0.18069797940902058
0.18070145163244844
0.18070492385587633
0.18070839607930417
0.18071186830273203
0.18071534052615987
0.18071881274958776
0.18072228497301565
0.18072575719644343
0.1807292294198713
0.18073270164329913
0.18073617386672702
0.18073964609015492
0.18074311831358275
0.18074659053701062
0.1807500627604384
0.1807535349838663
0.18075700720729418
0.18076047943072202
0.18076395165414988
0.18076742387757772
0.18077089610100555
0.1807743683244334
0.18077784054786128
0.18078131277128914
0.18078478499471698
0.18078825721814487
0.1807917294415727
0.18079520166500054
0.1807986738884284
0.18080214611185624
0.18080561833528414
0.18080909055871197
0.18081256278213986
0.18081603500556773
0.1808195072289955
0.1808229794524234
0.18082645167585124
0.18082992389927913
0.18083339612270696
0.18083686834613483
0.18084034056956272
0.1808438127929905
0.1808472850164184
0.18085075723984623
0.1808542294632741
0.18085770168670198
0.18086117391012982
0.1808646461335577
0.1808681183569855
0.18087159058041336
0.18087506280384125
0.18087853502726908
0.18088200725069697
0.1808854794741248
0.18088895169755267
0.1808924239209805
0.18089589614440835
0.18089936836783624
