0.5281251833767998
0.5281286556002276
0.5281321278236555
0.5281356000470834
0.5281390722705112
0.528142544493939
0.5281460167173668
0.5281494889407948
0.5281529611642226
0.5281564333876505
0.5281599056110783
0.5281633778345062
0.5281668500579341
0.5281703222813618
0.5281737945047897
0.5281772667282175
0.5281807389516455
0.5281842111750733
0.5281876833985012
0.528191155621929
0.5281946278453569
0.5281981000687848
0.5282015722922127
0.5282050445156404
0.5282085167390683
0.5282119889624962
0.528215461185924
0.5282189334093519
0.5282224056327797
0.5282258778562076
0.5282293500796355
0.5282328223030633
0.5282362945264911
0.528239766749919
0.5282432389733469
0.5282467111967747
0.5282501834202026
0.5282536556436304
0.5282571278670583
0.5282606000904861
0.528264072313914
0.5282675445373418
0.5282710167607697
0.5282744889841976
0.5282779612076254
0.5282814334310533
0.528284905654481
0.5282883778779089
0.5282918501013368
0.5282953223247647
0.5282987945481925
0.5283022667716204
0.5283057389950483
0.5283092112184762
0.528312683441904
0.5283161556653317
0.5283196278887596
0.5283231001121875
0.5283265723356154
0.5283300445590432
0.5283335167824711
0.528336989005899
0.5283404612293269
0.5283439334527547
0.5283474056761825
0.5283508778996103
0.5283543501230382
0.5283578223464661
0.5283612945698939
0.5283647667933218
0.5283682390167497
0.5283717112401776
0.5283751834636053
0.5283786556870332
0.528382127910461
0.5283856001338889
0.5283890723573168
0.5283925445807446
0.5283960168041725
0.5283994890276004
0.5284029612510283
0.528406433474456
0.5284099056978839
0.5284133779213117
0.5284168501447396
0.5284203223681675
0.5284237945915953
0.5284272668150232
0.5284307390384511
0.528434211261879
0.5284376834853067
0.5284411557087346
0.5284446279321624
0.5284481001555904
0.5284515723790182
0.528455044602446
0.5284585168258739
0.5284619890493018
0.5284654612727296
0.5284689334961574
0.5284724057195853
0.5284758779430131
0.5284793501664411
0.5284828223898689
0.5284862946132968
0.5284897668367246
0.5284932390601524
0.5284967112835803
0.5285001835070081
0.528503655730436
0.5285071279538638
0.5285106001772918
0.5285140724007196
0.5285175446241475
0.5285210168475752
0.5285244890710031
0.528527961294431
0.5285314335178588
0.5285349057412867
0.5285383779647145
0.5285418501881425
0.5285453224115703
0.5285487946349982
0.5285522668584259
0.5285557390818538
0.5285592113052817
0.5285626835287095
0.5285661557521374
0.5285696279755652
0.5285731001989932
0.528576572422421
0.5285800446458488
0.5285835168692766
0.5285869890927046
0.5285904613161324
0.5285939335395603
0.5285974057629881
0.5286008779864159
0.5286043502098439
0.5286078224332716
0.5286112946566995
0.5286147668801273
0.5286182391035553
0.5286217113269831
0.528625183550411
0.5286286557738388
0.5286321279972667
0.5286356002206946
0.5286390724441223
0.5286425446675502
0.528646016890978
0.528649489114406
0.5286529613378338
0.5286564335612617
0.5286599057846895
0.5286633780081174
0.5286668502315452
0.528670322454973
0.5286737946784009
0.5286772669018287
0.5286807391252567
0.5286842113486845
0.5286876835721124
0.5286911557955402
0.528694628018968
0.5286981002423959
0.5287015724658237
0.5287050446892516
0.5287085169126794
0.5287119891361074
0.5287154613595352
0.5287189335829631
0.5287224058063908
0.5287258780298187
0.5287293502532466
0.5287328224766745
0.5287362947001023
0.5287397669235301
0.5287432391469581
0.5287467113703859
0.5287501835938138
0.5287536558172415
0.5287571280406694
0.5287606002640973
0.5287640724875252
0.528767544710953
0.5287710169343809
0.5287744891578088
0.5287779613812366
0.5287814336046645
0.5287849058280922
0.5287883780515201
0.528791850274948
0.5287953224983759
0.5287987947218037
0.5288022669452316
0.5288057391686595
0.5288092113920873
0.5288126836155151
0.5288161558389429
