0.46840294041768765
0.4684064126411155
0.4684098848645433
0.46841335708797116
0.4684168293113991
0.46842030153482694
0.4684237737582548
0.4684272459816826
0.4684307182051105
0.46843419042853834
0.4684376626519662
0.468441134875394
0.46844460709882185
0.4684480793222498
0.46845155154567764
0.46845502376910547
0.4684584959925333
0.4684619682159612
0.46846544043938904
0.46846891266281687
0.4684723848862447
0.46847585710967254
0.4684793293331005
0.4684828015565283
0.46848627377995616
0.468489746003384
0.4684932182268119
0.46849669045023973
0.46850016267366756
0.4685036348970954
0.46850710712052324
0.4685105793439512
0.468514051567379
0.46851752379080686
0.4685209960142347
0.46852446823766264
0.4685279404610905
0.46853141268451826
0.4685348849079461
0.46853835713137393
0.4685418293548019
0.4685453015782297
0.46854877380165755
0.4685522460250854
0.46855571824851333
0.46855919047194117
0.468562662695369
0.46856613491879684
0.4685696071422247
0.46857307936565257
0.4685765515890804
0.46858002381250824
0.4685834960359361
0.468586968259364
0.46859044048279186
0.4685939127062197
0.46859738492964753
0.46860085715307537
0.46860432937650326
0.4686078015999311
0.46861127382335893
0.46861474604678677
0.4686182182702147
0.46862169049364255
0.4686251627170704
0.4686286349404982
0.46863210716392606
0.46863557938735395
0.4686390516107818
0.4686425238342096
0.46864599605763746
0.4686494682810654
0.46865294050449324
0.4686564127279211
0.4686598849513489
0.46866335717477675
0.4686668293982047
0.46867030162163253
0.4686737738450603
0.46867724606848815
0.4686807182919161
0.46868419051534393
0.46868766273877177
0.4686911349621996
0.46869460718562744
0.4686980794090554
0.4687015516324832
0.46870502385591106
0.4687084960793389
0.4687119683027668
0.4687154405261946
0.46871891274962246
0.4687223849730503
0.46872585719647814
0.4687293294199061
0.4687328016433339
0.46873627386676175
0.4687397460901896
0.4687432183136175
0.4687466905370453
0.46875016276047315
0.468753634983901
0.4687571072073288
0.4687605794307568
0.4687640516541846
0.46876752387761245
0.4687709961010403
0.4687744683244682
0.468777940547896
0.46878141277132385
0.4687848849947517
0.4687883572181795
0.46879182944160747
0.4687953016650353
0.46879877388846314
0.468802246111891
0.4688057183353189
0.46880919055874676
0.4688126627821746
0.4688161350056024
0.4688196072290302
0.46882307945245816
0.468826551675886
0.46883002389931383
0.46883349612274167
0.4688369683461696
0.46884044056959745
0.4688439127930253
0.4688473850164531
0.46885085723988096
0.46885432946330885
0.4688578016867367
0.4688612739101645
0.46886474613359236
0.4688682183570203
0.46887169058044814
0.468875162803876
0.4688786350273038
0.46888210725073165
0.46888557947415954
0.4688890516975874
0.4688925239210152
0.46889599614444305
0.468899468367871
0.46890294059129883
0.46890641281472667
0.4689098850381545
0.46891335726158234
0.46891682948501023
0.46892030170843807
0.4689237739318659
0.46892724615529374
0.4689307183787217
0.4689341906021495
0.46893766282557736
0.4689411350490052
0.46894460727243303
0.468948079495861
0.4689515517192888
0.46895502394271665
0.46895849616614443
0.4689619683895724
0.4689654406130002
0.46896891283642805
0.4689723850598559
0.4689758572832837
0.4689793295067117
0.4689828017301395
0.46898627395356735
0.4689897461769952
0.4689932184004231
0.4689966906238509
0.46900016284727875
0.4690036350707066
0.4690071072941344
0.46901057951756236
0.4690140517409902
0.46901752396441804
0.4690209961878459
0.46902446841127376
0.4690279406347016
0.46903141285812944
0.4690348850815573
0.4690383573049851
0.46904182952841306
0.4690453017518409
0.46904877397526873
0.46905224619869657
0.46905571842212446
0.4690591906455523
0.46906266286898013
0.46906613509240797
0.4690696073158358
0.46907307953926375
0.4690765517626916
0.4690800239861194
0.46908349620954726
0.4690869684329752
0.46909044065640304
0.4690939128798309
