0.12187504231772298
0.12187851454115085
0.12188198676457875
0.12188545898800658
0.12188893121143446
0.12189240343486224
0.12189587565829013
0.12189934788171801
0.12190282010514585
0.12190629232857372
0.12190976455200156
0.12191323677542944
0.12191670899885727
0.12192018122228511
0.12192365344571299
0.12192712566914082
0.1219305978925687
0.12193407011599659
0.12193754233942437
0.12194101456285225
0.12194448678628009
0.12194795900970797
0.1219514312331358
0.12195490345656369
0.12195837567999157
0.12196184790341935
0.12196532012684724
0.12196879235027508
0.12197226457370296
0.12197573679713083
0.12197920902055867
0.12198268124398655
0.12198615346741434
0.12198962569084222
0.1219930979142701
0.12199657013769794
0.12200004236112581
0.12200351458455365
0.12200698680798153
0.12201045903140932
0.1220139312548372
0.12201740347826508
0.12202087570169291
0.1220243479251208
0.12202782014854864
0.12203129237197652
0.1220347645954044
0.12203823681883219
0.12204170904226007
0.1220451812656879
0.12204865348911578
0.12205212571254366
0.1220555979359715
0.12205907015939933
0.12206254238282717
0.12206601460625505
0.12206948682968292
0.12207295905311076
0.12207643127653865
0.12207990349996643
0.12208337572339431
0.12208684794682215
0.12209032017025002
0.12209379239367792
0.12209726461710575
0.12210073684053363
0.12210420906396141
0.1221076812873893
0.12211115351081718
0.12211462573424502
0.1221180979576729
0.12212157018110073
0.12212504240452861
0.12212851462795649
0.12213198685138428
0.12213545907481216
0.12213893129824
0.12214240352166787
0.12214587574509576
0.12214934796852359
0.12215282019195148
0.12215629241537926
0.12215976463880714
0.12216323686223497
0.12216670908566286
0.12217018130909074
0.12217365353251858
0.12217712575594641
0.12218059797937425
0.12218407020280213
0.12218754242623
0.12219101464965784
0.12219448687308572
0.12219795909651356
0.12220143131994139
0.12220490354336927
0.1222083757667971
0.12221184799022498
0.12221532021365282
0.12221879243708071
0.12222226466050849
0.12222573688393637
0.12222920910736426
0.12223268133079208
0.12223615355421998
0.12223962577764781
0.12224309800107569
0.12224657022450357
0.12225004244793136
0.12225351467135924
0.12225698689478708
0.12226045911821495
0.12226393134164283
0.12226740356507067
0.12227087578849855
0.12227434801192634
0.12227782023535422
0.1222812924587821
0.12228476468220993
0.12228823690563782
0.12229170912906565
0.12229518135249354
0.12229865357592132
0.1223021257993492
0.12230559802277709
0.12230907024620492
0.1223125424696328
0.12231601469306064
0.12231948691648847
0.12232295913991635
0.12232643136334419
0.12232990358677207
0.1223333758101999
0.12233684803362778
0.12234032025705566
0.12234379248048345
0.12234726470391133
0.12235073692733917
0.12235420915076704
0.12235768137419493
0.12236115359762277
0.12236462582105065
0.12236809804447843
0.12237157026790632
0.12237504249133414
0.12237851471476204
0.12238198693818991
0.12238545916161775
0.12238893138504563
0.12239240360847342
0.1223958758319013
0.12239934805532918
0.12240282027875701
0.12240629250218489
0.12240976472561273
0.1224132369490406
0.12241670917246844
0.12242018139589628
0.12242365361932415
0.12242712584275199
0.12243059806617988
0.1224340702896077
0.1224375425130356
0.12244101473646343
0.12244448695989125
0.12244795918331915
0.12245143140674698
0.12245490363017486
0.12245837585360274
0.12246184807703053
0.12246532030045841
0.12246879252388625
0.12247226474731412
0.122475736970742
0.12247920919416984
0.12248268141759772
0.12248615364102551
0.12248962586445339
0.12249309808788127
0.1224965703113091
0.122500042534737
0.12250351475816482
0.12250698698159271
0.12251045920502049
0.12251393142844838
0.12251740365187626
0.1225208758753041
0.12252434809873197
0.12252782032215981
0.12253129254558769
0.12253476476901556
0.12253823699244336
0.12254170921587124
0.12254518143929907
0.12254865366272695
0.12255212588615483
0.12255559810958266
0.1225590703330105
0.12256254255643834
0.12256601477986621
