0.26145842411750836
0.2614618963409362
0.26146536856436403
0.2614688407877919
0.26147231301121976
0.26147578523464765
0.2614792574580755
0.2614827296815033
0.2614862019049312
0.2614896741283591
0.26149314635178694
0.2614966185752148
0.2615000907986426
0.26150356302207045
0.26150703524549834
0.2615105074689262
0.26151397969235407
0.2615174519157819
0.26152092413920974
0.26152439636263763
0.26152786858606547
0.2615313408094933
0.26153481303292114
0.26153828525634903
0.26154175747977687
0.26154522970320476
0.2615487019266326
0.26155217415006043
0.2615556463734883
0.26155911859691616
0.261562590820344
0.2615660630437719
0.2615695352671997
0.26157300749062756
0.2615764797140554
0.2615799519374833
0.2615834241609112
0.261586896384339
0.26159036860776685
0.26159384083119475
0.2615973130546226
0.2616007852780504
0.26160425750147825
0.26160772972490615
0.261611201948334
0.2616146741717618
0.2616181463951897
0.2616216186186176
0.26162509084204544
0.2616285630654733
0.26163203528890117
0.261635507512329
0.26163897973575684
0.2616424519591847
0.26164592418261257
0.2616493964060404
0.26165286862946824
0.26165634085289613
0.26165981307632397
0.26166328529975186
0.2616667575231797
0.26167022974660753
0.26167370197003537
0.2616771741934632
0.2616806464168911
0.26168411864031893
0.2616875908637468
0.26169106308717466
0.2616945353106025
0.2616980075340304
0.2617014797574583
0.2617049519808861
0.26170842420431395
0.2617118964277418
0.2617153686511696
0.2617188408745975
0.26172231309802535
0.26172578532145324
0.2617292575448811
0.2617327297683089
0.2617362019917368
0.26173967421516464
0.2617431464385925
0.2617466186620203
0.2617500908854482
0.26175356310887604
0.26175703533230393
0.26176050755573177
0.26176397977915966
0.2617674520025875
0.26177092422601533
0.2617743964494432
0.26177786867287106
0.2617813408962989
0.26178481311972673
0.2617882853431546
0.26179175756658246
0.26179522979001035
0.2617987020134382
0.261802174236866
0.2618056464602939
0.26180911868372175
0.2618125909071496
0.2618160631305774
0.2618195353540053
0.26182300757743315
0.261826479800861
0.2618299520242889
0.2618334242477168
0.2618368964711446
0.26184036869457245
0.26184384091800034
0.2618473131414282
0.261850785364856
0.26185425758828385
0.26185772981171174
0.2618612020351396
0.2618646742585674
0.2618681464819953
0.2618716187054232
0.26187509092885103
0.26187856315227886
0.2618820353757067
0.26188550759913454
0.2618889798225624
0.26189245204599026
0.26189592426941816
0.261899396492846
0.26190286871627383
0.2619063409397017
0.26190981316312956
0.26191328538655745
0.2619167576099853
0.2619202298334131
0.26192370205684096
0.2619271742802688
0.2619306465036967
0.2619341187271245
0.2619375909505524
0.26194106317398025
0.2619445353974081
0.261948007620836
0.2619514798442638
0.26195495206769165
0.2619584242911195
0.2619618965145474
0.2619653687379752
0.2619688409614031
0.26197231318483094
0.26197578540825883
0.26197925763168667
0.2619827298551145
0.2619862020785424
0.26198967430197023
0.26199314652539807
0.2619966187488259
0.2620000909722538
0.26200356319568163
0.2620070354191095
0.26201050764253736
0.26201397986596525
0.2620174520893931
0.2620209243128209
0.26202439653624876
0.26202786875967665
0.2620313409831045
0.2620348132065323
0.2620382854299602
0.26204175765338805
0.26204522987681594
0.2620487021002438
0.2620521743236716
0.2620556465470995
0.26205911877052734
0.2620625909939552
0.262066063217383
0.2620695354408109
0.26207300766423874
0.2620764798876666
0.26207995211109447
0.26208342433452236
0.2620868965579502
0.26209036878137804
0.26209384100480587
0.2620973132282337
0.26210078545166154
0.26210425767508944
0.2621077298985173
0.26211120212194516
0.262114674345373
0.2621181465688009
0.2621216187922288
0.2621250910156566
0.26212856323908446
0.2621320354625123
0.26213550768594013
0.26213897990936796
0.26214245213279586
0.26214592435622375
0.2621493965796516
