0.8086808363475126
0.8086843085709405
0.8086877807943683
0.8086912530177961
0.808694725241224
0.8086981974646519
0.8087016696880799
0.8087051419115076
0.8087086141349356
0.8087120863583633
0.8087155585817912
0.808719030805219
0.8087225030286469
0.8087259752520748
0.8087294474755026
0.8087329196989305
0.8087363919223582
0.8087398641457862
0.808743336369214
0.8087468085926419
0.8087502808160697
0.8087537530394976
0.8087572252629254
0.8087606974863533
0.8087641697097812
0.808767641933209
0.8087711141566369
0.8087745863800647
0.8087780586034926
0.8087815308269204
0.8087850030503483
0.8087884752737761
0.808791947497204
0.8087954197206318
0.8087988919440596
0.8088023641674876
0.8088058363909154
0.8088093086143433
0.8088127808377711
0.808816253061199
0.8088197252846269
0.8088231975080546
0.8088266697314825
0.8088301419549103
0.8088336141783383
0.8088370864017661
0.808840558625194
0.8088440308486218
0.8088475030720497
0.8088509752954774
0.8088544475189055
0.8088579197423332
0.8088613919657611
0.808864864189189
0.8088683364126168
0.8088718086360447
0.8088752808594725
0.8088787530829004
0.8088822253063281
0.8088856975297561
0.8088891697531839
0.8088926419766118
0.8088961142000397
0.8088995864234675
0.8089030586468954
0.8089065308703232
0.808910003093751
0.8089134753171789
0.8089169475406067
0.8089204197640346
0.8089238919874625
0.8089273642108904
0.8089308364343182
0.8089343086577461
0.8089377808811739
0.8089412531046017
0.8089447253280295
0.8089481975514574
0.8089516697748853
0.8089551419983133
0.8089586142217411
0.808962086445169
0.8089655586685968
0.8089690308920245
0.8089725031154524
0.8089759753388802
0.8089794475623082
0.808982919785736
0.808986392009164
0.8089898642325918
0.8089933364560197
0.8089968086794475
0.8090002809028753
0.8090037531263031
0.809007225349731
0.8090106975731589
0.8090141697965867
0.8090176420200146
0.8090211142434425
0.8090245864668704
0.8090280586902981
0.809031530913726
0.8090350031371538
0.8090384753605817
0.8090419475840095
0.8090454198074374
0.8090488920308654
0.8090523642542932
0.8090558364777211
0.8090593087011488
0.8090627809245767
0.8090662531480045
0.8090697253714324
0.8090731975948603
0.8090766698182881
0.8090801420417161
0.8090836142651437
0.8090870864885717
0.8090905587119995
0.8090940309354274
0.8090975031588552
0.8091009753822831
0.809104447605711
0.8091079198291389
0.8091113920525667
0.8091148642759945
0.8091183364994224
0.8091218087228502
0.8091252809462781
0.8091287531697059
0.8091322253931339
0.8091356976165616
0.8091391698399896
0.8091426420634175
0.8091461142868452
0.8091495865102731
0.8091530587337009
0.8091565309571288
0.8091600031805566
0.8091634754039845
0.8091669476274124
0.8091704198508403
0.8091738920742682
0.8091773642976959
0.8091808365211238
0.8091843087445516
0.8091877809679795
0.8091912531914073
0.8091947254148352
0.8091981976382631
0.8092016698616911
0.8092051420851187
0.8092086143085466
0.8092120865319745
0.8092155587554023
0.8092190309788302
0.809222503202258
0.809225975425686
0.8092294476491136
0.8092329198725416
0.8092363920959694
0.8092398643193974
0.8092433365428252
0.8092468087662531
0.8092502809896809
0.8092537532131087
0.8092572254365366
0.8092606976599644
0.8092641698833923
0.8092676421068202
0.8092711143302481
0.8092745865536759
0.8092780587771038
0.8092815310005316
0.8092850032239595
0.8092884754473872
0.8092919476708151
0.809295419894243
0.8092988921176708
0.8093023643410988
0.8093058365645266
0.8093093087879545
0.8093127810113823
0.8093162532348102
0.809319725458238
0.8093231976816658
0.8093266699050937
0.8093301421285215
0.8093336143519495
0.8093370865753773
0.8093405587988052
0.809344031022233
0.8093475032456608
0.8093509754690886
0.8093544476925165
0.8093579199159444
0.8093613921393723
0.8093648643628002
0.809368336586228
0.8093718088096559
