0.9336808797503054
0.9336843519737333
0.9336878241971611
0.9336912964205892
0.9336947686440168
0.9336982408674448
0.9337017130908725
0.9337051853143005
0.9337086575377284
0.9337121297611561
0.933715601984584
0.9337190742080118
0.9337225464314397
0.9337260186548675
0.9337294908782956
0.9337329631017232
0.9337364353251513
0.9337399075485788
0.9337433797720069
0.9337468519954347
0.9337503242188625
0.9337537964422906
0.9337572686657182
0.9337607408891463
0.9337642131125738
0.933767685336002
0.9337711575594295
0.9337746297828576
0.9337781020062854
0.9337815742297133
0.9337850464531413
0.933788518676569
0.933791990899997
0.9337954631234245
0.9337989353468527
0.9338024075702804
0.9338058797937083
0.9338093520171361
0.933812824240564
0.9338162964639918
0.9338197686874197
0.9338232409108477
0.9338267131342753
0.9338301853577033
0.933833657581131
0.933837129804559
0.9338406020279868
0.9338440742514147
0.9338475464748425
0.9338510186982704
0.9338544909216984
0.933857963145126
0.933861435368554
0.9338649075919817
0.9338683798154097
0.9338718520388375
0.9338753242622654
0.9338787964856934
0.933882268709121
0.9338857409325491
0.9338892131559767
0.9338926853794047
0.9338961576028325
0.9338996298262604
0.9339031020496882
0.9339065742731161
0.9339100464965439
0.9339135187199717
0.9339169909433997
0.9339204631668274
0.9339239353902554
0.9339274076136832
0.9339308798371111
0.9339343520605389
0.9339378242839668
0.9339412965073945
0.9339447687308224
0.9339482409542504
0.9339517131776781
0.9339551854011061
0.9339586576245338
0.9339621298479618
0.9339656020713896
0.9339690742948175
0.9339725465182455
0.9339760187416731
0.9339794909651011
0.9339829631885288
0.9339864354119568
0.9339899076353846
0.9339933798588125
0.9339968520822403
0.9340003243056682
0.9340037965290959
0.9340072687525238
0.9340107409759518
0.9340142131993795
0.9340176854228075
0.9340211576462354
0.9340246298696632
0.934028102093091
0.9340315743165188
0.9340350465399466
0.9340385187633745
0.9340419909868025
0.9340454632102302
0.9340489354336582
0.9340524076570859
0.9340558798805139
0.9340593521039418
0.9340628243273695
0.9340662965507975
0.9340697687742252
0.9340732409976532
0.9340767132210809
0.9340801854445089
0.9340836576679368
0.9340871298913646
0.9340906021147924
0.9340940743382202
0.9340975465616481
0.9341010187850759
0.9341044910085039
0.9341079632319316
0.9341114354553596
0.9341149076787875
0.9341183799022152
0.9341218521256431
0.9341253243490709
0.9341287965724988
0.9341322687959266
0.9341357410193546
0.9341392132427823
0.9341426854662103
0.9341461576896379
0.9341496299130659
0.9341531021364938
0.9341565743599216
0.9341600465833496
0.9341635188067773
0.9341669910302053
0.934170463253633
0.934173935477061
0.9341774077004888
0.9341808799239166
0.9341843521473445
0.9341878243707723
0.9341912965942003
0.934194768817628
0.934198241041056
0.9342017132644836
0.9342051854879116
0.9342086577113395
0.9342121299347673
0.9342156021581952
0.934219074381623
0.9342225466050509
0.9342260188284787
0.9342294910519067
0.9342329632753343
0.9342364354987623
0.93423990772219
0.934243379945618
0.9342468521690459
0.9342503243924737
0.9342537966159018
0.9342572688393294
0.9342607410627575
0.934264213286185
0.934267685509613
0.9342711577330407
0.9342746299564687
0.9342781021798966
0.9342815744033244
0.9342850466267525
0.93428851885018
0.9342919910736082
0.9342954632970357
0.9342989355204638
0.9343024077438916
0.9343058799673195
0.9343093521907473
0.9343128244141751
0.934316296637603
0.9343197688610307
0.9343232410844589
0.9343267133078864
0.9343301855313145
0.9343336577547423
0.9343371299781702
0.934340602201598
0.9343440744250259
0.9343475466484537
0.9343510188718815
0.9343544910953095
0.9343579633187371
0.9343614355421652
0.9343649077655928
0.9343683799890209
0.9343718522124487
