0.6649307864343009
0.6649342586577287
0.6649377308811566
0.6649412031045844
0.6649446753280122
0.6649481475514402
0.6649516197748679
0.6649550919982958
0.6649585642217237
0.6649620364451516
0.6649655086685794
0.6649689808920073
0.6649724531154351
0.664975925338863
0.6649793975622909
0.6649828697857186
0.6649863420091465
0.6649898142325743
0.6649932864560023
0.6649967586794301
0.665000230902858
0.6650037031262858
0.6650071753497137
0.6650106475731415
0.6650141197965693
0.6650175920199972
0.6650210642434251
0.665024536466853
0.6650280086902808
0.6650314809137087
0.6650349531371365
0.6650384253605643
0.6650418975839922
0.66504536980742
0.6650488420308479
0.6650523142542758
0.6650557864777037
0.6650592587011315
0.6650627309245594
0.6650662031479871
0.6650696753714151
0.6650731475948429
0.6650766198182708
0.6650800920416986
0.6650835642651264
0.6650870364885544
0.6650905087119822
0.6650939809354101
0.6650974531588378
0.6651009253822657
0.6651043976056936
0.6651078698291215
0.6651113420525493
0.6651148142759772
0.6651182864994051
0.6651217587228329
0.6651252309462607
0.6651287031696885
0.6651321753931164
0.6651356476165443
0.6651391198399722
0.6651425920634
0.6651460642868279
0.6651495365102558
0.6651530087336835
0.6651564809571114
0.6651599531805392
0.6651634254039671
0.665166897627395
0.6651703698508229
0.6651738420742507
0.6651773142976786
0.6651807865211065
0.6651842587445342
0.6651877309679621
0.6651912031913899
0.6651946754148178
0.6651981476382457
0.6652016198616736
0.6652050920851014
0.6652085643085294
0.6652120365319572
0.665215508755385
0.6652189809788128
0.6652224532022407
0.6652259254256685
0.6652293976490964
0.6652328698725243
0.6652363420959521
0.66523981431938
0.6652432865428078
0.6652467587662357
0.6652502309896635
0.6652537032130914
0.6652571754365192
0.6652606476599471
0.665264119883375
0.6652675921068028
0.6652710643302308
0.6652745365536585
0.6652780087770864
0.6652814810005142
0.6652849532239421
0.6652884254473699
0.6652918976707978
0.6652953698942257
0.6652988421176534
0.6653023143410814
0.6653057865645092
0.6653092587879371
0.6653127310113649
0.6653162032347928
0.6653196754582207
0.6653231476816485
0.6653266199050764
0.6653300921285041
0.665333564351932
0.6653370365753599
0.6653405087987878
0.6653439810222156
0.6653474532456435
0.6653509254690713
0.6653543976924993
0.665357869915927
0.6653613421393549
0.6653648143627828
0.6653682865862106
0.6653717588096385
0.6653752310330663
0.6653787032564942
0.665382175479922
0.66538564770335
0.6653891199267777
0.6653925921502056
0.6653960643736335
0.6653995365970613
0.6654030088204892
0.665406481043917
0.6654099532673449
0.6654134254907726
0.6654168977142007
0.6654203699376284
0.6654238421610563
0.6654273143844841
0.665430786607912
0.6654342588313399
0.6654377310547677
0.6654412032781956
0.6654446755016233
0.6654481477250513
0.6654516199484791
0.665455092171907
0.6654585643953349
0.6654620366187628
0.6654655088421906
0.6654689810656184
0.6654724532890463
0.665475925512474
0.665479397735902
0.6654828699593298
0.6654863421827577
0.6654898144061855
0.6654932866296135
0.6654967588530413
0.6655002310764692
0.6655037032998969
0.6655071755233248
0.6655106477467527
0.6655141199701805
0.6655175921936084
0.6655210644170363
0.6655245366404642
0.665528008863892
0.6655314810873199
0.6655349533107476
0.6655384255341755
0.6655418977576034
0.6655453699810312
0.6655488422044591
0.665552314427887
0.6655557866513149
0.6655592588747427
0.6655627310981705
0.6655662033215983
0.6655696755450262
0.6655731477684541
0.6655766199918819
0.6655800922153098
0.6655835644387376
0.6655870366621656
0.6655905088855933
0.6655939811090212
0.665597453332449
0.6656009255558769
0.6656043977793048
0.6656078700027326
0.6656113422261605
0.6656148144495884
0.6656182866730163
0.665621758896444
