0.3739584631800219
0.3739619354034498
0.3739654076268777
0.37396887985030547
0.3739723520737333
0.3739758242971612
0.3739792965205891
0.3739827687440169
0.37398624096744476
0.3739897131908726
0.37399318541430043
0.3739966576377284
0.3740001298611562
0.37400360208458405
0.3740070743080119
0.3740105465314397
0.3740140187548676
0.37401749097829545
0.3740209632017233
0.3740244354251512
0.37402790764857907
0.3740313798720069
0.37403485209543474
0.3740383243188626
0.3740417965422904
0.3740452687657183
0.37404874098914614
0.37405221321257404
0.3740556854360019
0.37405915765942976
0.3740626298828576
0.37406610210628544
0.3740695743297133
0.37407304655314116
0.374076518776569
0.37407999099999684
0.3740834632234247
0.37408693544685256
0.37409040767028046
0.3740938798937083
0.37409735211713613
0.37410082434056396
0.37410429656399186
0.37410776878741975
0.37411124101084753
0.37411471323427536
0.37411818545770326
0.37412165768113115
0.374125129904559
0.3741286021279868
0.3741320743514147
0.3741355465748426
0.37413901879827044
0.3741424910216983
0.3741459632451261
0.37414943546855395
0.37415290769198184
0.3741563799154097
0.3741598521388375
0.37416332436226535
0.37416679658569324
0.37417026880912113
0.37417374103254897
0.3741772132559768
0.37418068547940464
0.3741841577028325
0.37418762992626037
0.3741911021496882
0.3741945743731161
0.37419804659654393
0.3742015188199718
0.37420499104339966
0.37420846326682755
0.3742119354902554
0.3742154077136832
0.37421887993711106
0.3742223521605389
0.3742258243839668
0.3742292966073947
0.3742327688308225
0.37423624105425035
0.3742397132776782
0.374243185501106
0.37424665772453397
0.3742501299479618
0.3742536021713896
0.3742570743948174
0.3742605466182453
0.3742640188416732
0.37426749106510104
0.3742709632885289
0.37427443551195677
0.37427790773538466
0.3742813799588125
0.37428485218224034
0.37428832440566817
0.374291796629096
0.3742952688525239
0.37429874107595174
0.3743022132993796
0.37430568552280746
0.37430915774623535
0.3743126299696632
0.374316102193091
0.37431957441651886
0.37432304663994675
0.3743265188633746
0.3743299910868024
0.37433346331023026
0.37433693553365815
0.374340407757086
0.3743438799805139
0.3743473522039417
0.37435082442736956
0.37435429665079745
0.3743577688742253
0.3743612410976531
0.37436471332108096
0.37436818554450885
0.37437165776793674
0.3743751299913646
0.3743786022147924
0.3743820744382203
0.3743855466616482
0.37438901888507603
0.37439249110850387
0.37439596333193165
0.37439943555535954
0.37440290777878743
0.37440638000221527
0.3744098522256431
0.37441332444907094
0.37441679667249883
0.3744202688959267
0.37442374111935456
0.3744272133427824
0.37443068556621023
0.37443415778963807
0.37443763001306596
0.3744411022364938
0.3744445744599217
0.3744480466833495
0.3744515189067774
0.37445499113020525
0.37445846335363314
0.374461935577061
0.3744654078004888
0.37446888002391665
0.3744723522473445
0.3744758244707724
0.37447929669420027
0.3744827689176281
0.37448624114105594
0.3744897133644838
0.3744931855879116
0.3744966578113395
0.37450013003476734
0.3745036022581952
0.374507074481623
0.3745105467050509
0.3745140189284788
0.37451749115190663
0.37452096337533447
0.37452443559876236
0.37452790782219025
0.3745313800456181
0.3745348522690459
0.37453832449247376
0.3745417967159016
0.3745452689393295
0.3745487411627573
0.3745522133861852
0.37455568560961305
0.37455915783304095
0.3745626300564688
0.3745661022798966
0.37456957450332445
0.37457304672675235
0.3745765189501802
0.374579991173608
0.37458346339703585
0.37458693562046375
0.3745904078438916
0.3745938800673195
0.3745973522907473
0.37460082451417515
0.37460429673760304
0.3746077689610309
0.3746112411844587
0.37461471340788655
0.37461818563131444
0.37462165785474233
0.37462513007817017
0.374628602301598
0.3746320745250259
0.37463554674845373
0.37463901897188157
0.3746424911953094
0.37464596341873724
0.37464943564216513
