0.018402784167633413
0.018406256391061245
0.01840972861448908
0.018413200837916918
0.01841667306134475
0.01842014528477268
0.018423617508200513
0.01842708973162835
0.01843056195505618
0.018434034178484018
0.018437506401911944
0.01844097862533978
0.018444450848767613
0.01844792307219545
0.018451395295623375
0.01845486751905121
0.018458339742479044
0.01846181196590688
0.018465284189334717
0.018468756412762643
0.01847222863619048
0.01847570085961831
0.01847917308304624
0.01848264530647398
0.01848611752990191
0.018489589753329743
0.01849306197675758
0.018496534200185506
0.01850000642361334
0.018503478647041174
0.01850695087046901
0.018510423093896847
0.018513895317324773
0.01851736754075261
0.018520839764180442
0.018524311987608278
0.018527784211036204
0.01853125643446404
0.018534728657891873
0.01853820088131971
0.018541673104747542
0.018545145328175472
0.018548617551603305
0.01855208977503114
0.018555561998458973
0.01855903422188681
0.018562506445314736
0.018565978668742572
0.018569450892170408
0.018572923115598335
0.018576395339026077
0.018579867562454003
0.01858333978588184
0.018586812009309672
0.018590284232737602
0.018593756456165435
0.01859722867959327
0.018600700903021104
0.01860417312644894
0.018607645349876866
0.018611117573304702
0.01861458979673254
0.01861806202016037
0.0186215342435883
0.018625006467016134
0.01862847869044397
0.018631950913871802
0.01863542313729964
0.018638895360727565
0.0186423675841554
0.018645839807583234
0.018649312031011164
0.018652784254438906
0.018656256477866832
0.01865972870129467
0.0186632009247225
0.018666673148150428
0.018670145371578264
0.0186736175950061
0.018677089818433933
0.01868056204186177
0.018684034265289695
0.01868750648871753
0.018690978712145364
0.0186944509355732
0.018697923159001033
0.018701395382428963
0.018704867605856795
0.01870833982928463
0.018711812052712468
0.018715284276140394
0.018718756499568136
0.018722228722996063
0.0187257009464239
0.01872917316985173
0.01873264539327966
0.018736117616707494
0.01873958984013533
0.018743062063563257
0.018746534286991
0.018750006510418925
0.01875347873384676
0.018756950957274598
0.018760423180702524
0.01876389540413036
0.018767367627558193
0.01877083985098603
0.018774312074413862
0.01877778429784179
0.018781256521269624
0.01878472874469746
0.018788200968125293
0.01879167319155313
0.018795145414980962
0.018798617638408892
0.018802089861836725
0.01880556208526456
0.018809034308692487
0.018812506532120323
0.01881597875554816
0.018819450978975992
0.018822923202403828
0.018826395425831755
0.01882986764925959
0.018833339872687423
0.018836812096115353
0.018840284319543092
0.018843756542971022
0.018847228766398855
0.01885070098982669
0.018854173213254527
0.018857645436682453
0.01886111766011029
0.018864589883538122
0.01886806210696596
0.01887153433039379
0.01887500655382172
0.018878478777249554
0.01888195100067739
0.018885423224105316
0.01888889544753306
0.018892367670960985
0.01889583989438882
0.018899312117816654
0.018902784341244584
0.018906256564672416
0.018909728788100252
0.01891320101152809
0.01891667323495592
0.01892014545838385
0.018923617681811684
0.01892708990523952
0.018930562128667353
0.01893403435209519
0.018937506575523115
0.01894097879895095
0.018944451022378784
0.01894792324580662
0.018951395469234546
0.018954867692662383
0.01895833991609022
0.01896181213951805
0.018965284362945888
0.018968756586373814
0.01897222880980165
0.018975701033229483
0.018979173256657413
0.01898264548008515
0.01898611770351308
0.018989589926940914
0.01899306215036875
0.018996534373796677
0.019000006597224513
0.01900347882065235
0.01900695104408018
0.019010423267508018
0.019013895490935944
0.01901736771436378
0.019020839937791613
0.01902431216121945
0.019027784384647375
0.01903125660807521
0.019034728831503044
0.01903820105493088
0.019041673278358713
0.019045145501786643
0.019048617725214476
0.019052089948642312
0.019055562172070148
0.01905903439549798
0.01906250661892591
0.019065978842353743
0.01906945106578158
0.019072923289209506
0.019076395512637248
0.019079867736065174
0.01908333995949301
0.019086812182920843
0.019090284406348773
0.019093756629776606
