0.28298620937021157
0.2829896815936394
0.2829931538170673
0.28299662604049514
0.28300009826392303
0.28300357048735086
0.2830070427107787
0.28301051493420654
0.2830139871576344
0.28301745938106226
0.28302093160449016
0.283024403827918
0.28302787605134583
0.2830313482747737
0.28303482049820156
0.2830382927216294
0.28304176494505723
0.2830452371684851
0.28304870939191296
0.2830521816153408
0.2830556538387687
0.2830591260621966
0.2830625982856244
0.28306607050905225
0.28306954273248014
0.283073014955908
0.2830764871793358
0.28307995940276365
0.28308343162619154
0.2830869038496194
0.2830903760730472
0.2830938482964751
0.28309732051990294
0.28310079274333083
0.28310426496675867
0.2831077371901865
0.28311120941361434
0.28311468163704223
0.28311815386047007
0.2831216260838979
0.2831250983073258
0.28312857053075363
0.28313204275418147
0.28313551497760936
0.28313898720103725
0.2831424594244651
0.2831459316478929
0.28314940387132076
0.28315287609474865
0.2831563483181765
0.2831598205416043
0.2831632927650322
0.28316676498846005
0.2831702372118879
0.2831737094353158
0.2831771816587436
0.28318065388217145
0.2831841261055993
0.2831875983290272
0.283191070552455
0.2831945427758829
0.28319801499931074
0.28320148722273863
0.28320495944616647
0.2832084316695943
0.2832119038930222
0.28321537611645003
0.28321884833987787
0.2832223205633057
0.28322579278673354
0.28322926501016144
0.2832327372335893
0.28323620945701716
0.283239681680445
0.2832431539038729
0.2832466261273007
0.28325009835072856
0.2832535705741564
0.2832570427975843
0.2832605150210121
0.28326398724443996
0.28326745946786785
0.28327093169129575
0.2832744039147236
0.2832778761381514
0.2832813483615793
0.28328482058500715
0.283288292808435
0.2832917650318628
0.2832952372552907
0.28329870947871855
0.2833021817021464
0.2833056539255743
0.28330912614900217
0.28331259837243
0.28331607059585784
0.2833195428192857
0.2833230150427135
0.2833264872661414
0.28332995948956924
0.28333343171299713
0.28333690393642497
0.2833403761598528
0.2833438483832807
0.28334732060670853
0.2833507928301364
0.28335426505356426
0.2833577372769921
0.28336120950041993
0.2833646817238478
0.28336815394727566
0.2833716261707035
0.2833750983941314
0.2833785706175592
0.28338204284098706
0.28338551506441495
0.2833889872878428
0.2833924595112706
0.28339593173469846
0.28339940395812635
0.28340287618155424
0.2834063484049821
0.2834098206284099
0.2834132928518378
0.28341676507526564
0.2834202372986935
0.28342370952212137
0.2834271817455492
0.28343065396897704
0.2834341261924049
0.28343759841583277
0.2834410706392606
0.2834445428626885
0.28344801508611633
0.2834514873095442
0.28345495953297206
0.2834584317563999
0.28346190397982773
0.28346537620325557
0.28346884842668346
0.2834723206501113
0.28347579287353913
0.283479265096967
0.2834827373203949
0.28348620954382275
0.2834896817672506
0.2834931539906785
0.2834966262141063
0.28350009843753415
0.283503570660962
0.2835070428843899
0.2835105151078177
0.28351398733124555
0.28351745955467345
0.28352093177810134
0.2835244040015292
0.283527876224957
0.28353134844838485
0.2835348206718127
0.2835382928952406
0.2835417651186684
0.2835452373420963
0.28354870956552414
0.283552181788952
0.28355565401237987
0.28355912623580776
0.2835625984592356
0.28356607068266343
0.28356954290609127
0.2835730151295191
0.283576487352947
0.28357995957637483
0.2835834317998027
0.28358690402323056
0.2835903762466584
0.2835938484700863
0.2835973206935141
0.28360079291694196
0.2836042651403698
0.28360773736379763
0.2836112095872255
0.2836146818106534
0.28361815403408125
0.2836216262575091
0.283625098480937
0.2836285707043648
0.28363204292779265
0.28363551515122054
0.2836389873746484
0.2836424595980762
0.28364593182150405
0.28364940404493194
0.2836528762683598
0.28365634849178767
0.2836598207152155
0.2836632929386434
0.28366676516207123
0.28367023738549907
0.2836737096089269
0.2836771818323548
