0.030208343822341572
0.030211816045769408
0.030215288269197334
0.03021876049262517
0.030222232716053007
0.03022570493948084
0.030229177162908676
0.030232649386336602
0.030236121609764438
0.03023959383319227
0.030243066056620107
0.030246538280048033
0.03025001050347587
0.030253482726903702
0.030256954950331538
0.03026042717375937
0.0302638993971873
0.030267371620615133
0.03027084384404297
0.030274316067470806
0.03027778829089864
0.030281260514326568
0.0302847327377544
0.030288204961182237
0.030291677184610163
0.030295149408037906
0.030298621631465832
0.03030209385489367
0.0303055660783215
0.03030903830174943
0.030312510525177264
0.0303159827486051
0.030319454972032936
0.03032292719546077
0.0303263994188887
0.03032987164231653
0.030333343865744367
0.0303368160891722
0.03034028831260013
0.030343760536027962
0.0303472327594558
0.03035070498288363
0.030354177206311467
0.030357649429739394
0.03036112165316723
0.030364593876595063
0.030368066100022992
0.030371538323450735
0.03037501054687866
0.030378482770306497
0.03038195499373433
0.03038542721716226
0.030388899440590093
0.03039237166401793
0.03039584388744576
0.030399316110873598
0.030402788334301524
0.03040626055772936
0.030409732781157193
0.03041320500458503
0.030416677228012865
0.03042014945144079
0.030423621674868628
0.03042709389829646
0.030430566121724296
0.030434038345152223
0.030437510568579965
0.03044098279200789
0.030444455015435728
0.03044792723886356
0.03045139946229149
0.030454871685719323
0.03045834390914716
0.030461816132575086
0.030465288356002828
0.030468760579430758
0.03047223280285859
0.030475705026286427
0.030479177249714353
0.03048264947314219
0.030486121696570022
0.030489593919997858
0.03049306614342569
0.03049653836685362
0.030500010590281453
0.03050348281370929
0.030506955037137122
0.030510427260564958
0.030513899483992794
0.03051737170742072
0.030520843930848557
0.03052431615427639
0.03052778837770432
0.030531260601132152
0.030534732824559988
0.03053820504798782
0.030541677271415657
0.030545149494843583
0.03054862171827142
0.030552093941699252
0.030555566165127182
0.030559038388554925
0.03056251061198285
0.030565982835410687
0.03056945505883852
0.03057292728226645
0.030576399505694282
0.03057987172912212
0.03058334395254995
0.030586816175977787
0.03059028839940562
0.03059376062283355
0.030597232846261382
0.03060070506968922
0.030604177293117145
0.030607649516544887
0.030611121739972814
0.03061459396340065
0.030618066186828486
0.030621538410256412
0.03062501063368425
0.03062848285711208
0.030631955080539917
0.03063542730396775
0.03063889952739568
0.030642371750823513
0.03064584397425135
0.03064931619767918
0.030652788421107018
0.030656260644534944
0.03065973286796278
0.030663205091390616
0.03066667731481845
0.03067014953824638
0.03067362176167421
0.030677093985102048
0.03068056620852988
0.030684038431957716
0.030687510655385643
0.03069098287881348
0.03069445510224131
0.03069792732566924
0.030701399549096984
0.03070487177252491
0.030708343995952746
0.03071181621938058
0.030715288442808505
0.03071876066623634
0.030722232889664178
0.03072570511309201
0.030729177336519847
0.030732649559947773
0.03073612178337561
0.030739594006803442
0.030743066230231278
0.030746538453659204
0.03075001067708704
0.030753482900514873
0.03075695512394271
0.030760427347370545
0.030763899570798472
0.030767371794226308
0.03077084401765414
0.030774316241081977
0.03077778846450981
0.03078126068793774
0.030784732911365572
0.030788205134793408
0.030791677358221334
0.030795149581649077
0.030798621805077003
0.03080209402850484
0.030805566251932676
0.030809038475360602
0.030812510698788438
0.03081598292221627
0.030819455145644107
0.03082292736907194
0.03082639959249987
0.030829871815927702
0.03083334403935554
0.03083681626278337
0.0308402884862113
0.030843760709639133
0.03084723293306697
0.030850705156494802
0.03085417737992264
0.030857649603350565
0.0308611218267784
0.030864594050206237
0.030868066273634163
0.030871538497061906
0.030875010720489832
0.03087848294391767
0.0308819551673455
0.03088542739077343
0.030888899614201264
0.0308923718376291
0.030895844061056933
0.03089931628448477
