0.4371529295669894
0.43715640179041726
0.4371598740138451
0.43716334623727293
0.4371668184607009
0.4371702906841287
0.43717376290755655
0.4371772351309844
0.43718070735441233
0.4371841795778401
0.43718765180126795
0.4371911240246958
0.4371945962481236
0.43719806847155157
0.4372015406949794
0.43720501291840724
0.4372084851418351
0.437211957365263
0.43721542958869086
0.4372189018121187
0.43722237403554653
0.43722584625897437
0.43722931848240226
0.4372327907058301
0.43723626292925794
0.43723973515268577
0.4372432073761137
0.43724667959954155
0.4372501518229694
0.4372536240463972
0.43725709626982506
0.43726056849325295
0.4372640407166808
0.4372675129401086
0.43727098516353646
0.4372744573869644
0.43727792961039225
0.4372814018338201
0.4372848740572479
0.43728834628067575
0.43729181850410365
0.4372952907275315
0.4372987629509593
0.43730223517438715
0.4373057073978151
0.43730917962124294
0.4373126518446708
0.4373161240680986
0.43731959629152645
0.4373230685149544
0.4373265407383822
0.43733001296181
0.43733348518523785
0.4373369574086658
0.43734042963209363
0.43734390185552147
0.4373473740789493
0.43735084630237714
0.4373543185258051
0.4373577907492329
0.43736126297266076
0.4373647351960886
0.4373682074195165
0.4373716796429443
0.43737515186637216
0.4373786240898
0.43738209631322783
0.4373855685366558
0.4373890407600836
0.43739251298351145
0.4373959852069393
0.4373994574303672
0.437402929653795
0.43740640187722285
0.4374098741006507
0.4374133463240785
0.43741681854750647
0.4374202907709343
0.43742376299436214
0.43742723521779
0.43743070744121787
0.4374341796646457
0.43743765188807354
0.4374411241115014
0.4374445963349292
0.43744806855835716
0.437451540781785
0.43745501300521283
0.43745848522864067
0.4374619574520686
0.43746542967549645
0.43746890189892423
0.43747237412235207
0.4374758463457799
0.43747931856920785
0.4374827907926357
0.4374862630160635
0.43748973523949136
0.4374932074629193
0.43749667968634715
0.437500151909775
0.4375036241332028
0.43750709635663065
0.43751056858005855
0.4375140408034864
0.4375175130269142
0.43752098525034205
0.43752445747377
0.43752792969719784
0.4375314019206257
0.4375348741440535
0.43753834636748135
0.43754181859090924
0.4375452908143371
0.4375487630377649
0.43755223526119275
0.4375557074846207
0.43755917970804853
0.43756265193147637
0.4375661241549042
0.43756959637833204
0.43757306860175993
0.43757654082518777
0.4375800130486156
0.43758348527204344
0.4375869574954714
0.4375904297188992
0.43759390194232706
0.4375973741657549
0.43760084638918273
0.4376043186126107
0.4376077908360385
0.4376112630594663
0.43761473528289413
0.4376182075063221
0.4376216797297499
0.43762515195317775
0.4376286241766056
0.4376320964000334
0.43763556862346137
0.4376390408468892
0.43764251307031704
0.4376459852937449
0.43764945751717277
0.4376529297406006
0.43765640196402844
0.4376598741874563
0.4376633464108841
0.43766681863431206
0.4376702908577399
0.43767376308116773
0.43767723530459557
0.43768070752802346
0.4376841797514513
0.43768765197487913
0.43769112419830697
0.4376945964217348
0.43769806864516275
0.4377015408685906
0.4377050130920184
0.43770848531544626
0.43771195753887415
0.437715429762302
0.4377189019857298
0.43772237420915766
0.4377258464325855
0.43772931865601344
0.4377327908794413
0.4377362631028691
0.43773973532629695
0.4377432075497249
0.43774667977315274
0.43775015199658057
0.43775362422000835
0.4377570964434362
0.43776056866686414
0.43776404089029197
0.4377675131137198
0.43777098533714764
0.4377744575605756
0.43777792978400343
0.43778140200743126
0.4377848742308591
0.43778834645428694
0.43779181867771483
0.43779529090114266
0.4377987631245705
0.43780223534799834
0.4378057075714263
0.4378091797948541
0.43781265201828196
0.4378161242417098
0.43781959646513763
0.4378230686885655
0.43782654091199336
0.4378300131354212
0.43783348535884903
0.437836957582277
0.4378404298057048
0.43784390202913265
