0.3538195672984608
0.3538230395218887
0.3538265117453166
0.35382998396874443
0.35383345619217227
0.3538369284156001
0.353840400639028
0.35384387286245583
0.35384734508588367
0.35385081730931156
0.35385428953273945
0.3538577617561673
0.3538612339795951
0.35386470620302296
0.35386817842645085
0.3538716506498787
0.3538751228733065
0.35387859509673436
0.3538820673201622
0.3538855395435901
0.353889011767018
0.3538924839904458
0.35389595621387365
0.35389942843730154
0.3539029006607294
0.3539063728841572
0.35390984510758505
0.35391331733101294
0.3539167895544408
0.35392026177786867
0.3539237340012965
0.35392720622472434
0.35393067844815224
0.35393415067158013
0.35393762289500796
0.3539410951184358
0.35394456734186364
0.35394803956529153
0.35395151178871936
0.3539549840121472
0.35395845623557504
0.3539619284590029
0.3539654006824308
0.35396887290585866
0.3539723451292865
0.35397581735271433
0.35397928957614216
0.35398276179957006
0.3539862340229979
0.35398970624642573
0.3539931784698536
0.3539966506932815
0.35400012291670935
0.3540035951401372
0.3540070673635651
0.3540105395869929
0.35401401181042075
0.3540174840338486
0.3540209562572765
0.3540244284807043
0.3540279007041322
0.35403137292756004
0.3540348451509879
0.3540383173744157
0.35404178959784366
0.3540452618212715
0.3540487340446993
0.3540522062681271
0.354055678491555
0.35405915071498284
0.35406262293841073
0.35406609516183857
0.3540695673852664
0.3540730396086943
0.3540765118321222
0.35407998405555
0.35408345627897786
0.3540869285024057
0.3540904007258336
0.3540938729492614
0.35409734517268926
0.35410081739611715
0.35410428961954504
0.3541077618429729
0.3541112340664007
0.35411470628982855
0.35411817851325644
0.3541216507366843
0.3541251229601121
0.35412859518353995
0.3541320674069678
0.3541355396303957
0.35413901185382357
0.3541424840772514
0.35414595630067924
0.35414942852410713
0.35415290074753497
0.3541563729709628
0.35415984519439064
0.35416331741781854
0.35416678964124637
0.35417026186467426
0.3541737340881021
0.35417720631152994
0.3541806785349578
0.3541841507583857
0.35418762298181355
0.35419109520524134
0.3541945674286692
0.3541980396520971
0.35420151187552495
0.3542049840989528
0.3542084563223806
0.35421192854580846
0.3542154007692364
0.35421887299266425
0.3542223452160921
0.3542258174395199
0.35422928966294775
0.35423276188637565
0.3542362341098035
0.3542397063332313
0.3542431785566592
0.3542466507800871
0.35425012300351494
0.3542535952269428
0.35425706745037067
0.3542605396737985
0.35426401189722634
0.3542674841206542
0.354270956344082
0.3542744285675099
0.3542779007909378
0.35428137301436563
0.35428484523779347
0.3542883174612213
0.3542917896846492
0.35429526190807703
0.35429873413150487
0.3543022063549327
0.3543056785783606
0.35430915080178843
0.3543126230252163
0.35431609524864416
0.354319567472072
0.3543230396954999
0.3543265119189278
0.3543299841423556
0.3543334563657834
0.3543369285892113
0.3543404008126392
0.354343873036067
0.35434734525949485
0.35435081748292274
0.35435428970635063
0.35435776192977847
0.3543612341532063
0.35436470637663414
0.354368178600062
0.35437165082348987
0.3543751230469177
0.35437859527034554
0.3543820674937734
0.35438553971720127
0.35438901194062916
0.354392484164057
0.35439595638748483
0.3543994286109127
0.35440290083434056
0.3544063730577684
0.35440984528119623
0.3544133175046241
0.35441678972805196
0.35442026195147985
0.3544237341749077
0.3544272063983355
0.3544306786217634
0.35443415084519125
0.3544376230686191
0.3544410952920469
0.3544445675154748
0.3544480397389027
0.35445151196233055
0.3544549841857584
0.3544584564091862
0.35446192863261405
0.354465400856042
0.35446887307946984
0.3544723453028977
0.35447581752632545
0.35447928974975335
0.35448276197318124
0.3544862341966091
0.3544897064200369
0.3544931786434648
0.3544966508668927
0.35450012309032053
0.35450359531374837
0.3545070675371762
0.35451053976060404
