0.22743063452452583
0.2274341067479537
0.2274375789713816
0.22744105119480942
0.2274445234182373
0.22744799564166512
0.22745146786509302
0.2274549400885208
0.2274584123119487
0.22746188453537655
0.2274653567588044
0.22746882898223228
0.22747230120566012
0.227475773429088
0.22747924565251587
0.22748271787594368
0.22748619009937154
0.22748966232279938
0.22749313454622727
0.22749660676965514
0.22750007899308297
0.22750355121651086
0.22750702343993864
0.22751049566336654
0.22751396788679437
0.22751744011022224
0.22752091233365013
0.22752438455707796
0.2275278567805058
0.22753132900393364
0.2275348012273615
0.2275382734507894
0.22754174567421723
0.22754521789764512
0.2275486901210729
0.2275521623445008
0.22755563456792866
0.2275591067913565
0.22756257901478438
0.22756605123821222
0.22756952346164008
0.22757299568506797
0.22757646790849576
0.22757994013192365
0.22758341235535148
0.22758688457877935
0.22759035680220718
0.22759382902563507
0.22759730124906297
0.22760077347249075
0.2276042456959186
0.22760771791934645
0.22761119014277434
0.22761466236620223
0.22761813458963007
0.22762160681305793
0.22762507903648574
0.2276285512599136
0.2276320234833415
0.22763549570676933
0.2276389679301972
0.22764244015362503
0.22764591237705287
0.22764938460048076
0.2276528568239086
0.22765632904733646
0.2276598012707643
0.2276632734941922
0.22766674571762002
0.22767021794104786
0.22767369016447572
0.22767716238790356
0.22768063461133145
0.2276841068347593
0.22768757905818718
0.22769105128161504
0.22769452350504285
0.22769799572847071
0.22770146795189855
0.22770494017532644
0.2277084123987543
0.22771188462218214
0.22771535684561003
0.22771882906903781
0.2277223012924657
0.22772577351589354
0.2277292457393214
0.2277327179627493
0.22773619018617713
0.22773966240960503
0.2277431346330328
0.22774660685646067
0.22775007907988856
0.2277535513033164
0.2277570235267443
0.22776049575017213
0.2277639679736
0.22776744019702783
0.22777091242045566
0.22777438464388355
0.2277778568673114
0.22778132909073925
0.22778480131416715
0.22778827353759493
0.22779174576102282
0.22779521798445065
0.22779869020787852
0.22780216243130635
0.22780563465473425
0.22780910687816214
0.22781257910158992
0.22781605132501778
0.22781952354844562
0.2278229957718735
0.2278264679953014
0.22782994021872924
0.2278334124421571
0.2278368846655849
0.22784035688901277
0.22784382911244067
0.2278473013358685
0.22785077355929637
0.2278542457827242
0.2278577180061521
0.22786119022957999
0.22786466245300777
0.22786813467643563
0.22787160689986347
0.22787507912329136
0.2278785513467192
0.22788202357014709
0.22788549579357492
0.22788896801700273
0.22789244024043062
0.22789591246385846
0.22789938468728635
0.2279028569107142
0.22790632913414205
0.22790980135756989
0.22791327358099772
0.2279167458044256
0.22792021802785348
0.2279236902512813
0.2279271624747092
0.22793063469813699
0.22793410692156488
0.2279375791449927
0.22794105136842058
0.22794452359184847
0.2279479958152763
0.2279514680387042
0.22795494026213198
0.22795841248555984
0.22796188470898773
0.22796535693241557
0.22796882915584346
0.2279723013792713
0.22797577360269916
0.22797924582612705
0.22798271804955483
0.22798619027298272
0.22798966249641056
0.22799313471983843
0.22799660694326632
0.22800007916669415
0.22800355139012204
0.22800702361354983
0.2280104958369777
0.22801396806040553
0.22801744028383342
0.2280209125072613
0.22802438473068914
0.22802785695411698
0.2280313291775448
0.22803480140097268
0.22803827362440057
0.2280417458478284
0.22804521807125627
0.22804869029468408
0.22805216251811194
0.22805563474153984
0.22805910696496767
0.22806257918839554
0.22806605141182337
0.22806952363525126
0.22807299585867916
0.22807646808210694
0.2280799403055348
0.22808341252896264
0.22808688475239053
0.22809035697581836
0.22809382919924626
0.22809730142267412
0.2281007736461019
0.2281042458695298
0.22810771809295763
0.22811119031638552
0.22811466253981338
0.22811813476324122
0.2281216069866691
