0.3045139946229148
0.3045174668463426
0.30452093906977046
0.30452441129319835
0.3045278835166262
0.3045313557400541
0.3045348279634819
0.30453830018690975
0.30454177241033764
0.3045452446337655
0.3045487168571933
0.30455218908062115
0.30455566130404904
0.30455913352747693
0.30456260575090477
0.3045660779743326
0.3045695501977605
0.3045730224211884
0.3045764946446162
0.30457996686804406
0.3045834390914719
0.3045869113148997
0.3045903835383276
0.30459385576175546
0.3045973279851833
0.30460080020861113
0.304604272432039
0.3046077446554669
0.30461121687889475
0.3046146891023226
0.3046181613257504
0.30462163354917826
0.30462510577260615
0.304628577996034
0.3046320502194619
0.3046355224428897
0.3046389946663176
0.30464246688974544
0.3046459391131733
0.3046494113366012
0.304652883560029
0.30465635578345684
0.3046598280068847
0.3046633002303125
0.30466677245374046
0.3046702446771683
0.30467371690059614
0.304677189124024
0.3046806613474518
0.3046841335708797
0.30468760579430754
0.3046910780177354
0.3046945502411632
0.3046980224645911
0.304701494688019
0.30470496691144683
0.30470843913487466
0.30471191135830256
0.30471538358173045
0.3047188558051583
0.3047223280285861
0.30472580025201396
0.3047292724754418
0.3047327446988697
0.3047362169222975
0.30473968914572536
0.30474316136915325
0.30474663359258114
0.304750105816009
0.3047535780394368
0.30475705026286465
0.3047605224862925
0.3047639947097204
0.3047674669331482
0.30477093915657605
0.30477441138000394
0.3047778836034318
0.30478135582685967
0.3047848280502875
0.3047883002737154
0.30479177249714323
0.30479524472057107
0.3047987169439989
0.30480218916742674
0.30480566139085463
0.3048091336142825
0.30481260583771036
0.3048160780611382
0.3048195502845661
0.3048230225079939
0.30482649473142176
0.3048299669548496
0.30483343917827743
0.30483691140170527
0.3048403836251332
0.30484385584856105
0.3048473280719889
0.3048508002954167
0.3048542725188446
0.3048577447422725
0.30486121696570034
0.3048646891891282
0.304868161412556
0.30487163363598385
0.30487510585941174
0.3048785780828396
0.30488205030626747
0.3048855225296953
0.3048889947531232
0.30489246697655104
0.30489593919997887
0.3048994114234067
0.3049028836468346
0.30490635587026244
0.30490982809369027
0.3049133003171181
0.30491677254054605
0.3049202447639739
0.3049237169874017
0.30492718921082956
0.3049306614342574
0.3049341336576853
0.3049376058811131
0.30494107810454096
0.3049445503279688
0.3049480225513967
0.3049514947748246
0.3049549669982524
0.30495843922168026
0.30496191144510815
0.304965383668536
0.3049688558919638
0.30497232811539166
0.30497580033881955
0.3049792725622474
0.3049827447856753
0.3049862170091031
0.30498968923253095
0.30499316145595884
0.30499663367938673
0.30500010590281457
0.3050035781262424
0.30500705034967024
0.3050105225730981
0.30501399479652597
0.3050174670199538
0.30502093924338164
0.30502441146680953
0.30502788369023737
0.30503135591366526
0.3050348281370931
0.30503830036052093
0.30504177258394877
0.30504524480737666
0.3050487170308045
0.30505218925423233
0.3050556614776602
0.3050591337010881
0.30506260592451595
0.3050660781479438
0.3050695503713717
0.3050730225947995
0.30507649481822735
0.3050799670416552
0.305083439265083
0.30508691148851086
0.3050903837119388
0.30509385593536664
0.3050973281587945
0.3051008003822223
0.3051042726056502
0.30510774482907804
0.3051112170525059
0.3051146892759337
0.3051181614993616
0.30512163372278944
0.30512510594621733
0.30512857816964517
0.30513205039307306
0.3051355226165009
0.3051389948399288
0.3051424670633566
0.30514593928678446
0.3051494115102123
0.3051528837336402
0.305156355957068
0.30515982818049586
0.3051633004039237
0.30516677262735165
0.3051702448507795
0.3051737170742073
0.30517718929763515
0.305180661521063
0.3051841337444908
0.3051876059679187
0.30519107819134655
0.3051945504147744
0.3051980226382023
0.3052014948616302
0.305204967085058
