0.019097228853204442
0.019100701076632278
0.01910417330006011
0.01910764552348804
0.019111117746915873
0.01911458997034371
0.019118062193771542
0.019121534417199472
0.019125006640627305
0.01912847886405514
0.019131951087482973
0.01913542331091081
0.019138895534338736
0.019142367757766572
0.019145839981194405
0.019149312204622335
0.019152784428050077
0.019156256651478003
0.01915972887490584
0.019163201098333672
0.019166673321761602
0.019170145545189435
0.01917361776861727
0.019177089992045104
0.01918056221547294
0.019184034438900866
0.019187506662328702
0.019190978885756535
0.01919445110918437
0.019197923332612207
0.019201395556040134
0.01920486777946797
0.019208340002895802
0.01921181222632364
0.019215284449751565
0.019218756673179307
0.019222228896607234
0.01922570112003507
0.019229173343462903
0.019232645566890832
0.019236117790318665
0.0192395900137465
0.019243062237174428
0.01924653446060217
0.019250006684030097
0.019253478907457933
0.01925695113088577
0.019260423354313695
0.01926389557774153
0.019267367801169364
0.0192708400245972
0.019274312248025033
0.01927778447145287
0.019281256694880795
0.01928472891830863
0.019288201141736464
0.019291673365164394
0.019295145588592136
0.019298617812020063
0.0193020900354479
0.01930556225887573
0.01930903448230366
0.019312506705731494
0.01931597892915933
0.019319451152587163
0.019322923376015
0.019326395599442926
0.01932986782287076
0.019333340046298594
0.019336812269726524
0.019340284493154267
0.019343756716582193
0.01934722894001003
0.019350701163437862
0.019354173386865698
0.019357645610293624
0.01936111783372146
0.019364590057149293
0.01936806228057713
0.019371534504004962
0.019375006727432892
0.019378478950860725
0.01938195117428856
0.019385423397716487
0.01938889562114423
0.019392367844572156
0.019395840067999992
0.019399312291427828
0.019402784514855755
0.01940625673828359
0.019409728961711423
0.01941320118513926
0.019416673408567092
0.019420145631995022
0.019423617855422855
0.01942709007885069
0.019430562302278524
0.01943403452570636
0.019437506749134286
0.019440978972562122
0.01944445119598996
0.01944792341941779
0.01945139564284572
0.019454867866273554
0.01945834008970139
0.019461812313129222
0.01946528453655706
0.019468756759984985
0.01947222898341282
0.019475701206840654
0.019479173430268584
0.019482645653696326
0.019486117877124252
0.019489590100552085
0.01949306232397992
0.019496534547407848
0.019500006770835684
0.01950347899426352
0.019506951217691353
0.01951042344111919
0.019513895664547115
0.01951736788797495
0.019520840111402784
0.01952431233483062
0.019527784558258546
0.019531256781686383
0.019534729005114215
0.01953820122854205
0.019541673451969888
0.019545145675397814
0.01954861789882565
0.019552090122253483
0.01955556234568132
0.01955903456910915
0.01956250679253708
0.019565979015964914
0.01956945123939275
0.019572923462820677
0.01957639568624842
0.019579867909676345
0.01958334013310418
0.019586812356532018
0.019590284579959944
0.01959375680338778
0.019597229026815613
0.01960070125024345
0.019604173473671282
0.01960764569709921
0.019611117920527044
0.01961459014395488
0.019618062367382713
0.019621534590810643
0.019625006814238476
0.019628479037666312
0.019631951261094144
0.01963542348452198
0.019638895707949907
0.019642367931377743
0.01964584015480558
0.019649312378233506
0.019652784601661248
0.019656256825089174
0.01965972904851701
0.019663201271944843
0.019666673495372773
0.019670145718800606
0.019673617942228442
0.019677090165656275
0.01968056238908411
0.019684034612512037
0.019687506835939873
0.01969097905936771
0.019694451282795542
0.01969792350622338
0.019701395729651305
0.01970486795307914
0.019708340176506974
0.01971181239993481
0.019715284623362736
0.01971875684679048
0.019722229070218405
0.01972570129364624
0.019729173517074074
0.019732645740502004
0.019736117963929836
0.019739590187357672
0.0197430624107856
0.01974653463421334
0.01975000685764127
0.019753479081069104
0.01975695130449694
0.019760423527924866
0.019763895751352702
0.019767367974780535
0.01977084019820837
0.019774312421636204
0.01977778464506404
0.019781256868491966
0.019784729091919803
0.01978820131534764
