0.1677083915654137
0.1677118637888416
0.16771533601226946
0.16771880823569726
0.16772228045912513
0.16772575268255296
0.16772922490598086
0.16773269712940872
0.16773616935283656
0.16773964157626445
0.16774311379969223
0.16774658602312012
0.167750058246548
0.16775353046997582
0.1677570026934037
0.16776047491683155
0.16776394714025944
0.16776741936368722
0.1677708915871151
0.16777436381054298
0.1677778360339708
0.1677813082573987
0.16778478048082654
0.1677882527042544
0.16779172492768224
0.16779519715111008
0.16779866937453797
0.1678021415979658
0.16780561382139367
0.16780908604482156
0.16781255826824934
0.16781603049167723
0.16781950271510507
0.16782297493853296
0.16782644716196082
0.16782991938538866
0.16783339160881655
0.16783686383224433
0.16784033605567222
0.16784380827910006
0.16784728050252792
0.16785075272595582
0.16785422494938365
0.16785769717281152
0.16786116939623932
0.1678646416196672
0.16786811384309508
0.16787158606652292
0.16787505828995078
0.16787853051337862
0.1678820027368065
0.1678854749602344
0.16788894718366218
0.16789241940709007
0.16789589163051788
0.16789936385394577
0.1679028360773736
0.1679063083008015
0.16790978052422934
0.16791325274765717
0.16791672497108504
0.16792019719451287
0.16792366941794076
0.16792714164136863
0.16793061386479646
0.1679340860882243
0.16793755831165214
0.16794103053508003
0.1679445027585079
0.16794797498193573
0.16795144720536362
0.1679549194287914
0.1679583916522193
0.16796186387564718
0.16796533609907502
0.16796880832250288
0.16797228054593072
0.1679757527693586
0.1679792249927864
0.16798269721621428
0.16798616943964215
0.16798964166306998
0.16799311388649787
0.1679965861099257
0.16800005833335357
0.16800353055678147
0.16800700278020925
0.16801047500363714
0.16801394722706497
0.16801741945049284
0.16802089167392073
0.16802436389734857
0.16802783612077646
0.16803130834420424
0.16803478056763213
0.16803825279106
0.16804172501448783
0.16804519723791572
0.16804866946134356
0.1680521416847714
0.16805561390819923
0.1680590861316271
0.168062558355055
0.16806603057848282
0.1680695028019107
0.1680729750253385
0.16807644724876636
0.16807991947219425
0.1680833916956221
0.16808686391904995
0.1680903361424778
0.16809380836590568
0.16809728058933357
0.16810075281276135
0.16810422503618924
0.16810769725961708
0.16811116948304494
0.16811464170647283
0.16811811392990067
0.16812158615332853
0.16812505837675634
0.1681285306001842
0.16813200282361204
0.16813547504703993
0.1681389472704678
0.16814241949389563
0.16814589171732353
0.1681493639407513
0.1681528361641792
0.16815630838760706
0.1681597806110349
0.1681632528344628
0.16816672505789063
0.16817019728131852
0.16817366950474635
0.1681771417281742
0.16818061395160205
0.1681840861750299
0.16818755839845778
0.16819103062188562
0.16819450284531345
0.16819797506874132
0.16820144729216915
0.16820491951559705
0.16820839173902488
0.16821186396245275
0.16821533618588064
0.16821880840930842
0.1682222806327363
0.16822575285616415
0.168229225079592
0.1682326973030199
0.16823616952644774
0.16823964174987563
0.1682431139733034
0.1682465861967313
0.16825005842015917
0.168253530643587
0.1682570028670149
0.16826047509044273
0.1682639473138706
0.1682674195372984
0.16827089176072627
0.16827436398415416
0.168277836207582
0.16828130843100986
0.1682847806544377
0.16828825287786559
0.16829172510129342
0.16829519732472126
0.16829866954814912
0.16830214177157696
0.16830561399500485
0.16830908621843274
0.16831255844186052
0.1683160306652884
0.16831950288871625
0.1683229751121441
0.168326447335572
0.16832991955899984
0.1683333917824277
0.1683368640058555
0.16834033622928338
0.1683438084527112
0.1683472806761391
0.16835075289956697
0.1683542251229948
0.1683576973464227
0.16836116956985048
0.16836464179327837
0.16836811401670626
0.16837158624013407
0.16837505846356196
0.1683785306869898
0.1683820029104177
0.16838547513384555
0.16838894735727336
0.16839241958070122
0.16839589180412906
0.16839936402755695
