0.3760417972367352
0.37604526946016303
0.37604874168359087
0.3760522139070187
0.37605568613044654
0.37605915835387443
0.37606263057730227
0.3760661028007301
0.376069575024158
0.37607304724758583
0.3760765194710137
0.37607999169444156
0.3760834639178694
0.37608693614129723
0.3760904083647251
0.37609388058815296
0.3760973528115808
0.3761008250350087
0.3761042972584365
0.3761077694818644
0.37611124170529225
0.3761147139287201
0.376118186152148
0.3761216583755758
0.37612513059900365
0.3761286028224315
0.3761320750458593
0.3761355472692873
0.3761390194927151
0.37614249171614295
0.3761459639395708
0.3761494361629987
0.3761529083864265
0.37615638060985435
0.3761598528332822
0.37616332505671
0.37616679728013797
0.3761702695035658
0.37617374172699364
0.3761772139504215
0.37618068617384937
0.37618415839727726
0.3761876306207051
0.37619110284413293
0.37619457506756077
0.3761980472909886
0.3762015195144165
0.37620499173784433
0.37620846396127217
0.37621193618470006
0.37621540840812795
0.3762188806315558
0.3762223528549836
0.37622582507841146
0.3762292973018393
0.3762327695252672
0.376236241748695
0.37623971397212286
0.37624318619555075
0.37624665841897864
0.3762501306424065
0.3762536028658343
0.37625707508926215
0.37626054731269004
0.3762640195361179
0.3762674917595457
0.37627096398297355
0.37627443620640144
0.37627790842982933
0.37628138065325717
0.376284852876685
0.37628832510011284
0.37629179732354073
0.37629526954696857
0.3762987417703964
0.37630221399382424
0.37630568621725213
0.37630915844068
0.37631263066410786
0.3763161028875357
0.3763195751109636
0.3763230473343914
0.3763265195578193
0.37632999178124715
0.376333464004675
0.3763369362281028
0.3763404084515307
0.37634388067495855
0.3763473528983864
0.3763508251218143
0.3763542973452421
0.37635776956867
0.37636124179209784
0.3763647140155257
0.3763681862389535
0.3763716584623814
0.37637513068580924
0.3763786029092371
0.3763820751326649
0.37638554735609286
0.3763890195795207
0.37639249180294854
0.3763959640263764
0.37639943624980426
0.3764029084732321
0.37640638069665994
0.3764098529200878
0.3764133251435156
0.37641679736694356
0.3764202695903714
0.37642374181379923
0.37642721403722706
0.37643068626065496
0.3764341584840828
0.37643763070751063
0.37644110293093846
0.37644457515436636
0.3764480473777942
0.3764515196012221
0.3764549918246499
0.37645846404807776
0.37646193627150565
0.37646540849493354
0.3764688807183614
0.3764723529417892
0.37647582516521705
0.3764792973886449
0.3764827696120728
0.3764862418355006
0.37648971405892845
0.37649318628235634
0.37649665850578423
0.37650013072921207
0.3765036029526399
0.37650707517606774
0.37651054739949563
0.37651401962292347
0.3765174918463513
0.37652096406977914
0.37652443629320703
0.3765279085166349
0.37653138074006276
0.3765348529634906
0.37653832518691843
0.3765417974103463
0.37654526963377416
0.376548741857202
0.37655221408062983
0.3765556863040577
0.3765591585274856
0.37656263075091345
0.3765661029743413
0.3765695751977692
0.376573047421197
0.37657651964462485
0.3765799918680527
0.3765834640914805
0.3765869363149084
0.3765904085383363
0.37659388076176414
0.376597352985192
0.37660082520861987
0.3766042974320477
0.3766077696554756
0.37661124187890344
0.37661471410233127
0.3766181863257591
0.376621658549187
0.37662513077261484
0.37662860299604267
0.3766320752194705
0.37663554744289846
0.3766390196663263
0.3766424918897541
0.37664596411318196
0.3766494363366098
0.3766529085600377
0.3766563807834655
0.37665985300689336
0.3766633252303212
0.37666679745374915
0.376670269677177
0.3766737419006048
0.37667721412403266
0.37668068634746055
0.3766841585708884
0.3766876307943162
0.37669110301774406
0.37669457524117195
0.3766980474645998
0.3767015196880277
0.3767049919114555
0.37670846413488335
0.37671193635831124
0.37671540858173913
0.3767188808051669
0.37672235302859475
0.37672582525202264
0.3767292974754505
0.37673276969887837
