0.32673622456118906
0.3267396967846169
0.3267431690080448
0.3267466412314727
0.3267501134549005
0.32675358567832835
0.3267570579017562
0.3267605301251841
0.3267640023486119
0.32676747457203975
0.3267709467954676
0.3267744190188955
0.32677789124232337
0.3267813634657512
0.32678483568917904
0.3267883079126069
0.32679178013603477
0.3267952523594626
0.32679872458289044
0.3268021968063183
0.32680566902974617
0.326809141253174
0.3268126134766019
0.32681608570002973
0.3268195579234576
0.32682303014688546
0.32682650237031335
0.32682997459374113
0.32683344681716897
0.32683691904059686
0.32684039126402475
0.3268438634874526
0.3268473357108804
0.32685080793430826
0.3268542801577362
0.32685775238116405
0.3268612246045919
0.3268646968280197
0.32686816905144755
0.32687164127487545
0.3268751134983033
0.3268785857217311
0.32688205794515895
0.32688553016858685
0.32688900239201474
0.3268924746154426
0.3268959468388704
0.32689941906229825
0.32690289128572614
0.326906363509154
0.3269098357325818
0.3269133079560097
0.32691678017943754
0.32692025240286543
0.32692372462629327
0.3269271968497211
0.326930669073149
0.32693414129657683
0.32693761352000467
0.3269410857434325
0.32694455796686034
0.3269480301902883
0.3269515024137161
0.32695497463714396
0.3269584468605718
0.3269619190839997
0.3269653913074275
0.32696886353085536
0.3269723357542832
0.32697580797771103
0.3269792802011389
0.3269827524245668
0.32698622464799465
0.3269896968714225
0.3269931690948504
0.32699664131827827
0.3270001135417061
0.32700358576513394
0.3270070579885618
0.32701053021198967
0.3270140024354175
0.32701747465884534
0.3270209468822732
0.32702441910570107
0.32702789132912896
0.3270313635525568
0.32703483577598463
0.32703830799941247
0.3270417802228403
0.3270452524462682
0.32704872466969603
0.32705219689312387
0.32705566911655176
0.3270591413399796
0.3270626135634075
0.3270660857868353
0.3270695580102632
0.32707303023369105
0.3270765024571189
0.3270799746805467
0.32708344690397456
0.32708691912740245
0.32709039135083035
0.3270938635742582
0.327097335797686
0.32710080802111385
0.3271042802445418
0.32710775246796964
0.3271112246913974
0.32711469691482525
0.3271181691382531
0.32712164136168104
0.3271251135851089
0.3271285858085367
0.32713205803196455
0.32713553025539244
0.32713900247882033
0.32714247470224816
0.327145946925676
0.32714941914910384
0.32715289137253173
0.32715636359595957
0.3271598358193874
0.3271633080428153
0.32716678026624313
0.327170252489671
0.32717372471309886
0.3271771969365267
0.3271806691599546
0.3271841413833824
0.32718761360681026
0.3271910858302381
0.32719455805366593
0.3271980302770939
0.3272015025005217
0.32720497472394955
0.3272084469473774
0.3272119191708053
0.3272153913942331
0.32721886361766095
0.3272223358410888
0.3272258080645166
0.3272292802879445
0.3272327525113724
0.32723622473480024
0.3272396969582281
0.32724316918165597
0.32724664140508386
0.3272501136285117
0.3272535858519395
0.32725705807536737
0.32726053029879526
0.3272640025222231
0.32726747474565093
0.32727094696907877
0.3272744191925066
0.32727789141593455
0.3272813636393624
0.3272848358627902
0.32728830808621806
0.3272917803096459
0.3272952525330738
0.3272987247565016
0.32730219697992946
0.32730566920335735
0.3273091414267852
0.3273126136502131
0.3273160858736409
0.3273195580970688
0.32732303032049664
0.3273265025439245
0.3273299747673523
0.3273334469907802
0.32733691921420804
0.32734039143763594
0.32734386366106377
0.3273473358844916
0.32735080810791944
0.32735428033134734
0.32735775255477517
0.327361224778203
0.32736469700163084
0.3273681692250587
0.3273716414484866
0.32737511367191446
0.3273785858953423
0.32738205811877014
0.32738553034219803
0.3273890025656259
0.32739247478905376
0.32739594701248154
0.32739941923590943
0.3274028914593373
0.32740636368276516
0.327409835906193
0.3274133081296209
0.3274167803530487
0.3274202525764766
0.32742372479990445
0.3274271970233323
