0.23159730263795233
0.23160077486138012
0.231604247084808
0.23160771930823584
0.2316111915316637
0.2316146637550916
0.23161813597851943
0.2316216082019473
0.2316250804253751
0.23162855264880297
0.2316320248722308
0.2316354970956587
0.23163896931908656
0.2316424415425144
0.2316459137659423
0.23164938598937007
0.23165285821279796
0.23165633043622585
0.23165980265965366
0.23166327488308155
0.2316667471065094
0.23167021932993728
0.23167369155336512
0.23167716377679295
0.23168063600022082
0.23168410822364865
0.23168758044707655
0.2316910526705044
0.23169452489393222
0.23169799711736008
0.23170146934078792
0.2317049415642158
0.23170841378764365
0.2317118860110715
0.2317153582344994
0.23171883045792718
0.23172230268135507
0.2317257749047829
0.23172924712821077
0.23173271935163867
0.2317361915750665
0.2317396637984944
0.23174313602192217
0.23174660824535007
0.23175008046877793
0.23175355269220577
0.23175702491563366
0.2317604971390615
0.23176396936248936
0.23176744158591725
0.23177091380934503
0.23177438603277292
0.23177785825620076
0.23178133047962862
0.23178480270305646
0.23178827492648435
0.2317917471499122
0.23179521937334002
0.23179869159676791
0.23180216382019572
0.23180563604362361
0.2318091082670515
0.23181258049047934
0.23181605271390718
0.23181952493733501
0.23182299716076288
0.23182646938419077
0.2318299416076186
0.23183341383104647
0.23183688605447428
0.23184035827790214
0.23184383050132998
0.23184730272475787
0.23185077494818573
0.23185424717161357
0.23185771939504146
0.23186119161846924
0.23186466384189713
0.23186813606532503
0.23187160828875283
0.23187508051218073
0.23187855273560856
0.23188202495903645
0.23188549718246432
0.23188896940589213
0.23189244162932
0.23189591385274783
0.23189938607617572
0.23190285829960358
0.23190633052303142
0.2319098027464593
0.2319132749698871
0.23191674719331498
0.23192021941674282
0.23192369164017068
0.23192716386359857
0.2319306360870264
0.23193410831045425
0.23193758053388208
0.23194105275730997
0.23194452498073784
0.23194799720416567
0.23195146942759357
0.23195494165102135
0.23195841387444924
0.2319618860978771
0.23196535832130494
0.23196883054473283
0.23197230276816067
0.23197577499158853
0.23197924721501642
0.2319827194384442
0.2319861916618721
0.23198966388529993
0.2319931361087278
0.23199660833215563
0.23200008055558352
0.2320035527790114
0.2320070250024392
0.23201049722586709
0.2320139694492949
0.23201744167272279
0.23202091389615068
0.2320243861195785
0.23202785834300638
0.23203133056643419
0.23203480278986205
0.23203827501328994
0.23204174723671778
0.23204521946014564
0.23204869168357348
0.2320521639070013
0.2320556361304292
0.23205910835385704
0.2320625805772849
0.23206605280071274
0.23206952502414063
0.23207299724756847
0.2320764694709963
0.2320799416944242
0.23208341391785203
0.2320868861412799
0.23209035836470773
0.23209383058813562
0.2320973028115635
0.2321007750349913
0.23210424725841916
0.232107719481847
0.2321111917052749
0.23211466392870275
0.2321181361521306
0.23212160837555848
0.23212508059898626
0.23212855282241415
0.232132025045842
0.23213549726926985
0.23213896949269774
0.23214244171612558
0.23214591393955347
0.23214938616298125
0.23215285838640914
0.232156330609837
0.23215980283326484
0.23216327505669274
0.23216674728012057
0.23217021950354844
0.23217369172697627
0.2321771639504041
0.232180636173832
0.23218410839725984
0.2321875806206877
0.2321910528441156
0.23219452506754337
0.23219799729097126
0.2322014695143991
0.23220494173782696
0.2322084139612548
0.2322118861846827
0.23221535840811058
0.23221883063153836
0.23222230285496626
0.23222577507839406
0.23222924730182196
0.23223271952524985
0.23223619174867768
0.23223966397210555
0.23224313619553336
0.23224660841896122
0.2322500806423891
0.23225355286581695
0.2322570250892448
0.23226049731267265
0.23226396953610054
0.23226744175952843
0.2322709139829562
0.23227438620638408
0.2322778584298119
0.2322813306532398
0.23228480287666764
0.23228827510009553
