0.000347222342785515
0.00035069456621334967
0.00035416678964127744
0.000357639013069019
0.00036111123649694676
0.00036458345992478145
0.0003680556833526161
0.00037152790678054385
0.00037500013020837854
0.00037847235363621317
0.00038194457706404786
0.0003854168004918825
0.0003888890239198103
0.00039236124734764495
0.00039583347077547964
0.00039930569420331427
0.0004027779176312421
0.0004062501410590767
0.0004097223644869114
0.00041319458791474605
0.00041666681134258074
0.0004201390347705085
0.0004236112581983432
0.0004270834816261778
0.0004305557050540125
0.00043402792848184715
0.00043750015190977497
0.0004409723753376096
0.0004444445987654443
0.00044791682219337206
0.0004513890456211136
0.0004548612690490414
0.00045833349247687607
0.0004618057159047107
0.0004652779393326385
0.00046875016276047316
0.00047222238618830785
0.0004756946096161425
0.00047916683304397717
0.00048263905647190494
0.0004861112798997396
0.0004895835033275743
0.000493055726755409
0.0004965279501833367
0.0005000001736111713
0.0005034723970390061
0.0005069446204668407
0.0005104168438946754
0.0005138890673226031
0.0005173612907504379
0.0005208335141782725
0.0005243057376061071
0.0005277779610339418
0.0005312501844618696
0.0005347224078897043
0.0005381946313175389
0.0005416668547454667
0.0005451390781732083
0.0005486113016011361
0.0005520835250289707
0.0005555557484568053
0.0005590279718847331
0.0005625001953125678
0.0005659724187404025
0.0005694446421682371
0.0005729168655960717
0.0005763890890239996
0.0005798613124518342
0.0005833335358796689
0.0005868057593075035
0.0005902779827354314
0.0005937502061631729
0.0005972224295911007
0.0006006946530189353
0.00060416687644677
0.0006076390998746978
0.0006111113233025324
0.0006145835467303671
0.0006180557701582949
0.0006215279935860364
0.0006250002170139642
0.0006284724404417988
0.0006319446638696336
0.0006354168872975614
0.000638889110725396
0.0006423613341532306
0.0006458335575810654
0.0006493057810089
0.0006527780044368278
0.0006562502278646624
0.0006597224512924971
0.0006631946747203318
0.0006666668981481664
0.000670139121576001
0.0006736113450039289
0.0006770835684317636
0.0006805557918595982
0.000684028015287526
0.0006875002387152676
0.0006909724621431953
0.00069444468557103
0.0006979169089988646
0.0007013891324267925
0.0007048613558546271
0.0007083335792824617
0.0007118058027103895
0.0007152780261381311
0.0007187502495660589
0.0007222224729938935
0.0007256946964217282
0.000729166919849656
0.0007326391432774907
0.0007361113667053253
0.0007395835901331599
0.0007430558135609946
0.0007465280369888293
0.0007500002604167571
0.0007534724838445917
0.0007569447072724263
0.0007604169307003542
0.0007638891541280957
0.0007673613775560235
0.0007708336009838581
0.0007743058244116929
0.0007777780478396206
0.0007812502712674553
0.0007847224946952899
0.0007881947181231246
0.0007916669415509593
0.000795139164978887
0.0007986113884067217
0.0008020836118345564
0.0008055558352624842
0.0008090280586902257
0.0008125002821181535
0.0008159725055459882
0.0008194447289738228
0.0008229169524016575
0.0008263891758295852
0.00082986139925742
0.0008333336226852546
0.0008368058461130892
0.0008402780695409239
0.0008437502929688518
0.0008472225163966864
0.000850694739824521
0.0008541669632524488
0.0008576391866801904
0.0008611114101081182
0.0008645836335359528
0.0008680558569637874
0.0008715280803917153
0.0008750003038195499
0.0008784725272473846
0.0008819447506752192
0.000885416974103054
0.0008888891975309817
0.0008923614209588164
0.000895833644386651
0.0008993058678144857
0.0009027780912424135
0.0009062503146702481
0.0009097225380980828
0.0009131947615259175
0.0009166669849537521
0.0009201392083816799
0.0009236114318095145
0.0009270836552373492
0.0009305558786651839
0.0009340281020930186
0.0009375003255209463
0.000940972548948781
0.0009444447723766157
0.0009479169958045435
0.000951389219232285
0.0009548614426602127
0.0009583336660880475
0.0009618058895158821
0.0009652781129438099
0.0009687503363716445
0.0009722225597994792
0.0009756947832273139
0.0009791670066551486
0.0009826392300830763
0.000986111453510911
0.0009895836769387456
0.0009930559003665804
0.000996528123794508
0.0010000003472223427
0.0010034725706501773
0.0010069447940780122
0.0010104170175058468
0.0010138892409337745
0.001017361464361609
0.001020833687789444
0.0010243059112172786
0.0010277781346451132
0.0010312503580730409
0.0010347225815008757
0.0010381948049287104
