0.9996531248795573
0.999656597102985
0.9996600693264132
0.9996635415498407
0.9996670137732687
0.9996704859966964
0.9996739582201244
0.9996774304435523
0.9996809026669801
0.999684374890408
0.9996878471138357
0.9996913193372639
0.9996947915606914
0.9996982637841195
0.9997017360075471
0.9997052082309752
0.999708680454403
0.9997121526778308
0.9997156249012586
0.9997190971246864
0.9997225693481143
0.9997260415715421
0.9997295137949702
0.9997329860183978
0.9997364582418259
0.9997399304652534
0.9997434026886816
0.9997468749121093
0.9997503471355372
0.9997538193589652
0.9997572915823928
0.9997607638058209
0.9997642360292485
0.9997677082526766
0.9997711804761041
0.9997746526995323
0.99977812492296
0.9997815971463879
0.9997850693698159
0.9997885415932436
0.9997920138166716
0.9997954860400993
0.9997989582635273
0.999802430486955
0.9998059027103829
0.9998093749338107
0.9998128471572386
0.9998163193806664
0.9998197916040943
0.9998232638275223
0.99982673605095
0.999830208274378
0.9998336804978057
0.9998371527212336
0.9998406249446614
0.9998440971680893
0.9998475693915171
0.999851041614945
0.999854513838373
0.9998579860618007
0.9998614582852287
0.9998649305086563
0.9998684027320843
0.9998718749555121
0.99987534717894
0.999878819402368
0.9998822916257957
0.9998857638492237
0.9998892360726513
0.9998927082960793
0.9998961805195071
0.999899652742935
0.9999031249663628
0.9999065971897907
0.9999100694132185
0.9999135416366464
0.9999170138600744
0.999920486083502
0.99992395830693
0.9999274305303578
0.9999309027537857
0.9999343749772135
0.9999378472006414
0.9999413194240692
0.999944791647497
0.9999482638709251
0.9999517360943527
0.9999552083177807
0.9999586805412084
0.9999621527646364
0.9999656249880642
0.9999690972114921
0.9999725694349201
0.9999760416583477
0.9999795138817758
0.9999829861052034
0.9999864583286314
0.9999899305520593
0.9999934027754871
0.9999968749989149
0.0
3.4722234278346607e-06
6.944446855669321e-06
1.0416670283503982e-05
1.3888893711431776e-05
1.7361117139266435e-05
2.0833340567101096e-05
2.4305563994935757e-05
2.777778742277042e-05
3.125001085069821e-05
3.472223427853287e-05
3.819445770636753e-05
4.1666681134295326e-05
4.5138904562036854e-05
4.861112798996465e-05
5.208335141779931e-05
5.555557484563397e-05
5.9027798273561764e-05
6.250002170139642e-05
6.597224512923108e-05
6.944446855706574e-05
7.29166919849004e-05
7.63889154128282e-05
7.986113884066286e-05
8.333336226849752e-05
8.680558569633218e-05
9.027780912425997e-05
9.375003255209463e-05
9.72222559799293e-05
0.00010069447940776396
0.00010416670283559862
0.00010763892626352641
0.00011111114969136107
0.00011458337311919573
0.00011805559654712353
0.00012152781997486506
0.00012500004340279284
0.0001284722668306275
0.00013194449025846216
0.00013541671368638995
0.00013888893711422461
0.00014236116054205928
0.00014583338396989394
0.0001493056073977286
0.0001527778308256564
0.00015625005425349105
0.00015972227768132571
0.00016319450110916038
0.00016666672453699504
0.0001701389479648297
0.0001736111713927575
0.00017708339482059215
0.00018055561824842681
0.0001840278416763546
0.00018750006510409614
0.00019097228853202393
0.0001944445119598586
0.00019791673538769325
0.00020138895881562105
0.0002048611822434557
0.00020833340567129037
0.00021180562909921816
0.0002152778525269597
0.00021875007595488749
0.00022222229938272215
0.0002256945228105568
0.0002291667462384846
0.00023263896966631926
0.00023611119309415392
0.00023958341652198858
0.00024305563994982325
0.0002465278633776579
0.0002500000868055857
0.00025347231023342036
0.000256944533661255
0.0002604167570891828
0.0002638889805169243
0.00026736120394485214
0.0002708334273726868
0.00027430565080052146
0.00027777787422844923
0.0002812500976562839
0.00028472232108411855
0.00028819454451195324
0.0002916667679397879
0.0002951389913677157
0.00029861121479555033
0.000302083438223385
0.0003055556616513128
0.00030902788507905434
0.0003125001085069821
0.0003159723319348168
0.00031944455536265143
0.0003229167787904861
0.0003263890022184139
0.00032986122564624857
0.0003333334490740832
0.0003368056725019179
0.00034027789592975253
0.00034375011935768035
