0.49895850658281476
0.49896197880624266
0.4989654510296705
0.49896892325309833
0.49897239547652616
0.498975867699954
0.49897933992338195
0.4989828121468098
0.4989862843702376
0.49898975659366546
0.49899322881709335
0.4989967010405212
0.499000173263949
0.49900364548737686
0.4990071177108047
0.49901058993423264
0.4990140621576605
0.4990175343810883
0.49902100660451615
0.4990244788279441
0.4990279510513719
0.4990314232747997
0.49903489549822755
0.4990383677216554
0.49904183994508333
0.49904531216851117
0.499048784391939
0.49905225661536684
0.4990557288387948
0.4990592010622226
0.49906267328565046
0.4990661455090783
0.49906961773250613
0.499073089955934
0.49907656217936186
0.4990800344027897
0.49908350662621753
0.4990869788496455
0.4990904510730733
0.49909392329650115
0.499097395519929
0.4991008677433568
0.4991043399667847
0.49910781219021255
0.4991112844136404
0.4991147566370682
0.49911822886049617
0.499121701083924
0.49912517330735184
0.4991286455307797
0.4991321177542075
0.4991355899776354
0.49913906220106324
0.4991425344244911
0.4991460066479189
0.49914947887134686
0.4991529510947747
0.49915642331820254
0.49915989554163037
0.4991633677650582
0.49916683998848616
0.49917031221191394
0.49917378443534177
0.4991772566587696
0.49918072888219756
0.4991842011056254
0.4991876733290532
0.49919114555248106
0.4991946177759089
0.49919808999933685
0.4992015622227647
0.4992050344461925
0.49920850666962036
0.49921197889304825
0.4992154511164761
0.4992189233399039
0.49922239556333176
0.4992258677867596
0.49922934001018754
0.4992328122336154
0.4992362844570432
0.49923975668047105
0.49924322890389894
0.4992467011273268
0.4992501733507546
0.49925364557418245
0.4992571177976103
0.49926059002103823
0.49926406224446607
0.4992675344678939
0.49927100669132174
0.49927447891474963
0.49927795113817747
0.4992814233616053
0.49928489558503314
0.499288367808461
0.4992918400318889
0.49929531225531676
0.4992987844787446
0.49930225670217243
0.4993057289256004
0.4993092011490282
0.499312673372456
0.49931614559588383
0.49931961781931167
0.4993230900427396
0.49932656226616745
0.4993300344895953
0.4993335067130231
0.49933697893645107
0.4993404511598789
0.49934392338330674
0.4993473956067346
0.4993508678301624
0.4993543400535903
0.49935781227701814
0.499361284500446
0.4993647567238738
0.49936822894730176
0.4993717011707296
0.49937517339415743
0.49937864561758527
0.4993821178410131
0.499385590064441
0.49938906228786883
0.49939253451129667
0.4993960067347245
0.49939947895815245
0.4994029511815803
0.4994064234050081
0.49940989562843596
0.4994133678518638
0.4994168400752917
0.4994203122987195
0.49942378452214736
0.4994272567455752
0.49943072896900315
0.499434201192431
0.4994376734158588
0.49944114563928665
0.4994446178627145
0.49944809008614244
0.4994515623095703
0.49945503453299805
0.4994585067564259
0.49946197897985384
0.4994654512032817
0.4994689234267095
0.49947239565013735
0.4994758678735652
0.49947934009699313
0.49948281232042097
0.4994862845438488
0.49948975676727664
0.49949322899070453
0.49949670121413237
0.4995001734375602
0.49950364566098804
0.4995071178844159
0.4995105901078438
0.49951406233127166
0.4995175345546995
0.49952100677812733
0.4995244790015552
0.49952795122498306
0.4995314234484109
0.49953489567183873
0.49953836789526657
0.4995418401186945
0.49954531234212235
0.4995487845655502
0.499552256788978
0.4995557290124059
0.49955920123583375
0.4995626734592616
0.4995661456826894
0.49956961790611726
0.4995730901295452
0.49957656235297304
0.4995800345764009
0.4995835067998287
0.49958697902325666
0.4995904512466845
0.49959392347011233
0.4995973956935401
0.49960086791696795
0.4996043401403959
0.49960781236382373
0.49961128458725157
0.4996147568106794
0.49961822903410735
0.4996217012575352
0.499625173480963
0.49962864570439086
0.4996321179278187
0.4996355901512466
0.4996390623746744
0.49964253459810226
0.4996460068215301
0.49964947904495804
